1479881898046 1 2
1479881900061 1 -2
1479881901155 2 -2
1479881902065 5 3
1479881902731 8 2
1479881903991 8 1
1479881906268 5 -3
1479881909117 8 -3
1479881910768 2 2
1479881911939 1 2
1479881913009 3 3
1479881913764 0 1
1479881915671 9 -3
1479881917396 3 -3
1479881921773 1 -1
1479881922842 1 1
1479881927297 3 3
1479881931507 9 3
1479881933150 0 -1
1479881936770 1 -2
1479881937810 2 -2
1479881939604 2 2
1479881941083 1 2
1479881945080 3 -3
1479881947091 1 -2
1479881947990 2 -2
1479881950066 5 2
1479881952088 8 3
1479881953050 5 1
1479881956125 5 -3
1479881957081 8 -3
1479881958245 2 2
1479881959528 1 2
1479881962109 0 1
1479881964278 3 1
1479881965765 9 -3
1479881966761 3 -1
1479881974315 3 3
1479881975552 9 2
1479881976569 9 1
1479881977274 0 -1
1479881978521 1 -2
1479881981342 2 -2
1479881982358 9 -1
1479881983583 2 2
1479881988334 1 2
1479881989055 6 2
1479881990032 4 1
1479881993693 4 -1
1479881994577 6 -2
1479881995219 0 1
1479881996232 9 -2
1479881997075 3 -3
1479881998101 1 -1
1479881999326 1 1
1479881999813 3 1
1479882001028 3 2
1479882004887 R
1479882016810 2 -2
1479882019305 5 3
1479882021151 8 3
1479882027473 5 -3
1479882028607 8 -3
1479882029930 2 2
1479882031837 1 2
1479882032759 0 1
1479882034583 3 1
1479882036705 9 -3
1479882037569 5 1
1479882038090 8 1
1479882039188 3 -1
1479882039909 1 -1
1479882041299 5 -1
1479882041848 8 -1
1479882045077 R
1479882051016 2 -2
1479882051838 5 3
1479882054345 8 3
1479882069707 5 -3
1479882070993 8 -3
1479882072299 2 2
1479882074291 1 2
1479882078012 3 1
1479882078709 5 1
1479882079254 8 1
1479882079793 6 1
1479882080453 4 3
1479882081730 6 -1
1479882082524 0 1
1479882083595 9 -4
1479882088516 0 -1
1479882089695 3 -1
1479882092307 6 2
1479882095301 4 -2
1479882096066 6 -1
1479882096899 3 1
1479882098649 3 -1
1479882099534 6 1
1479882100656 5 -1
1479882101515 8 -1
1479882102195 6 -1
1479882103218 3 3
1479882104330 1 -1
1479882105109 1 1
1479882105722 6 1
1479882107895 6 -1
1479882108992 3 -3
1479882109762 1 -1
1479882111044 1 1
1479882112892 6 1
1479882114263 5 1
1479882114823 8 1
1479882115668 4 2
1479882116815 6 -2
1479882119357 0 1
1479882125549 3 1
1479882127448 3 -1
1479882130796 0 -1
1479882137149 1 -2
1479882138673 2 -3
1479882139571 1 2
1479882140542 5 2
1479882141609 8 2
1479882142993 0 4
