1479305600903 1 2
1479305602892 1 -2
1479305603853 2 -2
1479305605093 5 3
1479305606035 8 2
1479305606850 8 1
1479305610475 5 -3
1479305611523 8 -3
1479305615267 2 2
1479305617384 1 1
1479305620707 1 1
1479305621282 3 3
1479305629875 9 -1
1479305630138 9 1
1479305636403 1 -2
1479305637395 2 -2
1479305638931 9 -1
1479305639570 9 1
1479305640362 2 2
1479305641435 1 2
1479305648106 3 -3
1479305655611 1 -2
1479305659388 2 -1
1479305660755 8 3
1479305663346 2 -1
1479305664394 5 3
1479305667730 5 -3
1479305668477 8 -3
1479305669257 2 2
1479305670279 1 2
1479305671411 0 1
1479305674506 3 1
1479305676715 9 -3
1479305677602 3 -1
1479305678978 1 -1
1479305679738 1 1
1479305681107 3 3
1479305682307 3 -3
1479305684858 3 1
1479305686154 9 3
1479305688146 3 -1
1479305689418 0 -1
1479305697858 6 1
1479305698546 4 1
1479305700487 4 -1
1479305702470 6 -1
1479305711303 1 -2
1479305712265 2 -2
1479305713374 5 3
1479305714789 8 3
1479305716522 5 -2
1479305718287 8 -2
1479305719186 2 2
1479305720260 1 2
1479305721370 6 2
1479305723003 4 3
1479305726122 4 -3
1479305728781 6 -2
1479305729378 0 1
1479305730834 5 -1
1479305731307 5 1
1479305734211 3 1
1479305735010 9 -3
1479305735810 3 -1
1479305736811 1 -1
1479305737458 1 1
1479305738394 3 1
1479305740402 9 2
1479305741362 0 -1
1479305742674 6 1
1479305743248 4 3
1479305744278 6 -1
1479305745090 0 1
1479305745890 9 -2
1479305748034 9 -1
1479305749594 3 -1
1479305752514 0 -1
1479305753402 1 -2
1479305754234 2 -3
1479305755355 5 2
1479305756506 8 2
1479305757570 1 2
1479305759226 0 4
