1483908809112 1 2
1483908810339 3 3
1483908811570 0 1
1483908812777 9 -3
1483908813959 3 -3
1483908815182 1 -1
1483908816918 1 1
1483908818457 3 3
1483908824918 9 2
1483908826305 0 -1
1483908827661 1 -2
1483908828925 2 -2
1483908834432 9 1
1483908836384 2 1
1483908839980 2 1
1483908841776 1 2
1483908843093 0 1
1483908844265 9 -3
1483908846083 1 -1
1483908847454 1 1
1483908848566 3 -3
1483908852162 5 1
1483908853255 8 1
1483908855541 3 1
1483908856725 9 2
1483908857810 0 -1
1483908858813 6 1
1483908860092 4 3
1483908861292 6 -1
1483908863056 0 1
1483908864207 9 -3
1483908865527 3 -1
1483908867450 1 -1
1483908868526 0 -1
1483908869621 1 -1
1483908871070 2 -3
1483908872313 1 2
1483908873564 0 1
1483908874583 5 2
1483908875672 8 2
1483908876935 0 2
1483908878633 0 1
