1479804631794 6 1
1479804632978 10 -1
1479804634725 4 2
1479804636076 5 1
1479804637212 4 1
1479804639478 10 1
1479804640741 0 1
1479804642124 6 -3
1479804643552 10 -1
1479804645242 4 -1
1479804646846 5 -3
1479804647692 2 1
1479804649026 8 1
1479804650050 7 1
1479804651160 3 -1
1479804653814 5 2
1479804659589 5 -2
1479804665732 3 1
1479804666800 7 -1
1479804667849 8 -1
1479804668809 2 -1
1479804670765 5 3
1479804672093 4 1
1479804674673 10 1
1479804675742 6 2
1479804678285 0 -1
1479804682861 U
1479804683197 U
1479804683596 U
1479804683805 U
1479804683997 U
1479804684189 U
1479804684380 U
1479804684609 U
1479804685081 U
1479804685497 U
1479804685705 U
1479804685929 U
1479804686183 U
1479804686520 U
1479804686976 U
1479804687472 U
1479804688052 U
1479804688437 U
1479804688660 U
1479804688851 U
1479804689060 U
1479804689252 U
1479804689445 U
1479804689668 U
1479804690551 R
1479804698698 5 -2
1479804700347 1 -2
1479804703622 5 3
1479804705420 6 1
1479804707132 6 -1
1479804707891 5 -3
1479804709438 3 2
1479804711258 2 1
1479804712564 8 1
1479804713811 7 1
1479804715475 9 1
1479804716479 3 -2
1479804717538 1 2
1479804719108 5 2
1479804720194 6 1
1479804721182 10 -1
1479804722215 4 2
1479804723764 0 1
1479804724442 9 -1
1479804726012 3 -1
1479804732591 0 -1
1479804733310 4 -2
1479804734879 10 3
1479804735905 4 2
1479804737187 0 1
1479804738344 6 -3
1479804739238 5 -2
1479804742379 5 2
1479804746383 6 3
1479804747102 0 -1
1479804748467 4 -2
1479804749859 5 -1
1479804750886 10 -3
1479804751991 1 -2
1479804754871 3 2
1479804755907 4 1
1479804758279 9 1
1479804761227 9 -1
1479804762107 7 -1
1479804763486 8 -1
1479804766481 4 -1
1479804767195 3 -1
1479804768411 10 1
1479804769695 6 -1
1479804771231 5 -1
1479804773203 3 2
1479804778521 3 -2
1479804779691 1 2
1479804780622 5 2
1479804781621 6 1
1479804782709 10 -1
1479804783753 4 2
1479804786322 8 1
1479804787174 7 1
1479804788165 3 -1
1479804789350 0 1
1479804790843 3 1
1479804791692 7 -1
1479804792822 8 -1
1479804793734 2 -1
1479804794589 5 1
1479804797386 0 -1
1479804798749 4 -2
1479804800078 5 -2
1479804801013 1 -2
1479804802354 2 1
1479804804185 3 1
1479804805830 8 1
1479804806406 7 1
1479804809069 4 1
1479804810913 9 1
1479804813246 5 1
1479804814881 5 -1
1479804816162 3 -1
1479804817430 1 2
1479804819484 4 1
1479804820922 0 1
1479804823358 5 1
1479804825653 9 -1
1479804827041 3 -1
1479804832168 0 -1
1479804833068 4 -2
1479804833752 10 3
1479804835150 4 2
1479804836269 0 1
1479804837857 6 -3
1479804838976 5 -2
1479804841653 6 1
1479804842984 6 1
1479804843612 0 -1
1479804844777 4 -2
1479804845600 10 -2
1479804846506 1 -2
1479804847872 3 3
1479804851365 7 -1
1479804852657 8 -1
1479804856114 3 -1
1479804856682 5 2
1479804858434 6 1
1479804859541 10 -1
1479804861373 8 1
1479804862144 7 1
1479804864385 9 1
1479804866069 3 -1
1479804867461 10 1
1479804868457 6 -1
1479804869577 1 2
1479804872581 6 1
1479804873573 10 -1
1479804874522 4 2
1479804876536 9 -1
1479804877725 3 -1
1479804881009 4 -2
1479804882017 1 -2
1479804883541 10 3
1479804887913 10 -3
1479804888807 3 2
1479804893215 9 1
1479804894889 4 1
1479804897222 3 -1
1479804897725 1 2
1479804899929 4 -1
1479804900745 10 1
1479804902252 6 -1
1479804903884 1 -2
1479804904511 5 -2
1479804907220 3 2
1479804913068 3 -2
1479804927119 R
1479804937472 2 1
1479804938612 8 1
1479804939636 7 1
1479804941064 3 -1
1479804944163 5 -2
1479804945652 1 -2
1479804949398 3 3
1479804954951 7 -1
1479804956107 8 -1
1479804958395 3 -2
1479804959991 1 2
1479804960983 5 2
1479804962006 6 1
1479804963531 10 -1
1479804964933 4 2
1479804966020 0 1
1479804969971 8 1
1479804970626 7 1
1479804971871 3 -1
1479804976371 0 -1
1479804977607 4 -2
1479804979127 10 3
1479804981043 4 2
1479804982467 6 -1
1479804983358 5 -2
1479804985198 0 1
1479804987251 6 -2
1479804999874 6 2
1479805000839 0 -1
1479805002231 4 -2
1479805003103 10 -2
1479805003955 1 -2
1479805004555 3 3
1479805007277 7 -1
1479805008701 7 1
1479805013582 7 -1
1479805014478 8 -1
1479805015655 3 -2
1479805017657 5 2
1479805019405 6 1
1479805023050 10 -1
1479805023962 4 1
1479805025221 3 1
1479805026249 8 1
1479805027574 7 1
1479805028314 9 1
1479805029233 4 -1
1479805030042 10 1
1479805030926 6 -1
1479805033502 3 -1
1479805035186 1 2
1479805036870 6 1
1479805037925 10 -1
1479805039134 4 2
1479805041834 9 -1
1479805042582 3 -1
1479805046886 4 -2
1479805052786 3 1
1479805054648 10 1
1479805055781 6 -1
1479805057177 1 -2
1479805058504 5 -2
1479805063310 3 -1
1479805064994 3 3
1479805066305 7 -1
1479805067174 8 -1
1479805068702 2 -1
1479805069834 3 -2
1479805071112 5 3
1479805072472 1 2
1479805073820 6 1
1479805074532 10 -1
1479805076256 4 3
1479805078657 0 1
1479805080213 10 1
1479805081638 6 -3
1479805082512 10 -1
1479805084206 4 -1
1479805087707 4 1
