1481029968252 1 -2
1481029969009 5 -2
1481029973303 2 1
1481029974581 3 2
1481029977313 3 -2
1481029977872 5 1
1481029978567 5 1
1481029979066 1 2
1481029979635 6 1
1481029980818 10 -1
1481029981351 4 2
1481029982435 5 -1
1481029983120 5 1
1481029984000 4 -2
1481029984614 1 -1
1481029985352 2 -1
1481029985726 2 1
1481029986329 8 1
1481029987529 7 1
1481029988018 3 -1
1481029991110 3 1
1481029991619 9 1
1481029992924 10 1
1481029993543 6 -1
1481029994144 5 -2
1481029994740 1 -1
1481029995194 3 2
1481029996214 9 -1
1481029997742 7 -1
1481029998315 8 -1
1481030000156 3 -2
1481030000957 3 2
1481030066534 R
1481030076869 2 1
1481030077410 8 1
1481030077767 7 1
1481030078416 9 1
1481030079118 9 -1
1481030092571 3 -1
1481030093143 10 2
1481030094075 4 2
1481030094992 0 1
1481030095490 6 -2
1481030096513 5 -2
1481030099198 5 2
1481030101933 5 -2
1481030103725 6 2
1481030106996 6 -2
1481030108284 6 2
1481030110529 0 -1
1481030112014 4 -2
1481030119784 4 2
1481030173920 5 2
1481030174588 5 -2
1481030176055 4 -2
1481030177150 4 2
1481030178442 4 -2
1481030179067 10 -2
1481030179679 1 -2
1481030180161 3 2
1481030180997 3 1
1481030183841 7 -1
1481030184438 8 -1
1481030185858 2 -1
1481030186556 2 1
1481030187079 3 -2
1481030187713 3 2
1481030188433 8 1
1481030189020 7 1
1481030190248 3 -3
1481030190857 10 2
1481030191328 1 2
1481030191995 5 2
1481030192664 4 2
1481030193881 0 1
1481030194505 6 -2
1481030195172 5 -2
