1481986716872 6 1
1481986718496 10 -1
1481986721763 1 -2
1481986728126 5 1
1481986738260 3 1
1481986742509 5 -2
1481986743518 2 1
1481986745201 8 1
1481986746746 7 1
1481986748800 3 -2
1481986753812 1 2
1481986755072 5 1
1481986757826 4 2
1481986760444 0 1
1481986763475 5 -1
1481986768177 5 1
1481986770651 3 1
1481986773014 9 1
1481986775429 0 -1
1481986776872 4 -2
1481986778447 10 1
1481986781285 5 -1
1481986784824 1 -2
1481986786147 3 1
1481986790216 9 -1
1481986792288 3 -2
1481986794263 10 2
1481986796994 1 2
1481986798613 4 2
1481986799753 0 1
1481986801172 6 -3
1481986805197 5 -1
1481986808713 5 2
1481986812862 5 -2
1481986818753 6 2
1481986820234 0 -1
1481986825069 4 -1
1481986828568 1 -1
1481986834697 1 -1
1481986845734 1 2
1481986847019 5 2
1481986848104 6 1
1481986849595 4 1
1481986852585 0 1
1481986854149 6 -3
1481986855710 5 -2
1481986865459 6 2
1481986866903 0 -1
1481986868785 4 -2
1481986870685 10 -2
1481986872144 1 -2
1481986875270 3 3
1481986878636 7 -1
1481986881510 8 -1
1481986884913 2 -1
1481986886277 3 -2
1481986890473 1 2
1481986891938 5 3
1481986893401 6 1
1481986894841 10 -1
1481986896674 4 3
1481986909490 4 -1
1481986911178 5 -2
1481986916139 2 1
1481986918914 8 1
1481986920174 7 1
1481986921478 3 -1
1481986925174 4 -1
1481986933358 1 -1
1481986943797 3 1
1481986945980 7 -1
1481986947654 8 -1
1481986949872 2 -1
1481986971821 2 1
1481986973073 8 1
1481986974999 7 1
1481986976622 3 -1
1481986978650 4 -1
1481986981267 1 -1
1481986984126 1 2
1481986991112 4 2
1481986992664 4 -2
1481986994166 10 3
1481987004920 4 2
1481987006887 0 1
1481987008797 6 -3
1481987013356 5 -1
1481987021178 6 2
1481987022402 0 -1
1481987023968 4 -2
1481987025422 1 -2
1481987026519 10 -2
1481987028887 3 3
1481987035218 7 -1
1481987036708 8 -1
1481987058249 8 1
1481987060491 7 1
1481987062577 3 -3
1481987066029 10 2
1481987067872 1 2
1481987069431 5 2
1481987072707 4 2
1481987077633 0 1
1481987083188 6 -2
1481987085269 5 -2
1481987096023 5 2
1481987097107 6 3
1481987098547 0 -1
1481987100223 4 -2
1481987102327 10 -3
1481987104352 1 -2
1481987109419 5 -1
1481987122121 1 2
1481987123795 4 2
1481987127879 3 1
1481987135647 3 -1
1481987139526 4 -1
1481987141088 1 -2
1481987146714 3 2
1481987148614 7 -1
1481987149877 8 -1
1481987153329 2 -1
1481987154734 5 2
1481987158831 3 -1
1481987160140 1 2
1481987162055 4 2
1481987163886 0 1
1481987166131 10 1
1481987167717 6 -3
1481987168830 10 -1
1481987171037 4 -1
1481987172228 5 -3
1481987174711 2 1
1481987176264 8 1
1481987177603 7 1
1481987179117 9 1
1481987180400 6 -1
1481987181681 0 -1
1481987186664 4 -1
1481987188019 1 -3
1481987191368 4 1
1481987193862 3 2
1481987198324 0 3
1481987200920 6 1
1481987201931 9 -1
1481987203789 7 -1
1481987205259 8 -1
1481987206430 0 2
