1484922975387 2 1
1484922976406 8 1
1484922978642 7 1
1484922979888 3 -1
1484922985787 3 1
1484922986850 9 1
1484922989874 6 1
1484922991042 10 -1
1484922992827 4 2
1484922994419 0 1
1484922996111 9 -1
1484922997759 3 -1
1484922999167 3 1
1484923000253 7 -1
1484923001276 8 -1
1484923002317 2 -1
1484923003626 5 1
1484923004740 4 1
1484923005868 10 1
1484923006954 6 -3
1484923007999 10 -1
1484923011200 10 1
1484923014190 6 2
1484923015428 0 -1
1484923016949 0 1
1484923018721 6 -2
1484923019837 10 -1
1484923020917 4 -1
1484923022131 5 -3
1484923025250 2 1
1484923026278 8 1
1484923027236 7 1
1484923028369 3 -1
1484923033379 3 1
1484923034430 9 1
1484923036105 6 -1
1484923037103 0 -1
1484923038117 4 -2
1484923039174 1 -3
1484923040692 3 2
1484923041791 4 2
1484923042935 0 3
1484923044998 6 1
1484923046040 9 -1
1484923047072 7 -1
1484923048079 8 -1
1484923049948 0 2
