1482875727742 5 -2
1482876032457 5 -2
1482876034526 1 -2
1482875732050 1 -2
1482876038431 3 2
1482875741487 3 1
1482876040080 2 1
1482875743575 3 1
1482876046888 8 1
1482875745820 3 -2
1482875752207 2 1
1482876049474 7 1
1482875760720 3 1
1482876051488 9 1
1482876057533 3 -1
1482875764216 3 1
1482876059968 3 1
1482875769279 8 1
1482876060654 3 -2
1482875775813 7 1
1482876072825 1 1
1482875780159 9 1
1482876076529 1 1
1482875793291 9 -1
1482875795609 7 -1
1482876086046 9 -1
1482876088514 7 -1
1482875800014 8 -1
1482875806690 2 -1
1482876090092 8 -1
1482875820627 2 1
1482876097611 1 -2
1482876099820 3 2
1482875826068 3 -1
1482875827987 5 2
1482876108929 2 -1
1482875831010 6 1
1482876117308 2 1
1482875837272 6 -1
1482876134021 3 -2
1482876135984 1 2
1482875838060 6 1
1482875839993 10 -1
1482876140500 5 2
1482875844525 3 -1
1482876144283 6 1
1482875847076 4 1
1482876147053 10 -1
1482876155150 4 2
1482875848936 3 1
1482875853821 2 -1
1482876155852 5 -1
1482875856508 2 1
1482876161588 8 1
1482875863108 4 -1
1482876164387 7 1
1482875867926 10 1
1482876166897 3 -1
1482876170889 0 1
1482875870240 5 -1
1482876175959 5 1
1482875873928 2 -1
1482876209181 3 1
1482875875048 2 1
1482875882096 3 -1
1482876211718 7 -1
1482876214921 8 -1
1482875884798 10 -1
1482875894355 4 1
1482876220462 5 -1
1482875901630 3 1
1482876228278 0 -1
1482875912216 2 -1
1482876232151 4 -2
1482875914592 2 1
1482876234073 1 -2
1482875917630 5 1
1482876235614 3 1
1482875925680 3 -1
1482876245375 2 -1
1482876247443 5 2
1482875927457 1 2
1482876249638 3 -1
1482875931315 4 1
1482875935552 0 1
1482876251196 1 2
1482875940614 5 -1
1482876253398 4 3
1482875944448 2 -1
1482876257934 10 1
1482876260953 0 1
1482875961887 5 2
1482876266989 6 -3
1482875980391 4 1
1482875995350 10 1
1482876268483 10 -1
1482876273490 4 -1
1482875999240 6 -3
1482876275273 5 -3
1482876001676 10 -1
1482876004171 4 -1
1482876278507 2 1
1482876006150 5 -3
1482876290610 2 -1
1482876010110 2 1
1482876295109 2 1
1482876013795 8 1
1482876301823 8 1
1482876302980 7 1
1482876304979 9 1
1482876309110 6 -1
1482876314583 0 -1
1482876317986 4 -2
1482876320741 1 -3
1482876324380 4 2
1482876325922 3 2
1482876329496 0 2
1482876330834 0 1
1482876333205 0 -1
1482876336868 6 1
1482876337838 9 -1
1482876344126 0 1
1482876346580 7 -1
1482876348934 8 -1
1482876350142 0 1
1482876354025 0 1
