1482417606395 7 1
1482417610394 2 -2
1482417611977 2 2
1482417612889 2 -2
1482417614654 7 -2
1482417615600 9 3
1482417617442 5 1
1482417623682 8 -1
1482417624865 1 -1
1482417628386 5 -1
1482417634505 9 -2
1482417637450 9 2
1482417642969 9 -2
1482417648761 7 1
1482417650498 1 1
1482417651170 8 1
1482417652210 9 -1
1482417652922 3 -1
1482417656625 1 1
1482417658673 1 -1
1482417659801 3 1
1482417661978 7 -1
1482417663058 3 -2
1482417664058 10 3
1482417664986 3 2
1482417666034 9 3
1482417666994 5 2
1482417667995 8 -1
1482417668714 1 -1
1482417669956 5 1
1482417670850 0 3
1482417672299 5 -3
1482417676450 8 -3
1482417678322 5 3
1482417683562 5 -1
1482417684514 5 -2
1482417685762 9 -3
1482417686635 3 -1
1482417687581 6 -2
1482417692746 6 2
1482417694116 3 1
1482417694898 9 3
1482417700066 9 -3
1482417702994 3 -1
1482417704450 6 -2
1482417709659 8 1
1482417710234 4 1
1482417715211 2 1
1482417719522 2 -1
1482417721818 6 2
1482417722827 3 1
1482417724745 9 3
1482417726114 1 1
1482417728642 8 -1
1482417729418 4 -1
1482417731323 1 -1
1482417731985 5 3
1482417733905 5 -3
1482417735001 9 -3
1482417736625 3 -1
1482417740210 6 -2
1482417750929 2 1
1482417753482 6 2
1482417755241 3 1
1482417761307 9 2
1482417763434 2 -1
1482417764009 9 1
1482417765441 5 3
1482417767745 0 -3
1482417769009 5 -3
1482417771841 9 -3
1482417773961 3 -2
1482417775689 10 -4
1482417777250 3 2
1482417778553 9 3
1482417780002 5 3
1482417781049 0 3
1482417782314 5 -3
1482417784162 9 -3
1482417785074 3 -1
1482417785946 6 -2
1482417786594 2 3
1482417787418 0 2
