1479354404464 2 -2
1479354407192 9 3
1479354410768 5 1
1479354415521 5 -1
1479354418880 9 -3
1479354420833 3 -1
1479354422176 1 1
1479354423200 1 -1
1479354424256 1 1
1479354425792 7 -1
1479354426408 3 -1
1479354427104 10 3
1479354430528 1 -1
1479354431344 3 2
1479354432040 9 3
1479354433248 8 -1
1479354433888 1 -1
1479354434752 5 3
1479354437392 0 3
1479354438600 8 -3
1479354439641 5 -3
1479354441184 9 -3
1479354454248 9 3
1479354460856 9 -3
1479354461872 3 -1
1479354462512 6 -2
1479354470471 6 2
1479354471552 3 1
1479354472448 9 3
1479354473927 5 3
1479354475887 0 -2
1479354480871 0 2
1479354481903 5 -3
1479354483328 1 1
1479354484655 4 3
1479354485591 8 4
1479354487519 5 2
1479354492136 5 -2
1479354493199 9 -1
1479354494503 4 -3
1479354497183 9 -2
1479354498240 3 -1
1479354498928 6 -1
1479354500863 6 1
1479354501328 1 1
1479354507080 1 -1
1479354507544 6 -1
1479354509263 2 1
1479354511031 6 1
1479354511823 3 1
1479354512535 9 2
1479354513679 8 -4
1479354516831 1 -1
1479354519773 9 -2
1479354521239 3 -1
1479354521847 6 -2
1479354523776 2 -1
1479354531007 6 2
1479354532175 3 1
1479354533207 9 3
1479354534055 5 3
1479354536038 0 -3
1479354537606 5 -3
1479354539102 9 -3
1479354540367 3 -2
1479354541095 10 -4
1479354541983 6 -2
1479354543598 6 2
1479354544302 3 2
1479354545190 9 3
1479354546358 5 3
1479354547822 0 3
1479354548894 5 -3
1479354549662 9 -3
1479354550654 3 -1
1479354551318 6 -2
1479354552071 2 3
1479354552830 0 2
