1482782244372 2 -2
1482782245173 3 -1
1482782246689 7 -1
1482782247294 3 -1
1482782248449 10 3
1482782250889 1 1
1482782251654 1 -1
1482782254423 3 2
1482782257712 9 3
1482782259239 5 2
1482782260065 5 -2
1482782260844 8 -1
1482782261877 1 -1
1482782262665 5 3
1482782263773 0 3
1482782264820 5 -3
1482782266287 9 -2
1482782269762 8 -3
1482782270538 9 -1
1482782271439 3 -1
1482782272066 6 -2
1482782275932 6 2
1482782277078 3 1
1482782279578 9 3
1482782280886 5 3
1482782282205 0 -3
1482782284126 0 3
1482782284989 0 -1
1482782286010 0 -2
1482782287479 5 -3
1482782288362 9 -3
1482782289434 3 -2
1482782292503 10 -3
1482782293242 6 -2
1482782294398 2 3
1482782295014 6 1
1482782295962 10 2
1482782297022 1 1
1482782297961 1 -1
1482782299066 2 -2
1482782299892 2 -1
1482782300704 2 1
1482782302306 2 1
1482782304426 2 -2
1482782305116 2 3
1482782305981 2 -3
1482782306631 10 1
1482782308158 3 1
1482782311166 3 -1
1482782312470 10 -4
1482782314995 3 1
1482782318198 6 -1
1482782319122 6 2
1482782319640 3 1
1482782322436 9 3
1482782323226 5 3
1482782325812 0 3
1482782326540 5 -3
1482782327426 9 -3
1482782330592 2 2
1482782331308 2 -2
1482782332281 3 -1
1482782332809 3 1
1482782336087 2 2
1482782337109 2 -2
1482782337665 3 -1
1482782338564 6 -2
1482782339461 2 3
1482782340065 0 1
1482782342368 0 1
