1483531970985 7 -1
1483531971600 2 -2
1483531972176 9 3
1483531974456 9 -3
1483531975129 3 -2
1483531975656 10 3
1483531976561 3 2
1483531977201 9 3
1483531979184 8 -1
1483531979713 1 -1
1483531980505 5 3
1483531981241 0 3
1483531982593 8 -3
1483531983354 0 -3
1483531983971 5 -2
1483531984987 5 -1
1483531985737 9 -3
1483531986921 3 -2
1483531987664 10 -4
1483531990402 3 2
1483531991208 9 3
1483531992240 5 3
1483531992994 0 3
1483531993683 5 -3
1483531994217 9 -3
1483531995081 3 -1
1483531995688 6 -2
1483531996505 2 3
1483532818597 0 1
1483532819634 0 1
