1479337445742 2 -2
1479337446289 7 -1
1479337447560 9 3
1479337449564 9 -3
1479337450256 3 -2
1479337450717 10 3
1479337451221 3 2
1479337451733 9 3
1479337452256 8 -1
1479337452668 1 -1
1479337453174 5 3
1479337453785 0 3
1479337454294 5 -3
1479337455364 8 -3
1479337455971 9 -3
1479337458034 9 3
1479337458483 5 3
1479337460153 0 -3
1479337460583 5 -3
1479337461068 9 -3
1479337461682 3 -2
1479337462195 10 -4
1479337463077 3 2
1479337463478 9 3
1479337463874 5 3
1479337464452 0 3
1479337464915 5 -3
1479337465443 9 -3
1479337465982 3 -1
1479337466278 6 -2
1479337466597 2 2
1479337467377 2 1
1479337467726 0 2
