1482782080906 7 -1
1482782082106 9 2
1482782083123 9 -2
1482782084021 3 -2
1482782084939 10 2
1482782085699 1 1
1482782086943 1 -1
1482782087877 10 -1
1482782088788 10 -1
1482782089815 6 -1
1482782090329 2 -2
1482782091494 2 3
1482782092539 2 -3
1482782094110 2 3
1482782094737 3 1
1482782095544 7 1
1482782096027 7 -1
1482782096609 3 -1
1482782097199 2 -3
1482782098345 6 1
1482782098967 10 3
1482782100411 3 2
1482782101315 7 2
1482782101802 2 1
1482782102338 7 -2
1482782102791 9 2
1482782103623 2 -1
1482782104021 9 1
1482782106045 5 1
1482782106553 8 -1
1482782106991 1 -1
1482782107421 5 2
1482782108471 0 3
1482782109163 5 -3
1482782110399 9 -2
1482782111564 9 2
1482782112488 8 -3
1482782113598 9 -3
1482782114195 3 -1
1482782115160 6 -2
1482782116198 2 1
1482782117222 2 -1
1482782117888 6 2
1482782118288 3 1
1482782119807 9 3
1482782120561 4 3
1482782121421 8 3
1482782121996 5 3
1482782123160 0 -3
1482782124936 0 3
1482782125381 4 -3
1482782125682 8 -3
1482782126132 5 -3
1482782126704 9 -3
1482782128429 3 -1
1482782128869 3 1
1482782129442 3 -1
1482782129743 6 -1
1482782129846 6 -1
1482782131701 2 1
1482782134970 R
1482782140357 2 -2
1482782142986 3 -1
1482782143578 6 -1
1482782144202 2 3
1482782145462 7 -1
1482782147135 3 -1
1482782147902 10 2
1482782150113 10 -2
1482782150606 3 1
1482782151633 7 1
1482782152742 7 -1
1482782153454 3 -1
1482782154317 10 2
1482782157031 10 -2
1482782158346 2 -2
1482782159188 6 1
1482782159877 10 3
1482782161643 3 2
1482782162723 9 2
1482782164044 9 -2
1482782165536 9 2
1482782166416 8 -1
1482782167104 1 -1
1482782168271 9 -1
1482782171892 7 1
1482782175857 7 -1
1482782177881 9 1
1482782178970 9 -1
1482782180210 2 -1
1482782182505 9 2
1482782184564 5 3
1482782186106 0 3
1482782186786 4 3
1482782187787 0 -3
1482782190170 5 -3
1482782192660 5 3
1482782193511 0 3
1482782193978 4 -3
1482782194355 8 -3
1482782195076 5 -3
1482782196218 9 -3
1482782199354 3 -1
1482782199980 3 1
1482782203259 9 3
1482782206415 5 3
1482782207150 0 -3
1482782208129 0 3
1482782208654 5 -3
1482782209518 9 -3
1482782210940 3 -1
1482782211641 6 -2
1482782215659 6 2
1482782217036 3 1
1482782221953 2 1
1482782223493 2 -1
1482782224316 9 3
1482782224971 1 1
1482782226342 1 -1
1482782227290 9 -3
1482782228821 3 -1
1482782230508 3 1
1482782234157 9 3
1482782234699 5 3
1482782235670 0 -1
1482782237984 4 3
1482782238428 8 3
1482782239794 4 -3
1482782240817 8 -3
1482782242563 0 -2
1482782243361 5 -3
1482782245244 9 -3
1482782246353 3 -2
1482782247745 6 -2
1482782248403 10 -4
1482782249499 6 2
1482782250038 3 2
1482782251008 9 3
1482782251633 5 3
1482782252775 0 3
1482782253431 5 -3
1482782254314 9 -3
1482782259600 9 3
1482782260236 5 3
1482782262167 5 -3
1482782264503 9 -3
1482782266412 2 2
1482782267478 3 -1
1482782268125 6 -2
1482782268684 2 1
1482782269226 0 2
