1479914337154 7 -1
1479914360596 2 -2
1479914368384 3 -2
1479914370865 10 3
1479914385846 10 -3
1479914387353 6 -1
1479914389336 2 3
1479914394411 3 1
1479914409802 3 -1
1479914418328 10 2
1479914423392 2 -3
1479914424966 10 1
1479914426405 6 1
1479914429371 1 1
1479914442749 3 1
1479914446229 7 1
1479914448698 7 -1
1479914455804 3 -1
1479914483263 1 -1
1479914484741 3 2
1479914488027 9 3
1479914490351 5 2
1479914499917 8 -1
1479914501055 1 -1
1479914502426 5 1
1479914517748 0 3
1479914519321 4 3
1479914521713 0 -3
1479914533769 0 3
1479914535567 5 -3
1479914540370 9 -1
1479914544530 9 1
1479914554622 9 -1
1479914564325 9 1
1479914582854 5 3
1479914586024 0 -3
1479914594103 5 -3
1479914600422 5 3
1479914625492 5 -3
1479914635030 5 3
1479914647799 0 3
1479914649451 8 -3
1479914651026 4 -3
1479914655149 5 -3
1479914658629 9 -3
1479914660613 3 -1
1479914662246 6 -2
1479914699433 6 2
1479914704955 3 1
1479914750418 9 3
1479914782615 9 -3
1479914786426 2 1
1479914799279 3 -1
1479914801010 6 -2
1479914831196 2 -1
1479914836524 2 1
1479914838060 6 2
1479914839830 3 1
1479914856258 9 2
1479914857853 2 -1
1479914860741 8 3
1479914862092 4 3
1479914863696 9 1
1479914866117 5 3
1479914877483 0 -3
1479914885116 5 -3
1479914888092 9 -1
1479914900595 2 1
1479914950760 R
