1480225394393 5 1
1480225398599 9 -1
1480225399567 2 1
1480225400355 11 2
1480225401189 0 1
1480225402034 12 1
1480225405021 12 -1
1480225405761 5 -1
1480225408367 0 1
1480225409598 0 -1
1480225410363 0 -1
1480225411622 11 -2
1480225413052 2 -3
1480225414150 1 -1
1480225415098 3 2
1480225418888 5 1
1480225422246 4 -2
1480225424924 10 1
1480225425956 6 1
1480225426532 2 2
1480225428042 5 -1
1480225430527 4 1
1480225431814 5 1
1480225432804 12 1
1480225433506 12 -1
1480225434198 5 -1
1480225437388 3 -2
1480225438058 1 1
1480225440332 11 1
1480225452340 2 1
1480225452876 11 1
1480225453701 0 2
1480225454559 7 1
1480225455235 12 -1
1480225457012 0 -1
1480225459770 5 1
1480225460567 4 -1
1480225462231 2 1
1480225463082 6 -1
1480225463662 11 1
1480225464951 1 -1
1480225465804 3 1
1480225473545 3 -1
1480225474563 1 1
1480225475264 11 -1
1480225476727 10 -1
1480225477207 2 -1
1480225477736 4 2
1480225480151 8 -2
1480225481103 4 -3
1480225481773 1 1
1480225482269 2 1
1480225482933 10 1
1480225483806 5 2
1480225484737 0 1
1480225486739 8 1
1480225489168 8 -1
1480225489774 3 -1
1480225490467 0 1
1480225491341 11 1
1480225491867 9 1
1480225492411 7 1
1480225493229 7 1
1480225496278 7 -2
1480225496961 9 -1
1480225498251 11 -3
1480225499051 9 1
1480225499649 7 2
1480225505223 6 1
1480225505732 7 1
1480225506467 9 -1
1480225507540 11 2
1480225514105 0 -2
1480225514679 3 1
1480225517286 5 -2
1480225517907 1 -1
1480225519037 4 1
1480225520587 8 2
1480225521498 5 -1
1480225522372 0 1
1480225524049 0 -2
1480225524866 11 -3
1480225525616 0 2
1480225526262 1 -1
1480225526990 2 -3
1480225528026 4 1
1480225528798 3 2
1480225532912 3 -2
1480225536118 1 1
1480225536590 9 1
1480225537858 7 -1
1480225538844 6 -1
1480225539444 10 -1
1480225540205 4 1
1480225545106 7 -2
1480225545620 9 -1
1480225546266 2 -1
1480225546776 1 -1
1480225547282 3 1
1480225548123 3 1
1480225548802 0 3
