1482705987060 2 -2
1482705988241 9 -1
1482705989536 11 2
1482705992318 0 1
1482705993208 7 1
1482705994163 12 -1
1482706000954 4 -2
1482706002599 10 1
1482706003397 11 1
1482706004156 1 -1
1482706005086 3 2
1482706008698 0 1
1482706009742 12 1
1482706010664 7 -1
1482706015911 3 -2
1482706016814 1 1
1482706019994 0 -1
1482706020909 0 -1
1482706022322 11 -3
1482706023960 9 1
1482706025403 9 -1
1482706026193 11 3
1482706030529 0 2
1482706031512 4 1
1482706033590 1 -1
1482706034362 3 2
1482706040372 0 1
1482706043362 4 -1
1482706043945 4 1
1482706045088 7 1
1482706045770 12 -1
1482706047415 0 -2
1482706048200 5 1
1482706049181 8 -2
1482706050194 4 -2
1482706054888 3 -3
1482706055953 1 2
1482706056687 5 2
1482706057527 0 2
1482706059897 0 -1
1482706061109 0 1
1482706064109 11 -3
1482706065775 10 -1
1482706067771 9 1
1482706068305 2 1
1482706070793 9 -1
1482706071926 2 -1
1482706073050 11 2
1482706073380 10 1
1482706074263 0 -2
1482706075266 5 -2
1482706076240 1 -1
1482706077093 11 1
1482706078970 3 1
1482706080403 8 1
1482706081158 12 1
1482706081980 7 -1
1482706084449 0 -1
1482706085770 11 -3
1482706087628 11 3
1482706088712 0 1
1482706089913 1 1
1482706090567 5 2
1482706091601 0 1
1482706093556 7 1
1482706094699 12 -1
1482706095442 8 -1
1482706096636 3 -1
1482706097501 0 1
1482706101119 11 -3
1482706110656 9 1
1482706111454 7 1
1482706117444 7 -1
1482706118720 9 -1
1482706119650 11 3
1482706120795 0 -2
1482706123373 5 -2
1482706124350 1 -2
1482706125299 3 3
1482706127225 8 1
1482706127959 8 -1
1482706128800 4 2
1482706129745 8 2
1482706130407 5 -1
1482706132554 0 1
1482706133647 12 1
1482706134712 7 -1
1482706137188 3 -2
1482706138594 4 -1
1482706139635 1 1
1482706140871 11 -1
1482706142278 10 -1
1482706143389 4 2
1482706148116 7 1
1482706149193 12 -1
1482706150402 0 -1
1482706154307 5 1
1482706155049 8 -2
1482706156623 3 -1
1482706159766 4 -3
1482706160663 1 1
1482706161450 5 2
1482706163267 0 2
1482706165663 10 1
1482706166455 11 1
1482706167447 9 1
1482706168435 7 1
1482706172768 7 -1
1482706173369 9 -1
1482706176167 11 -3
1482706177190 10 -1
1482706178987 10 1
1482706180100 10 -1
1482706180622 10 1
1482706182770 10 -1
1482706184342 11 2
1482706194039 11 -2
1482706194819 9 1
1482706195452 2 1
1482706197126 7 2
1482706200368 7 -2
1482706201752 9 -1
1482706202515 2 -1
1482706203486 11 2
1482706204842 0 -1
1482706205864 3 1
1482706207772 8 1
1482706208677 12 1
1482706210326 7 -1
1482706212055 0 -2
1482706213128 0 2
1482706215297 0 -1
1482706216389 5 -2
1482706217373 1 -1
1482706218285 4 2
1482706220092 4 -2
1482706221527 0 -1
1482706224198 1 1
1482706224846 5 2
1482706226423 5 -2
1482706227155 11 -1
1482706228001 11 -1
1482706228711 1 -2
1482706229833 3 2
1482706231488 3 -2
1482706232193 1 1
1482706232900 11 2
1482706233616 1 1
1482706234170 5 1
1482706238044 0 1
1482706239016 7 1
1482706240277 12 -1
1482706242133 5 1
1482706242846 0 1
1482706243871 8 -1
1482706244601 3 -1
1482706245476 0 1
1482706247701 11 -2
1482706253081 10 1
1482706254333 6 1
1482706255889 2 1
1482706257039 9 1
1482706259700 7 3
1482706263034 9 -1
1482706263914 11 1
1482706266755 11 -1
1482706269394 11 1
1482706270751 11 -1
1482706271301 9 1
1482706272281 7 -3
1482706273386 9 -1
1482706274157 11 1
1482706279284 11 -1
1482706279866 9 1
1482706280530 2 -1
1482706281122 9 -1
1482706282024 11 2
1482706282847 0 -2
1482706286439 5 -2
1482706287333 1 -1
1482706287883 4 2
1482706289329 3 1
1482706289971 8 1
1482706290532 8 1
1482706291293 5 -1
1482706294597 0 1
1482706297356 4 -1
1482706299333 6 -1
1482706300358 10 -1
1482706301137 4 2
1482706303537 0 -1
1482706304519 5 1
1482706305321 8 -2
1482706309226 8 2
1482706312436 8 -2
1482706313320 3 -1
1482706315887 3 1
1482706317010 8 2
1482706318163 5 -1
1482706318746 0 1
1482706321646 4 -1
1482706323301 4 1
1482706324496 0 -1
1482706325410 5 1
1482706326613 8 -2
1482706329270 4 -3
1482706330104 1 1
1482706331397 5 2
1482706332443 0 1
1482706333808 0 -1
1482706334609 5 -2
1482706335643 1 -1
1482706338311 4 3
1482706342438 4 -3
1482706343270 1 1
1482706345496 5 2
1482706346479 0 1
1482706347793 3 -1
1482706348686 0 1
1482706351334 11 -2
1482706352881 9 1
1482706353281 2 1
1482706354135 7 2
1482706358136 10 1
1482706360225 6 1
1482706361230 7 1
1482706362280 9 -1
1482706363394 11 1
1482706364939 11 -1
1482706366475 11 1
1482706367890 11 -1
1482706373879 11 1
1482706374892 11 -1
1482706376377 9 1
1482706378132 7 -3
1482706378986 9 -1
1482706379637 2 -1
1482706380330 11 2
1482706381573 0 -1
1482706383154 3 1
1482706384425 8 1
1482706385406 12 1
1482706386440 7 -1
