1482792187831 9 -1
1482792192031 9 1
1482792197086 9 -1
1482792198216 11 1
1482792200736 5 1
1482792201798 12 1
1482792209302 2 1
1482792210535 11 1
1482792211872 0 1
1482792212864 12 -1
1482792214039 5 -1
1482792216128 0 1
1482792217088 7 1
1482792217879 12 -1
1482792227656 0 -1
1482792228910 5 1
1482792231865 5 -1
1482792239214 12 1
1482792240270 7 -1
1482792242993 0 -1
1482792244286 0 2
1482792246614 7 1
1482792248449 12 -1
1482792252350 12 1
1482792253415 7 -1
1482792256990 0 -2
1482792258478 11 -2
1482792262055 1 -1
1482792262942 2 -3
1482792265103 1 1
1482792269023 11 2
1482792271190 5 1
1482792272470 8 -1
1482792281206 8 1
1482792282262 5 -1
1482792284399 0 2
1482792285590 7 1
1482792286414 12 -1
1482792289792 0 -1
1482792290799 12 1
1482792291807 7 -1
1482792292632 0 -1
1482792294144 11 -2
1482792296750 2 3
1482792299414 11 2
1482792301558 0 2
1482792303927 0 -2
1482792306951 11 -2
1482792308998 1 -1
1482792310310 2 -3
1482792311854 1 1
1482792313566 11 2
1482792318678 0 2
1482792319864 7 1
1482792320870 12 -1
1482792324224 0 -1
1482792326950 4 -2
1482792328200 10 1
1482792329454 11 1
1482792331400 1 -1
1482792332207 0 1
1482792333616 3 2
1482792334679 0 1
1482792335566 4 1
1482792337847 12 1
1482792340126 7 -1
1482792345664 7 1
1482792346854 12 -1
1482792349775 0 -2
1482792350782 5 1
1482792359488 5 -1
1482792360695 0 2
1482792364694 12 1
1482792365702 7 -1
1482792372030 7 1
1482792372825 12 -1
1482792373785 0 -2
1482792376630 0 2
1482792380078 12 1
1482792380982 7 -1
1482792386360 R
1482792394950 9 -1
1482792399192 2 1
1482792406191 2 -3
1482792407816 1 -1
1482792413046 3 2
1482792417488 5 1
1482792418726 12 1
1482792421880 12 -1
1482792422975 5 -1
1482792425054 3 -2
1482792426166 1 1
1482792427870 11 2
1482792429542 11 -2
1482792438375 2 1
1482792440816 1 -1
1482792441951 3 2
1482792448446 2 1
1482792449846 5 1
1482792451951 R
1482792457046 9 -1
1482792458263 11 1
1482792458894 2 -2
1482792459759 11 1
1482792460814 0 2
1482792462655 7 1
1482792464150 12 -1
1482792467598 12 1
1482792468558 7 -1
1482792469590 0 -2
1482792471022 11 -2
1482792477631 4 -2
1482792481710 2 4
