1481054182715 9 -1
1481054191559 1 -1
1481054194018 3 2
1481054214636 4 -2
1481054215621 3 -1
1481054225595 3 -1
1481054227650 1 1
1481054229413 2 2
1481054230338 10 1
1481054235641 2 -4
1481054236652 11 3
1481054262327 11 -1
1481054263848 10 -1
1481054264797 4 2
1481054280180 0 1
1481054285364 7 1
1481054287297 5 1
1481054289570 12 -1
1481054303026 8 -2
1481054332562 R
1481054345442 2 1
1481054346865 9 -1
1481054347961 11 2
1481054353315 0 2
1481054360699 7 1
1481054362000 12 -1
1481054364529 0 -1
1481054371818 5 1
1481054373179 8 -2
1481054374918 4 -3
1481054389648 10 1
1481054390865 11 1
1481054394639 1 -1
1481054403260 R
1481054460121 4 -2
1481054476676 10 1
1481054483672 6 1
1481054500797 9 -1
1481054502742 2 2
1481054507281 6 -1
1481054508204 11 3
1481054516852 0 2
1481054517740 9 1
1481054519857 7 3
1481054524549 0 -2
1481054528211 12 -1
1481054544606 0 2
1481054546649 7 -2
1481054548219 9 -1
1481054567351 12 1
1481054568456 7 -1
1481054569991 0 -2
1481054592683 11 -3
1481054596064 10 -1
1481054597452 2 -4
1481054599532 1 -1
1481054601817 4 2
1481054602767 3 2
1481054613494 3 -2
1481054621875 1 1
1481054626984 11 2
1481054628702 5 1
1481054629709 8 -1
1481054632225 4 -3
1481054633636 1 1
1481054637174 5 2
1481054643233 0 2
1481054644363 7 1
1481054645275 12 -1
1481054646018 8 -1
1481054649227 3 -1
1481054650699 0 1
1481054653593 11 -2
1481054657474 10 1
1481054659956 11 3
1481054661535 0 -2
1481054665684 0 2
1481054668396 11 -3
1481054669976 6 1
1481054670744 2 1
1481054671317 9 1
1481054672713 7 3
1481054684778 9 -1
1481054686615 11 1
1481054689572 11 -1
1481054738133 R
1481054790957 2 1
1481054793741 9 -1
1481054806181 4 -2
1481054807749 10 1
1481054809378 11 3
1481054822148 11 -2
1481054823970 2 -3
1481054825041 11 2
1481054827025 1 -1
1481054834173 3 2
1481054842385 0 2
1481054843906 7 1
1481054845107 12 -1
1481054851165 0 -1
1481054853208 3 -2
1481054854121 1 1
1481054858510 4 1
1481054860469 4 -1
1481054871428 1 -1
1481054872204 0 1
1481054873275 3 2
1481054874759 0 1
1481054887020 12 1
1481054888126 7 -1
1481054889853 0 -3
1481054895095 3 -2
1481054895934 1 1
1481054897344 11 -3
1481054899034 10 -1
1481054899764 4 2
1481054911523 5 1
1481054912970 8 -1
1481054976526 11 2
1481054978324 0 1
1481054979638 7 1
1481054982047 12 -1
1481054984102 8 1
1481054986404 5 -1
1481055010005 R
1481055029816 9 -1
1481055032893 2 -2
1481055043291 11 2
1481055111284 11 -2
1481055112695 1 -1
1481055114094 3 2
1481055123665 5 1
1481055134875 3 -2
1481055146366 3 2
1481055149020 5 -1
1481055187642 R
1481055195850 R
1481055267777 9 -1
1481055270041 2 -2
1481055283028 1 -1
1481055284464 3 2
1481055287443 3 -2
1481055288818 1 1
1481055289620 11 2
1481055303873 4 -2
1481055305041 10 1
1481055306108 11 1
1481055307132 1 -1
1481055318328 3 2
1481055319909 0 3
1481055321114 7 1
1481055323423 12 -1
1481055324992 0 -2
1481055327086 3 -2
1481055328385 1 1
1481055330026 0 1
1481055331010 0 -1
1481055333054 1 -1
1481055334854 3 2
1481055338232 4 1
1481055344400 5 1
1481055345443 8 -2
1481055346941 4 -2
1481055362808 3 -3
1481055369010 1 2
1481055370470 5 2
1481055372610 0 2
1481055375189 11 -3
1481055379603 9 1
1481055380552 7 1
1481055383447 7 -1
1481055386388 2 1
1481055387133 6 1
1481055387957 7 3
1481055394014 9 -1
1481055399085 11 1
1481055403147 11 -1
1481055443074 9 1
1481055444375 7 -3
1481055446065 6 -1
1481055449497 10 -1
1481055450712 2 -1
1481055451515 9 -1
1481055453824 10 1
1481055456368 11 3
1481055457925 0 -2
1481055459602 5 -2
1481055461924 1 -2
1481055464952 4 2
1481055466399 3 3
