1481493014755 2 -1
1481493018672 5 1
1481493020979 8 -1
1481493026110 9 -1
1481493028967 2 2
1481493031550 11 2
1481493033095 0 1
1481493035787 7 1
1481493036845 12 -1
1481493038475 8 -1
1481493039769 3 -1
1481493045748 4 -2
1481493046977 4 -1
1481493050430 1 1
1481493051681 5 1
1481493054788 3 1
1481493057679 5 -1
1481493059407 1 -1
1481493067159 2 1
1481493350912 4 1
1481493353781 3 -1
1481493356023 3 1
1481493357671 8 1
1481493362591 12 1
1481493364032 7 -1
1481493365388 0 -1
1481493369007 8 1
1481493371726 5 -1
1481493373380 11 -1
1481493373921 11 -1
1481493375293 1 -1
1481493376988 2 -4
1481493379596 1 1
1481493381091 11 2
1481493386106 5 1
1481493388012 0 1
1481493389193 7 1
1481493390378 12 -1
1481493395529 8 -2
1481493397773 3 -1
1481493399483 4 2
1481493401546 4 -3
1481493402876 1 1
1481493404275 5 2
1481493409829 5 -2
1481493415725 10 1
1481493417522 11 1
1481493420390 5 2
1481493422793 5 -2
1481493424055 1 -2
1481493426349 4 2
1481493428704 4 -2
1481493430675 1 2
1481493432539 11 -1
1481493434040 10 -1
1481493435617 5 2
1481493446758 0 2
1481493451171 11 -2
1481493455712 2 1
1481493458527 9 1
1481493459855 7 2
1481493465266 7 -2
1481493466575 9 -1
1481493467924 2 -1
1481493470655 11 2
1481493473651 11 -2
1481493480028 11 2
1481493481562 0 -1
1481493483497 3 1
1481493487066 8 1
1481493488503 12 1
1481493489962 7 -1
1481493494166 0 -2
1481493499133 0 2
1481493501434 7 1
1481493502389 12 -1
1481493504799 0 -1
1481493506173 5 -2
1481493507418 1 -1
1481493508863 4 3
1481493511694 8 1
1481493516031 5 -1
1481493517718 0 1
1481493520833 0 -1
1481493522522 5 1
1481493523824 8 -2
1481493525500 3 -1
1481493528198 3 1
1481493531684 8 1
1481493534767 12 1
1481493536828 12 -1
1481493545005 8 1
1481493546290 5 -1
1481493548252 0 1
1481493556142 4 -2
1481493558389 10 1
1481493561187 11 1
1481493562533 1 -1
1481493564163 3 1
1481493565549 3 1
1481493567450 0 1
1481494239849 4 1
1481494243611 0 -1
1481494250995 0 1
1481494254099 12 1
1481494256144 7 -1
1481494257113 7 1
1481494265482 0 -1
1481494267574 4 -1
1481494269226 3 -2
1481494272604 1 1
1481494275299 11 -1
1481494276559 10 -1
1481494278167 4 2
1481494280143 4 -1
1481494284298 12 -1
1481494285989 0 -1
1481494287171 5 1
1481494288280 8 -2
1481494289264 3 -1
1481494291496 4 -2
1481494293335 1 1
1481494294537 5 2
1481494295997 10 1
1481494298395 10 -1
1481494300927 0 2
1481494302177 11 -2
1481494305586 10 1
1481494307065 10 -1
1481494312923 11 2
1481494313871 0 -2
1481494315885 5 -2
1481494317134 1 -1
1481494318859 4 2
1481494320469 4 1
1481494323101 3 1
1481494324391 8 2
1481494325859 5 -1
1481494327331 0 1
1481494330040 4 -1
1481494332897 10 1
1481494333995 11 1
1481494335083 1 -1
1481494336490 3 2
1481494337996 0 1
1481494339763 4 -1
1481494343941 12 1
1481494346043 7 -1
1481494347202 0 -2
1481494349421 5 1
1481494350687 3 -2
1481494352321 1 1
1481494353474 11 -1
1481494354817 10 -1
1481494356275 4 2
1481494357493 5 -1
1481494359111 0 1
1481494362146 7 1
1481494363279 12 -1
1481494364660 12 1
1481494367384 7 -1
1481494368501 0 -1
1481494370682 4 -2
1481494373615 10 1
1481494374957 11 1
1481494376024 1 -1
1481494378149 1 1
1481494379619 9 1
1481494382180 7 2
1481494383321 12 -1
1481494384902 0 1
1481494388320 0 -1
1481494395027 4 1
1481494396509 5 1
1481494398867 8 -2
1481494400006 3 -1
1481494401258 4 -2
1481494402632 1 1
1481494405510 7 -1
1481494407164 9 -1
1481494409612 11 -1
1481494411355 10 -1
1481494414349 1 -1
1481494415419 4 3
1481494417705 3 1
1481494422357 3 -1
1481494423866 4 -3
1481494425517 1 1
1481494426924 5 2
1481494429001 0 2
1481494432664 11 -2
1481494435374 10 1
1481494443259 2 1
1481494444793 11 1
1481494447987 11 -1
1481494452269 11 1
1481494456130 10 -1
1481495380877 10 1
1481495382404 10 -1
1481495384407 2 -1
1481495385606 11 1
1481495390254 10 1
1481495391459 11 1
1481495394028 0 -1
1481495395475 3 1
1481495397791 8 1
1481495399091 12 1
1481495401576 7 -1
1481495405523 11 -1
1481495407019 10 -1
1481495411565 10 1
1481495412790 10 -1
1481495414314 10 1
1481495415865 11 1
1481495417281 9 1
1481495419002 7 2
1481495420097 12 -1
1481495421957 8 -1
1481495426029 7 -1
1481495427196 9 -1
1481495429980 11 -1
1481495431515 10 -1
1481495435807 3 -1
1481495440083 0 1
1481495441520 11 -1
1481495447811 11 -1
1481495448991 9 1
1481495450205 2 1
1481495454778 7 2
1481495459258 7 -2
1481495461066 2 -1
1481495462503 9 -1
1481495466565 10 1
1481495472373 11 2
1481495474481 10 -1
1481495478977 11 -2
1481495480805 10 1
1481495483463 11 3
1481495485086 9 1
1481495487914 9 -1
1481495489051 0 -2
1481495491076 5 -2
1481495494063 1 -2
1481495496270 1 2
1481495497674 11 -1
1481495498819 10 -1
1481495499794 1 -1
1481495500925 4 3
1481495510273 3 1
1481495513571 8 2
1481495514599 5 -1
1481495515866 0 1
1481495517955 12 1
1481495519001 7 -1
1481495524548 7 1
1481495525851 0 -1
1481495527428 0 1
1481495528615 12 -1
1481495530419 0 -1
1481495531847 5 1
1481495532923 8 -2
1481495533987 3 -1
1481495541268 4 -1
1481495542774 4 -2
1481495544207 1 1
1481495545510 5 2
1481495547382 0 2
1481495549706 11 -2
1481495553667 10 1
1481495554974 6 1
1481495556570 2 1
1481495557655 9 1
1481495558924 7 1
1481495560529 7 1
1481495561924 7 1
1481495562858 9 -1
1481495564507 11 1
1481495570688 11 -1
1481495572158 9 1
1481495575710 9 -1
1481495576664 11 1
