1479945220160 2 1
1479945220859 9 -1
1479945221772 11 2
1479945233521 0 1
1479945234342 7 1
1479945235145 5 1
1479945235798 12 -1
1479945236645 8 -2
1479945237335 3 -1
1479945239064 4 -3
1479945240423 1 1
1479945241106 2 1
1479945242161 5 2
1479945247199 0 2
1479945255055 11 -2
1479945266101 R
1479945297466 9 -1
1479945298426 2 -2
1479945308808 1 -1
1479945311265 4 -2
1479945313510 U
1479945314438 3 2
1479945325044 U
1479945327104 R
1479945331912 2 -2
1479945332773 9 -1
1479945334116 11 2
1479945340728 4 -1
1479945341387 10 1
1479945342147 11 1
1479945342949 1 -1
1479945343896 3 2
1479945345527 0 3
1479945375888 0 -2
1479945378025 7 1
1479945379354 12 -1
1479945380247 5 1
1479945380976 8 -2
1479945381961 3 -3
1479945384113 4 -2
1479945384743 1 2
1479945385852 5 2
1479945390283 0 2
1479945391824 11 -3
1479945439812 11 2
1479945442417 0 -2
1479945456723 11 1
1479945457440 5 -2
1479945458396 1 -2
1479945459548 3 3
1479945461059 4 2
1479945461788 8 2
1479945462442 5 -1
1479945467751 0 2
1479945474383 12 1
1479945475603 7 -1
1479945476409 0 -3
1479945481113 3 -2
1479945481839 1 1
1479945482826 11 -3
1479945486414 1 -1
1479945500879 5 1
1479945501481 8 -1
1479945502209 4 -2
1479945502911 1 2
1479945504861 5 2
1479945506862 11 2
1479945508815 0 2
1479945509916 7 1
1479945510611 12 -1
1479945511331 8 -1
1479945512046 3 -1
1479945513295 0 1
1479945522710 11 -2
1479945523617 9 1
1479945524300 2 1
1479945528550 7 2
1479945536021 6 1
1479945536783 7 1
1479945537494 9 -1
1479945538246 11 1
1479945540427 11 -1
1479945541667 9 1
1479945549695 9 -1
1479945553038 9 1
1479945553691 7 -3
1479945554383 9 -1
1479945555005 2 -1
1479945555759 11 2
1479945556634 0 -2
1479945557434 5 -2
1479945563564 R
1479945600723 9 -1
1479945601619 2 1
1479945602439 11 2
1479945609019 0 1
1479945609966 7 1
1479945610674 5 1
1479945611377 12 -1
1479945612287 8 -2
1479945613237 3 -1
1479945615703 4 -3
1479945620828 1 1
1479945621794 2 1
1479945623753 5 2
