1481062227040 2 -2
1481062227797 9 -1
1481062229344 11 2
1481062232414 0 2
1481062235343 7 1
1481062236222 12 -1
1481062241959 R
1481062252606 4 -2
1481062256294 2 2
1481062257654 10 1
1481062260039 9 -1
1481062260669 11 3
1481062264918 1 -1
1481062265918 3 1
1481062266920 2 -1
1481062268008 4 1
1481062271503 5 1
1481062274079 8 -1
1481062274976 4 -2
1481062276199 3 -1
1481062277742 1 2
1481062278879 5 1
1481062280743 11 -3
1481062281446 2 -3
1481062282408 11 3
1481062286214 5 -1
1481062287175 1 -2
1481062290446 1 2
1481062292846 1 -2
1481062295047 1 2
1481062296150 11 -1
1481062296967 10 -1
1481062298367 1 -1
1481062299366 4 3
1481062300495 8 1
1481062301790 5 -1
1481062303494 11 -2
1481062304312 1 -1
1481062305142 3 2
1481062306503 5 1
1481062308807 12 1
1481062309846 12 -1
1481062310887 5 -1
1481062311750 3 -2
1481062312471 1 1
1481062313225 11 2
1481062322207 11 -2
1481062323127 1 -1
1481062324366 3 2
1481062325304 5 1
1481062326190 8 -1
1481062326958 8 1
1481062327608 12 1
1481062329686 12 -1
1481062330384 5 -1
1481062331391 3 -2
1481062331870 1 1
1481062332791 11 2
1481062333712 0 2
1481062334503 7 1
1481062335342 12 -1
1481062339351 R
1481062346063 9 -1
1481062346990 2 -2
1481062351838 1 -1
1481062352751 3 2
1481062356302 4 -2
1481062357662 10 1
1481062359054 2 2
1481062359712 2 -2
1481062360950 3 -2
1481062361831 1 1
1481062362583 11 3
1481062363511 1 -1
1481062364870 1 1
1481062367198 11 -3
1481062367927 10 -1
1481062369632 4 2
1481062370647 11 2
1481062374687 R
1481062394086 2 -2
1481062395134 9 -1
1481062399863 11 2
1481062401574 0 2
1481062404231 4 -2
1481062405030 10 1
1481062406063 11 1
1481062406815 1 -1
1481062407591 3 2
1481062409094 0 1
1481062410095 7 1
1481062410737 12 -1
1481062423119 12 1
1481062423710 7 -1
1481062425807 4 1
1481062431070 0 -1
1481062431982 3 -2
1481062433046 1 1
1481062434278 4 -1
1481062435776 9 1
1481062436823 7 2
1481062437334 12 -1
1481062439863 0 -1
1481062440703 5 1
1481062441470 12 2
1481062442094 7 -2
1481062445198 0 -1
1481062446631 12 -1
1481062447287 5 -1
1481062448310 9 -1
1481062449054 0 2
1481062450423 7 1
1481062451686 11 -1
1481062453174 6 1
1481062454511 0 -1
1481062455246 5 1
1481062456522 12 1
1481062457278 7 -1
1481062460814 12 -1
1481062461369 5 -1
1481062461986 0 1
1481062462873 7 1
1481062463782 12 -1
1481062469959 R
1481062481686 2 -2
1481062482254 9 -1
1481062483687 11 2
1481062484966 0 2
1481062491815 7 1
1481062492438 12 -1
1481062496887 R
1481062502182 2 -2
1481062503006 9 -1
1481062504023 1 -1
1481062504686 3 2
1481062509695 R
1481062513865 2 -2
1481062515775 9 -1
1481062516664 11 2
