1482792738493 9 -1
1482792739416 2 -2
1482792740567 11 2
1482792749960 0 2
1482792754229 0 -2
1482792759141 0 1
1482792762571 0 -1
1482792771158 5 1
1482792771999 12 1
1482792777039 U
1482792777581 U
1482792785205 R
1482792797583 2 1
1482792802343 9 -1
1482792812230 4 -2
1482792815158 10 1
1482792817638 2 -3
1482792819526 11 3
1482792823240 1 -1
1482792834141 0 2
1482792835896 7 1
1482792836942 0 -1
1482792837536 12 -1
1482792845221 3 2
1482792847478 0 2
1482792852910 4 1
1482792856313 0 -2
1482792857414 5 1
1482792858350 8 -2
1482792868934 4 -2
1482792869846 3 -3
1482792870609 1 2
1482792872845 5 2
1482792876646 3 1
1482792893214 11 -1
1482792894247 10 -1
1482792896305 5 -2
1482792897560 1 -1
1482792898981 4 3
1482792903078 8 2
1482792921631 12 2
1482792923058 7 -1
1482792924966 12 -1
1482792927087 5 -1
1482792928343 0 1
1482792933118 0 -2
1482792934441 11 -2
1482792938551 1 -1
1482792942558 3 2
1482792945910 5 1
1482792951134 8 -1
1482792957063 3 -2
1482792958076 1 1
1482792962335 11 2
1482792970303 8 1
1482792980521 8 -1
1482792981629 4 -3
1482792982287 1 1
1482792985351 5 2
1482792990182 0 2
1482792991342 7 1
1482792992318 12 -1
1482792993370 8 -1
1482792994350 3 -1
1482792996886 0 1
1482792998966 11 -2
1482793008102 10 1
1482793009343 11 3
1482793012047 0 -2
1482793018382 5 -2
1482793019585 1 -2
1482793020357 3 3
1482793032037 R
1482793037839 2 1
1482793039224 9 -1
1482793041303 11 2
1482793063111 0 2
1482793067534 0 -2
1482793078855 11 -2
1482793080590 1 -1
1482793081704 2 -3
1482793092221 5 1
1482793106287 5 -1
1482793107470 1 1
1482793108759 11 2
1482793111149 0 2
1482793112310 7 1
1482793113287 12 -1
1482793116078 0 -1
1482793122885 5 1
1482793123920 8 -2
1482793129294 4 -3
1482793129927 1 1
1482793132855 3 -1
1482793133655 5 2
1482793139253 0 2
1482793150438 11 -2
1482793152222 9 1
1482793153271 2 1
1482793154553 7 2
1482793160261 U
1482793160693 U
1482793161149 U
1482793173544 11 2
1482793176761 0 -2
1482793182071 5 -2
1482793183646 1 -1
1482793184417 4 3
1482793192710 3 1
1482793194838 8 2
1482793204207 5 -1
1482793206990 0 1
1482793211773 R
1482793218151 5 1
1482793219062 8 -1
1482793221605 8 1
1482793222542 12 1
1482793226774 12 -1
1482793227996 5 -1
1482793231473 2 -1
1482793239991 2 -1
1482793243213 U
1482793245230 9 -1
1482793246326 1 -1
1482793249862 3 2
1482793258183 2 -1
1482793264534 3 -2
1482793267928 4 -2
1482793271078 2 2
1482793273711 10 1
1482793277158 1 1
1482793278152 9 1
1482793279399 6 1
1482793282429 6 -1
1482793283294 10 -1
1482793287718 2 2
1482793290629 5 1
1482793291397 12 1
1482793293341 12 -1
1482793295350 5 -1
1482793297637 9 -1
1482793298982 11 2
1482793300841 10 1
1482793302406 11 1
1482793308742 1 -1
1482793310119 3 1
1482793314351 3 -1
1482793315466 1 1
1482793323573 0 2
1482793325337 9 1
1482793328220 9 -1
1482793331527 0 -2
1482793335030 0 1
1482793341094 5 1
1482793343861 5 -1
1482793344850 0 1
1482793346118 7 1
1482793346870 9 1
1482793348014 7 2
1482793350502 12 -1
1482793357176 0 -2
1482793360494 5 1
1482793361446 8 -2
1482793364199 4 -1
1482793368158 2 -1
1482793370606 2 1
1482793371968 1 1
1482793374790 9 1
1482793375717 0 1
1482793376741 7 -2
1482793382158 9 -2
1482793383182 11 -1
1482793384254 10 -1
1482793387537 5 2
1482793389911 3 -1
1482793394246 0 2
1482793411822 10 1
1482793414932 11 1
1482793425103 11 -3
1482793427918 9 1
1482793431343 10 -1
1482793433262 7 2
1482793448446 7 -2
1482793451381 9 -1
1482793453597 11 2
1482793456357 0 -2
1482793457870 0 1
1482793468342 0 -1
1482793470902 3 1
1482793472870 R
1482793493734 2 -2
1482793500959 2 3
1482793503662 9 -1
1482793507966 2 -3
1482793509446 11 2
1482793515669 11 -2
1482793516701 1 -1
1482793525639 3 2
1482793529781 5 1
1482793535382 8 -1
1482793538961 4 -3
1482793549631 3 -2
1482793550498 1 2
1482793551945 11 2
1482793553071 5 2
1482793558503 5 -2
1482793559430 1 -1
1482793561103 4 3
1482793565511 0 1
1482793566371 7 1
1482793567053 12 -1
1482793567919 8 -1
1482793572432 8 2
1482793588060 12 2
1482793588861 7 -1
1482793589511 0 -1
1482793593022 11 -2
1482793594951 1 -1
1482793599039 3 2
1482793602567 12 -1
1482793609926 5 -1
1482793611814 3 -2
1482793612862 1 1
1482793614303 11 2
1482793617389 0 1
1482793618957 7 1
1482793619598 12 -1
1482793621910 5 1
1482793623598 8 -2
1482793624910 3 -1
1482793628198 4 -3
1482793632174 1 1
1482793635406 10 1
1482793636406 11 1
1482793639934 1 -2
1482793641878 3 3
1482793645094 8 1
1482793646053 12 1
1482793646830 7 -1
1482793647397 0 -1
1482793655293 4 2
1482793656247 8 1
1482793657302 5 -1
1482793660885 0 1
1482793664342 7 1
1482793667431 12 -1
1482793671414 12 1
1482793672396 7 -1
1482793674486 0 1
1482793690344 3 -2
1482793691589 4 -1
1482793692705 4 1
1482793707095 1 1
1482793708415 11 -1
1482793709365 10 -1
1482793710215 4 1
1482793714406 0 -2
1482793722334 11 -1
1482793724782 2 3
1482793725966 11 1
1482793730734 11 -2
1482793735190 5 1
1482793736102 12 1
1482793743942 9 1
1482793746622 4 -2
1482793747521 12 -1
1482793748506 8 -1
1482793749479 4 -1
1482793750330 1 1
1482793751734 9 1
1482793759783 2 1
1482793761846 10 1
1482793762870 6 1
1482793765277 9 -2
1482793775785 6 -1
1482793776653 11 3
1482793781086 5 2
1482793784679 0 2
1482793786881 9 1
1482793788303 7 3
1482793792630 12 -1
1482793793541 8 -1
1482793794725 3 -1
1482793801375 3 1
1482793809085 0 -1
1482793810326 5 -2
1482793815678 1 -1
1482793818054 2 -1
1482793820439 4 2
1482793822254 3 -1
1482793825222 3 1
1482793833725 0 -1
1482793835687 4 -2
1482793836910 1 1
1482793840350 5 1
1482793842886 2 1
1482793843966 5 1
1482793847046 3 -1
1482793849279 0 3
1482793858262 7 -2
1482793859023 9 -1
1482793860902 11 -3
1482793867759 10 -1
1482793869190 11 2
1482793870509 0 -1
1482793880389 3 1
1482793881205 8 1
1482793881997 12 1
1482793882894 7 -1
1482793893506 10 1
1482793894861 11 1
1482793895782 9 1
1482793901510 7 3
1482793902736 12 -1
1482793903742 8 -1
1482793905990 3 -1
1482793911046 0 1
1482793912269 7 -2
1482793912952 9 -1
1482793914350 11 -3
1482793918655 10 -1
1482793922974 9 1
1482793927398 7 2
1482793930045 7 -2
1482793932267 9 -1
1482793933504 10 1
1482793934527 10 -1
1482793939646 11 2
1482793941598 0 -2
1482793943263 5 -2
1482793945142 1 -1
1482793946366 2 -1
1482793947404 4 3
1482793954382 3 1
1482793954966 8 2
1482793955989 12 2
1482793956783 7 -1
1482793960390 12 -1
1482793961614 5 -1
1482793962621 0 1
1482793965149 7 1
1482793965747 12 -1
1482793975915 0 -1
1482793977853 12 1
1482793978877 7 -1
1482793979501 0 -1
1482793983711 11 -2
1482793987127 1 -1
1482793988041 2 -1
1482793991102 2 -2
1482793995414 3 2
1482793998670 5 1
1482794013503 3 -2
1482794017798 1 1
1482794025958 2 3
1482794034422 2 -3
1482794037703 1 -1
1482794041061 4 -2
1482794041934 10 1
1482794042846 6 1
1482794044605 2 4
1482794046606 1 1
1482794047589 9 1
1482794049893 12 1
1482794054787 9 -1
1482794057623 1 -1
1482794059566 3 1
1482794062854 12 -1
1482794064319 5 -1
1482794071126 2 -2
1482794072245 4 1
1482794072893 3 1
1482794075324 6 -1
1482794076190 10 -1
1482794077072 4 1
1482794085181 3 -1
1482794086246 2 1
1482794092925 5 1
1482794095454 12 1
1482794097629 12 -1
1482794098726 5 -1
1482794100303 2 -3
1482794101289 3 -1
1482794102030 1 1
1482794102783 11 2
1482794104142 0 1
1482794105254 7 1
1482794106235 12 -1
1482794114248 4 -2
1482794133022 0 1
1482794140566 0 -1
1482794142021 5 1
1482794142917 8 -2
1482794144182 3 -1
1482794145661 4 -1
1482794151245 1 1
1482794152534 5 2
1482794157166 0 1
1482794160453 0 1
1482794161438 11 -2
1482794172986 10 1
1482794177302 11 3
1482794178486 9 1
1482794179582 7 1
1482794182022 0 -2
1482794183398 5 -2
1482794192007 5 1
1482794194711 5 -1
1482794195776 1 -1
1482794197297 4 2
1482794198661 3 1
1482794199699 8 2
1482794200815 5 -1
1482794204638 0 1
1482794206349 0 -1
1482794213311 4 -1
1482794219966 0 1
1482794222814 7 -1
1482794223677 9 -1
1482794224834 11 -1
1482794226078 10 -1
1482794226990 4 2
1482794240901 4 -1
1482794244133 4 -1
1482794247453 12 1
1482794248449 7 -1
1482794253741 0 -2
1482794254677 10 1
1482794255517 11 1
1482794257085 1 -1
1482794259718 3 2
1482794260950 0 3
1482794263638 7 1
1482794265876 7 -1
1482794274798 4 1
1482794282910 0 -1
1482794283833 3 -2
1482794285973 7 1
1482794287766 0 -1
1482794288598 12 -1
1482794290775 5 1
1482794291742 8 -2
1482794293342 3 -1
1482794297845 4 -2
1482794298711 1 2
1482794299749 5 2
1482794303254 0 2
1482794305117 11 -3
1482794306021 10 -1
1482794308925 9 1
1482794309629 2 1
1482794310510 7 2
1482794319385 10 1
1482794321365 6 1
1482794322269 7 1
1482794323046 9 -1
1482794324613 11 1
1482794341246 11 -1
1482794342271 9 1
1482794351310 7 -3
1482794353981 9 -1
1482794354797 2 -1
1482794356873 6 -1
1482794361518 11 2
1482794362837 10 -1
1482794364551 0 -1
1482794368189 0 -1
1482794372713 5 -2
1482794375222 10 1
1482794375981 11 1
1482794378391 1 -2
1482794379525 1 2
1482794380609 5 2
1482794383186 5 -2
1482794384071 1 -2
1482794385107 3 3
1482794386990 4 2
1482794390384 8 2
1482794391408 5 -1
1482794393731 3 -2
1482794395127 3 2
1482794399560 3 -2
1482794400260 1 1
1482794401135 0 1
1482794402101 11 -1
1482794403322 10 -1
1482794404307 4 1
1482794416207 12 1
1482794417630 7 -1
1482794425503 0 -2
1482794429581 11 -1
1482794430446 2 3
1482794431709 11 1
1482794440734 5 1
1482794447419 11 -2
1482794448115 2 -3
1482794449222 11 2
1482794450686 11 -2
1482794451832 1 -1
1482794452983 3 2
1482794454406 5 -1
1482794459425 5 1
1482794463966 12 1
1482794471638 3 -2
1482794473262 1 1
1482794475030 11 2
1482794476558 12 -1
1482794477397 5 -1
1482794482272 0 1
1482794496727 4 -2
1482794497758 7 1
1482794499038 5 1
1482794499710 12 -1
1482794500452 8 -2
1482794501372 4 -1
1482794501957 1 1
1482794503222 5 2
1482794510806 8 1
1482794512879 0 1
