1481064175298 9 -1
1481064176257 2 -2
1481064177531 1 -1
1481064178793 3 2
1481064189674 3 -2
1481064191329 1 1
1481064192305 11 2
1481064193265 0 2
1481064196689 4 -2
1481064197689 10 1
1481064198361 11 1
1481064199554 1 -1
1481064200442 3 2
1481064201258 0 1
1481064202003 4 1
1481064205961 4 -1
1481064208594 0 -2
1481064211001 3 -2
1481064213265 0 -1
1481064213985 1 1
1481064216122 0 1
1481064217138 7 1
1481064217905 12 -1
1481064219954 5 1
1481064221601 8 -2
1481064222361 3 -1
1481064223073 4 -1
1481064223913 1 1
1481064224681 5 2
1481064227474 5 -2
1481064229650 1 -1
1481064230802 4 2
1481064231714 3 1
1481064232633 8 2
1481064233345 5 -1
1481064234338 0 1
1481064237706 0 -1
1481064238561 5 1
1481064239401 8 -2
1481064240058 3 -1
1481064240595 4 -2
1481064241675 1 1
1481064242530 5 2
1481064244226 5 -1
1481064245825 11 -1
1481064246570 10 -1
1481064247234 5 1
1481064248489 0 2
1481064252513 11 -2
1481064254306 9 1
1481064255234 7 1
1481064256041 7 -1
1481064256674 9 -1
1481064257378 11 2
1481064258499 0 -2
1481064259546 3 1
1481064263490 8 1
1481064264946 5 -2
1481064265737 1 -1
1481064266555 4 3
1481064268162 8 -1
1481064269962 8 2
1481064270737 5 -1
1481064271785 0 1
1481064279354 R
1481064282289 9 -1
1481064284250 1 -1
1481064285201 3 2
1481064288033 2 -2
1481064290114 3 -2
1481064290841 1 1
1481064291905 11 2
1481064294378 0 2
1481064295745 7 1
1481064296802 12 -1
1481064300602 0 -1
1481064301258 12 1
1481064301874 7 -1
1481064302729 0 -1
1481064307529 0 2
1481064309907 7 1
1481064310682 12 -1
1481064311506 0 -1
1481064312546 5 1
1481064313339 8 -2
1481064314675 4 -3
1481064315522 1 1
1481064316665 5 2
1481064318098 3 -1
1481064318834 0 2
1481064320977 11 -2
1481064322115 9 1
1481064322635 2 1
1481064323473 7 2
1481064330233 7 -2
1481064330875 9 -1
1481064331410 2 -1
1481064332146 11 2
1481064333097 0 -2
1481064335169 10 1
1481064336025 11 1
1481064337386 5 -2
1481064338283 1 -2
1481064339313 4 2
1481064340299 3 3
1481064341009 4 -2
1481064345498 8 1
1481064346281 4 2
1481064347057 8 1
1481064347660 5 -1
1481064349058 0 2
1481064350930 0 -2
1481064351642 3 -2
1481064352283 4 -1
1481064353498 4 1
1481064354219 1 1
1481064354842 0 1
1481064356155 11 -1
1481064357124 10 -1
1481064357793 4 1
1481064361121 R
1481064362323 5 1
1481064363034 8 -1
1481064364146 4 -3
1481064365185 1 1
1481064365921 9 1
1481064366994 2 -2
1481064368098 9 -2
1481064368978 11 2
1481064370106 5 2
1481064371826 0 2
1481064374691 7 1
1481064375235 12 -1
1481064375737 8 -1
1481064376377 3 -1
1481064377202 0 1
1481064378100 11 -2
1481064382459 10 1
1481064383545 11 3
1481064384699 0 -2
1481064386353 3 1
1481064387307 8 1
1481064388834 8 -1
1481064389442 8 1
1481064390396 5 -2
1481064391161 1 -2
1481064391866 4 2
1481064392609 8 1
1481064393257 5 -1
1481064393946 0 1
1481064394786 3 2
1481064395777 0 1
1481064399657 12 1
1481064400314 7 -1
1481064404003 7 1
1481064404522 12 -1
1481064407283 0 -2
1481064408362 5 1
1481064409370 8 -2
1481064410842 3 -3
1481064412298 1 1
1481064412938 11 -1
1481064413539 10 -1
1481064414251 4 1
1481064419889 3 1
1481064420713 8 2
1481064421578 5 -1
1481064424025 12 1
1481064424642 7 -1
1481064425291 0 -1
1481064426027 11 -2
1481064426706 1 -1
1481064427458 3 2
1481064455801 5 1
1481064469403 3 -2
1481064470362 4 -1
1481064471251 10 1
1481064472034 6 1
1481064473682 2 3
1481064474619 1 1
1481064476346 11 2
1481064479371 5 -1
1481064480394 4 -1
1481064482050 11 -2
1481064482932 9 1
1481064483828 2 1
1481064488602 2 -2
1481064489395 2 -1
1481064492635 5 1
1481064493467 12 1
1481064494866 4 1
1481064497483 R
