1481058563662 9 -1
1481058565294 2 -2
1481058566885 11 2
1481058570118 0 2
1481058571197 7 1
1481058571870 12 -1
1481058578109 0 -1
1481058579677 5 1
1481058580381 12 2
1481058583358 12 -2
1481058584598 5 -1
1481058587727 4 -2
1481058589575 10 1
1481058590463 11 1
1481058591175 1 -1
1481058592975 4 1
1481058593791 3 2
1481058595815 0 2
1481058597758 0 -2
1481058598775 5 1
1481058600110 8 -2
1481058602622 3 -3
1481058603599 1 1
1481058608022 3 1
1481058608767 3 -1
1481058611551 U
1481058612558 U
1481058612806 U
1481058613167 U
1481058613335 U
1481058613511 U
1481058613702 U
1481058613871 U
1481058614038 U
1481058614214 U
1481058614390 U
1481058614559 U
1481058614742 U
1481058614918 U
1481058615086 U
1481058615278 U
1481058615446 U
1481058615622 U
1481058615799 U
1481058615982 U
1481058616150 U
1481058616335 U
1481058616527 U
1481058616695 U
1481058616862 U
1481058621512 2 1
1481058622303 9 -1
1481058623166 11 2
1481058627366 5 1
1481058629047 12 1
1481058629783 12 -1
1481058630439 8 -1
1481058631974 0 1
1481058632783 7 1
1481058633342 12 -1
1481058634519 8 1
1481058637278 5 -1
1481058638078 0 1
1481058638982 12 1
1481058639918 7 -1
1481058640742 0 -2
1481058644926 11 -2
1481058647342 9 1
1481058649231 R
1481058649870 R
1481058651566 4 -2
1481058653487 10 1
1481058655582 2 2
1481058656814 9 -1
1481058657766 11 3
1481058663422 0 2
1481058664095 7 1
1481058664598 12 -1
1481058665918 0 -1
1481058667430 1 -1
1481058668670 3 1
1481058669998 5 1
1481058670830 8 -2
1481058671614 3 -2
1481058672277 4 -1
1481058673894 2 -1
1481058674550 4 2
1481058676342 1 1
1481058677030 9 1
1481058677655 9 -1
1481058678551 11 -1
1481058679655 10 -1
1481058680758 4 1
1481058683718 3 1
1481058684190 8 2
1481058685062 12 2
1481058685878 7 -1
1481058687646 12 -1
1481058688502 5 -1
1481058691063 7 1
1481058691606 12 -1
1481058693718 5 1
1481058694502 8 -2
1481058694974 8 2
1481058695606 5 -1
1481058698782 0 1
1481058708189 4 -2
1481058709182 10 1
1481058709678 2 1
1481058710854 11 1
1481058712517 1 -1
1481058713397 3 1
1481058715222 0 -1
1481058716294 5 1
1481058717021 8 -2
1481058718022 8 2
1481058719725 12 1
1481058720662 7 -1
1481058721302 0 -1
1481058722174 5 -1
1481058726725 5 1
1481058728054 5 -1
1481058730230 0 2
1481058731110 7 1
1481058731725 12 -1
1481058735277 3 -1
1481058736101 R
1481058740438 2 -2
1481058741126 9 -1
1481058743317 5 1
1481058744133 8 -1
1481058744950 11 2
1481058746846 8 1
1481058747349 12 1
1481058748829 0 1
1481058749622 7 1
1481058750005 12 -2
1481058751021 8 -2
1481058751846 3 -1
1481058753214 4 -3
1481058755053 R
1481058761181 9 -1
1481058762173 2 -2
1481058763598 1 -1
1481058764549 3 2
1481058767516 5 1
1481058769596 8 -1
1481058770628 8 1
1481058771380 12 1
1481058774324 3 -2
1481058775180 4 -2
1481058776156 10 1
1481058777509 1 1
1481058778892 11 3
1481058780652 4 1
1481058781844 12 -1
1481058782589 8 -1
1481058783212 4 -2
1481058786724 1 -1
1481058788068 3 2
1481058788860 4 2
1481058789740 8 1
1481058791157 5 -1
1481058792380 0 1
1481058793164 7 1
1481058793805 12 -1
1481058821301 12 1
1481058821940 7 -1
1481058822652 0 -1
1481058825748 3 -2
1481058826437 1 1
1481058827341 11 -3
1481058828429 10 -1
1481058829205 4 1
1481058830220 1 -1
1481058830981 3 2
1481058833180 5 1
1481058833789 12 1
1481058837012 2 2
1481058842741 R
1481058849837 9 -1
1481058851621 2 -2
1481058854028 11 2
1481058859052 11 -2
1481058860685 11 2
1481058861916 0 2
1481058862557 7 1
1481058863477 12 -1
1481058864437 0 -1
1481058869044 5 1
1481058870036 8 -2
1481058871293 3 -1
1481058873501 4 -3
1481058874821 1 1
1481058876164 5 2
1481058878004 0 2
1481058879844 11 -2
1481058881085 10 1
1481058883644 9 1
1481058884508 7 1
1481058885461 2 1
1481058886164 6 1
1481058888237 7 2
1481058889484 9 -1
1481058891541 9 1
1481058892397 7 -3
1481058893116 9 -1
1481058893829 2 -1
1481058894509 6 -1
1481058895964 11 3
1481058902132 9 1
1481058903901 7 1
1481058909348 0 -2
1481058914316 3 1
1481058915029 8 1
1481058916628 12 1
1481058918012 7 -2
1481058919716 0 1
1481058920452 9 -1
1481058921605 7 1
1481058922108 12 -1
1481058922652 8 -1
1481058923636 3 -1
1481058926093 0 1
1481058930980 9 1
1481058933037 7 1
1481058934404 0 -2
1481058940668 5 -2
1481058942012 5 2
1481059069763 5 -2
1481059070507 5 2
1481059071835 0 2
1481059075644 7 -1
1481059076267 9 -1
1481059077331 11 -3
1481059080811 11 3
1481059084291 9 1
1481059086547 9 -1
1481059087467 11 -3
1481059090332 9 1
1481059091180 2 1
1481059091812 6 1
1481059092915 7 3
1481059093523 9 -1
1481059094275 11 1
1481059099419 11 -1
1481059101259 9 1
1481059102075 7 -3
1481059102755 2 -1
1481059103699 6 -1
1481059107331 10 -1
1481059107883 9 -1
1481059108955 11 2
1481059109419 10 1
1481059110371 11 1
1481059112434 0 -2
1481059113427 5 -2
1481059115203 5 1
1481059115843 11 -1
1481059116539 10 -1
1481059117226 5 1
1481059118923 0 2
1481059124490 0 -2
1481059125867 10 1
1481059126795 11 1
1481059242106 9 1
1481059242770 9 -1
1481059245409 5 -2
1481059246217 1 -2
1481059247481 4 2
1481059248866 3 3
1481059249538 8 2
1481059250250 5 -1
1481059252730 0 2
1481059253705 12 1
1481059254353 7 -1
1481059259418 7 1
1481059260104 12 -1
1481059263929 12 1
1481059264896 7 -1
1481059267353 0 -1
1481059268201 3 -2
1481059268984 1 1
1481059270065 11 -1
1481059270785 6 1
1481059272088 7 1
1481059272672 12 -1
1481059273848 0 -1
1481059275945 6 -1
1481059276584 11 1
1481059277929 1 -1
1481059279553 3 2
1481059281537 5 1
1481059282208 8 -2
1481059283377 8 2
1481059284929 12 1
1481059286440 7 -1
1481059288281 0 -1
1481059289296 5 -1
1481059292241 0 3
1481059293113 7 1
1481059293689 12 -1
1481059299345 12 1
1481059299960 7 -1
1481059305401 0 -1
1481059306129 3 -2
1481059306825 1 1
1481059308792 9 1
1481059310080 7 2
1481059310912 12 -1
1481059313986 12 1
1481059314730 7 -2
1481059315363 0 -2
1481059315929 9 -1
1481059317729 1 -1
1481059318537 3 2
1481059322881 3 -2
1481059323522 1 1
1481059324505 11 -3
1481059325546 10 -1
1481059326193 4 1
1481059327457 11 2
1481059331810 0 2
1481059332937 7 1
1481059333489 12 -1
1481059334498 0 -1
1481059335385 0 1
1481059338041 4 -2
1481059338690 10 1
1481059339585 11 1
1481059340922 1 -1
1481059341817 3 2
1481059348121 0 1
1481059348961 0 -2
1481059349681 5 1
1481059350482 8 -2
1481059351433 4 -1
1481059359833 4 2
1481059362193 3 -3
1481059363193 1 1
1481059364065 11 -1
1481059364618 10 -1
1481059365273 4 1
1481059367697 3 1
1481059368201 8 2
1481059368993 5 -1
1481059370170 0 1
1481059371177 12 1
1481059372121 7 -1
1481059372937 0 -2
1481059374049 11 -2
1481059375240 1 -1
1481059376112 3 2
1481059377304 5 1
1481059378272 12 1
1481059379464 12 -1
1481059380128 8 -1
1481059382569 2 2
1481059383584 2 -2
1481059385648 3 -2
1481059386536 1 1
1481059387216 11 2
1481059388848 8 1
1481059389599 5 -1
1481059392912 0 2
1481059393632 7 1
1481059394104 12 -1
1481059396175 0 -1
1481059396792 0 1
1481059397272 12 1
1481059398360 7 -1
1481059398888 0 -2
1481059399904 11 -2
1481059400968 2 3
1481059402111 11 2
1481059405248 0 2
1481059406192 7 1
1481059407056 12 -1
1481059413528 12 1
1481059414424 7 -1
1481059415160 0 -2
1481059415775 5 1
1481059417064 12 1
1481059417728 0 1
1481059418496 7 1
1481059419064 12 -2
1481059420384 8 -2
1481059421792 8 2
1481059424432 12 1
1481059425960 12 -1
1481059426727 8 -2
1481059428176 3 -1
1481059433768 4 -3
1481059435072 4 3
1481059436129 3 1
1481059436720 8 2
1481059437633 5 -1
1481059438289 0 1
1481059441241 12 1
1481059441913 7 -1
1481059442968 0 -2
1481059444697 11 -2
1481059445401 9 1
1481059446344 9 -1
1481059447537 2 -3
1481059451720 11 2
1481059454585 5 1
1481059455385 12 1
1481059456080 12 -1
1481059456912 5 -1
1481059461176 0 1
1481059461984 7 1
1481059462496 12 -1
1481059468304 12 1
1481059469256 7 -1
1481059469904 0 -1
1481059475592 5 1
1481059477816 8 -1
1481059481424 11 -2
1481059482320 1 -1
1481059483193 3 2
1481059484385 8 1
1481059485168 5 -1
1481059488241 2 2
1481059491864 2 -2
1481059492856 5 1
1481059493704 12 1
1481059499560 12 -1
1481059500336 5 -1
1481059502584 3 -2
1481059503488 1 1
1481059504144 11 2
1481059509264 11 -1
1481059510016 2 3
1481059511248 11 1
1481059512208 11 -2
1481059513015 1 -1
1481059514328 3 1
1481059515848 3 -1
1481059516473 1 1
1481059517648 9 1
1481059518456 9 -1
1481059519336 11 2
1481059520600 0 2
1481059522816 7 1
1481059523416 12 -1
1481059528047 4 -2
1481059529904 10 1
1481059530544 2 1
1481059531416 11 1
1481059532064 1 -1
1481059532896 0 -1
1481059533848 2 -1
1481059534648 4 1
1481059535927 3 1
1481059537239 0 1
1481059538080 12 1
1481059538903 7 -1
1481059539520 0 -2
1481059540415 5 1
1481059541368 3 -1
1481059542112 1 1
1481059544968 11 -3
1481059546544 2 -3
1481059549159 12 1
1481059552592 1 -1
1481059553583 10 -1
1481059554519 4 1
1481059555535 3 2
1481059556575 12 -1
1481059557775 5 -1
1481059563550 5 1
1481059564063 12 1
1481059566086 12 -1
1481059566823 5 -1
1481059568239 3 -2
1481059569431 1 1
1481059570318 11 2
1481059576087 5 1
1481059576735 8 -1
1481059577830 0 1
1481059578599 7 1
1481059579158 12 -1
1481059579886 8 -1
1481059583055 3 -1
1481059586078 4 -3
1481059587519 1 1
1481059588238 5 2
1481059595350 3 1
1481059596351 3 -1
1481059597734 5 -2
1481059599830 10 1
1481059601438 10 -1
1481059602030 1 -1
1481059602638 1 1
1481059603279 5 2
1481059605414 3 1
1481059606246 8 1
1481059606822 12 1
1481059607647 7 -1
1481059608758 0 -1
1481059613255 10 1
1481059614054 11 1
1481059615607 0 2
1481059616856 11 -1
1481059617543 10 -1
1481059620216 7 1
1481059620799 12 -1
1481059621559 8 -1
1481059622304 3 -1
1481059623223 0 1
1481059624103 11 -2
1481059625039 9 1
1481059625567 2 1
1481059626367 7 2
1481059630839 7 -2
1481059631599 2 -1
1481059632447 9 -1
1481059638360 11 2
1481059641999 11 -2
1481059642759 9 1
1481059643319 2 1
1481059644455 7 2
1481059646312 7 -2
1481059647231 10 1
1481059647896 6 1
1481059648967 7 3
1481059649511 9 -1
1481059650479 11 1
1481059656904 11 -1
1481059658983 11 1
1481059659823 11 -1
1481059661231 9 1
1481059662079 7 -3
1481059662751 9 -1
1481059663655 11 1
1481059666063 2 -1
1481059666719 6 -1
1481059667719 11 2
1481059669751 0 -2
1481059671535 5 -2
1481059673207 1 -2
1481059674766 3 3
1481059676094 4 2
1481059677254 8 2
1481059678021 5 -1
1481059679102 0 2
1481059993508 12 1
1481059994179 7 -1
