1482792573178 9 -1
1482792576160 2 -2
1482792577269 1 -1
1482792578486 3 2
1482792580831 3 -2
1482792581929 1 1
1482792582966 11 2
1482792585180 11 -2
1482792588622 1 -1
1482792590980 1 1
1482792594123 2 3
1482792598913 9 1
1482792599568 9 -1
1482792600394 11 2
1482792602682 0 2
1482792606382 7 1
1482792609114 7 -1
1482792610876 0 -2
1482792612015 11 -2
1482792613940 2 -3
1482792615118 1 -1
1482792619150 3 2
1482792622973 3 -2
1482792623768 1 1
1482792624692 11 2
1482792628953 11 -2
1482792629788 1 -1
1482792630667 3 2
1482792634952 3 -2
1482792635808 1 1
1482792637824 11 2
1482792638788 0 2
1482792639885 7 1
1482792641457 12 -1
1482792642571 0 -1
1482792643359 5 1
1482792646336 8 -2
1482792647125 3 -1
1482792648953 4 -3
1482792649989 1 1
1482792651034 5 2
1482792652205 3 1
1482792653081 8 1
1482792654274 5 -2
1482792655418 1 -1
1482792656187 1 1
1482792657245 5 2
1482792658188 0 1
1482792660370 8 -1
1482792661247 3 -1
1482792663273 0 -1
1482792664141 5 -2
1482792664960 1 -1
1482792665792 4 3
1482792668006 4 -3
1482792668994 1 1
1482792670040 5 2
1482792673742 3 1
1482792676195 3 -1
1482792678007 5 -2
1482792679260 1 -1
1482792680000 4 3
1482792681292 3 1
1482792682184 8 2
1482792683060 5 -1
1482792686177 4 -1
1482792688937 R
1482792692682 2 1
1482792693485 9 -1
1482792694180 11 2
1482792699251 5 1
1482792700304 8 -1
1482792701651 4 -3
1482792703093 1 1
1482792703713 2 1
1482792706446 5 2
1482792708623 0 2
1482792709560 7 1
1482792710311 12 -1
1482792711032 8 -1
1482792711822 3 -1
1482792712511 0 -1
1482792716148 5 -2
1482792716894 1 -1
1482792717593 2 -1
1482792718451 4 3
1482792720479 3 1
1482792721357 8 2
1482792722330 5 -1
1482792723149 4 -2
1482792723798 4 2
1482792725327 12 1
1482792726081 7 -1
1482792726940 0 -1
1482792729165 11 -2
1482792729944 2 -3
1482792730682 1 -1
1482792731574 3 2
1482792820418 3 -2
1482792821074 4 -2
1482792821926 10 1
1482792823255 1 1
1482792824266 11 3
1482792825335 1 -1
1482792826098 3 2
1482792826900 4 1
1482792828920 3 -2
1482792830383 1 1
1482792832378 9 1
1482792833215 0 2
1482792834263 7 2
1482792834920 12 -1
1482792836316 7 -1
1482792837191 0 -1
1482792838055 9 -1
1482792839043 11 -1
1482792839898 0 1
1482792841524 11 1
1482792842340 1 -1
1482792845132 1 1
1482792846110 0 -1
1482792846546 0 1
1482792847339 12 1
1482792848102 7 -1
1482792848806 0 -2
1482792849849 11 -3
1482792850935 10 -1
1482792851633 1 -1
1482792852443 3 2
1482792856812 4 1
1482792859291 3 -2
1482792860017 1 1
1482792860844 11 2
1482792862263 5 1
1482792863870 4 -2
1482792864788 4 2
1482792865558 0 1
1482792866519 7 1
1482792867205 5 -1
1482792869150 4 -2
1482792870145 4 2
1482792871208 R
1482792875370 9 -1
1482792876051 11 1
1482792876571 2 -2
1482792878465 2 3
1482792883297 11 -1
1482792884518 2 -3
1482792885352 1 -1
1482792888045 4 -2
1482792888778 10 1
1482792889566 1 1
1482792890330 11 3
1482792891423 1 -1
1482792892218 3 2
1482792893347 4 1
1482792895042 3 -2
1482792895772 1 1
1482792896583 1 -1
1482792897495 3 2
1482792898841 5 1
1482792899604 8 -1
1482792900732 4 -2
1482792901797 3 -2
1482792902494 1 2
1482792903154 5 2
1482792906204 0 2
1482792906805 9 1
1482792907981 0 -1
1482792908881 0 -1
1482792909433 0 2
1482792910338 0 -2
1482792910938 9 -1
1482792911658 5 -2
1482792913296 1 -2
1482792914593 1 2
1482792915384 5 2
1482792920810 5 -2
1482792921628 1 -2
1482792923643 1 2
1482792924560 11 -2
1482792925308 10 -1
1482792926587 1 -1
1482792927686 11 1
1482792928548 4 3
1482792929478 8 1
1482792930225 5 -1
1482792932209 5 1
1482792933254 8 -1
1482792933901 8 1
1482792934567 12 1
1482792935368 0 1
1482792936144 7 1
1482792937101 12 -2
1482792937809 8 -2
1482792939160 3 -1
1482792939865 4 -3
1482792940534 1 1
1482792941248 5 2
1482792942246 10 1
1482792942863 11 1
1482792943763 5 -2
1482792944552 1 -2
1482792945946 4 2
1482792946645 3 3
1482792947747 8 2
1482792948560 5 -1
1482792950094 12 1
1482792954006 3 -2
1482792954752 1 1
1482792955856 1 -1
1482792956568 0 1
1482792957145 1 1
1482792957772 9 1
1482792958454 7 1
1482792959330 12 -1
1482792960100 0 -1
1482792963677 5 1
1482792964884 4 -1
1482792965663 4 1
1482792966698 8 -2
1482792967296 3 -1
1482792969219 R
1482792972865 4 -2
1482792976120 R
1482792976550 R
1482792976931 R
1482792978049 4 -2
1482792979216 2 2
1482792982091 2 -1
1482792982991 2 -1
