1481492195649 9 -1
1481492196170 2 -2
1481492196697 11 2
1481492198385 11 -2
1481492198857 1 -1
1481492199249 3 2
1481492199774 5 1
1481492200209 8 -1
1481492201054 4 -3
1481492202073 3 -2
1481492202581 1 2
1481492203401 11 2
1481492203836 5 2
1481492204361 0 2
1481492204865 7 1
1481492205346 12 -1
1481492205865 8 -1
1481492206377 3 -1
1481492206801 0 1
1481492208010 11 -2
1481492208417 9 1
1481492208841 2 1
1481492210401 10 1
1481492211001 6 1
1481492211643 7 3
1481492212144 9 -1
1481492212833 11 1
1481492215466 11 -1
1481492216001 9 1
1481492217194 7 -3
1481492218048 2 -1
1481492218426 9 -1
1481492218897 11 2
1481492219609 0 -2
1481492220097 5 -2
1481492220880 1 -1
1481492221329 4 2
1481492221921 3 1
1481492222449 8 2
1481492222939 5 -1
1481492223514 0 1
1481492224785 12 1
1481492225272 7 -1
1481492225880 0 -2
1481492226393 5 1
1481492226816 12 1
1481492227960 11 -2
1481492228617 1 -1
1481492229394 3 2
1481492230705 12 -1
1481492231392 5 -1
1481492232185 4 -1
1481492232913 3 -2
1481492233363 1 1
1481492233818 11 2
1481492234328 0 2
1481492235698 7 1
1481492236129 12 -1
1481492236816 0 -1
1481492237201 5 1
1481492237602 8 -2
1481492238088 4 -1
1481492238538 3 -1
1481492239400 1 1
1481492239945 5 2
1481492240506 0 2
1481492241408 11 -2
1481492242609 6 -1
1481492243437 11 3
1481492245160 0 -2
1481492245955 5 -2
1481492246497 1 -2
1481492247080 3 3
1481492247561 4 2
1481492248369 8 2
1481492248848 5 -1
1481492249400 0 2
1481492250664 12 1
1481492251202 7 -1
1481492253269 0 -3
1481492253777 5 1
1481492254633 8 -1
1481492255272 3 -2
1481492255754 1 1
1481492256256 0 1
1481492256745 9 1
1481492257440 9 -1
1481492257825 0 -1
1481492258442 11 -3
1481492259359 8 1
1481492262317 1 -1
1481492262860 3 1
1481492264233 4 -1
1481492266050 2 4
1481492271056 2 -2
1481492271616 3 1
1481492272026 4 1
1481492272937 5 -1
1481492275032 6 1
1481492276120 3 -2
1481492276632 1 1
1481492277151 2 1
1481492277657 11 2
1481492278281 0 2
1481492281754 4 -1
1481492282545 2 1
1481492283657 6 -1
1481492284257 11 1
1481492284937 1 -1
1481492285640 3 1
1481492288369 2 -1
1481492288912 4 1
1481492291000 0 -1
1481492291480 5 1
1481492292008 8 -1
1481492292696 4 -2
1481492293337 3 -1
1481492294101 1 2
1481492297264 5 1
1481492298880 0 -1
1481492300538 11 -3
1481492301144 2 -3
1481492303649 10 -1
1481492304371 5 1
1481492305938 11 2
1481492309259 5 -2
1481492310064 11 -2
1481492317346 R
1481492339393 9 -1
1481492339965 11 1
1481492340882 5 1
1481492341601 8 -1
1481492342304 4 -3
1481492342856 1 1
1481492343371 5 1
1481492344331 2 -2
1481492345153 11 1
1481492345534 5 1
1481492346653 0 2
1481492347616 7 1
1481492348488 12 -1
1481492348950 8 -1
1481492349512 3 -1
1481492350049 0 1
1481492350584 11 -2
1481492351696 10 1
1481492352655 11 3
1481492353792 0 -2
1481492353951 5 -2
1481492354560 1 -2
1481492355184 3 3
1481492355705 4 2
1481492356632 8 2
1481492357137 5 -1
1481492357704 0 2
1481492359192 12 1
1481492360432 0 -2
1481492361031 5 1
1481492362067 3 -2
1481492363004 1 1
1481492363504 11 -1
1481492364176 10 -1
1481492364800 4 1
1481492365816 5 -1
1481492366816 12 -1
1481492367743 0 1
1481492383240 12 1
1481492384554 7 -1
1481492385177 0 -2
1481492385639 5 1
1481492386432 8 -1
1481492387112 4 -3
1481492387599 1 1
1481492404153 11 -2
1481492409340 2 4
1481492410194 9 2
1481492411503 9 -2
1481492412368 11 2
1481492412805 5 2
1481492413752 0 2
1481492414376 7 1
1481492414975 12 -1
1481492415703 8 -1
1481492416826 3 -1
1481492417813 0 1
1481492418521 11 -2
1481492420603 9 1
1481492421247 7 2
1481492423146 R
1481492433927 9 -1
1481492434779 11 1
1481492435423 5 1
1481492436285 8 -1
1481492437231 4 -3
1481492437815 1 1
1481492438392 5 1
1481492439360 11 -1
1481492439879 5 -1
1481492441712 10 1
1481492442296 2 -2
1481492443055 11 3
1481492449655 1 -2
1481492450599 3 2
1481492451263 4 2
1481492452183 8 1
1481492452770 5 -1
1481492453495 0 3
1481492456623 4 -1
1481492457655 0 -1
1481492458240 3 -2
1481492458801 1 1
1481492459727 0 -2
1481492460575 11 -3
1481492461155 1 -1
1481492461655 10 -1
1481492462289 3 2
1481492462759 4 2
1481492463511 5 1
1481492463991 8 -1
1481492464703 3 -2
1481492465190 1 1
1481492465672 11 2
1481492466120 0 1
1481492466711 7 1
1481492467231 12 -1
1481492467720 8 -1
1481492468167 3 -1
1481492469137 4 -3
1481492469583 1 1
1481492470256 5 2
1481492470783 0 2
1481492472103 11 -2
1481492473543 10 1
1481492474223 11 3
1481492475239 0 -2
1481492476727 3 1
1481492477371 8 1
1481492478397 12 1
1481492478951 7 -1
1481492480070 0 -1
1481492480488 11 -3
1481492483799 11 3
1481492487240 5 -2
1481492487759 1 -2
1481492488734 3 2
1481492489047 4 2
1481492489855 8 1
1481492490287 5 -1
1481492492206 0 3
1481492494647 0 -1
1481492495479 3 -2
1481492496080 1 1
1481492496658 11 -1
1481492497112 10 -1
1481492497661 4 1
1481492498880 7 1
1481492499479 12 -1
1481492499983 0 -1
1481492500416 5 1
1481492500943 8 -2
1481492501424 3 -1
1481492502110 4 -3
1481492503152 1 1
1481492503639 5 2
1481492504359 10 1
1481492506407 6 1
1481492507270 0 2
1481492508279 0 -2
1481492508743 3 1
1481492509536 8 1
1481492510279 5 -2
1481492510831 1 -1
1481492511511 4 2
1481492512152 8 1
1481492512689 5 -1
1481492514271 0 1
1481492514990 12 1
1481492515538 7 -1
1481492516078 0 -2
1481492517174 11 -2
1481492517694 1 -1
1481492518807 2 3
1481492519802 1 1
1481492520953 11 2
1481492522319 0 2
1481492523240 0 -2
1481492523687 5 1
1481492524434 8 -1
1481492525014 4 -2
1481492525486 1 1
1481492525863 2 1
1481492526669 5 2
1481492527384 0 2
1481492529490 7 1
1481492529943 12 -1
1481492530370 8 -1
1481492530892 3 -1
1481492531342 0 1
1481492531990 11 -2
1481492533295 9 1
1481492533893 7 3
1481492534446 9 -1
1481492534938 11 2
1481492535655 0 -3
1481492536479 5 -2
1481492536970 1 -1
1481492537368 2 -1
1481492537870 4 2
1481492538337 3 1
1481492538806 8 2
1481492539359 5 -1
1481492539910 0 2
1481492543663 0 -1
1481492544384 5 1
1481492545135 8 -2
1481492545710 3 -1
1481492546422 4 -2
1481492546974 1 1
1481492547952 2 1
1481492548484 5 2
1481492549068 0 2
1481492549696 11 -2
1481492551055 9 1
1481492551630 7 -3
1481492552423 6 -1
1481492552895 9 -1
1481492553406 11 3
1481492554198 0 -2
1481492556388 5 -2
1481492556954 1 -2
1481492557463 2 -1
1481492559078 4 2
1481492559591 3 2
1481492560038 8 2
1481492560654 5 -1
1481492561127 0 1
1481492565106 0 -1
1481492566442 5 1
1481492566823 8 -2
1481492567382 3 -2
1481492567885 1 1
1481492569225 4 -2
1481492570038 2 1
1481492570552 1 1
1481492571062 5 2
1481492572295 0 2
1481492572966 11 -3
1481492574427 10 -1
1481492575678 11 2
1481492576655 0 -1
1481492577399 0 -1
1481492577862 5 -2
1481492578358 1 -1
1481492578752 2 -1
1481492579262 4 3
1481492579936 3 1
1481492580334 8 2
1481492581053 5 -1
1481492581479 0 1
1481492582743 12 1
1481492583334 7 -1
1481492583786 0 -2
1481492584318 11 -2
1481492585030 2 -3
1481492588062 1 -1
1481492588559 3 2
1481492590198 5 1
1481492590990 8 -1
1481492592710 4 -3
1481492593414 10 1
1481492626070 3 -1
1481492626902 10 -1
1481492628046 4 3
1481492628573 3 -1
1481492629557 1 1
1481492630006 11 2
1481492631503 R
1481492639254 9 -1
1481492639790 2 -2
1481492641022 1 -1
1481492641574 3 2
1481492642153 4 -2
1481492642655 3 -2
1481492643302 2 4
1481492644603 1 1
1481492645197 10 1
1481492645861 11 3
1481492646590 1 -1
1481492647168 5 1
1481492648190 8 -1
1481492649813 4 -1
1481492650477 1 2
1481492653525 2 -1
1481492654167 1 -2
1481492654702 3 1
1481492655135 4 2
1481492655902 8 1
1481492656525 5 -1
1481492657390 0 2
1481492658759 7 1
1481492659190 12 -1
1481492659821 0 -1
1481492660254 5 1
1481492660806 8 -2
1481492661599 3 -2
1481492662135 4 -2
1481492662589 1 2
1481492663185 5 1
1481492664037 11 -1
1481492664758 11 1
1481492665783 5 -1
1481492666975 9 2
1481492668413 7 2
1481492668909 0 -1
1481492669693 9 -1
1481492670262 5 1
1481492671821 3 1
1481492672277 8 1
1481492674126 5 -1
1481492674669 9 1
1481492675293 0 1
1481492677485 7 -2
1481492678148 9 -2
1481492678770 11 -1
1481492679639 10 -1
1481492680515 2 1
1481492681330 5 2
1481492682145 8 -1
1481492682884 3 -1
1481492684062 5 -2
1481492684526 1 -1
1481492684925 2 -1
1481492685445 4 3
1481492686037 3 1
1481492686557 8 2
1481492687053 5 -1
1481492687614 0 1
1481492688413 12 1
1481492688878 7 -1
1481492689480 0 -2
1481492690079 11 -2
1481492690685 2 -3
1481492691238 1 -1
1481492692014 3 2
1481492692485 5 1
1481492692983 8 -1
1481492693517 3 -2
1481492694053 4 -3
1481492694613 1 2
1481492695205 11 2
1481492695641 5 2
1481492696142 0 2
1481492697209 10 1
1481492698165 11 1
1481492698623 0 -2
1481492699237 5 -2
1481492699853 1 -2
1481492700352 3 2
1481492700758 4 2
1481492701535 8 1
1481492702050 5 -1
1481492702542 3 -2
1481492702973 1 1
1481492703606 0 2
1481492704262 0 -2
1481492704739 11 -3
1481492705168 1 -1
1481492705571 3 2
1481492705975 5 1
1481492706430 8 -1
1481492706853 4 -2
1481492707382 3 -2
1481492708309 10 -1
1481492709293 4 3
1481492710397 1 1
1481492712261 8 1
1481492712837 5 -1
1481492713525 11 2
1481492714181 0 2
1481492715168 7 1
1481492715637 12 -1
1481492716102 0 -1
1481492716686 5 1
1481492717245 8 -2
1481492718101 3 -1
1481492719310 4 -3
1481492719773 1 1
1481492720341 5 2
1481492721741 0 2
1481492722377 11 -2
1481492723134 9 1
1481492723918 2 1
1481492724653 7 2
1481492726717 10 1
1481492727485 6 1
1481492727966 7 1
1481492728385 9 -1
1481492728790 11 1
1481492731245 11 -1
1481492731806 9 1
1481492732421 7 -3
1481492733269 2 -1
1481492733645 9 -1
1481492734093 6 -1
1481492735181 11 3
1481492735726 0 -2
1481492736181 5 -2
1481492736781 1 -2
1481492737270 3 3
1481492737662 4 2
1481492738397 8 2
1481492738798 5 -1
1481492739277 0 2
1481492742429 12 1
1481492744997 0 -2
1481492745461 5 1
1481492746181 8 -1
1481492746702 4 -2
1481492747541 3 -2
1481492747997 1 2
1481492749925 1 -2
1481492750487 1 2
1481492751004 11 -1
1481492751464 10 -1
1481492751950 1 -1
1481492752744 4 3
1481492753629 8 1
1481492754135 5 -1
1481492755341 12 -1
1481492757205 0 1
1481492757797 12 1
1481492758301 7 -1
1481492758730 0 -2
1481492759203 11 -2
1481492759654 1 -1
1481492760158 3 2
1481492760607 5 1
1481492761038 8 -1
1481492761509 3 -2
1481492762029 4 -3
1481492762485 1 2
1481492762967 11 2
1481492763389 5 2
1481492763813 0 2
1481492774245 0 -2
1481492775109 5 -2
1481492775676 11 -2
1481492776789 R
1481492784204 9 -1
1481492786669 2 -2
1481492787453 1 -1
1481492787893 3 2
1481492788388 5 1
1481492788813 8 -1
1481492789685 4 -3
1481492790092 3 -2
1481492790444 1 2
1481492790901 10 1
1481492791374 11 3
1481492791784 5 2
1481492793934 0 2
1481492794380 9 1
1481492794984 7 2
1481492795437 0 -1
1481492795924 5 -2
1481492796868 9 1
1481492797773 9 -1
1481492798621 1 -1
1481492799084 4 2
1481492799924 8 1
1481492800414 5 -1
1481492800973 12 -1
1481492801553 0 1
1481492802957 7 -1
1481492803445 9 -1
1481492804060 11 -1
1481492804582 10 -1
1481492805068 4 1
1481492806438 12 1
1481492807005 7 -1
1481492807420 0 -2
1481492807869 5 1
1481492808285 8 -1
1481492809220 4 -3
1481492809644 1 1
1481492810167 5 2
1481492811508 0 2
1481492815118 7 1
1481492815509 12 -1
1481492815918 8 -1
1481492816380 3 -1
1481492816757 0 1
1481492817335 11 -2
1481492818293 9 1
1481492818637 2 1
1481492819135 7 2
1481492821348 10 1
1481492822124 6 1
1481492822624 7 1
1481492823024 9 -1
1481492823414 11 1
1481492824789 R
1481492826364 9 -1
1481492826821 11 1
1481492829314 2 -2
1481492830118 11 1
1481492830868 5 1
1481492831668 8 -1
1481492832252 4 -3
1481492832766 1 1
1481492833517 10 1
1481492835044 11 1
1481492835580 5 2
1481492836756 0 2
1481492837333 7 1
1481492837868 12 -1
1481492838413 8 -1
1481492838951 3 -1
1481492839389 0 1
1481492840068 11 -3
1481492841060 10 -1
