1482792885682 9 -1
1482792886488 2 -2
1482792887575 11 2
1482792888593 0 2
1482792893749 7 1
1482792894457 12 -1
1482792896888 0 -1
1482792898013 4 -2
1482792898643 10 1
1482792899428 11 1
1482792900005 1 -1
1482792900698 3 2
1482792901450 0 2
1482792907386 12 1
1482792908107 7 -1
1482792910166 0 -3
1482792912322 4 1
1482792913427 3 -2
1482792914083 4 -1
1482792914786 1 1
1482792916010 11 -1
1482792916684 10 -1
1482792917826 4 2
1482792918963 11 -2
1482792919763 1 -1
1482792920604 3 2
1482792922214 5 1
1482792922717 12 1
1482792924070 12 -1
1482792924829 8 -1
1482792926189 3 -2
1482792926946 1 1
1482792927949 11 2
1482792929405 8 1
1482792930273 5 -1
1482792930929 0 2
1482792931805 7 1
1482792932509 12 -1
1482792933429 0 -1
1482792934495 0 1
1482792935205 12 1
1482792935752 7 -1
1482792936559 0 -2
1482792937975 11 -2
1482792938813 2 3
1482792939629 9 1
1482792941208 2 -3
1482792942919 4 -2
1482792944154 10 1
1482792945671 2 4
1482792946625 6 1
1482792947929 9 -1
1482792949506 6 -1
1482792950532 11 3
1482792951441 1 -1
1482792954941 5 1
1482792955545 12 1
1482792956112 0 1
1482792957369 1 1
1482792958119 9 1
1482792959074 7 3
1482792962217 12 -2
1482792963899 8 -2
1482792964930 3 -1
1482792965723 4 -1
1482792966428 1 1
1482792967459 5 2
1482792969642 0 2
1482792970498 7 -2
1482792971361 9 -1
1482792972635 11 -3
1482792975156 6 1
1482792977106 9 1
1482792979138 9 -1
1482792980398 6 -1
1482792983492 10 -1
1482792984386 10 1
1482792985456 11 3
1482792986644 0 -2
1482792988116 3 1
1482792988741 8 1
1482792989660 5 -2
1482792991066 1 -2
1482792991796 2 -1
1482792992709 4 2
1482792993443 8 1
1482792994211 5 -1
1482792995287 1 1
1482792996220 11 -1
1482792996903 10 -1
1482792997733 4 1
1482792998807 5 1
1482792999548 8 -2
1482793000303 3 -1
1482793001774 4 -3
1482793006597 1 1
1482793007658 5 1
1482793008229 2 1
1482793009055 5 1
1482793010981 10 1
1482793011717 11 1
1482793013767 11 -1
1482793015264 0 2
1482793021478 11 -2
1482793028297 9 1
1482793029249 7 2
1482793030833 7 -2
1482793031873 9 -1
1482793033601 11 3
1482793036089 0 -2
1482793037186 5 -2
1482793037930 1 -2
1482793038902 2 -1
1482793039538 4 2
1482793040324 3 2
1482793040874 8 2
1482793041577 5 -1
1482793042254 3 -1
1482793042745 4 -1
1482793044099 0 1
1482793046779 1 1
1482793047294 9 1
1482793048258 7 2
1482793049011 0 -2
1482793050557 4 1
1482793051780 5 1
1482793052234 8 -2
1482793053103 3 -1
1482793053612 4 -2
1482793054364 1 1
1482793055229 2 1
1482793056251 9 1
1482793058437 9 -1
1482793059993 9 1
1482793060707 9 -1
1482793061540 5 2
1482793062462 3 1
1482793063298 8 1
1482793063861 12 1
1482793064540 0 2
1482793066453 7 -2
1482793067036 9 -1
1482793068150 11 -1
1482793068969 6 1
1482793071525 7 -1
1482793073632 0 -2
1482793074544 11 -2
1482793075270 5 -2
1482793077358 6 -1
1482793078156 10 -1
1482793078901 2 -4
1482793086721 1 -2
1482793087544 4 3
1482793088671 3 2
1482793090838 8 1
1482793096208 5 -1
1482793097780 3 -2
1482793098443 1 1
1482793099130 11 2
1482793101388 0 2
1482793102811 7 1
1482793103609 12 -1
1482793104490 0 -1
1482793106353 0 1
1482793108482 4 -2
1482793109613 10 1
1482793110247 11 1
1482793110850 1 -1
1482793111683 3 2
1482793112762 0 1
1482793113851 0 -2
1482793114476 5 1
1482793115566 8 -2
1482793117131 3 -3
1482793117885 4 1
1482793120093 1 1
1482793121437 11 -1
1482793122037 10 -1
1482793122582 4 1
1482793126461 3 1
1482793126966 8 2
1482793128024 5 -1
1482793128644 0 1
1482793130501 0 -1
1482793131367 12 1
1482793131990 7 -1
1482793132457 0 -1
1482793133829 11 -2
1482793134694 1 -1
1482793135340 3 2
1482793137278 3 -2
1482793137973 1 1
1482793138705 4 -2
1482793139390 4 2
1482793147599 5 1
1482793148146 8 -1
1482793149070 4 -3
1482793152368 1 1
1482793153279 11 2
1482793154169 5 2
1482793156002 0 2
1482793156720 7 1
1482793157353 12 -1
1482793157953 8 -1
1482793158623 3 -1
1482793159627 0 1
1482793161870 11 -2
1482793165584 9 1
1482793166445 2 1
1482793167129 7 2
1482793178418 R
1482793185722 2 -2
1482793186459 9 -1
1482793187315 11 2
1482793188034 0 2
1482793188829 7 1
1482793189902 12 -1
1482793191842 4 -2
1482793193471 10 1
1482793195356 11 1
1482793196108 1 -1
1482793198388 3 2
1482793199429 0 1
1482793202813 4 1
1482793209327 4 -1
1482793211636 12 1
1482793212191 7 -1
1482793213030 0 -3
1482793214402 3 -2
1482793215151 1 1
1482793215998 11 -3
1482793216913 10 -1
1482793217483 4 2
1482793219134 11 2
