1482703105154 5 1
1482703109538 8 -1
1482703113202 4 -3
1482703121130 2 -2
1482703126674 1 1
1482703129170 9 1
1482703130609 9 -2
1482703133276 11 2
1482703134569 5 2
1482703135945 0 2
1482703141226 7 1
1482703144418 12 -1
1482703145442 8 -1
1482703147098 3 -1
1482703172802 0 1
1482703186256 R
1482703204497 2 -2
1482703210402 9 -1
1482703212145 1 -1
1482703213818 3 2
1482703223473 2 2
1482703243443 2 -2
1482703248947 R
1482703253396 9 -1
1482703257476 2 -2
1482703258867 11 2
1482703263513 0 2
1482703264748 7 1
1482703266242 12 -1
1482703288891 R
1482703304913 2 -2
1482703309066 9 -1
1482703313706 11 2
1482703315234 5 1
1482703319674 8 -1
1482703337786 8 1
1482703338953 5 -1
1482703348524 U
1482703349859 R
1482703356106 5 1
1482703357634 12 1
1482703363481 2 -2
1482703369914 9 -1
1482703375250 11 2
1482703379194 12 -1
1482703380898 5 -1
1482703387202 4 -2
1482703390057 10 1
1482703391331 11 1
1482703392842 1 -1
1482703394331 3 2
1482703395228 4 1
1482703417234 5 1
1482703418746 8 -1
