1482792248987 2 -2
1482792253991 2 3
1482792258115 9 -1
1482792259650 11 2
1482792263578 0 2
1482792355370 0 -2
1482792356729 5 1
1482792357987 0 1
1482792360333 5 -1
1482792361975 0 1
1482792369313 7 1
1482792370705 12 -1
1482792373656 0 -1
1482792374807 5 1
1482792378273 5 -1
1482792378547 0 1
1482792383253 R
1482792390232 5 1
1482792391333 8 -1
1482792396428 4 -3
1482792403676 2 2
1482792407115 9 -1
1482792408244 11 2
1482792409133 1 1
1482792414514 5 2
1482792416046 0 2
1482792421001 7 1
1482792421889 12 -1
1482792423195 8 -1
1482792424733 3 -1
1482792426061 0 1
1482792427009 11 -2
1482792431003 10 1
1482792432881 10 -1
1482792434049 10 1
1482792442751 11 3
1482792449271 9 1
1482792450297 7 2
1482792457944 7 -2
1482792458627 9 -1
1482792460681 11 -3
1482792468142 11 3
1482792470750 9 1
1482792473359 9 -1
1482792473972 11 -3
1482792475764 10 -1
1482792486758 10 1
1482792488610 6 1
1482792489538 6 -1
1482792494218 R
1482792498245 4 -2
1482792502648 4 2
1482792511247 2 -1
1482792515871 5 1
1482792528146 8 -1
1482792529650 8 1
1482792530997 5 -1
1482792533368 5 1
1482792534616 8 -1
1482792536040 8 1
1482792537942 5 -1
1482792540757 2 -1
1482792542068 9 -1
1482792543284 11 2
1482792548174 0 2
1482792549821 7 1
1482792550858 12 -1
1482792555118 12 1
1482792555998 7 -1
1482792562771 4 -2
1482792566903 4 1
1482792575307 0 -2
1482792578417 11 -2
1482792583367 1 -1
1482792585127 4 1
1482792586919 4 -2
1482792588028 5 1
1482792589086 8 -1
1482792590367 4 -1
1482792592653 1 2
1482792594661 5 2
1482792598320 11 2
1482792599797 0 2
1482792602992 10 1
1482792605234 6 1
1482792607547 6 -1
1482792609603 11 1
1482792611570 0 -2
1482792613162 5 -2
1482792615798 0 1
1482792616296 1 -2
1482792618072 3 2
1482792619512 4 2
1482792622420 8 1
1482792623730 5 -1
1482792624747 0 2
1482792629772 4 -1
1482792632526 7 1
1482792633582 12 -1
1482792637275 4 1
1482792648487 0 -2
1482792651365 5 1
1482792655275 3 -2
1482792656725 1 1
1482792658981 1 -1
1482792660639 8 -2
1482792661818 4 -2
1482792663317 1 2
1482792669189 5 2
1482792670945 0 1
1482792671795 3 -1
1482792674382 0 1
1482792680024 11 -3
1482792909431 9 1
1482792911158 9 -1
1482792915386 9 1
1482792916919 9 -1
1482792939111 11 3
1482792943480 0 -1
1482792950038 0 1
1482792980377 0 -1
1482792982093 3 1
1482792992335 3 -1
1482792994036 0 1
1482792996926 11 -3
1482792998561 10 -1
1482793000811 10 1
1482793036698 R
1482793043381 2 -1
1482793054078 5 1
1482793058213 8 -1
1482793059719 8 1
1482793061623 5 -1
1482793069860 2 2
1482793079679 9 -1
1482793080694 11 2
1482793084740 0 2
1482793086919 7 1
1482793087871 12 -1
