1482790765371 9 -1
1482790767908 11 1
1482790775235 2 1
1482790776557 11 1
1482790782948 0 2
1482790784008 7 1
1482790787536 4 -2
1482790789735 2 1
1482790790584 10 1
1482790791770 11 1
1482790792593 1 -1
1482790793432 3 1
1482790794381 2 -1
1482790797469 7 -1
1482790799787 4 1
1482790800686 3 -1
1482790803600 0 -2
1482790804520 1 1
1482790805470 11 -3
1482790842132 2 -3
1482790843243 11 3
1482790846447 1 -1
1482790849059 3 2
1482790852117 0 3
1482790853307 7 1
1482790854272 12 -1
1482790859309 0 -2
1482790865076 5 1
1482790865933 8 -2
1482790867427 4 -2
1482790868586 3 -3
1482790869858 4 2
1482790871046 1 1
1482790872903 1 -1
1482790874178 3 3
1482790875503 8 2
1482790877484 5 -1
1482790878308 0 2
1482790881827 R
1482790884218 9 -1
1482790885013 2 -2
1482790885931 11 2
1482790887645 0 2
1482790888895 7 1
1482790892161 12 -1
1482790893212 0 -1
1482790894215 5 1
1482790895375 8 -2
1482790896335 4 -3
1482790897508 1 1
1482790898443 5 2
1482790900326 0 1
1482790901108 3 -1
1482790903542 10 1
1482790904585 11 1
1482790905523 0 -1
1482790908114 5 -2
1482790909033 11 -1
1482790910003 10 -1
1482790911299 1 -1
1482790912351 4 3
1482790915695 3 1
1482790916494 8 2
1482790917513 5 -1
1482790918712 0 1
1482790920688 12 1
1482790921495 7 -1
1482790925087 R
1482790929237 2 -2
1482790931605 2 2
1482790932942 R
1482790934679 9 -1
1482790935587 11 1
1482790937032 2 -2
1482790938612 5 1
1482790939583 12 1
1482790940916 11 -1
1482790943006 2 3
1482790944159 11 2
1482790945411 0 1
1482790946308 12 -1
1482790947192 5 -1
1482790949194 7 1
1482790953063 12 -1
1482790956459 R
1482790960596 9 -1
1482790962479 2 -2
1482790963359 1 -1
1482790964236 1 1
1482790966161 1 -1
1482790967334 3 2
1482790969417 5 1
1482790970135 8 -1
1482790973815 3 -2
1482790974999 2 3
1482790976229 1 1
1482790977077 9 1
1482790977920 9 -1
1482790978696 11 2
1482790979738 0 1
1482790981019 7 1
1482790981772 12 -1
1482790983639 8 1
1482790986554 5 -1
1482790989466 0 1
1482790991011 12 1
1482790991884 7 -1
1482790993423 0 -1
1482790994863 0 -1
1482790995687 5 1
1482790996772 8 -1
1482790997879 4 -3
1482790999045 1 1
1482790999914 2 1
1482791000892 10 1
1482791002180 11 1
1482791003489 5 2
1482791005112 0 2
1482791006180 7 1
1482791007229 12 -1
1482791008238 8 -1
1482791009488 3 -1
1482791010546 0 1
1482791013324 9 1
1482791014227 7 2
1482791018138 7 -2
1482791018952 9 -1
1482791019836 11 -3
1482791021871 10 -1
1482791023359 10 1
1482791024406 11 3
1482791029392 0 -2
1482791030265 5 -2
1482791031137 1 -2
1482791032192 2 -1
1482791033119 4 2
1482791034176 4 -2
1482791035112 2 1
1482791036027 1 2
1482791037149 5 2
1482791038955 9 1
1482791040765 9 -1
1482791041607 11 -1
1482791042734 10 -1
1482791043851 5 -2
