1480456935670 2 -2
1480456942445 2 3
1480456944819 9 -1
1480456945931 11 2
1480456947301 0 2
1480456954291 7 1
1480456955425 12 -1
1480456957369 0 -1
1480456959164 5 1
1480456960309 8 -2
1480456962184 3 -1
1480456964895 4 -3
1480456966248 1 1
1480456966937 2 1
1480456968173 10 1
1480456969889 5 2
1480456970503 0 2
1480456971821 11 -2
1480456974770 10 -1
1480456976543 11 2
1480456986597 10 1
1480456988136 11 1
1480456995099 0 -2
1480456997934 5 -2
1480457000851 1 -1
1480457002038 2 -1
1480457004277 11 -1
1480457005453 10 -1
1480457006537 4 3
1480457019053 3 1
1480457019864 8 2
1480457021191 5 -1
1480457022590 0 1
1480457025153 12 1
1480457026602 7 -1
1480457027687 0 -2
1480457029855 5 1
1480457031750 8 -1
1480457033260 8 1
1480457034526 5 -1
1480457035611 5 1
1480457038063 0 1
1480457039603 7 1
1480457041305 12 -1
1480457045947 8 -2
1480457046969 3 -1
1480457051965 4 -2
1480457053467 4 -1
1480457054782 1 1
1480457056483 2 1
1480457057671 5 2
1480457058603 0 2
1480457060660 11 -2
1480457066650 9 1
1480457067634 7 2
1480457075394 10 1
1480457076204 6 1
1480457076873 7 1
1480457078200 9 -1
1480457082511 11 2
1480457086033 0 -1
1480457100611 0 1
1480457101320 11 -2
1480457102202 11 2
1480457103279 0 -1
1480457107289 0 -2
1480457108294 11 -2
1480457109561 5 -2
1480457111619 1 -2
1480457116633 2 -3
1480457151803 1 2
1480457152712 11 1
1480457154841 11 -1
1480457155855 1 -2
1480457159339 4 2
1480457165197 2 1
1480457167335 1 1
1480457168185 9 1
1480457169048 7 -1
1480457170044 6 -1
1480457170831 10 -1
1480457171785 4 1
1480457177512 3 1
1480457178866 8 2
1480457179828 12 2
1480457182516 12 -2
1480457187438 5 -1
1480457188278 11 -1
1480457191440 0 2
1480457192736 7 -2
1480457194916 9 -1
1480457195625 1 -1
1480457197047 3 2
1480457198420 0 4
