1482705103322 9 -1
1482705106746 1 -1
1482705108129 3 2
1482705110314 5 1
1482705111450 8 -1
1482705114803 4 -3
1482705119025 2 -2
1482705120099 3 -2
1482705120921 1 2
1482705121931 11 2
1482705173073 5 2
1482705174193 0 2
1482705175259 7 1
1482705176083 12 -1
1482705176931 8 -1
1482705177898 3 -1
1482705178939 0 1
1482705182170 11 -2
1482705183074 2 1
1482705183730 9 1
1482705184626 7 2
1482705191857 10 1
1482705193154 6 1
1482705193954 7 1
1482705194617 9 -1
1482705195409 11 1
1482705208825 11 -1
1482705211353 11 1
1482705221946 11 -1
1482705222481 11 1
1482705228227 11 -1
1482705229034 9 1
1482705229941 7 -3
1482705231585 2 -1
1482705232305 6 -1
1482705235158 9 -1
1482705238297 11 2
1482705246033 0 -1
1482705248683 11 1
1482705250177 0 -1
1482705253089 3 1
1482705253825 8 1
1482705254642 12 1
1482705256505 7 -1
1482705261202 0 1
1482705261889 7 1
1482705262530 12 -1
1482705263209 8 -1
1482705264068 3 -1
1482705264697 0 1
1482705266569 11 -3
1482705272665 10 -1
1482705279681 10 1
1482705282346 11 3
1482705283114 0 -2
1482705284226 5 -2
1482705289857 1 -2
1482705294282 4 2
1482705298665 1 1
1482705299924 11 -1
1482705300914 10 -1
1482705301729 4 1
1482705305010 3 1
1482705305729 8 2
1482705306497 12 2
1482705310619 7 -1
1482705313170 12 -1
1482705313954 5 -1
1482705317169 0 -1
1482705320105 11 -2
1482705320906 1 -1
1482705321929 3 2
1482705327730 5 1
1482705328624 12 1
1482705336161 12 -1
1482705337048 5 -1
1482705341809 3 -2
1482705342489 1 1
1482705343245 11 2
1482705343961 0 2
1482705345842 7 1
1482705346619 12 -1
1482705357619 0 -1
1482705358105 5 1
1482705358665 8 -2
1482705359818 3 -1
1482705362826 3 1
1482705363226 8 2
1482705364187 5 -1
1482705366681 0 1
1482705376201 4 -2
1482705378010 10 1
1482705379265 11 1
1482705379913 1 -1
1482705380473 3 2
1482705381849 0 1
1482705382385 4 1
1482705385641 0 -2
1482705386722 3 -2
1482705387457 1 1
1482705388330 11 -1
1482705394905 12 1
1482705396649 7 -1
1482705397250 0 -1
1482705399513 11 -2
1482705403777 1 -1
1482705405227 3 2
1482705411474 5 1
1482705421082 5 -1
1482705422969 10 -1
1482705424225 4 1
1482705428721 5 1
1482705430681 8 -1
1482705432302 4 -3
1482705439338 3 -1
1482705440939 3 -1
1482705441666 1 2
1482705442634 5 2
1482705443266 11 2
1482705444017 0 2
1482705454209 10 1
1482705456842 0 -2
1482705459368 5 -2
1482705459994 11 -2
1482705469513 1 -2
1482705470482 3 2
1482705471273 4 2
1482705481953 8 1
1482705483050 5 -1
1482705486922 3 -2
1482705487585 1 1
1482705488217 11 3
1482705489345 0 2
1482705491187 1 -1
1482705491842 3 2
1482705492618 0 1
1482705496049 7 1
1482705496635 12 -1
1482705499418 12 1
1482705500010 7 -1
1482705502930 7 1
1482705503418 12 -1
1482705505465 0 -2
1482705505929 5 1
1482705506498 8 -2
1482705516249 8 2
1482705517066 5 -1
1482705517746 0 2
1482705520376 0 -1
1482705521592 3 -2
1482705523018 1 1
1482705523697 9 1
1482705524993 7 1
1482705528937 0 -1
1482705529578 5 1
1482705531377 8 -2
1482705541201 8 2
1482705542025 5 -1
1482705544451 0 1
1482705549803 7 -1
1482705551089 9 -1
1482705552121 11 -1
1482705552650 10 -1
1482705557737 4 -1
1482705560201 0 -1
1482705560723 5 1
1482705561697 8 -2
1482705562506 3 -1
1482705563817 4 -1
1482705565353 1 1
1482705565946 5 2
1482705567185 0 2
1482705570354 11 -2
1482705572593 9 1
1482705573299 2 1
1482705576218 7 2
1482705585761 10 1
1482705586641 6 1
1482705587425 7 1
1482705588122 9 -1
1482705600264 11 1
1482705604313 11 -1
1482705604930 9 1
1482705605644 7 -3
1482705607538 6 -1
1482705610153 10 -1
1482705611713 2 -1
1482705612481 9 -1
1482705613273 11 2
1482705618313 0 -2
1482705619763 5 -2
1482705620409 1 -1
1482705622537 4 3
1482705628336 3 1
1482705631314 R
1482705635651 2 -2
1482705637041 9 -1
1482705640794 11 2
1482705642018 0 2
1482705644441 0 -2
1482705646338 11 -2
1482705647898 1 -1
1482705649185 3 2
1482705652425 5 1
1482705654969 8 -1
1482705656546 4 -3
1482705657697 10 1
1482705659866 3 -2
1482705661105 1 2
1482705663091 2 4
1482705667393 11 3
1482705668513 5 2
1482705683619 0 2
1482705685817 11 -1
1482705686858 10 -1
1482705690193 7 1
1482705696313 10 1
1482705697137 11 1
1482705698673 9 1
1482705699624 7 2
1482705701945 12 -1
1482705702561 8 -1
1482705703306 3 -1
1482705704281 0 1
1482705705740 7 -2
1482705706841 9 -1
1482705707826 11 -3
1482705716210 11 3
1482705717329 0 -2
1482705722921 5 -2
1482705724666 1 -1
1482705725472 2 -1
1482705727121 4 2
1482705728330 11 -1
1482705729179 10 -1
1482705729794 4 1
1482705732473 3 1
1482705733172 8 2
1482705737297 5 -1
1482705743153 5 1
1482705749850 5 -1
1482705751081 0 1
1482705756681 0 -1
1482705757315 5 1
1482705761113 12 1
1482705761826 7 -1
1482705762467 0 -1
1482705763322 11 -2
1482705778235 2 -1
1482705778930 2 -1
1482705779769 2 -1
1482705782425 11 2
1482705789090 11 -2
1482705791642 1 -1
1482705792251 4 -1
1482705794065 4 1
1482705795018 3 2
