1482792702697 2 -2
1482792705255 2 3
1482792710695 9 -1
1482792712199 11 2
1482792713593 0 2
1482792715136 7 1
1482792715912 12 -1
1482792723361 12 1
1482792724617 7 -1
1482792736863 0 -2
1482792739160 11 -2
1482792740897 9 1
1482792741712 9 -1
1482792744681 5 1
1482792746441 12 1
1482792750688 12 -1
1482792751759 5 -1
1482792753728 11 2
1482792755279 0 2
1482792757175 7 1
1482792759721 7 -1
1482792771580 0 -1
1482792773632 0 -1
1482792775035 11 -2
1482792776207 9 1
1482792777344 9 -1
1482792778104 2 -3
1482792780434 1 -1
1482792781983 3 2
1482792786855 2 2
1482792792625 2 -2
1482792797232 3 -2
1482792800176 4 -2
1482792801983 10 1
1482792803351 2 4
1482792807928 1 1
1482792809776 9 1
1482792811032 9 -1
1482792818199 9 1
1482792819855 9 -1
1482792821265 1 -1
1482792823010 2 -4
1482792825017 3 2
1482792827162 5 1
1482792828041 5 -1
1482792830519 3 -2
1482792832727 1 1
1482792833770 2 4
1482792836033 10 -1
1482792838032 9 1
1482792839935 9 -1
1482792841391 1 -1
1482792843183 3 1
1482792850855 10 1
1482792852631 6 1
1482792858439 3 -1
1482792860794 1 1
1482792864576 9 1
1482792876106 R
1482792879568 4 -2
1482792881880 10 1
1482792883329 2 2
1482792887792 6 1
1482792890536 9 -1
1482792892441 11 2
1482792894128 0 2
1482792897592 2 -1
1482792899360 6 -1
1482792900386 10 -1
1482792905376 4 2
1482792914272 U
1482792917616 10 1
1482792919920 7 1
1482792929576 R
1482792932424 4 -2
1482792935640 2 2
1482792936328 10 1
1482792937554 6 1
1482792940232 9 -1
1482792941816 1 -1
1482792942991 2 -4
1482792944072 6 -1
1482792945272 10 -1
1482792946721 3 2
1482792949409 5 1
1482792950896 5 -1
1482792951881 4 2
1482792959080 R
1482792962135 9 -1
1482792963103 2 -2
1482792967344 4 -2
1482792968584 11 2
1482792970474 4 2
1482792974568 0 1
