1482706159454 9 -1
1482706160724 2 -2
1482706163407 1 -1
1482706164812 3 2
1482706167750 3 -2
1482706169848 1 1
1482706170733 11 2
1482706172140 0 2
1482706173655 7 1
1482706174972 0 -1
1482706176431 12 -1
1482706187528 0 1
1482706193023 12 1
1482706194098 7 -1
1482706202286 0 -2
1482706204130 11 -2
1482706206055 9 1
1482706207511 9 -1
1482706208636 1 -1
1482706210256 3 2
1482706211557 5 1
1482706214178 8 -1
1482706218157 8 1
1482706219201 5 -1
1482706220718 3 -2
1482706221907 1 1
1482706222843 11 2
1482706227333 0 2
1482706231623 7 1
1482706232742 12 -1
1482706235627 0 -1
1482706237337 5 1
1482706241747 R
1482706243729 2 -2
1482706246479 9 -1
1482706248567 11 2
1482706252873 0 2
1482706257339 7 1
1482706260245 12 -1
1482706262342 0 -1
1482706264419 0 1
1482706269658 R
1482706271957 2 -2
1482706274111 9 -1
1482706276130 1 -1
1482706278101 3 2
1482706281043 5 1
1482706283012 8 -1
1482706285473 3 -2
1482706287210 1 1
1482706288913 11 2
1482706296728 0 1
1482706297998 7 1
1482706299075 12 -1
1482706300379 8 -1
1482706301657 3 -1
1482706303337 4 -3
1482706304457 1 1
1482706306409 5 2
1482706308015 0 2
1482706314490 11 -2
1482706318489 9 1
1482706319385 2 1
1482706320573 7 2
1482706328328 10 1
1482706330993 6 1
1482706332102 7 1
1482706333257 9 -1
1482706335547 11 1
1482706343925 R
1482706345903 4 -2
1482706347551 2 2
1482706349015 9 -1
1482706351560 1 -1
1482706353183 2 -4
1482706355083 3 2
1482706356369 4 2
1482706361095 5 1
1482706362085 5 -1
1482706364867 3 -2
1482706365835 1 1
1482706367223 11 2
1482706368601 0 2
1482706370015 7 1
1482706371371 12 -1
1482706373588 0 -1
1482706379419 0 1
1482706381956 12 1
1482706383044 7 -1
1482706389499 4 -2
1482706390981 10 1
1482706391859 11 1
1482706393511 1 -1
1482706394585 3 2
1482706396098 0 1
1482706402383 7 1
1482706403315 12 -1
1482706409495 12 1
1482706410383 7 -1
1482706414067 4 1
1482706424522 0 -2
1482706427677 5 1
1482706430308 0 -1
1482706431927 12 1
1482706435921 R
1482706438879 5 1
1482706441749 9 -1
1482706443039 1 -1
1482706445527 3 2
1482706448462 2 -2
1482706450825 5 -1
1482706455772 3 -2
1482706457847 1 1
1482706458823 11 2
1482706460462 0 2
1482706462981 7 1
1482706464001 12 -1
