1480451255925 9 -1
1480451258891 2 1
1480451260370 11 2
1480451265249 0 1
1480451271779 5 1
1480451273016 8 -1
1480451277626 4 -3
1480451281194 1 1
1480451282113 2 1
1480451283267 10 1
1480451283946 10 -1
1480451284961 5 2
1480451286003 0 1
1480451287507 7 1
1480451289139 12 -1
1480451289996 8 -1
1480451291051 3 -1
1480451293339 0 1
1480451294860 11 -2
1480451296820 9 1
1480451298115 7 2
1480451305060 R
1480451308672 2 1
1480451315020 9 -1
1480451318747 11 2
1480451320603 4 -2
1480451321956 2 1
1480451322588 10 1
1480451324697 11 1
1480451326883 5 1
1480451327787 8 -1
1480451329002 4 -1
1480451329996 1 1
1480451331459 5 2
1480451335242 0 2
1480451336345 7 1
1480451337125 12 -1
1480451337996 8 -1
1480451338932 3 -1
1480451339771 0 1
1480451351108 11 -3
1480451352995 10 -1
1480451368539 U
1480451369715 R
1480451372552 4 -2
1480451374171 9 -1
1480451375410 2 -2
1480451376795 1 -1
1480451378153 5 1
1480451381185 8 -1
1480451382394 4 -1
1480451387867 1 2
1480451388730 9 2
1480451390592 2 2
1480451392001 10 1
1480451392785 6 1
1480451398091 9 -2
1480451398954 2 -2
1480451400090 11 2
1480451400907 0 1
1480451401795 7 1
1480451402843 12 -1
1480451403705 8 -1
1480451408479 5 2
1480451410034 5 -2
1480451411015 3 -1
1480451412827 1 -1
1480451413977 4 2
1480451415707 4 -2
1480451416403 1 1
1480451417881 5 2
1480451421483 0 2
1480451423187 11 -2
1480451424323 9 1
1480451425508 2 1
1480451426963 7 3
1480451427821 9 -1
1480451437101 R
1480451443515 9 -1
1480451444393 11 1
1480451447532 4 -2
1480451450523 4 2
1480451451753 2 1
1480451453211 11 1
1480451455507 0 2
1480451457244 7 1
1480451458035 12 -1
1480451462858 4 -2
1480451463819 2 1
1480451465224 10 1
1480451466083 11 1
1480451467524 1 -1
1480451468940 3 1
1480451476205 R
1480451478179 5 1
1480451479146 8 -1
1480451484538 4 -3
1480451485777 1 1
1480451488967 9 -1
1480451489698 2 -2
1480451491663 5 2
1480451493066 11 2
1480451494162 0 2
1480451496890 7 1
1480451497674 12 -1
1480451498329 8 -1
1480451501578 3 -1
1480451502888 0 1
1480451509544 11 -2
1480451510426 9 1
1480451511283 2 1
1480451513458 7 2
1480451520964 10 1
1480451521778 10 -1
1480451524203 R
1480451528969 9 -1
1480451529954 2 -2
1480451532706 4 -2
1480451535067 10 1
1480451537227 10 -1
1480451541418 11 2
1480451543339 5 1
1480451545127 8 -1
1480451546066 4 -1
1480451547866 1 1
1480451550498 5 2
1480451552586 0 2
1480451556242 7 1
1480451556786 7 -1
1480451558960 7 1
1480451559802 12 -1
1480451560714 8 -1
1480451561818 3 -1
1480451563519 0 1
1480451569010 10 1
1480451570683 11 1
1480451572091 9 1
1480451573002 7 1
1480451576208 0 -2
1480451577482 0 2
