1481490696044 9 -1
1481490697467 1 -1
1481490698235 3 2
1481490699636 4 -2
1481490700459 10 1
1481490701252 2 -2
1481490702595 3 -2
1481490703275 1 1
1481490704011 11 3
1481490706053 0 2
1481490706804 7 1
1481490707308 12 -1
1481490708875 0 -1
1481490709475 5 1
1481490710131 8 -2
1481490711451 4 -1
1481490712166 3 -1
1481490712923 1 1
1481490713523 5 2
1481490714189 0 2
1481490715195 11 -3
1481490716011 10 -1
1481490717116 11 2
1481490719355 0 -1
1481490722139 3 1
1481490722651 8 1
1481490723139 12 1
1481490723741 7 -1
1481490726028 0 -2
1481490727252 11 -2
1481490727741 5 -2
1481490728339 1 -2
1481490729021 3 2
1481490729628 4 3
1481490730348 8 1
1481490730932 5 -1
1481490732268 3 -2
1481490732835 1 1
1481490733389 11 2
1481490733980 0 2
1481490734876 7 1
1481490735339 12 -1
1481490736667 12 1
1481490737460 7 -1
1481490738227 0 -1
1481490739427 5 1
1481490739979 8 -1
1481490740883 4 -3
1481490741531 1 1
1481490742109 5 2
1481490742734 0 1
1481490744766 7 1
1481490745475 12 -1
1481490746012 8 -1
1481490746580 3 -1
1481490747099 0 1
1481490747828 11 -2
1481490749020 10 1
1481490750165 9 1
1481490750596 2 1
1481490751020 6 1
1481490751651 7 3
1481490752838 9 -1
1481490753371 11 1
1481490755939 11 -1
1481490756755 9 1
1481490757734 7 -1
1481490758346 6 -1
1481490759280 10 -1
1481490761043 7 -2
1481490761694 9 -1
1481490762267 2 -1
1481490762820 11 2
1481490764099 0 -1
1481490764668 3 1
1481490765827 10 1
1481490766419 11 1
1481490767419 3 -1
1481490767995 0 1
1481490768771 11 -3
1481490770483 2 1
1481490770949 9 1
1481490771531 7 2
1481490772803 6 1
1481490773315 7 1
1481490774168 R
1481490777972 4 -2
1481490778771 10 1
1481490779555 2 2
1481490780219 9 -1
1481490780955 11 3
1481490784171 0 2
1481490784739 7 1
1481490785251 12 -1
1481490785987 0 -1
1481490786491 5 1
1481490787771 12 2
1481490788927 7 -1
1481490789539 0 -1
1481490790459 11 -3
1481490791788 2 -4
1481490793083 1 -1
1481490793867 3 2
1481490794987 4 1
1481490795851 12 -1
1481490796483 5 -1
1481490797867 4 -1
1481490798404 3 -2
1481490799099 1 1
1481490799660 11 3
1481490800165 1 -1
1481490801251 3 2
1481490801987 4 1
1481490802883 0 3
1481490803843 7 1
1481490804372 12 -1
1481490805915 12 1
1481490806443 7 -1
1481490807283 0 -1
1481490807974 3 -2
1481490808795 1 1
1481490809411 11 -1
1481490810835 10 -1
1481490811427 4 1
1481490812939 4 -2
1481490813733 10 1
1481490814819 11 1
1481490815235 1 -1
1481490815859 3 2
1481490817803 0 -1
1481490818381 5 1
1481490818883 8 -1
1481490819451 4 -1
1481490820318 3 -2
1481490820782 1 2
1481490821603 5 2
1481490822195 0 1
1481490823411 9 1
1481490824027 7 2
1481490824570 12 -1
1481490825153 8 -1
1481490825780 3 -1
1481490826307 0 1
1481490826949 7 -1
1481490827523 9 -1
1481490828188 11 -3
1481490829202 10 -1
1481490830131 10 1
1481490830692 2 1
1481490831059 9 1
1481490831548 7 2
1481490832812 7 -2
1481490833356 9 -1
1481490833827 2 -1
1481490836043 6 1
1481490836481 2 1
1481490837443 9 1
1481490837907 7 3
1481490840547 9 -1
1481490841124 11 1
1481490842428 11 -1
1481490843034 9 1
1481490843795 7 -1
1481490844458 6 -1
1481490844923 7 -1
1481490845443 2 -1
1481490846084 7 -1
1481490846538 9 -1
1481490846987 11 3
1481490848106 0 -1
1481490848842 3 1
1481490849356 8 1
1481490850003 12 1
1481490850557 7 -1
1481490851955 0 -1
1481490852770 5 -2
1481490853682 1 -2
1481490854339 3 2
1481490855459 4 2
1481490856034 8 1
1481490856531 5 -1
1481490857090 0 2
1481490858654 7 1
1481490859122 12 -1
1481490861189 R
1481490871082 5 1
1481490871636 8 -1
1481490872381 4 -3
1481490872931 1 1
1481490873619 2 2
1481490874179 10 1
1481490875148 9 -1
1481490875794 11 3
1481490876522 5 2
1481490877298 0 2
1481490878258 9 1
1481490878914 7 3
1481490879515 12 -1
1481490880034 8 -1
1481490880610 3 -1
1481490881154 0 1
1481490881890 7 -2
1481490882402 9 -1
1481490883074 11 -3
1481490885834 9 1
1481490886314 6 1
1481490888026 9 -1
1481490888714 6 -1
1481490893083 9 1
1481490893490 7 1
1481490896435 7 -1
1481490896907 9 -1
1481490897821 11 2
1481490898624 0 -1
1481490899194 3 1
1481490899758 8 1
1481490901380 12 1
1481490901970 7 -1
1481490903058 0 -1
1481490903734 5 -2
1481490904566 1 -1
1481490904982 2 -1
1481490905570 4 2
1481490906362 8 1
1481490907122 5 -1
1481490907674 0 1
1481490908674 7 1
1481490909234 12 -1
1481490909954 12 1
1481490910418 7 -1
1481490912114 10 -1
1481490912650 4 1
1481490919642 7 1
1481490920266 12 -1
1481490921106 0 -1
1481490921554 5 1
1481490922426 8 -2
1481490923034 3 -1
1481490924090 4 -3
1481490924882 1 1
1481490925266 2 1
1481490925890 5 2
1481490926450 0 2
1481490927214 11 -2
1481490930282 10 1
1481490933442 11 3
1481490934290 0 -1
1481490934866 3 1
1481490935364 8 1
1481490935939 12 1
1481490936498 7 -1
1481490937122 9 1
1481490937986 9 -1
1481490938602 11 -1
1481490939290 10 -1
1481490940682 R
1481490950722 5 1
1481490951331 12 1
1481490952842 12 -1
1481490953251 5 -1
1481490954382 5 1
1481490954781 8 -1
1481490955370 4 -3
1481490956233 1 1
1481490956882 2 2
1481490958482 9 -1
1481490959082 11 2
1481490959548 5 2
1481490960042 0 2
1481490962507 7 1
1481490962980 12 -1
1481490963490 8 -1
1481490964010 3 -1
1481490964566 0 1
1481490965606 11 -2
1481490966210 9 1
1481490972217 10 1
1481490973434 9 -1
1481490974154 11 3
1481490975356 9 1
1481490977490 0 -1
1481490978410 3 1
1481490979193 8 1
1481490979794 12 1
1481490980538 7 -1
1481490981321 0 -2
1481490982073 5 -2
1481490982682 1 -1
1481490983122 2 -1
1481490983698 4 2
1481490984770 8 1
1481490985321 5 -1
1481490985993 0 2
1481490986921 7 3
1481490987593 12 -1
1481490988433 0 -2
1481490989001 5 1
1481490989798 8 -2
1481490990364 3 -1
1481490991090 4 -2
1481490991657 1 1
1481490992098 2 1
1481490992809 5 2
1481490993450 0 3
1481490994906 7 -2
1481490995337 9 -1
1481490996105 11 -3
1481490997810 10 -1
1481490998825 11 2
1481491001243 0 -1
1481491001994 3 1
1481491002417 8 1
1481491003122 12 1
1481491003642 7 -1
1481491004178 0 -2
1481491005363 11 -2
1481491005898 5 -2
1481491006381 1 -2
1481491006915 2 -3
1481491007666 2 -1
1481491008569 4 3
1481491009185 3 2
1481491010057 8 1
1481491010649 5 -1
1481491011889 3 -2
1481491012344 1 1
1481491012893 11 2
1481491013547 0 2
1481491014631 7 1
1481491015105 12 -1
1481491015849 0 -1
1481491016385 5 1
1481491016980 8 -2
1481491017641 3 -1
1481491018513 4 -3
1481491019057 1 1
1481491019570 5 2
1481491020097 0 2
1481491020749 11 -2
1481491023713 9 1
1481491024098 2 1
1481491024618 7 2
1481491025842 7 -2
1481491026535 9 -1
1481491026737 2 -1
1481491027298 11 2
1481491027753 0 -2
1481491028553 5 -2
1481491029050 1 -1
1481491030153 4 3
1481491030746 3 1
1481491031394 8 2
1481491032273 5 -1
1481491032737 0 1
1481491033946 12 1
1481491034514 7 -1
1481491035521 0 -2
1481491036047 5 1
1481491036530 8 -1
1481491039002 11 -2
1481491039508 1 -1
1481491040041 3 2
1481491041074 8 1
1481491041579 5 -1
1481491042481 4 -2
1481491043169 3 -2
1481491043704 1 1
1481491044481 11 2
1481491045137 0 2
1481491046089 7 1
1481491046649 12 -1
1481491047217 0 -1
1481491047733 5 1
1481491048467 8 -2
1481491048913 3 -1
1481491049905 4 2
1481491050937 4 -3
1481491051537 1 1
1481491052180 5 2
1481491052721 0 2
1481491053441 11 -2
1481491054657 10 1
1481491055913 6 1
1481491056337 2 1
1481491056738 9 1
1481491057265 7 3
1481491058697 9 -1
1481491059219 11 1
1481491060225 11 -1
1481491062657 9 1
1481491063305 7 -3
1481491064018 9 -1
1481491064449 2 -1
1481491064881 6 -1
1481491065617 11 3
1481491066857 0 -1
1481491067417 3 1
1481491068617 8 1
1481491069114 12 1
1481491069668 7 -1
1481491070209 0 -2
1481491070978 5 -2
1481491071689 1 -2
1481491072278 3 2
1481491072889 4 2
1481491073785 8 1
1481491074281 5 -1
1481491074921 0 3
1481491075650 7 1
1481491076137 12 -1
1481491076953 0 -2
1481491077394 5 1
1481491077857 8 -2
1481491078657 4 -2
1481491079185 3 -3
1481491079746 1 2
1481491080250 5 2
1481491080785 0 2
1481491081465 11 -3
1481491082097 10 -1
1481491089350 11 2
1481491089873 0 -1
1481491090441 3 1
1481491091747 3 -1
1481491092410 0 1
1481491093034 11 -2
1481491093585 9 1
1481491093971 2 1
1481491094755 7 2
