1482793014145 5 1
1482793015629 8 -1
1482793017873 9 -1
1482793019477 2 -1
1482793020466 2 -1
1482793021671 4 -3
1482793023519 1 1
1482793025373 1 -2
1482793026263 4 3
1482793027416 3 1
1482793028390 3 1
1482793031402 R
1482793034147 9 -1
1482793036611 9 1
1482793039816 2 1
1482793043157 5 1
1482793044077 12 1
1482793046058 12 -1
1482793047693 9 -1
1482793048396 11 2
1482793049879 5 -1
1482793050682 0 2
1482793054523 R
1482793057449 2 -1
1482793065832 4 -2
1482793066504 10 1
1482793067224 6 1
1482793068397 4 1
1482793072045 4 -1
1482793073144 2 2
1482793073900 9 -1
1482793074580 11 2
1482793078071 4 1
1482793082316 11 -2
1482793082963 9 1
1482793084281 9 -1
1482793092458 R
1482793096088 2 -1
1482793097279 9 -1
1482793098103 2 -1
1482793098841 1 -1
1482793102575 3 2
1482793103747 5 1
1482793104691 12 1
1482793107446 3 -2
1482793108173 4 -2
1482793108992 1 1
1482793109719 9 1
1482793110488 2 4
1482793111178 10 1
1482793111891 6 1
1482793113402 9 -1
1482793114157 1 -1
1482793114848 1 1
1482793118610 R
1482793120249 2 -2
1482793120816 9 -1
1482793121440 1 -1
1482793122437 3 2
1482793126904 5 1
1482793128468 12 1
1482793129774 3 -2
1482793132418 3 2
1482793157139 3 -2
1482793159541 3 2
1482793160564 12 -1
1482793172779 12 1
1482793174457 12 -1
1482793175249 5 -1
1482793176196 3 -2
1482793177221 1 1
1482793179471 1 -1
1482793180328 3 2
1482793184362 3 -2
1482793186828 3 2
1482793187634 5 1
1482793188713 8 -1
1482793190837 8 1
1482793191588 12 1
1482793193422 12 -1
1482793194158 5 -1
1482793195770 R
1482793206818 9 -1
1482793209003 2 -2
1482793211677 11 2
1482793214983 11 -2
1482793216209 1 -1
1482793217318 3 2
1482793223677 R
1482793229599 5 1
1482793230327 12 1
1482793232539 12 -1
1482793233204 8 -1
1482793234847 4 -3
1482793235495 2 -2
1482793236031 9 -1
1482793236800 1 -1
1482793238865 1 2
1482793239667 5 2
1482793240333 11 2
1482793242456 0 2
1482793247964 10 1
1482793248636 11 1
1482793249390 0 -2
1482793250429 5 -2
1482793251183 11 -3
1482793252114 10 -1
1482793254495 10 1
1482793257751 11 3
1482793258423 0 1
1482793259194 7 1
1482793260053 12 -1
1482793261033 8 -1
1482793262311 3 -1
1482793264901 5 2
1482793265762 5 -2
1482793266551 1 -2
1482793267579 4 2
1482793268853 3 3
1482793270291 8 2
1482793271312 5 -1
1482793280094 3 -2
1482793281723 4 -1
1482793284923 4 1
1482793285564 3 2
1482793286318 5 1
1482793286990 8 -2
1482793288665 4 -2
1482793289347 3 -3
1482793290135 1 2
1482793290889 5 2
1482793294245 5 -2
1482793295007 1 -2
1482793297395 4 1
1482793298482 4 -1
1482793299147 1 2
1482793299913 11 -1
1482793300700 10 -1
1482793301922 5 2
1482793303688 3 1
1482793305148 3 -1
1482793306517 5 -2
1482793307247 1 -1
1482793307915 4 3
1482793309781 4 -3
1482793311250 1 1
1482793311939 5 2
1482793312923 0 2
1482793313654 11 -2
1482793318532 10 1
1482793319821 11 3
1482793321789 9 1
1482793322476 7 1
1482793323214 0 -2
1482793327623 0 2
1482793328352 7 -1
1482793328936 9 -1
1482793329986 0 -2
1482793330707 11 -1
1482793331404 10 -1
1482793333253 5 -2
1482793334401 1 -1
1482793336280 4 2
1482793337119 4 1
1482793338580 3 1
1482793339301 8 2
1482793340169 5 -1
1482793342495 0 1
1482793343279 0 -1
1482793344252 4 -2
1482793347069 10 1
1482793347831 6 1
1482793349195 6 -1
1482793349861 11 1
1482793350580 1 -1
1482793351379 3 2
1482793352061 4 1
1482793355046 12 1
1482793355627 12 -1
1482793357497 0 2
1482793361534 0 -2
1482793362731 R
1482793364020 R
1482793364183 R
1482793364507 R
1482793364711 R
1482793366269 9 -1
1482793367511 2 -2
1482793368931 1 -1
1482793369601 3 2
1482793370976 3 -2
1482793372931 1 1
1482793373643 11 2
1482793374758 5 1
1482793375284 12 1
1482793376826 11 -2
1482793377465 1 -1
1482793378248 3 2
1482793379724 4 -2
1482793380284 3 -2
1482793381070 10 1
1482793382020 1 1
1482793382839 11 3
1482793383476 1 -1
1482793384132 3 2
1482793384733 4 1
1482793385639 12 -1
1482793386223 5 -1
1482793387756 4 -1
1482793388328 3 -2
1482793389545 4 1
1482793390388 1 1
1482793392025 11 -3
1482793392840 10 -1
1482793393505 4 1
1482793394713 11 2
1482793396343 5 1
1482793397003 8 -1
1482793398796 8 1
1482793399542 11 -2
1482793400256 1 -1
1482793400905 3 1
1482793401711 5 -1
1482793403657 4 -2
1482793405296 2 2
1482793406756 2 2
1482793408168 2 -2
1482793409597 2 -2
1482793410314 3 1
1482793411790 2 2
1482793412538 4 2
1482793415289 5 1
1482793415849 12 1
1482793416703 12 -1
1482793417276 8 -1
1482793419332 4 -3
1482793419924 4 1
1482793420556 3 -2
1482793421237 4 -1
1482793421829 3 1
1482793422803 2 2
1482793423536 2 -2
1482793424219 2 -2
1482793425847 3 1
1482793426649 4 3
1482793429539 8 1
1482793430221 5 -1
1482793431770 3 -2
1482793432360 1 1
1482793433089 11 2
1482793434053 5 1
1482793434766 8 -1
1482793435365 8 1
1482793436193 4 -2
1482793436654 4 2
1482793438703 12 1
1482793440357 0 1
1482793441105 7 1
1482793441779 12 -2
1482793443742 8 -2
1482793444553 3 -1
1482793449397 3 1
1482793450001 8 2
1482793450666 5 -1
1482793452141 4 -2
1482793454046 10 1
1482793454790 11 1
1482793455412 1 -1
1482793456094 4 1
1482793456800 3 2
1482793458692 5 1
1482793459276 8 -2
1482793462442 8 2
1482793463808 5 -1
1482793464730 12 1
1482793465216 12 -1
1482793465962 12 1
1482793466821 7 -1
1482793467466 0 -1
1482793468945 3 -2
1482793470086 1 1
1482793472031 1 -1
1482793472684 3 2
1482793473326 4 -1
1482793474646 0 3
1482793476848 7 1
1482793477497 12 -1
1482793480611 4 1
1482793481978 12 1
1482793482779 7 -1
1482793483575 0 -3
1482793484962 3 -2
1482793485762 3 2
1482793486409 5 1
1482793487164 3 -2
1482793490083 3 2
1482793490833 4 -1
1482793491913 8 -1
1482793493348 4 -1
1482793494157 3 -2
1482793496881 1 2
1482793498207 11 -2
1482793499387 11 -1
1482793500029 1 -2
1482793500636 3 2
1482793502274 10 -1
1482793504526 4 3
1482793506592 3 -2
1482793507188 1 1
1482793507901 11 1
1482793508796 11 1
1482793509791 8 1
1482793510880 0 1
1482793511518 7 1
1482793513338 12 -1
1482793514190 8 -2
1482793515325 8 2
1482793517218 12 1
1482793517972 5 -1
1482793520219 0 1
1482793521602 12 -1
1482793522933 0 -1
1482793525773 5 1
1482793527938 8 -2
1482793529240 3 -1
1482793530043 4 -3
1482793531017 1 1
1482793531787 5 2
1482793532474 3 1
1482793534323 10 1
1482793538934 11 1
1482793540186 5 -2
1482793541030 1 -2
1482793541954 3 2
1482793542668 4 2
1482793543916 8 2
1482793544653 5 -1
1482793546286 5 1
1482793547155 8 -2
1482793548574 8 2
1482793549197 5 -1
1482793549989 4 -1
1482793552543 3 -2
1482793554087 1 1
1482793554870 11 -1
1482793555571 10 -1
1482793556430 4 2
1482793558810 5 1
1482793559503 8 -2
1482793560123 3 -1
1482793560893 4 -3
1482793561745 1 1
1482793562472 5 2
1482793563711 5 -2
1482793565407 1 -1
1482793567471 1 1
1482793568142 5 2
1482793568807 0 2
1482793569513 11 -2
1482793570356 10 1
1482793571271 10 -1
1482793572663 10 1
1482793578512 11 3
1482793581541 0 -2
1482793582229 11 -1
1482793582937 10 -1
1482793585641 5 -2
1482793586183 1 -1
1482793588728 4 3
1482793590751 3 1
1482793591731 8 2
1482793593346 5 -1
1482793594619 5 1
1482793595385 8 -2
1482793596635 3 -1
1482793597707 3 1
1482793598353 3 -1
1482793599634 3 1
1482793600862 8 2
1482793601495 5 -1
1482793602436 0 1
1482793603286 0 -1
1482793603968 5 1
1482793605457 8 -1
1482793606259 4 -3
1482793607166 1 1
1482793608221 10 1
1482793608913 11 1
1482793609604 9 2
1482793611598 7 1
1482793612417 7 -1
1482793615121 9 -2
1482793615868 1 -2
1482793616766 3 2
1482793617833 3 -1
1482793618612 3 -1
1482793620039 4 2
1482793620795 3 2
1482793621739 4 -2
1482793622289 3 -2
1482793622905 1 2
1482793623604 11 -1
1482793624251 10 -1
1482793624998 5 2
1482793626023 5 -1
1482793626640 5 1
1482793628050 8 -1
1482793629562 3 -1
1482793630900 5 -2
1482793633847 5 2
1482793639103 5 -2
1482793639958 1 -1
1482793643597 1 1
1482793644405 10 1
1482793647502 6 1
1482793650572 6 -1
1482793651450 5 2
1482793652317 0 2
1482793653061 11 -2
1482793653786 9 1
1482793654427 2 1
1482793655975 10 -1
1482793661950 2 -1
1482793662443 9 -1
1482793663225 11 2
1482793664594 0 -1
1482793670825 0 -1
1482793671370 5 -1
1482793672186 5 -1
1482793672825 1 -1
1482793673829 4 3
1482793675958 3 1
1482793676696 8 2
1482793677451 5 -1
1482793678179 0 1
1482793681469 12 1
1482793683008 7 -1
1482793683672 0 -2
1482793684345 11 -2
1482793685045 1 -1
1482793685820 3 2
1482793687052 5 1
1482793687787 12 1
1482793689035 12 -1
1482793689736 8 -1
1482793691658 8 1
1482793692237 12 1
1482793694394 3 -2
1482793695011 1 1
1482793695797 11 2
1482793698043 12 -1
1482793698632 5 -1
1482793699856 4 -2
1482793700796 4 1
1482793701697 11 -2
1482793702273 1 -1
1482793702885 3 2
1482793703438 4 1
1482793705024 5 1
1482793705740 12 1
1482793706240 12 -1
1482793707550 5 -1
1482793711043 3 -2
1482793711623 3 2
1482793714874 3 -2
1482793715532 1 1
1482793716099 11 2
1482793717546 4 -2
