1482686691233 0 1
1482686691233 0 1
1482686695785 0 -1
1482686695785 0 -1
1482686703745 4 -1
1482686703745 4 -1
1482686704489 3 1
1482686704489 3 1
1482686705217 1 1
1482686705217 1 1
1482686706258 10 4
1482686706258 10 4
1482686707185 1 -1
1482686707185 1 -1
1482686708001 3 -1
1482686708001 3 -1
1482686709129 0 1
1482686709129 0 1
1482686710537 7 -3
1482686710537 7 -3
1482686711418 4 -1
1482686711418 4 -1
1482686712001 5 -1
1482686712001 5 -1
1482686712921 11 -1
1482686712921 11 -1
1482686714073 1 3
1482686714073 1 3
1482686717969 0 -1
1482686717969 0 -1
1482686720785 0 2
1482686720785 0 2
1482686724689 2 -1
1482686724689 2 -1
1482686725380 10 -1
1482686725380 10 -1
1482686726490 12 -2
1482686726490 12 -2
1482686728473 0 -2
1482686728473 0 -2
1482686734937 3 2
1482686734937 3 2
1482686735745 2 -2
1482686735745 2 -2
1482686736617 10 -2
1482686736617 10 -2
1482686737713 8 -2
1482686737713 8 -2
1482686742425 1 -3
1482686742425 1 -3
1482686743185 1 3
1482686743185 1 3
1482686748569 U
1482686748569 U
1482686748737 U
1482686748737 U
1482686748905 U
1482686748905 U
1482686749081 U
1482686749081 U
1482686750209 U
1482686750209 U
1482686757088 U
1482686757088 U
1482686764488 R
1482686764488 R
1482686773768 11 1
1482686773768 11 1
1482686778160 7 1
1482686778160 7 1
1482686779744 4 -2
1482686779744 4 -2
1482686785600 4 2
1482686785600 4 2
1482686786472 0 1
1482686786472 0 1
1482686787544 7 -3
1482686787544 7 -3
1482686788776 4 -2
1482686788776 4 -2
1482686789441 5 -1
1482686789441 5 -1
1482686790280 11 -2
1482686790280 11 -2
1482686791400 1 3
1482686791400 1 3
1482686797935 2 -1
1482686797935 2 -1
1482686798784 12 -2
1482686798784 12 -2
1482686799983 12 2
1482686799983 12 2
1482686802231 2 1
1482686802231 2 1
1482686820032 0 1
1482686820032 0 1
1482686821985 U
1482686821985 U
1482686822168 U
1482686822168 U
1482686822345 U
1482686822345 U
1482686823105 U
1482686823105 U
1482686823785 U
1482686823785 U
1482686824256 U
1482686824256 U
1482686824424 U
1482686824424 U
1482686826497 U
1482686826497 U
1482686826664 U
1482686826664 U
1482686826841 U
1482686826841 U
1482686827001 U
1482686827001 U
1482686827161 U
1482686827161 U
1482686852969 R
1482686852969 R
1482686861073 11 1
1482686861073 11 1
1482686867041 7 1
1482686867041 7 1
1482686868249 4 -2
1482686868249 4 -2
1482686870128 1 1
1482686870128 1 1
1482686873705 3 2
1482686873705 3 2
1482686883936 R
1482686883936 R
1482686886600 11 -1
1482686886600 11 -1
1482686887720 4 -1
1482686887720 4 -1
1482686888871 1 1
1482686888871 1 1
1482686891559 3 1
1482686891559 3 1
1482686893104 10 4
1482686893104 10 4
1482686897176 11 2
1482686897176 11 2
1482686897936 7 1
1482686897936 7 1
1482686899079 3 -1
1482686899079 3 -1
1482686900023 0 1
1482686900023 0 1
1482686901656 0 -1
1482686901656 0 -1
1482686902449 3 1
1482686902449 3 1
1482686903319 10 -4
1482686903319 10 -4
1482686904359 3 -1
1482686904359 3 -1
1482686905191 1 -1
1482686905191 1 -1
1482686910449 4 -1
1482686910449 4 -1
1482686939280 R
1482686939280 R
1482686950535 0 1
1482686950535 0 1
1482686951472 7 -2
1482686951472 7 -2
1482686952295 4 -2
1482686952295 4 -2
1482686952975 5 -1
1482686952975 5 -1
1482686953704 11 -1
1482686953704 11 -1
1482686954712 1 3
1482686954712 1 3
1482686956896 2 -1
1482686956896 2 -1
1482686957879 12 -2
1482686957879 12 -2
1482686959039 6 -2
1482686959039 6 -2
1482686960391 0 1
1482686960391 0 1
1482686971751 U
1482686971751 U
1482686972623 U
1482686972623 U
