1479663395161 11 -1
1479663397713 0 1
1479663398473 7 -2
1479663400809 5 -1
1479663401344 4 -2
1479663402912 1 3
1479663426809 0 1
1479663432192 4 1
1479663433593 7 1
1479663437377 7 -1
1479663438336 4 -1
1479663439112 0 -1
1479663449961 R
1479663468633 11 -1
1479663499353 0 1
1479663500473 7 -2
1479663507656 7 2
1479663508984 0 -1
1479663510672 4 -1
1479663520008 R
1479663560329 0 1
1479663560945 7 -2
1479663561544 5 -1
1479663563496 4 -2
1479663567017 1 3
1479663569777 4 1
1479663572592 7 1
1479663577761 R
1479663586801 3 1
1479663591048 3 -1
1479663597561 11 1
1479663598633 7 1
1479663600177 4 -2
1479663607016 1 1
1479663608833 3 2
1479663613769 1 -1
1479663616897 1 1
1479663618848 3 -1
1479663621729 10 4
1479663622737 1 -1
1479663623680 3 -1
1479663625192 0 1
1479663626024 4 2
1479663627064 7 -4
1479663628248 4 -2
1479663628776 5 -1
1479663629592 11 -2
1479663631295 1 3
1479663633864 0 -1
1479663640984 0 2
1479663642960 10 -1
1479663644279 2 -1
1479663646111 12 -2
1479663651080 0 -2
1479663653424 3 2
1479663655160 2 -2
1479663655888 10 -2
1479663657159 8 -2
1479663659767 1 -3
1479663663776 5 1
1479663664603 5 -1
1479663668472 1 3
1479663672440 8 2
1479663673064 12 2
1479663673576 10 3
1479663674320 2 3
1479663676799 3 -2
1479663677431 0 2
1479663699857 0 -2
1479663700857 1 -3
1479663702393 5 1
1479663703545 4 2
1479663704632 3 1
1479663707657 3 -1
1479663708281 0 1
1479663709233 7 3
1479663710649 4 -1
1479663711617 1 1
1479663712825 10 -1
1479663715121 11 2
1479663715905 7 1
1479663716481 4 -1
1479663719017 0 -1
1479663720545 3 2
1479663721689 10 -3
1479663725265 1 -1
1479663726169 3 -1
1479663727673 4 2
1479663729889 7 -1
1479663735465 11 -2
1479663736737 4 -1
1479663737609 1 1
1479663739833 3 -1
1479663740985 0 1
1479663741937 7 -2
1479663742857 4 -1
1479663743929 5 -1
1479663744977 1 2
1479663747816 0 1
1479663749537 2 -1
1479663751161 12 -2
1479663754729 4 1
1479663756601 7 1
1479663758993 11 1
1479663761377 7 -1
1479663762833 4 -1
1479663769193 4 1
1479663769905 7 1
1479663770625 0 -1
1479663772921 1 -1
1479663775793 11 -1
1479663779513 12 2
1479663781241 2 1
1479663783185 1 1
1479663784577 0 1
1479663785809 7 -1
1479663786185 4 -1
1479663788617 2 -1
1479663789121 12 -2
1479663790025 6 -2
1479663792521 6 2
1479663793329 12 2
1479663793857 2 1
1479663796313 4 1
1479663797272 7 1
1479663798617 11 1
1479663800169 7 -1
1479663800889 4 -1
1479663805225 4 1
1479663805737 11 -1
1479663806865 4 -1
1479663807953 4 1
1479663808889 7 1
1479663809865 0 -1
1479663812873 2 -1
1479663813993 12 -2
1479663814921 0 1
1479663816497 7 -1
1479663819137 4 -1
1479663820448 0 -1
1479663822161 1 -1
1479663823809 11 2
1479663824537 6 -2
1479663829073 R
