1482687846476 0 1
1482687847868 7 -2
1482687849300 4 -2
1482687849959 5 -1
1482687850848 11 -1
1482687852311 1 3
1482687856802 1 -3
1482687858164 1 3
1482687859306 2 -1
1482687859925 12 -2
1482687865205 R
1482687867917 0 1
1482687870011 7 -2
1482687873548 11 -1
1482687874363 5 -1
1482687875326 4 -2
1482687878460 1 3
1482687886507 0 1
1482687887515 0 -1
1482687888227 1 -3
1482687890259 R
1482687893042 4 -1
1482687914010 1 1
1482687921770 0 1
1482687922416 7 -2
1482687923100 5 -1
1482687923794 11 -1
1482687924307 4 -1
1482687925281 1 1
1482687926123 1 1
1482687928545 0 1
1482687931167 2 -1
1482687932433 12 -1
1482687933431 12 -1
1482687940730 R
1482687966025 R
1482687966537 R
1482687966961 R
1482687968828 7 1
1482687969870 4 -2
1482687972256 1 1
1482687976432 0 1
1482687981425 R
1482687981672 R
1482687981816 R
1482687981936 R
1482687982056 R
1482687990407 7 1
1482687991744 4 -2
1482688206289 U
1482688207097 R
