1479924597407 4 -1
1479924598550 1 1
1479924599422 3 1
1479924601007 10 4
1479924604023 3 -1
1479924605054 0 1
1479924606654 1 -1
1479924607470 4 1
1479924609246 7 -3
1479924610263 0 -1
1479924617286 4 -2
1479924619134 3 2
1479924620086 1 1
1479924622958 3 -2
1479924623830 0 1
1479924624630 7 1
1479924626694 4 1
1479924628054 11 1
1479924628950 5 -1
1479924629990 1 1
1479924632776 7 1
1479924634614 7 -2
1479924635502 0 -1
1479924636263 4 -1
1479924637319 3 2
1479924639526 2 -3
1479924643770 11 -2
1479924644942 1 1
1479924646910 1 -3
1479924650070 5 1
1479924654583 1 1
1479924657494 10 -3
1479924659526 12 -2
1479924660518 8 -2
1479924661566 1 -1
1479924663086 5 -1
1479924666727 11 2
1479924667654 5 1
1479924669718 5 -1
1479924670758 1 2
1479924671814 2 1
1479924673271 2 -1
1479924674487 1 -2
1479924675734 9 -2
1479924676854 5 2
1479924680599 1 1
1479924681822 10 1
1479924682982 10 -1
1479924684126 12 2
1479924685647 1 -1
1479924687974 11 -2
1479924690134 5 -2
1479924691358 9 2
1479924693607 1 3
1479924695854 2 1
1479924697126 10 1
1479924701126 11 1
1479924702262 1 -1
1479924703958 2 -1
1479924704726 1 -1
1479924705582 5 1
1479924709006 10 -1
1479924711160 R
1479924716381 11 -1
1479924718007 4 -1
1479924719422 1 1
1479924725206 1 -1
1479924727062 0 1
1479924727999 7 -2
1479924729111 5 -1
1479924731174 1 3
1479924733230 0 1
1479924736254 2 -1
1479924737982 12 -2
1479924740278 12 2
1479924741551 7 1
1479924744718 11 1
1479924750319 2 1
1479924752630 0 -1
1479924754750 11 -1
1479924756919 1 -2
1479924757814 5 1
1479924758774 7 1
1479924760894 0 -1
1479924761719 3 1
1479924764894 3 -1
1479924767886 11 2
1479924768694 7 1
1479924769566 4 -1
1479924772278 4 1
1479924773254 7 -1
1479924773942 0 1
1479924774886 7 -2
1479924775855 5 -1
1479924776790 11 -2
1479924779606 1 2
1479924781718 2 -1
1479924783758 12 -2
1479924790863 6 -2
1479924792722 1 -1
1479924793766 11 2
1479924795062 11 -2
1479924797847 6 2
1479924798998 1 1
1479924805166 7 1
1479924806959 0 1
1479924813143 U
1479924816366 R
1479924827407 11 -1
1479924829118 11 2
1479924830070 4 -1
1479924831782 1 1
1479924832822 11 -2
1479924835070 3 1
1479924836214 10 4
1479924839086 3 -1
1479924839838 0 1
1479924841894 1 -1
1479924844062 7 -3
1479924845215 4 -1
1479924847270 4 2
1479924848606 0 -1
1479924850550 3 1
1479924852086 5 -1
1479924852894 4 -2
1479924854550 3 1
1479924856422 3 -2
1479924857136 1 3
1479924859350 0 2
1479924860519 7 1
1479924862718 10 -1
1479924863447 2 -1
1479924865150 12 -2
1479924873217 11 1
1479924874871 4 1
1479924876255 7 1
1479924877926 0 -1
1479924879366 0 1
1479924880559 R
1479924885320 11 -1
1479924887807 3 1
1479924889078 10 1
1479924890910 10 -1
1479924891870 3 -1
1479924924550 3 1
1479924929014 4 -1
1479924929950 1 1
1479924930806 3 -1
1479924932854 3 1
1479924934695 11 2
1479924935478 7 1
1479924936230 4 -1
1479924937327 3 1
1479924939247 1 -1
1479924941062 1 1
1479924942518 11 -1
1479924944894 3 -2
1479924948175 0 1
1479924949206 4 1
1479924950670 7 -3
1479924951950 5 -1
1479924952910 11 -1
1479924953790 4 -1
1479924954990 1 2
1479924957174 2 -1
1479924958663 12 -2
1479924961078 6 -2
1479924964838 0 1
1479924969822 11 1
1479924970710 4 1
1479924971679 7 1
1479924977111 6 2
1479924982718 0 -1
1479924989734 11 -1
1479924990710 11 1
1479924994342 R
1479925000022 3 1
1479925001431 3 -1
1479925002824 4 -1
1479925003854 1 1
1479925005598 3 1
1479925007319 10 4
1479925009278 3 -1
1479925010206 0 1
1479925010945 1 -1
1479925014814 7 -3
1479925015838 4 -1
1479925018687 0 -1
1479925019495 3 2
1479925020430 1 1
1479925021167 1 -1
1479925021927 1 1
1479925023575 10 -3
1479925028086 1 -1
1479925039854 3 -1
1479925040879 4 2
1479925043134 4 -2
1479925044643 5 -1
1479925046343 11 1
1479925047510 3 1
1479925050510 1 2
1479925051998 2 -3
1479925053454 12 -2
1479925054631 8 -2
1479925055751 1 -2
1479925057287 5 1
1479925058631 11 -2
1479925060246 5 -1
1479925062046 1 3
1479925065302 1 -3
1479925070478 11 2
1479925071374 5 1
1479925072327 5 -1
1479925073350 1 2
1479925074502 2 1
1479925076486 2 -1
1479925077326 8 2
1479925078455 1 -2
1479925082479 8 -2
1479925083863 11 -2
1479925084726 1 3
1479925088288 2 1
1479925091358 1 -1
1479925093246 11 2
1479925093891 11 -2
1479925096017 1 1
1479925098839 10 1
1479925101222 2 -1
1479925102847 1 -2
1479925103822 5 1
1479925105990 10 -1
1479925107246 1 -1
1479925108926 5 -1
1479925110734 9 -2
1479925111734 6 -2
1479925113219 11 4
1479925114668 5 3
1479925116863 3 2
1479925119470 3 -2
1479925121616 3 2
1479925122614 4 2
1479925124430 4 -2
1479925127222 3 -1
1479925128094 0 1
1479925129431 7 1
1479925130286 10 -1
1479925132350 3 1
1479925133222 4 1
1479925134478 7 2
1479925135670 2 -1
1479925136886 7 1
1479925137814 4 -1
1479925140815 4 2
1479925142390 7 -2
1479925144598 4 -1
1479925146694 1 1
1479925151246 10 2
1479925152233 2 1
1479925153535 7 2
1479925154472 4 -1
1479925155676 3 -1
1479925156314 2 -1
1479925157458 10 -2
1479925159823 2 1
1479925161510 10 2
1479925162839 3 1
1479925164263 4 1
1479925165742 7 -4
1479925171822 0 -1
1479925172570 4 -1
1479925174566 3 -2
1479925176038 3 2
1479925177990 0 1
1479925183535 10 -1
1479925184878 1 -1
1479925186310 4 2
1479925188022 4 -2
1479925189526 3 -1
1479925191318 11 -4
1479925193590 3 1
1479925194647 0 -1
1479925195990 3 -2
1479925197334 5 -3
1479925200094 1 3
1479925202814 9 2
1479925206783 1 -2
1479925208510 9 -2
1479925210649 5 3
1479925214358 3 2
1479925215446 1 -1
1479925217839 4 2
1479925219576 4 -2
1479925221214 3 -2
1479925222120 5 -3
1479925223654 9 2
1479925224830 6 2
1479925227455 1 3
1479925228710 2 1
1479925230599 10 1
1479925231494 2 -1
1479925235606 11 1
1479925236419 11 -1
1479925239821 10 -1
1479925240429 2 1
1479925241117 10 1
1479925249149 1 -1
1479925251941 2 -1
1479925253101 1 -1
1479925254054 5 1
1479925255158 9 -2
1479925256021 6 -2
1479925257077 5 2
1479925258574 3 2
1479925263341 10 -1
1479925266326 3 -1
1479925267205 0 1
1479925267989 7 1
1479925270053 11 4
1479925271157 3 1
1479925272774 4 1
1479925274525 7 3
1479925275333 2 -1
1479925276437 10 -1
1479925277261 4 -1
1479925278573 0 -1
1479925280189 3 -4
1479925282165 5 -2
1479925284102 11 -3
1479925286317 5 2
1479925288654 0 1
1479925290037 4 1
1479925290918 7 -2
1479925291774 11 -1
1479925292701 5 -3
1479925294021 1 2
1479925295494 0 1
1479925296662 9 2
1479925297654 6 2
1479925298566 0 3
