1481999722572 7 1
1481999723415 4 -2
1481999724338 1 1
1481999725914 3 2
1481999727123 10 4
1481999728217 1 -1
1481999729019 3 -2
1481999730563 0 1
1481999731883 4 2
1481999732890 7 -4
1481999733596 5 -1
1481999734445 4 -2
1481999735578 1 3
1481999736737 0 1
1481999738750 11 -1
1481999740202 0 -2
1481999742816 1 -3
1481999744499 3 2
1481999745583 3 -2
1481999746698 3 2
1481999747429 1 3
1481999748531 2 -3
1481999749368 10 -3
1481999750215 8 -2
1481999750867 12 -2
1481999751921 1 -3
1481999756617 6 -2
1481999757287 9 -2
1481999758121 5 3
1481999758834 3 2
1481999759674 0 1
1481999762402 7 1
1481999763665 10 -1
1481999768104 3 -1
1481999769304 3 1
1481999771433 10 1
1481999771930 7 -1
1481999772818 4 2
1481999773370 0 -1
1481999774422 4 -2
1481999777540 3 -2
1481999778273 11 4
1481999779023 3 2
1481999781985 1 1
1481999782752 10 1
1481999784672 4 1
1481999788002 U
1481999789156 U
1481999789879 R
1481999794351 7 1
1481999795368 4 -2
1481999799136 1 1
1481999799582 3 2
1481999800011 10 4
1481999802018 3 -2
1481999803160 1 -1
1481999805680 0 1
1481999806247 4 2
1481999807412 7 -4
1481999810287 4 -2
1481999810752 5 -1
1481999811591 11 -1
1481999814072 1 3
1481999814982 0 -1
1481999816400 1 -3
1481999819814 1 3
1481999820846 3 2
1481999821689 10 -3
1481999822670 2 -3
1481999823561 12 -2
1481999824237 8 -2
1481999825711 1 -3
1481999832705 6 -2
1481999833364 9 -2
1481999833839 5 3
1481999836215 3 2
1481999837591 0 1
1481999841598 7 1
1481999844454 4 2
1481999849182 10 -1
1481999851230 10 1
1481999851774 7 -1
1481999852241 0 -1
1481999853893 4 -2
1481999857438 1 1
1481999858800 1 -1
1481999860418 R
1481999863577 7 1
1481999868275 0 1
1481999869181 7 -3
1481999870711 11 -1
1481999871365 5 -1
1481999872111 4 -2
1481999873833 1 3
1481999874988 2 -1
1481999875991 12 -2
1481999880044 12 2
1481999880788 2 1
1481999881630 1 -3
1481999885580 1 3
1481999887802 0 1
1481999892876 2 -1
1481999893749 12 -2
1481999898595 0 -1
1481999899731 0 1
1481999900492 0 -1
1481999902115 6 -2
1481999903596 6 2
1481999904087 12 2
1481999904775 2 1
1481999910440 2 -1
1481999911323 12 -2
1481999912189 6 -2
1481999913915 1 -1
1481999915395 11 2
1481999919121 4 1
1481999919907 7 1
1481999923482 7 -1
1481999925324 U
1481999930107 6 2
1481999933610 11 -2
1481999934594 1 1
1481999935667 0 1
1481999936938 7 -1
1481999937802 4 -1
1481999940634 12 2
1481999941178 2 1
1481999945899 0 -1
1481999946906 0 1
1481999949322 2 -1
1481999949915 12 -2
1481999950954 6 -2
1481999953361 6 2
1481999954785 12 2
1481999955762 2 1
1481999957212 0 -1
1481999959161 11 1
1481999960378 1 -3
1481999961489 5 1
1481999962098 4 2
1481999962891 7 3
1481999964688 4 -2
1481999966465 4 2
1481999969216 7 -2
1481999969985 5 -1
1481999970993 4 -1
1481999971578 1 3
1481999972785 2 -1
1481999975264 2 1
1481999979337 2 -1
1481999981697 7 -1
1481999982841 4 -1
1481999984200 0 1
1481999985251 2 1
1481999989161 11 -1
1481999991256 0 -1
1481999992045 1 -3
1481999996344 1 3
1482000000017 0 1
1482000001316 0 -1
1482000002959 4 1
1482000003671 4 -1
1482000006761 1 -3
1482000014777 U
1482000016200 U
1482000016520 U
1482000017863 0 1
1482000018471 2 -1
1482000019099 12 -2
1482000020222 6 -2
1482000025423 6 2
1482000026893 6 -2
1482000029581 0 -1
1482000031778 R
1482000034798 3 1
1482000035374 10 1
1482000036724 4 -1
1482000037462 1 1
1482000038617 10 3
1482000039552 3 -1
1482000041848 1 -1
1482000042709 0 1
1482000043563 7 -3
1482000045381 4 -1
1482000046170 5 -1
1482000047184 11 -1
1482000050500 1 3
1482000051214 0 -1
1482000052181 3 2
1482000052849 2 -3
1482000053703 10 -3
1482000055484 8 -2
1482000056502 12 -2
1482000058054 2 1
1482000058704 10 1
1482000065022 8 2
1482000065692 2 1
1482000066285 10 1
1482000066857 3 -2
1482000069796 0 2
1482000073421 0 -2
1482000074654 3 2
1482000075412 2 -2
1482000076036 10 -2
1482000077756 12 2
1482000078388 8 -2
1482000078939 12 -2
1482000079828 1 -3
1482000081683 6 -2
1482000082261 9 -2
1482000082905 5 3
1482000083574 3 2
1482000088476 0 1
1482000089563 7 1
1482000090064 10 -1
1482000091924 4 2
1482000092606 7 2
1482000093894 2 -1
1482000094709 0 -1
1482000097339 4 -1
1482000098203 1 1
1482000098860 0 1
1482000100194 7 -1
1482000103742 1 -1
1482000107107 7 1
1482000108156 0 -1
1482000110591 4 1
1482000112019 0 1
1482000112594 2 1
1482000113196 10 1
1482000113690 7 -3
1482000114951 0 -1
1482000115556 4 -2
1482000116707 3 -2
1482000117867 5 -3
1482000118867 9 2
1482000119682 6 2
1482000122204 1 3
1482000123562 2 1
1482000124346 10 1
1482000125794 10 -1
1482000126491 2 -1
1482000127882 1 -3
1482000129136 6 -2
1482000129844 9 -2
1482000130572 5 3
1482000131265 3 2
1482000135874 3 -2
1482000136566 5 -3
1482000138019 5 3
1482000139514 3 2
1482000140210 1 1
1482000142833 0 1
1482000144152 7 1
1482000144847 10 -1
1482000146122 1 -1
1482000148753 3 -1
1482000150674 3 1
1482000151491 3 -1
1482000152548 11 4
1482000153881 3 1
1482000158193 4 2
1482000159057 7 3
1482000159923 2 -1
1482000160946 0 -1
1482000162193 4 -2
1482000163152 3 -4
1482000164341 5 -2
1482000167993 11 -3
1482000168854 9 2
1482000169659 6 2
1482000173842 8 2
1482000174573 12 2
1482000175793 12 -2
1482000176634 8 -2
1482000177944 9 -2
1482000180105 0 1
1482000181001 4 2
1482000181711 7 -2
1482000182312 5 -1
1482000183240 11 -1
1482000184047 4 -1
1482000185088 1 3
1482000186032 9 2
1482000186909 0 4
