1481863538910 7 1
1481863539293 4 -2
1481863539954 3 2
1481863540323 1 1
1481863543316 3 -1
1481863543633 4 1
1481863543949 7 -1
1481863546807 3 -1
1481863547145 0 1
1481863547511 7 -2
1481863547998 5 -1
1481863548491 1 2
1481863549543 7 1
1481863551697 11 -1
1481863552224 1 -3
1481863552927 5 1
1481863553685 4 1
1481863553977 11 2
1481863554879 7 2
1481863555299 4 -2
1481863555651 0 -1
1481863556007 3 2
1481863558473 1 1
1481863559025 10 4
1481863559606 1 -1
1481863560135 3 -2
1481863560618 0 1
1481863560883 4 1
1481863561332 7 -4
1481863561698 4 -1
1481863561939 0 -1
1481863562974 5 -1
1481863564224 1 2
1481863567142 11 -2
1481863567512 1 1
1481863569401 0 2
1481863570160 0 -2
1481863572902 3 2
1481863573288 2 -3
1481863573612 10 -3
1481863574056 1 -3
1481863574398 8 -2
1481863574726 12 -2
1481863575135 9 -2
1481863575464 6 -2
1481863575854 5 3
1481863576189 11 4
1481863576639 3 2
1481863577054 4 1
1481863577329 0 1
1481863577682 7 4
1481863578009 4 -1
1481863578296 0 -1
1481863579562 10 -1
1481863580056 2 -1
1481863580472 3 -4
1481863580874 0 1
1481863581145 4 1
1481863581531 7 -2
1481863581995 11 -4
1481863582670 5 -3
1481863583707 1 3
1481863584057 9 2
1481863584398 6 2
1481863585028 0 5
