1482688222168 0 1
1482688223920 7 -2
1482688225659 4 -2
1482688226445 5 -1
1482688227158 11 -1
1482688228643 1 3
1482688233111 0 1
1482688238168 R
1482688240695 7 1
1482688241577 4 -2
1482688242620 3 2
1482688256278 1 1
1482688265783 11 1
1482688268242 3 -2
1482688269173 0 1
1482688270278 4 1
1482688271101 7 -3
1482688271982 5 -1
1482688272958 11 -2
1482688273894 1 2
1482688275042 2 -1
1482688275775 12 -2
1482688276973 6 -2
1482688279229 0 1
1482688280056 4 -1
1482688281031 0 -1
1482688282677 1 -1
1482688283885 11 2
1482688286502 R
1482688290789 7 1
1482688291494 4 -2
1482688292789 1 1
1482688293837 3 2
1482688295148 10 4
1482688296272 3 -2
1482688297099 1 -1
1482688298197 0 1
1482688299453 4 1
1482688300349 7 -4
1482688301053 4 -1
1482688301669 5 -1
1482688302517 11 -1
1482688303211 0 -1
1482688305675 1 3
1482688310279 1 -3
1482688311308 1 2
1482688312220 1 1
1482688314420 3 2
1482688315788 2 -3
1482688316766 10 -3
1482688317533 8 -2
1482688318221 12 -2
1482688319180 1 -3
1482688320539 9 -2
1482688321436 6 -2
1482688323292 5 3
1482688325388 11 4
1482688326630 3 2
1482688329963 0 1
1482688331779 0 -1
1482688332502 3 -2
1482688333189 5 -3
1482688334384 1 3
1482688335498 9 1
1482688337194 6 1
1482688340482 10 1
1482688341090 2 1
1482688342192 2 -1
1482688342776 10 -1
1482688344042 1 -3
1482688347628 9 -1
1482688348204 6 -1
1482688348941 5 3
1482688349985 3 2
1482688351858 4 1
1482688352698 0 1
1482688353561 7 4
1482688354466 10 -1
1482688355066 2 -1
1482688355922 4 -1
1482688360241 3 -1
1482688361343 0 -1
1482688362858 3 -3
1482688364154 4 2
1482688365418 5 -2
1482688366338 6 1
1482688367000 9 1
1482688368967 4 -2
1482688371923 11 -3
1482688372936 9 1
1482688373551 6 1
1482688374612 4 4
1482688375749 7 -1
1482688376394 0 1
1482688376954 7 -1
1482688377526 5 -1
1482688378476 1 3
1482688381366 0 4
