1482398503952 6 -1
1482398505037 8 1
1482398506131 0 2
1482398511412 2 -1
1482398515122 2 1
1482398516112 0 -2
1482398517165 8 -2
1482398518951 6 3
1482398520255 2 1
1482398524303 8 1
1482398525220 0 2
1482398526714 2 -2
1482398527401 6 -3
1482398528133 8 1
1482398529216 3 -1
1482398534827 3 1
1482398535977 3 -1
1482398536615 7 1
1482398538025 2 1
1482398542530 2 -1
1482398543533 7 -1
1482398555365 7 1
1482398557289 2 1
1482398557855 0 -2
1482398560075 R
1482398565718 4 2
1482398567208 0 -1
1482398568480 2 -1
1482398569049 8 -1
1482398570019 5 -3
1482398572439 8 1
1482398573955 8 -1
1482398574570 5 3
1482398575911 R
1482398596972 6 -1
1482398600698 8 -1
1482398601862 8 1
1482398602572 6 3
1482398603686 2 1
1482398608899 8 -1
1482398609923 5 -1
1482398610923 2 -1
1482398611887 6 -3
1482398614421 4 1
1482398615009 0 -1
1482398615663 2 -1
1482398616565 5 -2
1482398617481 8 2
1482398621627 3 -1
1482398622473 7 3
1482398630043 7 -3
1482398634527 7 3
1482398635787 1 1
1482398637049 2 -1
1482398637910 9 1
1482398639472 10 1
1482398640695 10 -1
1482398641384 9 -1
1482398642863 9 1
1482398645405 3 -2
1482398648041 R
1482398656948 6 -1
1482398677120 8 -1
1482398678142 5 -1
1482398683115 4 1
1482398684638 0 -1
1482398686229 2 -1
1482398688717 5 -2
1482398692590 8 2
1482398693624 3 -1
1482398694472 7 3
1482398702863 1 1
1482398703937 11 1
1482398705511 9 1
1482398706305 10 1
1482398710872 7 -1
1482398714320 11 -1
1482398715049 10 -1
1482398715768 9 -1
1482398716667 1 -1
1482398717661 7 -2
1482398718407 3 1
1482398719239 8 -2
1482398719951 5 3
1482398720531 6 3
1482398721297 4 1
1482398723939 2 2
1482398724932 8 1
1482398726954 0 3
1482398728239 2 -2
1482398729018 6 -2
1482398731210 2 1
1482398733432 R
1482398756360 6 -1
1482398757252 4 1
1482398757696 0 -1
1482398758362 2 -1
1482398758775 8 -1
1482398759357 5 -3
1482398761088 8 2
1482398761524 3 -1
1482398762303 7 3
1482398763980 9 1
1482398764573 1 1
1482398765250 1 -1
1482398769142 1 1
1482398770186 2 -1
1482398773078 3 -2
1482398775088 8 -2
1482398783024 5 2
1482398785788 6 2
1482398787685 4 1
1482398788741 3 -1
1482398789450 2 2
1482398794046 6 -1
1482398800257 1 -1
1482398801221 7 -2
1482398803015 6 2
1482398806241 2 -1
1482398806911 6 -2
1482398807765 7 2
1482398811650 5 -2
1482398812846 8 1
1482398813857 8 -1
1482398814405 5 2
1482398815265 2 1
1482398818793 7 -2
1482398819440 5 1
1482398820221 8 1
1482398821463 0 3
1482398822208 2 -1
1482398825541 2 1
1482398831184 0 -2
1482398833073 0 2
1482398833733 2 -1
1482398834470 2 1
1482398835165 0 -3
1482398837669 6 2
1482398839277 6 -2
1482398840404 8 -1
1482398840996 2 -1
1482398842384 5 -2
1482398847885 7 2
1482398848481 5 1
1482398849024 2 1
1482398849870 0 1
1482398850889 1 1
