1482388761831 6 2
1482388763905 4 2
1482388764782 2 1
1482388771881 2 -1
1482388772732 6 -2
1482388773413 4 -1
1482388774301 4 -1
1482388774907 6 -1
1482388776928 8 1
1482388777706 3 -1
1482388781582 7 1
1482388783139 9 1
1482388784248 10 1
1482388788248 4 1
1482388789223 0 -1
1482388790793 2 -1
1482388797865 2 1
1482388798900 0 3
1482388801545 2 -1
1482388802693 4 -1
1482388806307 2 1
1482388807382 0 -2
1482388811010 10 -1
1482388811999 9 -1
1482388812849 7 -1
1482388813663 3 1
1482388815601 8 -2
1482388817390 6 3
1482388819292 2 1
1482388844158 8 1
1482388844872 0 2
1482388846256 2 -2
1482388846971 6 -3
1482388847995 8 1
1482388849624 2 1
1482388850463 3 -1
1482388851328 7 1
1482388854131 0 -2
1482388856662 7 -1
1482388858105 3 1
1482388859413 8 -2
1482388870994 4 1
1482388872673 0 -1
1482388874352 2 -1
1482388875452 5 -3
1482388876537 8 2
1482388880057 3 -1
1482388881018 7 3
1482388885610 9 1
1482388886337 1 1
1482388889832 2 -1
1482388902238 3 -2
1482388904201 8 -2
1482388905215 5 2
1482388907217 6 2
1482388908165 4 1
1482388913659 3 -1
1482388914968 2 2
1482388916079 0 1
1482388919993 6 -1
1482388922868 1 -1
1482388923662 9 -1
1482388931102 7 -3
1482388932040 5 1
1482388932671 8 1
1482388934140 0 1
1482388935188 0 1
1482388936584 2 -1
1482388941657 6 2
1482388943101 2 2
1482388944212 3 1
1482388945125 4 -2
1482388951469 4 1
1482388953445 4 -1
1482388955777 7 1
1482388957102 9 1
1482388958311 9 -1
1482388959322 7 -1
1482388969673 4 2
1482388972883 3 -1
1482388987171 0 -3
1482388990937 2 -2
1482388993690 6 -2
1482388995603 8 -1
1482388998344 5 -2
1482389001109 7 3
1482389003665 1 1
1482389005417 1 -1
1482389007815 5 1
1482389009874 2 1
1482389011691 2 -1
1482389012580 1 1
1482389013950 2 -1
1482389016138 5 -2
1482389017410 8 1
1482389019148 9 1
1482389023578 2 1
1482389024680 2 -1
1482389028851 3 1
1482389030319 4 -1
1482389032024 6 -1
1482389033788 8 -1
1482389037124 8 2
1482389038370 3 2
1482389040344 2 1
1482389045129 10 1
1482389046415 11 1
1482389049119 11 -1
1482389051575 1 -1
1482389053158 10 -1
1482389055487 9 -1
1482389056688 7 -3
1482389065786 7 3
1482389072084 9 1
1482389073095 1 1
1482389074996 2 -1
1482389079416 10 1
1482389080973 2 1
1482389082602 1 -1
1482389087084 10 -1
1482389087973 9 -1
1482389089147 7 -3
1482389100245 R
1482389147414 4 1
1482389166832 R
1482389178868 8 -1
