1482401622173 0 2
1482401623628 4 2
1482401658853 4 -2
1482401659790 6 -1
1482401662277 2 -1
1482401664446 4 1
1482401665173 2 1
1482401667253 0 -3
1482401668140 2 -1
1482401669101 8 -1
1482401669996 5 -3
1482401672053 8 2
1482401673653 3 -1
1482401674605 7 3
1482401678878 1 1
1482401680349 2 -1
1482401682157 3 -2
1482401684237 9 1
1482401687852 3 2
1482401688780 2 1
1482401689789 11 1
1482401691020 10 1
1482401693716 7 -1
1482401694781 7 1
1482401697111 11 -1
1482401697709 10 -1
1482401698534 1 -1
1482401699116 9 -1
1482401700669 7 -3
1482401705380 3 1
1482401706596 8 -2
1482401707324 5 3
1482401708173 6 3
1482401709532 4 1
1482401710356 2 2
1482401713292 2 -2
1482401718396 4 -1
1482401719068 6 -3
1482401720692 8 2
1482401722611 2 1
1482401723683 8 -1
1482401724516 6 3
1482401725483 2 1
1482401727723 8 -1
1482401750635 2 -2
1482401751370 6 -3
1482401753283 2 1
1482401753875 0 1
1482401754923 4 -1
1482401759412 8 2
1482401761067 0 2
1482401762083 2 -1
1482401764338 8 -1
1482401765083 6 3
1482401766339 2 2
1482401767691 0 -2
1482401772268 4 2
1482401773283 0 -1
1482401775059 2 -2
1482401775779 8 -1
1482401776619 6 -2
1482401777700 4 -1
1482401778970 6 -1
1482401779668 8 2
1482401780564 3 -1
1482401781147 2 1
1482401781844 0 3
1482401782771 4 -1
1482401783668 2 -1
1482401785548 2 1
1482401789828 0 -2
1482401790692 3 1
1482401791230 8 -2
1482401791828 6 3
1482401793133 2 1
1482401793812 8 1
1482401794662 0 2
1482401795974 4 2
1482401797845 0 -3
1482401798701 8 -1
1482401799341 2 -2
1482401800364 6 -2
1482401800868 5 -3
1482401802612 4 -1
1482401803324 6 -1
1482401804380 8 2
1482401805140 3 -1
1482401805868 7 3
1482401806974 1 1
1482401808052 9 1
1482401808796 2 -1
1482401812525 7 -1
1482401813604 3 -2
1482401814268 8 -2
1482401815148 5 2
1482401816148 6 3
1482401816942 4 1
1482401817427 3 -1
1482401818947 5 -1
1482401820020 5 -1
1482401820660 6 -2
1482401821564 8 1
1482401822227 7 1
1482401827587 2 1
1482401828196 1 -1
1482401829868 7 -2
1482401831051 6 2
1482401833180 8 -1
1482401833764 5 3
1482401835108 2 2
1482401836588 8 1
1482401839771 9 -1
1482401840794 7 -1
1482401841714 0 3
1482401875850 2 -2
1482401876651 6 -2
1482401877483 2 1
1482401882738 7 1
1482401885490 7 -1
1482401889140 6 2
1482401891395 2 1
1482401891875 3 1
1482401892922 4 -2
1482401894642 0 -2
1482401896363 8 -1
1482401896939 5 -1
1482401897843 7 2
1482401898699 1 1
1482401899339 9 1
1482401900923 10 1
1482401901635 11 1
1482401902788 4 -2
1482401903650 0 -1
1482401904482 3 -1
1482401905907 2 -2
1482401906579 5 -3
1482401907573 6 -3
1482401908707 2 1
1482401909202 8 2
1482401910443 0 3
1482401910883 7 1
1482401911611 0 2
