1482547449147 6 -1
1482547451371 8 1
1482547453242 3 -1
1482547454866 7 1
1482547458426 4 1
1482547459435 0 -1
1482547466559 9 1
1482547469177 10 1
1482547473514 2 -1
1482547479437 2 1
1482547480852 0 1
1482547482199 4 -1
1482547487854 10 -1
1482547489682 9 -1
1482547490978 7 -1
1482547493471 3 1
1482547496098 8 -2
1482547498442 5 -1
1482547500087 5 1
1482547501079 8 2
1482547503762 0 2
1482547504938 2 -1
1482547509306 8 -1
1482547509683 8 1
1482547511780 2 1
1482547512781 4 1
1482547514594 0 -3
1482547520842 2 -1
1482547523306 8 -2
1482547525642 5 -3
1482547528149 8 2
1482547530306 3 -1
1482547533410 7 3
1482547538378 7 -3
1482547541338 3 1
1482547542912 8 -2
1482547544586 5 3
1482547547458 6 3
1482547549215 2 2
1482547550986 8 1
1482547552495 0 2
1482547554027 4 -1
1482547555601 2 -1
1482547556893 6 -3
1482547560585 8 1
1482547562754 8 -1
1482547565276 8 1
1482547566988 3 -1
1482547568202 7 1
1482547573331 0 -1
1482547575953 0 2
1482547576825 0 -2
1482547578204 4 1
1482547579390 0 -1
1482547581042 2 -1
1482547586615 7 -1
1482547587516 3 1
1482547589194 8 -2
1482547590953 5 -3
1482547592674 8 2
1482547595477 3 -1
1482547596719 7 3
1482547598690 1 1
1482547601548 9 1
1482547606994 10 1
1482547607906 11 1
1482547610107 11 -1
1482547615685 10 -1
1482547620250 2 -1
1482547631098 3 -2
1482547633650 8 -2
1482547637722 6 2
1482547641129 4 1
1482547642672 3 -1
1482547646018 5 2
1482547651505 2 2
1482547654465 2 -2
1482547655874 3 1
1482547657466 4 -1
1482547660913 6 -2
1482547663074 5 -2
1482547665546 8 2
1482547677690 10 1
1482547680065 10 -1
1482547682781 8 -2
1482547691322 5 2
1482547695130 5 -2
1482547696690 8 2
1482547699754 3 1
1482547705531 3 -1
1482547706737 8 -2
1482547708218 5 2
1482547711422 7 -1
1482547714605 6 3
1482547715762 4 1
1482547717055 3 -1
1482547725610 2 3
1482547727568 10 1
1482547728529 11 1
1482547729544 0 1
1482547731043 3 1
1482547732628 4 -4
1482547737912 0 -1
1482547739403 3 -1
1482547742146 2 -2
1482547743692 6 -3
1482547748411 7 1
1482547751467 7 -1
1482547754154 2 1
1482547755775 2 -1
1482547757184 5 -3
1482547758867 2 1
1482547760483 8 2
1482547761817 7 1
1482547763076 0 5
