1481823066110 4 2
1481823068534 0 -1
1481823070333 2 -1
1481823070838 8 -1
1481823073341 5 -3
1481823074029 8 1
1481823076806 8 -1
1481823077702 5 3
1481823079022 6 2
1481823080942 2 2
1481823081478 8 1
1481823082270 0 3
1481823082974 2 -2
1481823084030 6 -2
1481823084518 4 -2
1481823085222 6 -1
1481823085965 8 1
1481823086670 2 1
1481823088390 0 -2
1481823088902 4 1
1481823089357 0 -1
1481823090062 2 -1
1481823093102 8 -2
1481823093742 6 3
1481823094782 4 1
1481823098702 8 1
1481823099342 2 1
1481823099966 0 3
1481823109525 4 -2
1481823110165 6 -3
1481823110718 8 1
1481823111190 3 -1
1481823111670 7 1
1481823112190 9 1
1481823115166 10 1
1481823123815 0 -2
1481823124471 4 1
1481823124927 0 -1
1481823125527 2 -1
1481823128007 2 1
1481823129656 0 3
1481823131095 2 -1
1481823131975 4 -1
1481823132983 2 1
1481823133863 0 -2
1481823135120 10 -1
1481823135440 9 -1
1481823135832 7 -1
1481823136336 3 1
1481823137847 8 -2
1481823139607 5 -1
1481823141991 6 3
1481823142655 2 1
1481823146888 2 -1
1481823147655 2 1
1481823148584 2 -1
1481823149399 6 -3
1481823150128 5 1
1481823150687 8 2
1481823151232 0 2
1481823151856 2 -1
1481823152887 8 -1
1481823153615 6 3
1481823154311 2 2
1481823155399 0 -2
1481823155983 8 -1
1481823156847 5 -1
1481823157839 2 -1
1481823158695 6 -3
1481823159311 5 1
1481823159911 8 2
1481823162687 8 -2
1481823164056 4 1
1481823164528 0 -1
1481823165056 2 -1
1481823165736 5 -3
1481823166999 8 2
1481823168871 3 -1
1481823169391 7 3
1481823170087 9 1
1481823170951 10 1
1481823171375 1 1
1481823171783 11 1
1481823176958 7 -1
1481823177762 7 1
1481823178633 11 -1
1481823178993 1 -1
1481823179842 7 -2
1481823181403 7 2
1481823181899 1 1
1481823182291 11 1
1481823198834 11 -1
1481823199491 2 -1
1481823200122 3 -2
1481823201282 8 -2
1481823201930 5 2
1481823202442 6 2
1481823202970 4 1
1481823203578 3 -1
1481823204242 2 2
1481823205482 1 -1
1481823206242 1 1
1481823206698 10 -1
1481823207514 9 -1
1481823207914 1 -1
1481823208593 7 -3
1481823209194 5 1
1481823209562 6 1
1481823210322 8 1
1481823212626 0 3
1481823213090 2 -1
1481823213834 6 -2
1481823216338 2 1
1481823217730 7 1
1481823218330 9 1
1481823220082 9 -1
1481823220658 0 -2
1481823221194 8 -1
1481823221986 5 -1
1481823222362 7 2
1481823223210 1 1
1481823224611 9 1
1481823228034 R
1481823289660 R
1481823302415 6 -1
1481823303288 8 1
1481823304551 3 -1
1481823305975 7 1
1481823308256 7 -1
1481823310095 0 2
1481823310759 2 -1
1481823312727 2 1
1481823313919 3 1
1481823314391 8 -1
1481823315063 6 3
1481823315638 2 1
1481823316679 0 -2
1481823317327 8 -1
1481823317935 5 -1
1481823320424 5 1
1481823320832 8 1
1481823324335 4 2
1481823324943 0 -1
1481823325679 2 -2
1481823326191 8 -1
1481823326983 5 -3
1481823332150 5 3
1481823333166 2 2
1481823333679 8 1
1481823334183 0 3
1481823335503 4 -2
1481823336079 2 -2
1481823336750 6 -3
1481823337663 8 1
1481823340399 2 1
1481823341159 3 -1
1481823341879 7 1
1481823348887 R
1481823399321 R
1481823450507 6 2
1481823452083 6 -3
1481823457914 4 1
1481823458602 0 2
1481823459499 0 -3
1481823461084 0 3
1481823463060 6 3
1481823463643 6 -3
1481823464212 6 3
1481823465219 2 -1
1481823465979 6 -3
1481823466763 8 1
1481823468987 3 -1
1481823474778 2 1
1481823475434 0 -3
1481823476099 3 1
1481823476843 8 -2
1481823478284 2 -1
1481823479645 6 3
1481823480198 4 1
1481823481061 5 -3
1481823482245 8 1
1481823484597 6 -2
1481823487149 6 2
1481823490101 8 -1
1481823490788 5 1
1481823492588 5 1
1481823493244 2 2
1481823500301 0 1
1481823500965 4 -2
1481823501797 2 -1
1481823502325 6 -3
1481823503654 4 1
1481823505028 0 -1
1481823505445 2 -1
1481823506100 5 -2
1481823507157 8 2
1481823509021 3 -1
1481823510101 7 3
1481823513493 1 1
1481823515149 2 -1
1481823518173 3 -2
1481823520252 8 -2
1481823520876 6 2
1481823521725 4 1
1481823522636 3 -1
1481823526996 5 2
1481823527860 2 2
1481823533430 2 -2
1481823534717 5 -2
1481823535669 8 1
1481823547279 8 -1
1481823547648 5 1
1481823548512 5 1
1481823549352 7 -1
1481823549936 6 1
1481823550632 2 3
1481823551176 0 1
1481823554616 1 -1
1481823555743 7 -2
1481823557183 5 1
1481823557703 8 1
1481823558367 0 2
1481823559079 2 -2
1481823559847 6 -2
1481823563559 7 1
1481823563999 9 1
1481823565688 10 1
1481823567175 10 -1
1481823567504 9 -1
1481823567864 7 -1
1481823569192 2 1
1481823569704 0 -3
1481823570296 8 -1
1481823570744 2 -1
1481823571176 5 -3
1481823571823 7 3
1481823572432 1 1
1481823572767 9 1
1481823573151 10 1
1481823573551 11 1
1481823574855 8 1
1481823576359 8 -1
1481823576919 5 2
1481823577463 2 1
1481823577879 0 1
1481823580231 6 1
1481823582935 7 -1
1481823583423 6 1
1481823584016 2 1
1481823584368 3 1
1481823584959 4 -4
1481823585768 3 -1
1481823587056 2 -1
1481823587584 6 -3
1481823588296 7 1
1481823592071 6 2
1481823592824 6 -2
1481823594143 0 -1
1481823594671 2 -1
1481823595399 5 -3
1481823596079 2 1
1481823596431 8 2
1481823596974 0 5
