1481743141231 6 2
1481743142599 2 1
1481743145334 2 -1
1481743146918 6 -3
1481743148039 0 2
1481743148782 2 -1
1481743150111 8 1
1481743153839 2 1
1481743154823 4 1
1481743155799 0 -3
1481743156703 2 -1
1481743157495 8 -2
1481743158799 5 -3
1481743161223 8 2
1481743165878 3 -1
1481743167239 7 3
1481743170201 1 1
1481743171023 2 -1
1481743173679 9 1
1481743179759 3 -2
1481743180726 8 -2
1481743181646 5 2
1481743184688 5 -2
1481743185455 8 2
1481743186655 3 2
1481743187783 2 1
1481743190887 10 1
1481743192103 10 -1
1481743193287 2 -1
1481743198142 2 1
1481743198792 1 -1
1481743199454 1 1
1481743200094 2 -1
1481743204495 3 -2
1481743205703 8 -2
1481743207071 5 2
1481743210927 5 -2
1481743212063 8 2
1481743215894 3 2
1481743216542 2 1
1481743217230 1 -1
1481743217992 9 -1
1481743218878 7 -3
1481743222071 7 3
1481743225999 1 1
1481743236062 2 -1
1481743237047 3 -2
1481743239223 9 1
1481743240495 8 -2
1481743241303 5 2
1481743242247 6 2
1481743243599 4 1
1481743244311 3 -1
1481743245367 2 2
1481743248279 6 -1
1481743249622 0 1
1481743252574 1 -1
1481743253846 7 -2
1481743254591 5 1
1481743255455 8 1
1481743256208 0 2
1481743258415 2 -1
1481743259679 2 1
1481743260544 6 2
1481743261199 2 1
1481743261807 3 1
1481743262639 4 -2
1481743268454 9 -1
1481743269366 7 -1
1481743272135 4 2
1481743272848 3 -1
1481743274783 2 -2
1481743275655 6 -2
1481743279016 7 1
1481743280735 7 -1
1481743282983 2 1
1481743284838 0 -1
1481743291447 0 1
1481743292167 0 -2
1481743293263 8 -1
1481743293824 0 -1
1481743294495 2 -1
1481743295520 5 -3
1481743296311 7 3
1481743298191 8 1
1481743302606 8 -1
1481743303391 5 2
1481743304134 2 1
1481743304918 0 1
1481743306006 7 -3
1481743306646 5 1
1481743307264 8 1
1481743308127 0 2
1481743308903 7 1
1481743309951 2 -1
1481743311839 2 1
1481743314120 R
1481743316647 6 -1
1481743317535 8 1
1481743318232 3 -1
1481743321214 7 1
1481743323014 0 2
1481743323718 2 -1
1481743325415 4 1
1481743326215 2 1
1481743327671 2 -1
1481743330143 2 1
1481743331199 0 -3
1481743332455 2 -1
1481743333543 7 -1
1481743334112 3 1
1481743334839 8 -2
1481743335695 5 -3
1481743336751 8 2
1481743339695 3 -1
1481743340414 7 3
1481743341046 1 1
1481743341766 2 -1
1481743342759 2 1
1481743356711 R
1481743360471 6 -1
1481743364767 0 2
1481743366032 2 -1
1481743367079 2 1
1481743368416 4 1
1481743369415 0 -3
1481743370151 2 -1
1481743370695 8 -1
1481743371623 5 -3
1481743373654 8 2
1481743374183 3 -1
1481743375471 7 3
1481743380407 1 1
1481743382319 2 -1
1481743383807 2 1
1481743385536 7 -1
1481743386015 1 -1
1481743386807 7 -2
1481743387655 3 1
1481743390566 8 -2
1481743391439 5 3
1481743393638 2 1
1481743394647 8 2
1481743395927 0 3
1481743397271 2 -1
1481743398279 8 -1
1481743399408 6 3
1481743400495 6 -3
1481743401407 8 1
1481743403071 3 -1
1481743404023 7 1
1481743407447 R
1481743414375 4 2
1481743415272 0 -1
1481743416096 2 -1
1481743416743 8 -1
1481743422791 5 -3
1481743425086 6 2
1481743426662 6 -2
1481743427550 4 -1
1481743428295 6 -1
1481743429230 8 2
1481743429888 3 -1
1481743431167 7 3
1481743435255 1 1
1481743436367 11 1
1481743437375 11 -1
1481743440751 11 1
1481743457855 11 -1
1481743458431 1 -1
1481743459479 7 -3
1481743460414 3 1
1481743462470 8 -2
1481743463326 5 3
1481743464624 2 1
1481743465647 8 1
1481743468487 0 2
1481743471631 0 -1
1481743473071 8 -1
1481743476079 5 -1
1481743477886 6 3
1481743479990 6 -3
1481743482567 R
1481743487399 8 -1
1481743488287 4 1
1481743488903 0 -1
1481743489807 2 -1
1481743490567 2 1
1481743491047 8 1
1481743492031 0 3
1481743494120 4 -1
1481743494863 2 -1
1481743495905 6 -1
1481743497015 8 1
1481743497752 3 -1
1481743498622 7 1
1481743500807 2 1
1481743503303 2 -1
1481743504247 7 -1
1481743504903 3 1
1481743505759 8 -1
1481743506495 2 1
1481743507168 0 -2
1481743508047 8 -1
1481743508793 5 -1
1481743511847 R
1481743517143 6 -1
1481743518728 4 1
1481743519264 0 -1
1481743520071 2 -1
1481743520584 8 -1
1481743521471 5 -3
1481743522519 8 2
1481743523096 3 -1
1481743524006 7 3
1481743525934 1 1
1481743527302 9 1
1481743527854 10 1
1481743528758 11 1
1481743529911 11 -1
1481743531326 10 -1
1481743531919 10 1
1481743532543 11 1
1481743541583 11 -1
1481743542294 2 -1
1481743543926 3 -2
1481743545990 8 -2
1481743546790 5 2
1481743549358 7 -1
1481743551983 7 1
1481743552671 5 -2
1481743553430 8 2
1481743554214 3 2
1481743554950 2 1
1481743555456 1 -1
1481743556606 7 -2
