1482547185259 6 -1
1482547193875 0 2
1482547196027 2 -1
1482547210532 8 1
1482547216666 2 1
1482547217954 4 1
1482547221289 3 -1
1482547224263 7 1
1482547226182 9 1
1482547227398 10 1
1482547230215 2 -1
1482547231950 4 -1
1482547238660 R
1482547243069 6 2
1482547244647 2 1
1482547246282 4 2
1482547252490 0 2
1482547261859 R
1482547267178 6 -1
1482547279690 4 1
1482547280985 0 -1
1482547282778 2 -1
1482547284290 8 -1
1482547294698 5 -3
1482547297259 8 2
1482547299466 3 -1
1482547301754 7 3
1482547306443 1 1
1482547308610 9 1
1482547311810 2 -1
1482547325138 3 -2
1482547333715 U
1482547334595 U
1482547335298 U
1482547335754 U
1482547336626 U
1482547339186 U
1482547345499 U
1482547346330 U
1482547356843 U
1482547357779 U
1482547363682 0 1
1482547366036 4 -1
1482547371706 8 1
1482547378250 U
1482547379018 U
1482547389546 0 -1
1482547392976 2 -1
1482547394138 8 -1
1482547397602 5 -2
1482547402730 6 1
1482547404802 4 1
1482547406631 5 -1
1482547413585 5 2
1482547415626 2 1
1482547417666 2 -1
1482547425618 5 -2
