1481818436571 6 1
1481818438395 3 -1
1481818439595 10 1
1481818441259 10 -2
1481818442635 9 -1
1481818444547 6 -2
1481818445939 9 2
1481818446915 10 3
1481818448491 3 3
1481818449411 0 1
1481818459235 5 1
1481818460715 2 1
1481818461651 0 2
1481818464163 3 -2
1481818465314 9 -2
1481818467554 5 -1
1481818468883 3 -1
1481818469500 8 1
1481818470306 1 -3
1481818471298 8 -1
1481818472626 9 -1
1481818473994 2 1
1481818475242 3 2
1481818479530 3 -2
1481818480466 2 -1
1481818482521 2 1
1481818484985 3 2
1481818486497 5 1
1481818487425 1 -1
1481818488153 3 -1
1481818490482 1 1
1481818491298 5 -1
1481818492066 3 -1
1481818492914 8 3
1481818498674 8 -3
1481818499577 2 -1
1481818500305 9 3
1481818501481 8 1
1481818502169 8 -1
1481818503057 3 3
1481818503753 0 -2
1481818504913 2 -1
1481818508706 5 1
1481818509354 1 -1
1481818509930 0 -1
1481818511026 3 -2
1481818511721 10 -4
1481818513697 2 1
1481818514865 3 2
1481818515721 0 3
1481818516889 3 -2
1481818519041 6 1
1481818521873 9 -3
1481818523049 6 1
1481818532625 0 2
