1482405618936 10 1
1482405619769 9 1
1482405620751 3 2
1482405627439 3 -3
1482405628879 8 1
1482405629711 1 -1
1482405630679 9 -3
1482405631496 10 -2
1482405633592 2 1
1482405636008 7 1
1482405640703 2 1
1482405641895 8 2
1482405643095 4 -1
1482405646583 6 -2
1482405651064 3 1
1482405656879 8 1
1482405658735 4 -1
1482405660191 8 -1
1482405661759 6 3
1482405665159 4 2
1482405666832 3 -1
1482405669488 7 -1
1482405671144 8 -2
1482405674304 2 -2
1482405681832 2 2
1482405682800 8 2
1482405685257 3 1
1482405686489 3 -1
1482405690136 8 -1
1482405691033 8 -1
1482405691824 2 -2
1482405692840 10 2
1482405693640 6 -2
1482405694888 9 3
1482405695816 1 1
1482405696400 8 -1
1482405698064 3 3
1482405699304 0 1
1482405705937 10 1
1482405706713 2 1
1482405707953 0 2
1482405709112 3 -3
1482405709920 8 1
1482405711192 1 -3
1482405717280 9 -3
1482405720617 9 3
1482405721329 8 -1
1482405723169 3 3
1482405752000 5 1
1482405752808 1 -1
1482405754065 0 -2
1482405755033 2 -1
1482405755833 10 -1
1482405756617 6 1
1482405763129 6 -1
1482405764016 10 1
1482405764696 2 1
1482405765360 0 2
1482405766713 1 1
1482405767329 5 -1
1482405768240 3 -3
1482405769368 9 -3
1482405790241 9 3
1482405791545 3 3
1482405793161 0 -2
1482405799945 5 1
1482405800904 1 -1
1482405805408 0 -1
1482405806513 3 -2
1482405807314 2 -1
1482405808409 10 -4
1482405811241 3 2
1482405812689 2 1
1482405816024 0 1
1482405820561 0 2
1482405821872 3 -2
1482405823008 9 -3
1482405824985 6 2
1482405826025 0 3
