1479255560635 6 -1
1479255561410 2 -1
1479255562075 9 1
1479255562707 7 1
1479255563898 7 -1
1479255564706 9 -2
1479255565563 2 1
1479255566290 6 2
1479255567940 5 1
1479255568595 10 1
1479255569018 0 -1
1479255569794 3 2
1479255570538 1 -3
1479255571450 7 -1
1479255572875 9 -1
1479255573618 12 -1
1479255574410 3 -1
1479255575722 6 -2
1479255577810 13 -1
1479255578683 8 1
1479255598018 6 2
1479255601522 3 1
1479255602770 4 1
1479255603474 10 1
1479255607602 3 -1
1479255608817 6 -3
1479255611346 9 2
1479255611834 7 2
1479255612698 1 2
1479255614507 9 -1
1479255614995 7 -1
1479255615562 1 -2
1479255616194 7 -1
1479255616684 9 -1
1479255619002 6 3
1479255620194 10 -1
1479255621410 4 -1
1479255622650 6 -2
1479255624066 7 2
1479255624659 9 2
1479255625850 1 2
1479255627868 8 -1
1479255628495 13 1
1479255629018 12 1
1479255629562 1 1
1479255630002 3 -1
1479255632058 0 1
1479255632668 7 -1
1479255633218 9 -1
1479255633947 6 2
1479255638042 10 -1
1479255638787 5 -1
1479255639498 2 -1
1479255640194 6 -2
1479255640954 9 2
1479255641938 7 1
1479255645684 9 -2
1479255646250 7 -1
1479255646945 2 1
1479255647738 6 2
1479255651187 5 1
1479255651948 10 1
1479255652421 0 -1
1479255653266 3 2
1479255654018 11 1
1479255655292 1 -2
1479255656218 1 -1
1479255657141 7 -1
1479255657746 9 -1
1479255658789 12 -1
1479255663643 13 -1
1479255664573 8 1
1479255666331 11 -1
1479255734818 3 -1
1479255735491 7 1
1479255735971 9 1
1479255736850 1 2
1479255739290 4 1
1479255740139 10 1
1479255741066 3 1
1479255741898 11 1
1479255742315 1 -2
1479255743098 7 -1
1479255743818 9 -1
1479255745130 11 -1
1479255746058 3 -1
1479255746659 6 -3
1479255748270 6 3
1479255749371 10 -1
1479255749842 4 -1
1479255750570 8 -1
1479255751275 13 1
1479255754507 6 -2
1479255763364 7 2
1479255764163 9 2
1479255765491 1 2
1479255766034 12 1
1479255766594 1 1
1479255770803 3 -1
1479255778274 0 1
1479255780738 7 -1
1479255781290 9 -1
1479255782396 10 -1
1479255783579 5 -1
1479255784186 2 -1
1479255785306 6 2
1479255787307 2 1
1479255787810 5 1
1479255788547 10 1
1479255789119 0 -1
1479255789858 3 2
1479255790506 11 1
1479255791259 1 -3
1479255792147 7 -1
1479255792664 9 -1
1479255793244 12 -1
1479255795714 13 -1
1479255796554 8 1
1479255800795 4 1
1479255801466 10 1
1479255802458 11 -1
1479255803035 3 -1
1479255803538 6 -3
1479255804419 3 1
1479255808362 7 2
1479255808978 9 2
1479255809906 1 2
1479255810475 11 3
1479255814339 1 -2
1479255817362 1 2
1479255819986 3 -1
1479255820722 6 1
1479255821498 10 -1
1479255822092 4 -1
1479255822564 8 -1
1479255823154 13 1
1479255823682 12 1
1479255824770 1 1
1479255825523 3 -1
1479255826210 0 1
1479255827611 10 -3
1479255828308 6 -1
1479255828874 5 -1
1479255830386 0 -1
1479255832722 3 3
1479255833731 1 -2
1479255834204 11 -2
1479255835138 7 -1
1479255835707 9 -2
1479255836914 3 -1
1479255837675 12 -1
1479255838811 2 -1
1479255839411 7 1
1479255840203 11 1
1479255841476 9 3
1479255842714 1 1
1479255843235 11 1
1479255845419 3 -1
1479255846812 6 1
1479255850075 6 -1
1479255850594 3 1
1479255851188 1 -1
1479255851730 11 -2
1479255852931 9 -3
1479255854403 7 -1
1479255855202 2 1
1479255855906 3 1
1479255862122 0 1
1479255862949 10 1
1479255863563 1 -1
1479255864474 7 -1
1479255866573 0 2
1479255893594 0 1
1479255897722 0 -1
