1481873876571 9 -1
1481873877476 6 1
1481873879602 5 1
1481873880200 10 1
1481873880638 0 -1
1481873881694 3 2
1481873882407 11 1
1481873882984 11 -1
1481873884368 1 -3
1481873885086 7 -1
1481873885654 9 -1
1481873886132 12 -1
1481873887765 3 -1
1481873889452 6 -2
1481873891485 13 -1
1481873892345 8 1
1481873893096 4 1
1481873893643 10 1
1481873894271 6 -1
1481873895064 3 1
1481873896212 3 -1
1481873897594 3 1
1481873898363 7 2
1481873899531 9 2
1481873900755 11 3
1481873902529 11 -2
1481873903413 11 -1
1481873906923 9 -2
1481873907617 7 -2
1481873908275 3 -1
1481873909661 3 1
1481873912400 3 -1
1481873913346 6 3
1481873915071 10 -1
1481873915595 10 1
1481873917837 3 1
1481873918620 3 -1
1481873920232 7 1
1481873920896 1 1
1481873922027 9 1
1481873922589 1 1
1481873925156 10 -1
1481873928000 3 1
1481873929278 10 1
1481873930698 1 -2
1481873931550 7 -1
1481873932829 9 -1
1481873934384 3 -1
1481873935746 6 -3
1481873940623 9 2
1481873941916 7 2
1481873942959 1 2
1481873944117 3 1
1481873945512 11 3
1481873948132 3 -1
1481873949084 3 1
1481873957240 1 -2
1481873960081 11 -3
1481873961324 9 -2
1481873962587 7 -2
1481873963681 3 -1
1481873966045 9 2
1481873967082 9 -2
1481873970222 6 3
1481873970928 6 -2
1481873972550 7 2
1481873973753 9 2
1481873975017 1 2
1481873975630 1 -2
1481873976531 9 -2
1481873977502 7 -2
1481873988558 9 2
1481873989248 7 2
1481873991186 9 -2
1481873991607 7 -2
1481874004371 6 2
1481874006064 10 -1
1481874008237 6 -2
1481874009297 7 2
1481874009816 9 2
1481874011043 4 -1
1481874012113 8 -1
1481874012963 13 1
1481874013587 12 1
1481874015316 1 3
1481874016495 3 -1
1481874018276 7 -1
1481874018754 9 -1
1481874019668 6 2
1481874020464 3 2
1481874021671 1 -3
1481874022681 1 3
1481874025450 3 -2
1481874026162 6 -2
1481874035741 9 1
1481874036183 7 1
1481874037053 3 1
1481874039006 3 -1
1481874039609 7 -1
1481874040042 9 -1
1481874041047 6 2
1481874043460 0 1
1481874044796 10 -1
1481874045828 5 -1
1481874047012 6 -2
1481874048114 9 1
1481874048514 7 1
1481874051583 9 -1
1481874052110 7 -1
1481874052862 2 -1
1481874053747 6 2
1481874056163 6 -2
1481874057082 9 2
1481874058670 7 1
1481874062814 7 -1
1481874066897 9 -2
1481874067616 2 1
1481874068144 6 2
1481874069199 5 1
1481874070100 10 1
1481874070613 0 -1
1481874071817 0 1
1481874073031 10 -1
1481874073614 10 1
1481874075198 R
1481874077331 5 1
1481874077876 10 1
1481874078598 0 -1
1481874079592 3 1
1481874080555 1 -3
1481874081914 9 -2
1481874082581 7 -1
1481874083181 12 -1
1481874083977 6 1
1481874085948 3 1
1481874088238 13 -1
1481874089351 8 1
1481874090454 4 1
1481874090997 10 1
1481874093560 3 -1
1481874094913 6 -3
1481874096437 3 1
1481874097056 9 2
1481874097681 7 2
1481874099513 11 3
1481874099972 1 2
1481874102047 11 -2
1481874104146 1 -2
1481874106281 7 -2
1481874106764 9 -2
1481874111979 9 2
1481874113664 7 2
1481874114958 11 2
1481874115466 1 2
1481874117573 3 -1
1481874119117 6 1
1481874120115 10 -1
1481874120632 4 -1
1481874121422 8 -1
1481874122172 13 1
1481874122978 12 1
1481874123727 1 1
1481874124838 3 -1
1481874126382 3 1
1481874135071 1 -3
1481874136426 12 -1
1481874139948 U
1481874142230 R
1481874145214 6 -1
1481874146000 9 -1
1481874148036 6 2
1481874148549 5 1
1481874149299 10 1
1481874149766 0 -1
1481874150574 3 2
1481874151386 11 1
1481874152165 1 -3
1481874152886 12 -1
1481874153247 9 -1
1481874153600 7 -1
1481874154897 13 -1
1481874155940 13 1
1481874163136 9 1
1481874163632 12 1
1481874164063 7 1
1481874165568 1 3
1481874168964 11 -1
1481874169990 3 -2
1481874170651 0 1
1481874171422 10 -1
1481874172148 5 -1
1481874173131 2 -1
1481874173834 6 -2
1481874174584 9 2
1481874176149 7 1
1481874178883 7 -1
1481874180332 9 -2
1481874181323 6 2
1481874182482 6 -2
1481874184765 9 2
1481874188132 7 1
1481874198837 R
1481874200351 6 -1
1481874201761 7 1
1481874204127 7 -1
1481874204616 9 -1
1481874205604 6 2
1481874206871 5 1
1481874207363 10 1
1481874207781 0 -1
1481874208821 3 2
1481874209515 11 1
1481874215951 11 -1
1481874217273 3 -2
1481874217995 0 1
1481874218606 10 -1
1481874219140 5 -1
1481874219716 2 -1
1481874220221 6 -2
1481874221631 7 1
1481874222255 9 2
1481874223137 7 -1
1481874224492 9 -2
1481874225478 6 2
1481874232849 2 1
1481874234432 5 1
1481874235188 10 1
1481874235754 0 -1
1481874237319 3 2
1481874239138 1 -3
1481874239849 7 -1
1481874240371 9 -1
1481874241720 12 -1
1481874245689 13 -1
1481874247296 8 1
1481874247917 4 1
1481874249000 10 1
1481874251200 3 -1
1481874252422 6 -2
1481874253976 7 2
1481874254403 9 2
1481874257511 1 2
1481874259380 9 -1
1481874259864 7 -1
1481874261864 6 2
1481874265081 6 -3
1481874265884 6 2
1481874266604 6 1
1481874267589 10 -1
1481874268317 4 -1
1481874268845 8 -1
1481874270349 13 1
1481874273789 6 -2
1481874274862 9 1
1481874275516 7 1
1481874277048 12 1
1481874277598 1 1
1481874278188 3 -1
1481874279648 7 -1
1481874280114 9 -1
1481874280654 0 1
1481874281347 10 -1
1481874282416 7 1
1481874282989 9 1
1481874290048 5 -1
1481874291170 2 -1
1481874292013 9 1
1481874294496 9 -2
1481874296687 2 1
1481874297666 5 1
1481874298197 10 1
1481874298814 0 -1
1481874299197 0 1
1481874300668 0 -1
1481874301761 7 -1
1481874302831 6 2
1481874303413 6 -2
1481874303947 0 1
1481874304755 7 1
1481874305346 9 1
1481874308723 10 -1
1481874309707 5 -1
1481874311194 2 -1
1481874312427 9 1
1481874313632 7 -1
1481874314531 7 1
1481874315406 7 -1
1481874319456 9 -2
1481874319971 9 2
1481874337491 R
1481874345297 6 -1
1481874346333 7 1
1481874348695 9 -1
1481874349146 7 -1
1481874350554 6 2
1481874351505 5 1
1481874352214 10 1
1481874355525 0 -1
1481874356203 3 2
1481874356822 11 1
1481874358874 11 -1
1481874359364 1 -3
1481874360397 7 -1
1481874360887 9 -1
1481874361307 12 -1
1481874363056 13 -1
1481874364622 8 1
1481874365195 4 1
1481874365571 10 1
1481874367299 3 -1
1481874370899 6 -3
1481874372614 3 1
1481874373116 7 2
1481874374220 9 2
1481874375326 11 3
1481874375799 1 2
1481874379068 11 -3
1481874381227 1 -2
