1482801759972 9 -1
1482801760940 9 1
1482801764188 6 -1
1482801766563 2 -1
1482801767787 9 1
1482801774885 6 1
1482801780816 6 -1
1482801782966 9 -2
1482801784523 2 1
1482801786427 6 2
1482801787731 5 1
1482801789172 10 1
1482801790371 0 -1
1482801791771 0 1
1482801793604 10 -1
1482801794891 5 -1
1482801796116 2 -1
1482801797307 6 -2
1482801799118 9 2
1482801801023 7 1
1482801802326 7 -1
1482801803499 7 1
1482801804355 7 -1
1482801806051 9 -2
1482801807267 2 1
1482801809604 6 2
1482801814588 5 1
1482801815711 10 1
1482801816875 0 -1
1482801818451 3 2
1482801819915 11 1
1482801821851 1 -3
1482801823011 7 -1
1482801823835 9 -1
1482801824742 12 -1
1482801830091 11 -1
1482801831119 3 -1
1482801833059 6 -2
1482801835251 13 -1
1482801836516 8 1
1482801837707 4 1
1482801838859 10 1
1482801840020 6 -1
1482801841411 3 1
1482801844835 11 1
1482801846020 11 -1
1482801849604 7 2
1482801850795 9 2
1482801852872 R
1482801855459 6 -1
1482801858139 2 -1
1482801859299 9 1
1482801862507 7 1
1482801876562 R
1482801878779 6 -1
1482801880947 7 1
1482801883448 5 1
1482801884571 10 1
1482801886149 0 -1
1482801889539 7 -1
1482801892064 3 1
1482801893707 1 -3
1482801894948 7 -1
1482801896356 9 -2
1482801897363 12 -1
1482801899286 6 2
1482801900587 3 1
1482801904091 11 1
1482801905979 11 -1
1482801906787 3 -1
1482801908126 6 -2
1482801913059 13 -1
1482801914220 8 1
1482801916035 4 1
1482801917707 10 1
1482801918939 6 -1
1482801921627 3 1
1482801923611 11 1
1482801926771 11 -1
1482801927843 3 -1
1482801929126 6 1
1482801930827 10 -1
1482801932316 4 -1
1482801933171 8 -1
1482801934275 13 1
1482801939635 7 1
1482801941067 1 1
1482801942067 9 1
1482801942991 12 1
1482801944275 1 2
1482801945459 3 -1
1482801947195 7 1
1482801948379 9 1
1482801952059 7 -1
1482801952971 9 -1
1482801954171 6 2
1482801956420 3 2
1482801957707 1 -3
1482801959796 7 -1
1482801960659 9 -1
1482801961295 12 -1
1482801962619 3 -1
1482801964563 6 -2
1482801966259 13 -1
1482801967539 8 1
1482801969204 4 1
1482801970227 10 1
1482801971379 6 -1
1482801972811 3 1
1482801973899 11 1
1482801975502 11 -1
1482801976827 3 -1
1482801979651 6 3
1482801981011 3 1
1482801983235 7 1
1482801986764 3 -1
1482801988565 10 -1
1482801989923 4 -1
1482801993155 6 -2
1482801994275 8 -1
1482801995571 13 1
1482801997011 7 -1
1482801998507 6 2
1482801999723 3 1
1482802028857 R
1482802034787 9 -1
1482802038004 9 1
1482802039411 6 -1
1482802042316 7 1
1482802044019 7 -1
1482802049523 5 1
1482802050859 10 1
1482802053027 0 -1
1482802057316 6 1
1482802059827 3 1
1482802061044 3 -1
1482802065307 R
1482802069115 6 -1
1482802072404 2 -1
1482802074035 9 1
1482802076827 7 1
1482802078126 7 -1
1482802079371 9 -2
1482802080635 2 1
1482802082139 6 2
1482802083499 5 1
1482802084699 10 1
1482802088595 10 -1
1482802093720 R
1482802097148 6 -1
1482802099243 2 -1
1482802101083 9 1
1482802105051 9 -2
1482802106355 2 1
1482802108131 5 1
1482802110227 10 1
1482802111723 10 -1
1482802116271 R
1482802119483 9 -1
1482802124371 6 -1
1482802125939 7 1
1482802127027 2 -1
1482802128820 9 2
1482802134827 7 -1
1482802135827 6 1
1482802137171 9 -2
1482802138059 2 1
1482802138868 5 1
1482802140432 10 1
1482802141542 0 -1
1482802143683 6 1
1482802145019 3 2
1482802146479 1 -3
1482802148171 7 -1
1482802149443 9 -1
1482802150195 12 -1
1482802152165 3 -1
1482802154107 6 -2
1482802158579 6 2
1482802160475 3 1
1482802161451 3 -1
1482802162531 3 1
1482802164128 R
1482802174605 5 1
1482802175547 10 1
1482802176519 0 -1
1482802177747 3 1
1482802179227 1 -3
1482802180603 7 -1
1482802182043 6 -1
1482802184823 9 -2
1482802189547 6 2
1482802192742 12 -1
1482802193851 13 -1
1482802194884 8 1
1482802195947 4 1
1482802197171 10 1
1482802199101 6 -3
1482802200355 3 1
1482802202019 11 1
1482802204371 11 -1
1482802205483 3 -1
1482802209188 7 2
1482802210491 9 2
1482802211916 1 2
1482802213444 1 -2
1482802218532 9 -2
1482802220291 7 -2
1482802223099 3 1
1482802228168 R
1482802234763 5 1
1482802236115 10 1
1482802237572 0 -1
1482802239491 0 1
1482802240579 10 -1
1482802241707 5 -1
1482802242835 2 -1
1482802244139 9 1
1482802249411 6 -1
1482802250779 7 1
1482802253804 9 -2
