1481626717148 5 1
1481626719381 5 -1
1481626720601 2 -1
1481626722080 9 1
1481626725123 6 -1
1481626726225 7 1
1481626729263 9 -2
1481626730344 2 1
1481626731828 5 1
1481626732998 10 1
1481626734563 0 -1
1481626735847 3 1
1481626737133 1 -3
1481626738803 7 -2
1481626740456 9 -1
1481626741155 12 -1
1481626744389 6 2
1481626745665 3 1
1481626753717 3 -1
1481626755019 6 -2
1481626756671 13 -1
1481626757579 8 1
1481626758923 4 1
1481626759724 10 1
1481626760557 6 -1
1481626765781 3 1
1481626768249 7 2
1481626769302 9 2
1481626771053 11 3
1481626775646 1 2
1481626777559 3 -1
1481626778576 3 1
1481626779348 3 -1
1481626781931 6 1
1481626782971 10 -1
1481626783600 4 -1
1481626784481 8 -1
1481626785351 13 1
1481626786784 12 1
1481626787805 1 1
1481626788595 3 -1
1481626789622 0 1
1481626790946 10 -3
1481626794644 5 -1
1481626795494 6 -1
1481626797697 2 -1
1481626798532 9 1
1481626800168 9 -1
1481626803141 0 -1
1481626804312 3 2
1481626806010 11 -2
1481626806989 1 -2
1481626809532 12 -1
1481626810427 9 -2
1481626812648 13 -1
1481626813851 8 1
1481626814900 4 1
1481626816304 4 -1
1481626817084 2 1
1481626818004 3 2
1481626819373 0 1
1481626820790 7 -1
1481626822345 6 3
1481626824731 3 -1
1481626825929 8 -1
1481626826902 13 1
1481626829216 9 1
1481626829917 12 1
1481626831000 1 2
1481626835328 10 2
1481626837124 11 -1
1481626838680 1 -3
1481626839744 7 -1
1481626840710 0 1
1481626843329 9 -1
1481626844248 12 -1
1481626845149 0 3
