1479916907652 5 1
1479916907652 5 1
1479916907652 5 1
1479916907652 5 1
1479916909164 10 1
1479916909164 10 1
1479916909164 10 1
1479916909164 10 1
1479916910795 0 -1
1479916910795 0 -1
1479916910795 0 -1
1479916910795 0 -1
1479916915827 3 1
1479916915827 3 1
1479916915827 3 1
1479916915827 3 1
1479916917947 1 -3
1479916917947 1 -3
1479916917947 1 -3
1479916917947 1 -3
1479916920716 7 -1
1479916920716 7 -1
1479916920716 7 -1
1479916920716 7 -1
1479916922855 9 -1
1479916922855 9 -1
1479916922855 9 -1
1479916922855 9 -1
1479916924563 9 -1
1479916924563 9 -1
1479916924563 9 -1
1479916924563 9 -1
1479916926603 6 1
1479916926603 6 1
1479916926603 6 1
1479916926603 6 1
1479916932643 3 1
1479916932643 3 1
1479916932643 3 1
1479916932643 3 1
1479916938220 12 -1
1479916938220 12 -1
1479916938220 12 -1
1479916938220 12 -1
1479916951355 13 -1
1479916951355 13 -1
1479916951355 13 -1
1479916951355 13 -1
1479916952839 8 1
1479916952839 8 1
1479916952839 8 1
1479916952839 8 1
1479916954020 4 1
1479916954020 4 1
1479916954020 4 1
1479916954020 4 1
1479916956539 10 1
1479916956539 10 1
1479916956539 10 1
1479916956539 10 1
1479916960307 3 -1
1479916960307 3 -1
1479916960307 3 -1
1479916960307 3 -1
1479916961915 6 -3
1479916961915 6 -3
1479916961915 6 -3
1479916961915 6 -3
1479916969159 3 1
1479916969159 3 1
1479916969159 3 1
1479916969159 3 1
1479916973675 3 -1
1479916973675 3 -1
1479916973675 3 -1
1479916973675 3 -1
1479916980117 R
1479916980117 R
1479916980117 R
1479916980117 R
1479916994579 2 -1
1479916994579 2 -1
1479916994579 2 -1
1479916994579 2 -1
1479917001763 2 1
1479917001763 2 1
1479917001763 2 1
1479917001763 2 1
1479917005499 5 1
1479917005499 5 1
1479917005499 5 1
1479917005499 5 1
1479917009932 10 1
1479917009932 10 1
1479917009932 10 1
1479917009932 10 1
1479917013647 0 -1
1479917013647 0 -1
1479917013647 0 -1
1479917013647 0 -1
1479917017397 6 -1
1479917017397 6 -1
1479917017397 6 -1
1479917017397 6 -1
1479917020043 7 1
1479917020043 7 1
1479917020043 7 1
1479917020043 7 1
1479917022635 3 1
1479917022635 3 1
1479917022635 3 1
1479917022635 3 1
1479917025443 1 -3
1479917025443 1 -3
1479917025443 1 -3
1479917025443 1 -3
1479917029163 7 -2
1479917029163 7 -2
1479917029163 7 -2
1479917029163 7 -2
1479917030843 9 -2
1479917030843 9 -2
1479917030843 9 -2
1479917030843 9 -2
1479917032739 6 2
1479917032739 6 2
1479917032739 6 2
1479917032739 6 2
1479917037923 3 1
1479917037923 3 1
1479917037923 3 1
1479917037923 3 1
1479917044957 3 -1
1479917044957 3 -1
1479917044957 3 -1
1479917044957 3 -1
1479917049132 U
1479917049132 U
1479917049132 U
1479917049132 U
1479917049844 U
1479917049844 U
1479917049844 U
1479917049844 U
1479917050788 U
1479917050788 U
1479917050788 U
1479917050788 U
1479917074483 U
1479917074483 U
1479917074483 U
1479917074483 U
1479917077691 U
1479917077691 U
1479917077691 U
1479917077691 U
1479917080339 U
1479917080339 U
1479917080339 U
1479917080339 U
1479917082155 U
1479917082155 U
1479917082155 U
1479917082155 U
1479917083763 U
1479917083763 U
1479917083763 U
1479917083763 U
1479917085491 U
1479917085491 U
1479917085491 U
1479917085491 U
1479917086859 U
1479917086859 U
1479917086859 U
1479917086859 U
1479917088107 U
1479917088107 U
1479917088107 U
1479917088107 U
1479917088971 U
1479917088971 U
1479917088971 U
1479917088971 U
1479917089627 U
1479917089627 U
1479917089627 U
1479917089627 U
1479917090211 U
1479917090211 U
1479917090211 U
1479917090211 U
1479917093211 R
1479917093211 R
1479917093211 R
1479917093211 R
1479917121618 5 1
1479917121618 5 1
1479917121618 5 1
1479917121618 5 1
1479917126002 10 1
1479917126002 10 1
1479917126002 10 1
1479917126002 10 1
1479917132546 0 -1
1479917132546 0 -1
1479917132546 0 -1
1479917132546 0 -1
1479917135747 3 1
1479917135747 3 1
1479917135747 3 1
1479917135747 3 1
1479917137709 1 -1
1479917137709 1 -1
1479917137709 1 -1
1479917137709 1 -1
1479917140230 1 -1
1479917140230 1 -1
1479917140230 1 -1
1479917140230 1 -1
1479917149331 6 -1
1479917149331 6 -1
1479917149331 6 -1
1479917149331 6 -1
1479917154189 1 -1
1479917154189 1 -1
1479917154189 1 -1
1479917154189 1 -1
1479917158467 7 -1
1479917158467 7 -1
1479917158467 7 -1
1479917158467 7 -1
1479917162843 9 -2
1479917162843 9 -2
1479917162843 9 -2
1479917162843 9 -2
1479917164963 6 2
1479917164963 6 2
1479917164963 6 2
1479917164963 6 2
1479917184364 12 -1
1479917184364 12 -1
1479917184364 12 -1
1479917184364 12 -1
1479917187160 13 -1
1479917187160 13 -1
1479917187160 13 -1
1479917187160 13 -1
1479917188736 8 1
1479917188736 8 1
1479917188736 8 1
1479917188736 8 1
1479917190043 4 1
1479917190043 4 1
1479917190043 4 1
1479917190043 4 1
1479917191851 10 1
1479917191851 10 1
1479917191851 10 1
1479917191851 10 1
1479917194331 6 -3
1479917194331 6 -3
1479917194331 6 -3
1479917194331 6 -3
1479917209341 7 1
1479917209341 7 1
1479917209341 7 1
1479917209341 7 1
1479917212685 7 -1
1479917212685 7 -1
1479917212685 7 -1
1479917212685 7 -1
1479917222467 6 3
1479917222467 6 3
1479917222467 6 3
1479917222467 6 3
1479917224439 6 -1
1479917224439 6 -1
1479917224439 6 -1
1479917224439 6 -1
1479917227131 10 -1
1479917227131 10 -1
1479917227131 10 -1
1479917227131 10 -1
1479917236294 6 1
1479917236294 6 1
1479917236294 6 1
1479917236294 6 1
1479917240471 6 -1
1479917240471 6 -1
1479917240471 6 -1
1479917240471 6 -1
1479917255884 R
1479917255884 R
1479917255884 R
1479917255884 R
1479917256028 R
1479917256028 R
1479917256028 R
1479917256028 R
1479917349743 5 1
1479917349743 5 1
1479917349743 5 1
1479917349743 5 1
1479917352738 10 1
1479917352738 10 1
1479917352738 10 1
1479917352738 10 1
1479917354754 0 -1
1479917354754 0 -1
1479917354754 0 -1
1479917354754 0 -1
1479917356179 3 1
1479917356179 3 1
1479917356179 3 1
1479917356179 3 1
1479917359507 1 -3
1479917359507 1 -3
1479917359507 1 -3
1479917359507 1 -3
1479917361258 7 -1
1479917361258 7 -1
1479917361258 7 -1
1479917361258 7 -1
1479917363073 9 -2
1479917363073 9 -2
1479917363073 9 -2
1479917363073 9 -2
1479917366523 12 -1
1479917366523 12 -1
1479917366523 12 -1
1479917366523 12 -1
1479917370595 6 1
1479917370595 6 1
1479917370595 6 1
1479917370595 6 1
1479917375371 3 1
1479917375371 3 1
1479917375371 3 1
1479917375371 3 1
1479917391243 7 1
1479917391243 7 1
1479917391243 7 1
1479917391243 7 1
1479917393011 9 1
1479917393011 9 1
1479917393011 9 1
1479917393011 9 1
1479917394962 12 1
1479917394962 12 1
1479917394962 12 1
1479917394962 12 1
1479917408058 3 -1
1479917408058 3 -1
1479917408058 3 -1
1479917408058 3 -1
1479917411770 1 3
1479917411770 1 3
1479917411770 1 3
1479917411770 1 3
1479917413434 3 -1
1479917413434 3 -1
1479917413434 3 -1
1479917413434 3 -1
1479917416635 0 1
1479917416635 0 1
1479917416635 0 1
1479917416635 0 1
1479917418539 10 -1
1479917418539 10 -1
1479917418539 10 -1
1479917418539 10 -1
1479917425131 6 -2
1479917425131 6 -2
1479917425131 6 -2
1479917425131 6 -2
1479917450949 10 1
1479917450949 10 1
1479917450949 10 1
1479917450949 10 1
1479917452333 0 -1
1479917452333 0 -1
1479917452333 0 -1
1479917452333 0 -1
1479917456251 0 1
1479917456251 0 1
1479917456251 0 1
1479917456251 0 1
1479917464188 10 -1
1479917464188 10 -1
1479917464188 10 -1
1479917464188 10 -1
1479917465875 5 -1
1479917465875 5 -1
1479917465875 5 -1
1479917465875 5 -1
1479917467891 2 -1
1479917467891 2 -1
1479917467891 2 -1
1479917467891 2 -1
1479917517436 R
1479917517436 R
1479917517436 R
1479917517436 R
1479917540059 5 1
1479917540059 5 1
1479917540059 5 1
1479917540059 5 1
1479917544635 10 1
1479917544635 10 1
1479917544635 10 1
1479917544635 10 1
1479917550490 0 -1
1479917550490 0 -1
1479917550490 0 -1
1479917550490 0 -1
1479917553315 3 1
1479917553315 3 1
1479917553315 3 1
1479917553315 3 1
1479917555395 1 -3
1479917555395 1 -3
1479917555395 1 -3
1479917555395 1 -3
1479917559435 7 -1
1479917559435 7 -1
1479917559435 7 -1
1479917559435 7 -1
1479917561059 9 -2
1479917561059 9 -2
1479917561059 9 -2
1479917561059 9 -2
1479917562723 6 1
1479917562723 6 1
1479917562723 6 1
1479917562723 6 1
1479917584864 3 1
1479917584864 3 1
1479917584864 3 1
1479917584864 3 1
