1482802083969 6 -1
1482802086193 2 -1
1482802087334 9 1
1482802092273 7 1
1482802094067 7 -1
1482802095072 9 -2
1482802097490 2 1
1482802098664 5 1
1482802099766 10 1
1482802111256 0 -1
1482802112503 3 1
1482802113759 1 -3
1482802119533 7 -1
1482802120528 9 -1
1482802121431 12 -1
1482802122598 6 2
1482802125536 3 1
1482802130337 R
1482802139646 2 -1
1482802140735 9 1
1482802143855 6 -1
1482802144934 7 1
1482802166383 R
1482802189911 5 1
1482802191052 10 1
1482802195340 0 -1
1482802200043 3 1
1482802200918 1 -3
1482802203544 7 -1
1482802204560 9 -2
1482802205540 12 -1
1482802207820 6 1
1482802217131 13 -1
1482802218299 8 1
1482802219284 4 1
1482802220387 10 1
1482802222506 6 -3
1482802224931 7 2
1482802225891 9 2
1482802226777 3 1
1482802228690 11 3
1482802232411 1 2
1482802236800 1 -2
1482802237539 11 -3
1482802239403 7 -2
1482802240402 9 -2
1482802242021 3 -1
1482802242874 6 3
1482802246140 10 -1
1482802246977 4 -1
1482802247826 8 -1
1482802248801 13 1
1482802266898 R
1482802269489 6 -1
1482802275721 2 -1
1482802276833 9 1
1482802279521 7 1
1482802294143 9 -2
1482802295183 7 -1
1482802296193 6 2
1482802297096 2 1
1482802298824 5 1
1482802300865 10 1
1482802304576 0 -1
1482802306064 3 2
1482802308767 1 -3
1482802311967 7 -1
1482802312791 9 -1
1482802313686 12 -1
1482802319018 3 -1
1482802320040 6 -2
1482802328056 R
1482802332583 6 -1
1482802333941 7 1
1482802337989 2 -1
1482802339093 9 1
1482802347877 7 -1
1482802348925 9 -2
1482802350135 6 2
1482802351734 2 1
1482802352734 5 1
1482802353821 10 1
1482802355535 0 -1
1482802357886 3 1
1482802359132 1 -3
1482802361766 3 1
1482802362838 11 1
1482802369877 1 3
1482802371350 11 -1
1482802372373 3 -2
1482802377828 6 -2
1482802378702 7 1
1482802379421 9 1
1482802382350 0 1
1482802391963 10 -1
1482802393012 5 -1
1482802393941 2 -1
1482802395013 9 1
1482802401141 R
1482802405620 5 1
1482802406724 10 1
1482802417798 6 -1
1482802418812 7 1
1482802421836 0 -1
1482802422772 3 1
1482802428798 1 -3
1482802430203 7 -2
1482802431443 9 -2
1482802432723 6 2
1482802433827 3 1
1482802434811 11 1
1482802448611 11 -1
1482802449980 7 1
1482802450707 9 1
1482802451954 1 3
1482802453584 3 -2
1482802459104 0 1
1482802461180 6 -2
1482802462602 7 1
1482802463417 9 1
1482802464313 10 -1
1482802465224 5 -1
1482802466481 2 -1
1482802467425 9 1
1482802468528 9 -2
1482802469793 2 1
1482802474225 2 -1
1482802475912 9 2
1482802480401 7 -1
1482802481297 6 1
1482802483786 9 -2
1482802486954 6 1
1482802488008 2 1
1482802491123 5 1
1482802492105 10 1
1482802493328 0 -1
1482802494352 3 2
1482802496624 11 1
1482802498121 1 -3
1482802505432 11 -1
1482802506870 3 -1
1482802508158 6 -2
1482802509334 7 -1
1482802510029 9 -1
1482802510814 12 -1
1482802513256 6 2
1482802514030 3 1
1482802520430 3 -1
1482802525968 13 -1
1482802526846 8 1
1482802529047 4 1
1482802530359 10 1
1482802531607 6 -3
1482802535887 3 1
1482802536933 7 2
1482802538047 9 2
1482802540311 1 2
1482802541393 11 3
1482802545791 3 -1
1482802548142 6 1
1482802549239 10 -1
1482802550589 4 -1
1482802551534 8 -1
1482802552637 13 1
1482802553887 12 1
1482802555381 1 -2
1482802559949 12 -1
1482802560950 12 1
1482802564867 1 3
1482802566479 3 -1
1482802567612 0 1
1482802569148 10 -3
1482802570186 6 -1
1482802571189 5 -1
1482802572410 2 -1
1482802573732 9 1
1482802581396 0 -1
1482802582989 3 2
1482802586552 1 -2
1482802587517 11 -2
1482802589414 12 -1
1482802590581 9 -3
1482802591677 7 -1
1482802593191 2 1
1482802594061 3 1
1482802600197 7 1
1482802606307 7 -1
1482802608236 3 -1
1482802609812 5 1
1482802611380 5 -1
1482802612325 3 1
1482802614372 0 1
1482802615903 10 1
1482802616644 1 -1
1482802617778 7 -1
1482802618776 0 4
