1481873155572 6 -1
1481873156692 2 -1
1481873157973 9 1
1481873159129 9 -2
1481873164036 7 1
1481873166454 9 2
1481873167517 7 -1
1481873168401 6 1
1481873183270 6 -1
1481873184534 9 -2
1481873186011 7 1
1481873186946 9 2
1481873230549 7 -1
1481873232306 9 -2
1481873236766 7 1
1481873237704 9 2
1481873238588 7 -1
1481873240925 R
1481873245907 5 1
1481873247942 10 1
1481873249244 6 -1
1481873251819 7 1
1481873252849 7 -1
1481873253885 9 -1
1481873255437 6 2
1481873256631 10 -1
1481873257859 5 -1
1481873258937 2 -1
1481873259862 6 -2
1481873260880 9 2
1481873261678 7 1
1481873263246 7 -1
1481873264019 9 -1
1481873268342 R
1481873276253 5 1
1481873277589 10 1
1481873278525 0 -1
1481873279394 6 -1
1481873280292 7 1
1481873281113 3 1
1481873281942 1 -2
1481873282927 1 -1
1481873285506 12 -1
1481873286562 9 -2
1481873287689 7 -2
1481873290030 6 2
1481873290966 3 1
1481873291780 3 -1
1481873292718 6 -2
1481873298433 6 2
1481873299490 3 1
1481873302421 U
1481873303404 U
1481873304804 U
1481873308389 U
1481873311971 R
1481873314291 5 1
1481873317560 6 -1
1481873319004 7 1
1481873321550 7 -1
1481873322576 9 -1
1481873323498 6 2
1481873325751 10 1
1481873326560 0 -1
1481873329700 3 1
1481873331131 1 -2
1481873332249 1 -1
1481873333973 7 -1
1481873335180 9 -1
1481873336268 12 -1
1481873337469 13 -1
1481873339512 8 1
1481873340486 4 1
1481873341411 10 1
1481873344290 6 -3
1481873347450 3 1
1481873348553 7 2
1481873350279 1 1
1481873351500 11 2
1481873352709 1 -1
1481873353571 11 -2
1481873354659 7 -2
1481873355470 3 -1
1481873356297 6 3
1481873358621 3 1
1481873359151 3 -1
1481873359862 6 -3
1481873362780 7 2
1481873363601 9 2
1481873365110 1 2
1481873366593 3 1
1481873367862 11 3
1481873368750 1 -2
1481873369733 11 -3
1481873373048 3 -1
1481873373833 7 -2
1481873374709 6 2
1481873377087 9 -2
1481873379251 6 -1
1481873381105 6 -1
1481873382174 3 1
1481873385040 3 -1
1481873386901 6 3
1481873387938 10 -1
1481873390812 4 -1
1481873392080 8 -1
1481873393440 13 1
1481873394734 3 1
1481873399722 3 -1
1481873401010 6 -2
1481873403131 13 -1
1481873404432 8 1
1481873405660 4 1
1481873406791 10 1
1481873407700 6 -1
1481873408794 3 1
1481873411438 R
1481873417044 5 1
1481873418098 10 1
1481873420845 10 -1
1481873421658 5 -1
1481873422516 2 -1
1481873423538 9 1
1481873424396 6 -1
1481873425294 7 1
1481873428802 R
1481873434640 2 -1
1481873435694 9 1
1481873438135 9 -2
1481873438971 2 1
1481873439818 6 1
1481873441315 5 1
1481873442143 10 1
1481873443070 0 -1
1481873443885 3 2
1481873445819 11 1
1481873446822 11 -1
1481873453702 3 -2
1481873455965 0 1
