1481873788354 6 -1
1481873836563 6 1
1481873864661 9 -1
1481873880149 6 1
1481873895337 5 1
1481873920903 10 1
1481873944657 0 -1
1481873950535 6 -2
1481873954795 7 1
1481873960544 9 1
1481873964404 3 1
1481873967013 1 -3
1481873970962 7 -2
1481873973872 9 -2
1481873975721 12 -1
1481873979208 6 2
1481873981817 3 1
1481873986362 11 1
1481873989046 11 -1
1481873995488 3 -1
1481873998320 13 -1
1481874009915 8 1
1481874011570 4 1
1481874014188 10 1
1481874020696 6 -3
1481874029364 6 3
1481874038422 6 -3
1481874042488 3 1
1481874047437 7 2
1481874058143 9 2
1481874060612 1 2
1481874063128 11 3
1481874065381 3 -1
1481874069190 6 1
1481874071231 U
1481874071783 U
1481874072692 U
1481874073555 U
1481874074654 U
1481874079063 1 1
1481874126209 U
1481874126936 U
1481874127429 U
1481874128096 U
1481874128976 U
1481874129615 U
1481874132231 U
1481874133746 U
1481874134544 U
1481874135034 U
1481874150789 7 1
1481874152968 9 1
1481874154588 12 1
1481874157695 1 3
1481874169026 3 -1
1481874173196 0 1
1481874183447 10 -1
1481874188072 5 -1
1481874191426 6 -2
1481874197327 2 -1
1481874199267 7 1
1481874201098 9 2
1481874207762 7 -1
