1482075901616 6 -1
1482075903625 7 1
1482075913612 5 1
1482075915143 10 1
1482075917248 0 -1
1482075918898 3 1
1482075921262 1 -2
1482075924396 1 -1
1482075929407 12 -1
1482075931127 9 -2
1482075933312 7 -2
1482075935478 6 2
1482075942440 3 1
1482075946914 11 1
1482075949651 11 -1
1482075955619 3 -1
1482075957447 6 -2
1482075959370 9 2
1482075963890 7 2
1482075966467 12 1
1482075971290 1 3
1482075972950 3 -1
1482075980271 7 -1
1482075981863 9 -1
1482075983302 6 2
1482075986686 0 1
1482075988489 10 -1
1482075995640 5 -1
1482075997506 2 -1
1482076001186 6 -1
1482076004142 9 2
1482076014151 6 -1
1482076016175 7 1
1482076030332 R
1482076041791 2 -1
1482076043195 9 1
1482076051673 6 -1
1482076053635 7 1
1482076060520 9 -2
1482076062456 2 1
1482076066462 5 1
1482076068123 10 1
1482076073617 7 -1
1482076077762 0 -1
1482076079649 6 2
1482076081469 3 2
1482076084254 11 1
1482076086032 1 -3
1482076088064 7 -1
1482076090021 9 -1
1482076091875 12 -1
1482076096702 13 -1
1482076098166 8 1
1482076100212 4 1
1482076102538 10 1
1482076110135 11 -1
1482076112577 3 -1
1482076115459 6 -3
1482076118052 7 2
1482076119771 9 2
1482076121893 3 1
1482076125443 11 3
1482076130165 3 -1
1482076135002 6 1
1482076141924 10 -1
1482076147796 4 -1
1482076149573 8 -1
1482076151616 13 1
1482076154611 12 1
1482076159589 1 3
1482076162422 3 -1
1482076164595 0 1
1482076166644 10 -3
1482076169301 6 -1
1482076171625 5 -1
1482076173864 2 -1
1482076175437 9 1
1482076196542 9 -1
1482076198631 2 1
1482076201606 5 1
1482076204827 5 -1
1482076206155 2 -1
1482076207722 9 1
1482076217598 0 -1
1482076219525 3 2
1482076221150 11 -2
1482076222727 1 -2
1482076226038 12 -1
1482076230009 9 -3
1482076240234 2 1
1482076241525 3 1
1482076244154 0 1
1482076251982 10 1
1482076253862 1 -1
1482076256035 7 -2
1482076259352 0 4
