1482376603749 3 2
1482376609552 10 1
1482376611418 1 -1
1482376612246 3 -3
1482376614527 7 1
1482376622276 4 1
1482376623820 2 -1
1482376624804 6 1
1482376625791 9 1
1482376641736 R
1482376645278 10 1
1482376646750 1 -1
1482376647505 1 1
1482376648655 10 -1
1482376652958 7 -2
1482376654066 5 1
1482376655663 2 2
1482376661823 3 2
1482376667223 10 1
1482376668496 1 -1
1482376672138 6 1
1482376673194 9 1
1482376676177 R
1482376682443 4 1
1482376684823 2 -1
1482376686699 5 -1
1482376687696 8 3
1482376693321 7 1
1482376694409 6 3
1482376701812 5 1
1482376703205 0 3
1482376715038 6 -3
1482376718610 7 -2
1482376724344 2 1
1482376725895 4 -3
1482376727078 7 -1
1482376728470 5 1
1482376731836 2 -1
1482376732862 6 2
1482376734965 9 1
1482376736003 4 -1
1482376744136 R
1482376777792 7 -2
1482376780842 5 1
1482376783211 3 2
1482376788728 2 2
1482376790289 6 1
1482376791226 9 1
1482376794613 10 1
1482376796665 9 -1
1482376797435 1 -2
1482376799684 3 -3
1482376800879 2 1
1482376802883 10 1
1482376804611 1 1
1482376805805 6 -1
1482376811461 R
1482376814373 R
1482376820325 7 -2
1482377014787 5 1
1482377016031 2 2
1482377018676 6 1
1482377019792 9 1
1482377020532 10 1
1482377021322 9 1
1482377022982 9 -2
1482377024095 1 -2
1482377026701 3 2
1482377032309 R
1482377041102 3 2
1482377050133 4 1
1482377051962 2 -1
1482377053351 6 1
1482377054532 6 -1
1482377056796 5 -1
1482377057812 8 2
1482377059180 2 1
1482377067349 8 -2
1482377068093 7 -1
1482377069333 5 1
1482377080643 5 -1
1482377081848 5 1
1482377082439 5 -1
1482377083141 7 1
1482377083752 8 2
