1481814318663 3 2
1481814324814 5 -1
1481814325837 5 1
1481814340070 3 -2
1481814342789 5 -1
1481814343951 8 1
1481814347814 8 1
1481814350894 4 1
1481814352095 2 -1
1481814353285 6 2
1481814357101 7 1
1481814358510 6 1
1481814360988 0 1
1481814365132 8 1
1481814366206 5 1
1481814368013 0 2
1481814369717 6 -3
1481814372046 7 -2
1481814379477 6 2
1481814381661 6 -2
1481814382582 2 1
1481814384350 4 -2
1481814385390 7 -1
1481814387294 5 1
1481814394612 2 2
1481814401285 R
1481814404197 3 2
1481814405958 7 -2
1481814407126 5 1
1481814409117 5 -1
1481814417381 7 1
1481814418821 4 1
1481814420206 2 -1
1481814423277 5 -1
1481814424572 8 2
1481814425774 6 2
1481814428044 7 1
1481814429413 3 -2
1481814430261 7 1
1481814431238 6 1
1481814432692 8 1
1481814433686 5 1
1481814434919 0 3
1481814436612 6 -3
1481814437854 7 -2
1481814441541 7 2
1481814444660 6 3
1481814445557 6 -3
1481814446676 7 -2
1481814447525 2 1
1481814449533 4 -3
1481814450964 2 -1
1481814452157 6 2
1481814453062 9 1
1481814453821 4 -1
1481814457005 7 -1
1481814457980 5 1
1481814459468 6 -1
1481814461357 5 -1
1481814462884 5 1
1481814466700 R
1481814469974 3 2
1481814470821 7 -2
1481814472229 5 1
1481814475518 2 2
1481814479965 6 1
1481814480805 9 1
1481814483468 3 -2
1481814484397 R
1481814487053 7 1
1481814490189 4 1
1481814490996 4 -1
1481814492452 4 1
1481814493437 2 -1
1481814496885 5 -1
1481814499614 8 3
1481814501653 6 3
1481814502428 5 1
1481814503957 0 3
1481814505229 6 -3
1481814507828 6 3
1481814511620 6 -3
1481814516461 2 1
1481814518253 7 -2
1481814519957 4 -2
1481814520804 7 -1
1481814521661 5 1
1481814524076 2 2
1481814529372 4 -1
1481814530598 6 2
1481814535197 R
1481814537163 5 -1
1481814540309 4 1
1481814541380 2 -1
1481814543493 7 1
1481814550869 8 2
1481814552148 6 3
1481814553076 0 1
1481814556781 9 1
1481814557788 9 -1
1481814559364 8 1
1481814561902 5 1
1481814562948 10 1
1481814565340 10 -1
1481814567524 0 1
1481814571476 0 -2
1481814572708 6 -3
1481814574060 5 -1
1481814574996 8 -3
1481814577588 3 1
1481814578197 3 -1
1481814579157 7 -2
1481814580283 3 2
1481814583756 7 1
1481814584739 7 -1
1481814586701 3 -2
1481814588220 7 2
1481814591789 8 3
1481814593037 5 1
1481814594061 6 3
1481814596029 0 3
1481814597307 6 -3
1481814598957 2 1
1481814600404 2 -1
1481814601292 2 1
1481814602995 2 -1
1481814603885 6 3
1481814605452 9 1
1481814606339 6 -2
1481814608108 9 -1
1481814609339 6 -1
1481814611860 7 -2
1481814612844 7 2
1481814614165 2 1
1481814615452 4 -3
1481814616636 7 -3
1481814618084 5 1
1481814619076 5 -1
1481814621075 5 1
1481814622629 5 -1
1481814625076 2 -1
1481814633892 5 1
1481814638349 2 3
1481814645580 R
1481814651163 5 -1
1481814652908 5 1
1481814655866 7 -2
1481814656747 5 1
1481814660788 2 2
1481814661996 3 2
1481814667604 6 1
1481814668260 9 1
1481814669725 10 1
1481814672404 9 1
1481814675643 3 -1
1481814676803 9 -2
1481814677819 1 -2
1481814678650 3 -2
