1479506200176 5 -1
1479506204068 5 1
1479506205473 3 2
1479506207278 7 -2
1479506208151 5 1
1479506211160 5 -2
1479506213237 5 2
1479506215232 10 2
1479506216263 1 -1
1479506217494 3 -3
1479506218215 10 -1
1479506218858 5 -1
1479506219687 7 3
1479506221569 4 1
1479506222487 2 -1
1479506224222 7 -2
1479506226367 3 3
1479506227419 1 1
1479506228287 10 -1
1479506229061 5 -1
1479506229821 8 2
1479506230671 7 1
1479506236455 3 -2
1479506237175 7 1
1479506238718 6 3
1479506240695 0 1
1479506243841 0 -1
1479506244599 6 -3
1479506249119 8 -2
1479506249786 5 1
1479506250665 10 1
1479506251422 6 1
1479506252848 9 2
1479506254397 7 -2
1479506257509 7 2
1479506260317 R
1479506266135 7 -2
1479506269221 5 -1
1479506270088 8 3
1479506275623 5 2
1479506276950 2 2
1479506280484 2 -2
1479506282302 10 2
1479506285528 10 -2
1479506286177 2 2
1479506287654 6 2
1479506288462 10 1
1479506289671 9 2
1479506291632 6 -1
1479506295615 9 -2
1479506296522 1 -2
1479506297439 3 -1
1479506298246 2 1
1479506302054 6 1
1479506303240 6 -1
1479506305550 2 -1
1479506309174 2 1
1479506310931 5 -1
1479506312469 7 3
1479506313933 6 2
1479506322847 1 1
1479506324239 6 -3
1479506325672 7 -3
1479506326942 5 1
1479506328279 10 1
1479506329721 R
1479506335917 3 2
1479506339189 7 -2
1479506343249 5 1
1479506349144 2 2
1479506353342 10 1
1479506354617 1 -1
1479506355615 3 -3
1479506356974 2 1
1479506358024 5 -1
1479506359214 7 3
1479506360919 4 1
1479506364112 7 -2
1479506364678 4 -1
1479506365287 7 -1
1479506366232 5 1
1479506367049 2 -3
1479506367744 5 -1
1479506368431 7 3
1479506369672 4 1
1479506370862 7 -2
1479506372365 3 3
1479506373936 1 1
1479506374688 10 -1
1479506375295 5 -1
1479506376223 8 2
1479506380287 3 -2
1479506381015 8 1
1479506383536 5 1
1479506386913 7 2
1479506388583 2 -1
1479506389697 6 3
1479506391110 0 3
1479506393167 6 -3
1479506394514 7 -2
1479506400229 6 2
1479506404381 6 -2
1479506404954 2 1
1479506406104 4 -3
1479506406989 7 -1
1479506414112 2 -1
1479506415654 7 3
1479506417681 6 3
1479506426846 6 -3
1479506427798 7 -3
1479506430041 5 1
1479506434582 2 3
1479506437624 2 -3
1479506443330 5 -1
1479506443994 7 3
1479506445650 6 3
1479506458969 6 -3
1479506463183 6 3
1479506467553 0 -2
1479506468694 5 -1
1479506469567 8 -1
1479506474622 8 1
1479506475561 5 1
1479506476170 0 2
1479506477504 6 -3
1479506478329 7 -3
1479506485237 5 1
1479506487278 5 -1
1479506489585 6 2
1479506491483 9 1
1479506492415 9 -1
1479506496480 6 -2
1479506498430 5 1
1479506502320 6 2
1479506507481 6 -2
1479506509222 2 3
1479506514809 2 -3
1479506516200 5 -1
1479506516967 7 3
1479506521166 6 3
1479506524655 0 -2
1479506527105 5 -1
1479506529655 5 1
1479506530456 10 1
1479506531490 1 -2
1479506536950 3 -1
1479506539662 1 1
1479506541193 9 1
1479506541849 9 -1
1479506542679 1 -1
1479506543593 3 1
1479506545081 1 2
1479506551311 10 -1
1479506553255 0 1
1479506554657 0 1
1479506556577 6 -3
