1480005848902 7 -2
1480005850823 5 1
1480005852906 3 2
1480005854644 10 2
1480005860397 10 -2
1480005863675 5 -2
1480005866914 3 -2
1480005867962 3 2
1480005869650 5 2
1480005871265 10 2
1480005872472 1 -1
1480005874150 10 -1
1480005876528 3 -3
1480005877895 2 3
1480005886434 2 -3
1480005888455 3 3
1480005893310 3 -2
1480005894505 1 1
1480005895564 10 -1
1480005897044 5 -2
1480005898449 7 3
1480005899804 8 3
1480005902501 5 1
1480005905187 10 1
1480005906385 1 -1
1480005907739 3 -1
1480005912594 7 -3
1480005913876 5 1
1480005916142 2 3
1480005921440 5 -1
1480005922624 7 3
1480005924114 4 1
1480005925358 6 3
1480005926678 0 1
1480005927897 1 -1
1480005930275 1 1
1480005937162 4 -3
1480005938912 9 1
1480005940008 4 -1
1480005941290 0 -1
1480005943668 0 1
1480005945073 4 4
1480005948744 0 -1
1480005950819 9 -1
1480005954882 6 -3
1480005959253 6 3
1480005961213 1 -1
1480005965938 1 1
1480005967922 0 1
1480005969203 4 -3
1480005970436 9 1
1480005971569 4 -1
1480005973047 0 -1
1480005974686 6 -2
1480005984470 7 -3
1480005986133 5 1
1480005987612 2 -1
1480005988942 2 1
1480005990914 2 -1
1480005992541 3 1
1480005993649 1 1
1480005994734 10 -1
1480006002009 6 1
1480006006090 10 1
1480006007137 1 -1
1480006008553 3 -1
1480006009908 2 1
1480006011263 5 -1
1480006012410 7 3
1480006014318 6 1
1480006020252 0 1
1480006022026 4 3
1480006023602 9 -1
1480006031852 0 -1
1480006033452 6 -3
1480006036163 4 1
1480006039676 4 -1
1480006040908 7 -3
1480006042202 5 1
1480006044543 2 -3
1480006051588 2 3
1480006054263 5 -1
1480006055322 7 3
1480006056849 6 3
1480006057994 0 1
1480006065130 1 -1
1480006070749 4 -2
1480006072696 4 3
1480006074435 0 -1
1480006075665 6 -2
1480006077119 7 -2
1480006081593 1 1
1480006085388 6 -1
1480006089220 4 -1
1480006090796 7 2
1480006092251 6 3
1480006111295 6 -1
1480006113563 6 -2
1480006236920 7 -3
1480006239889 5 1
1480006244472 5 -1
1480006246099 7 3
1480006247331 6 3
1480006248515 0 1
1480006249746 4 -2
1480006259024 4 1
1480006261821 4 2
1480006263459 0 -1
1480006264703 6 -3
1480006266946 7 -2
1480006268560 4 -1
1480006269757 7 -1
1480006271160 5 1
1480006273255 2 -3
1480006274523 3 1
1480006275633 1 1
1480006276852 10 -1
1480006279205 5 -2
1480006280426 7 3
1480006287460 4 1
1480006288581 2 -1
1480006290626 6 3
1480006296404 0 1
1480006297131 5 1
1480006300372 0 2
1480006301875 6 -3
1480006303970 2 1
1480006305153 4 -3
1480006306471 7 -3
1480006310733 5 1
1480006312286 2 -1
1480006318514 2 3
1480006320079 4 2
1480006321360 6 2
1480006326764 6 -2
1480006331704 4 -2
1480006339712 2 -3
1480006340784 5 -1
1480006341647 7 3
1480006343494 7 -3
1480006345996 7 3
1480006347054 6 3
1480006358602 0 -2
1480006359292 10 1
1480006360216 1 -2
1480006364269 3 -1
1480006365995 1 1
1480006368003 1 -1
1480006368804 3 1
1480006369604 1 2
1480006371502 10 -1
1480006373658 0 2
1480006375014 6 -3
1480006378403 7 -3
1480006380263 5 1
1480006383738 6 2
1480006385513 9 1
1480006386204 4 -1
1480006387410 6 -1
1480006390553 6 1
1480006392302 5 -1
1480006393116 7 3
1480006393953 6 1
1480006394705 0 -3
1480006398885 5 -1
1480006399895 8 -1
1480006400778 3 1
1480006402491 3 -1
1480006403934 8 1
1480006404785 5 1
1480006407533 0 1
1480006409134 4 1
1480006410440 9 -1
1480006411684 10 1
1480006412411 1 -2
1480006418635 1 2
1480006419893 10 -1
1480006423156 0 2
1480006424487 6 -3
1480006427198 7 -3
1480006428628 5 1
1480006433515 5 -1
1480006434797 6 2
1480006436017 7 3
1480006436830 6 1
1480006437705 0 -2
1480006439553 5 -1
1480006440637 8 -1
1480006443779 3 1
1480006447710 9 1
1480006448387 4 -1
1480006450335 0 -1
1480006452047 6 -2
1480006454413 8 -3
1480006456471 6 2
1480006458343 0 1
1480006459636 5 1
1480006460956 0 2
1480006462324 4 1
1480006463568 9 -1
1480006465416 6 -3
1480006466625 7 -3
1480006468410 3 1
1480006469532 0 2
