1481936453686 7 1
1481936227874 7 1
1481936454517 4 1
1481936228654 4 1
1481936455245 2 -1
1481936232095 2 -1
1481936455625 6 1
1481936232428 6 1
1481936456030 10 1
1481936233186 3 1
1481936233544 10 1
1481936456650 3 1
1481936457007 1 -2
1481936234003 1 -2
1481936457437 3 -2
1481936236801 3 -2
1481936459894 1 1
1481936238241 3 1
1481936460321 6 -1
1481936239324 1 2
1481936460790 2 1
1481936241088 10 -1
1481936461149 4 -1
1481936241543 5 -1
1481936242019 8 3
1481936461690 7 -3
1481936462448 5 1
1481936243114 6 2
1481936245676 0 1
1481936462765 10 1
1481936463112 3 3
1481936246744 9 1
1481936249573 0 -1
1481936463606 1 1
1481936471563 10 -2
1481936250265 6 -2
1481936250751 9 -1
1481936471960 5 -2
1481936251204 6 -1
1481936472721 3 -2
1481936252602 8 -3
1481936473249 7 3
1481936253086 7 -2
1481936474682 4 1
1481936475223 8 3
1481936253876 5 1
1481936254322 3 2
1481936475784 2 -1
1481936476197 6 3
1481936254752 6 1
1481936476663 0 1
1481936255294 10 1
1481936477756 5 1
1481936256410 9 2
1481936258036 3 -2
1481936478483 0 2
1481936258445 7 2
1481936479461 6 -3
1481936260232 3 1
1481936481339 2 1
1481936260914 9 -2
1481936481769 4 -3
1481936482823 7 -3
1481936261416 10 -1
1481936483718 5 1
1481936261823 6 -1
1481936263146 5 -1
1481936484154 2 2
1481936264130 8 2
1481936484583 6 2
1481936264728 6 3
1481936484990 4 2
1481936267433 3 -1
1481936486265 9 1
1481936487131 4 -3
1481936267737 8 1
1481936490615 4 1
1481936268069 5 1
1481936490921 9 -1
1481936268400 10 1
1481936491385 6 -2
1481936268807 1 -2
1481936492912 6 2
1481936269282 3 -1
1481936493703 4 2
1481936271038 6 -2
1481936271685 7 -2
1481936494183 9 1
1481936277127 6 1
1481936495124 9 -1
1481936278090 3 1
1481936495490 6 -2
1481936496452 2 -2
1481936279126 1 2
1481936496819 4 -2
1481936279794 10 -1
1481936280464 6 -2
1481936497272 2 -1
1481936281901 5 -1
1481936498577 5 -1
1481936282941 7 2
1481936498980 7 3
1481936500018 6 3
1481936285853 2 1
1481936286128 4 -1
1481936500715 9 1
1481936286494 7 -3
1481936501037 4 -1
1481936501422 0 -3
1481936286933 5 2
1481936287439 2 2
1481936502394 10 1
1481936503497 9 1
1481936288337 6 2
1481936504664 0 1
1481936293860 10 1
1481936511793 9 -1
1481936294183 1 -2
1481936294551 3 -1
1481936512290 10 -1
1481936516076 0 2
1481936294852 2 1
1481936519074 4 1
1481936295347 5 -1
1481936519396 9 -1
1481936295808 7 3
1481936296546 6 1
1481936519883 6 -3
1481936296897 4 1
1481936521138 7 -3
1481936525837 7 3
1481936297653 0 1
1481936526415 2 1
1481936298336 4 -3
1481936526837 4 3
1481936300196 4 3
1481936527190 2 -1
1481936300742 0 -1
1481936527555 6 3
1481936301556 6 -1
1481936301990 4 -1
1481936528026 9 1
1481936302743 7 -3
1481936529372 0 -3
1481936306205 6 -1
1481936530064 6 -2
1481936530875 5 -1
1481936308321 7 3
1481936531451 8 -3
1481936308791 1 1
1481936309690 6 -1
1481936533620 7 -2
1481936534895 7 2
1481936312618 7 -3
1481936315025 5 1
1481936535487 5 1
1481936535858 3 1
1481936315623 2 -3
1481936316639 5 -1
1481936536152 10 1
1481936317576 7 3
1481936537871 9 -1
1481936538325 6 -1
1481936318005 4 1
1481936538920 2 1
1481936319187 2 -1
1481936319675 6 3
1481936539247 4 -1
1481936320375 0 1
1481936539909 7 -3
1481936540334 5 1
1481936320687 9 1
1481936321751 3 1
1481936540801 10 -1
1481936322729 1 1
1481936541733 3 1
1481936323091 10 -1
1481936543401 2 2
1481936323737 5 -1
1481936547749 2 -2
1481936324190 8 -1
1481936548276 3 -2
1481936548643 5 -2
1481936324552 3 1
1481936549070 8 3
1481936344064 0 -1
1481936550036 7 3
1481936344449 9 -1
1481936550792 4 1
1481936345139 6 -3
1481936551890 2 -1
1481936346926 2 1
1481936554255 6 3
1481936347262 4 -1
1481936348329 7 -3
1481936554904 5 1
1481936349241 8 -2
1481936555550 0 3
1481936349643 5 2
1481936556989 6 -3
1481936557928 2 1
1481936350132 3 1
1481936350546 10 2
1481936558276 4 -3
1481936355332 10 -2
1481936558674 2 -1
1481936356429 2 2
1481936559272 7 -3
1481936359973 2 -2
1481936559852 5 1
1481936360413 3 -2
1481936561407 2 3
1481936563216 4 2
1481936360909 5 -2
1481936563548 6 2
1481936361483 8 3
1481936565437 4 -2
1481936361890 7 3
1481936566442 6 -2
1481936362292 4 1
1481936567216 2 -3
1481936362627 2 -1
1481936567585 5 -1
1481936362903 6 3
1481936363995 5 1
1481936568398 7 3
1481936364766 0 3
1481936568892 6 3
1481936569328 0 -2
1481936367190 0 -1
1481936569669 9 1
1481936369128 0 -1
1481936369839 0 -1
1481936570014 4 -1
1481936570284 0 -1
1481936370308 6 -3
1481936571157 6 -2
1481936371507 6 3
1481936571798 7 -3
1481936372870 0 3
1481936373319 6 -3
1481936572339 5 -1
1481936374194 2 1
1481936573336 8 -4
1481936374560 4 -3
1481936573871 7 3
1481936574334 6 2
1481936375004 2 -1
1481936574831 0 1
1481936375449 6 3
1481936575154 4 1
1481936375886 0 -2
1481936575544 9 -1
1481936376401 9 1
1481936376686 4 -1
1481936575949 5 1
1481936376979 0 -1
1481936577645 0 2
1481936377996 6 -2
1481936578524 6 -3
1481936578964 7 -3
1481936378316 5 -1
1481936378823 7 -3
1481936579367 3 2
1481936579800 0 3
1481936379298 6 1
1481936380157 5 2
1481936383449 5 -1
1481936386292 7 3
1481936386754 6 1
1481936387319 0 3
1481936387768 6 -2
1481936388251 7 -3
1481936388958 5 1
1481936389590 6 1
1481936390120 4 1
1481936390399 9 -1
1481936390983 6 -2
1481936393448 2 3
1481936395742 6 2
1481936396537 4 2
1481936397549 4 -2
1481936397855 6 -2
1481936398676 2 -3
1481936408271 2 3
1481936408830 6 2
1481936409575 4 2
1481936409978 9 1
1481936410749 9 -1
1481936411096 6 -2
1481936412191 4 -2
1481936412944 6 2
1481936414671 6 -2
1481936415632 2 -3
1481936415973 5 -1
1481936416533 7 3
1481936417048 6 3
1481936417921 0 -2
1481936418417 9 1
1481936418766 4 -1
1481936419094 0 -1
1481936420603 10 1
1481936422254 6 -2
1481936424978 10 -1
1481936425464 5 -1
1481936425975 7 -3
1481936426518 8 -4
1481936428308 5 2
1481936429027 6 1
1481936430165 10 2
1481936430668 3 2
1481936431347 9 1
1481936433430 10 -1
1481936433802 3 -2
1481936434204 5 -1
1481936435121 7 3
1481936435476 6 1
1481936435954 0 1
1481936436290 4 1
1481936436650 9 -2
1481936437094 10 -1
1481936440073 0 2
1481936440450 6 -3
1481936440909 7 -3
1481936441315 3 2
1481936441746 0 3
