1482861067807 7 -2
1482861069494 5 1
1482861070993 3 2
1482861074255 10 2
1482861075433 1 -1
1482861077233 3 -3
1482861083952 10 -1
1482861086088 2 3
1482861090625 5 -1
1482861093007 7 3
1482861096085 4 1
1482861097669 6 1
1482861098698 9 1
1482861102319 7 -2
1482861107715 4 -1
1482861108706 7 -1
1482861109883 5 1
1482861110838 10 1
1482861112030 9 -1
1482861114236 1 -1
1482861119854 1 1
1482861120758 6 -1
1482861121625 10 -1
1482861123138 2 -3
1482861124021 3 3
1482861126994 1 1
1482861128172 10 -1
1482861130911 2 2
1482861132935 6 1
1482861136603 6 -1
1482861138067 2 -2
1482861139333 3 -2
1482861140658 10 2
1482861143317 1 -1
1482861144204 3 -1
1482861148716 3 3
1482861149993 10 -1
1482861151468 1 1
1482861152484 10 -1
1482861154245 2 2
1482861155435 6 1
1482861156811 10 1
1482861157853 1 -2
1482861159180 3 -3
1482861163927 2 1
1482861165007 10 1
1482861166047 1 1
1482861166852 6 -1
1482861168935 10 -1
1482861169977 2 -3
1482861173845 3 1
1482861175074 1 1
1482861176017 10 -1
1482861178595 5 -2
1482861180478 8 3
1482861182388 7 1
1482861183392 7 2
1482861185040 4 1
1482861186404 2 -1
1482861187631 6 3
1482861188697 0 1
1482861191415 5 1
1482861193940 0 2
1482861195539 6 -2
1482861199469 6 -1
1482861201129 2 1
1482861202555 4 -3
1482861203807 2 -1
1482861205171 6 2
1482861207987 7 -3
1482861209808 5 1
1482861210936 6 -2
1482861217256 2 2
1482861221013 2 1
1482861222006 6 2
1482861223617 9 1
1482861224758 4 -1
1482861228588 6 -1
1482861235320 4 3
1482861236621 9 -1
1482861237663 6 -1
1482861241989 2 -2
1482861246663 4 -2
1482861248596 2 -1
1482861249578 6 2
1482861253469 6 -2
1482861255204 5 -1
1482861257823 7 3
1482861259060 6 3
1482861260449 0 -2
1482861263104 10 1
1482861264206 1 -2
1482861265148 3 -1
1482861269921 1 1
1482861271061 9 1
1482861272114 4 -1
1482861273168 0 -1
1482861274410 3 1
1482861275463 1 1
1482861276254 10 -1
1482861277359 0 3
1482861278849 6 -2
1482861280026 7 -3
1482861281648 5 1
1482861283286 6 1
1482861286868 4 1
1482861287945 9 -1
1482861293376 5 -1
1482861296040 7 3
1482861297119 6 1
1482861300445 9 1
1482861301420 4 -1
1482861305151 6 -2
1482861306848 7 -3
1482861308139 5 1
1482861309814 6 1
1482861311699 4 1
1482861312579 9 -1
1482861313530 6 -2
1482861317024 2 3
1482861317818 6 2
1482861322639 4 2
1482861323991 6 -2
1482861326855 2 -2
1482861330015 4 -2
1482861330994 2 -1
1482861331969 6 2
1482861335322 6 -2
1482861342003 5 -1
1482861343204 7 2
1482861344133 7 1
1482861345561 6 2
1482861346465 6 1
1482861365544 9 1
1482861366448 4 -1
1482861367935 6 -2
1482861371108 7 -3
1482861372374 5 1
1482861377209 6 1
1482861379007 4 1
1482861379776 9 -1
1482861380843 6 -2
1482861384251 2 3
1482861385305 6 2
1482861398792 6 -2
1482861400045 2 -3
1482861401396 5 -1
1482861403987 7 3
1482861405104 6 3
1482861408872 9 1
1482861409828 4 -1
1482861410967 6 -2
1482861412530 7 -3
1482861413670 5 1
1482861415467 6 1
1482861419473 6 -1
