1482540730095 3 2
1482540736821 7 -2
1482540737710 5 1
1482540741813 2 2
1482540745861 6 1
1482540751813 6 -1
1482540753501 2 -2
1482540754425 5 -2
1482540756479 7 2
1482540757637 4 1
1482540758400 8 2
1482540764262 3 -2
1482540765293 8 1
1482540766093 7 1
1482540766887 5 1
1482540769229 10 1
1482540770686 1 -1
1482540771637 3 -1
1482540775517 3 1
1482540776245 1 1
1482540777150 10 -1
1482540778926 5 -1
1482540780831 7 -2
1482540782803 8 -3
1482540783980 3 2
1482540787096 4 -1
1482540787875 7 -1
1482540788930 5 2
1482540790195 2 2
1482540795874 6 1
1482540799514 10 1
1482540800387 1 -2
1482540803188 3 -3
1482540804147 2 1
1482540806994 5 -1
1482540808436 7 3
1482540810674 1 1
1482540811747 6 -1
1482540813540 6 1
1482540815035 4 1
1482540816458 1 -1
1482540819762 7 -2
1482540823002 1 1
1482540823706 6 -1
1482540829528 6 1
1482540830178 9 1
1482540832811 4 -1
1482540833579 7 -1
1482540834394 5 1
1482540835708 2 -1
1482540836642 3 3
1482540837769 1 1
1482540838505 10 -1
1482540839573 9 -1
1482540840388 6 -1
1482540843711 2 -2
1482540844874 5 -2
1482540849009 5 2
1482540851930 2 2
1482540854976 2 -2
1482540857315 2 2
1482540857961 2 -2
1482540861619 10 1
1482540862593 1 -1
1482540863467 3 -3
1482540864483 2 3
1482540866185 5 -1
1482540867094 7 3
1482540868994 6 1
1482540873505 6 -1
1482540876489 7 -3
1482540877273 5 1
1482540878866 2 -3
1482540880801 5 -1
1482540882171 7 3
1482540886105 4 1
1482540887342 2 -1
1482540889442 6 1
1482540890650 1 -1
1482540892546 7 -2
1482540893923 3 3
1482540895098 1 2
1482540895993 10 -1
1482540903694 5 -1
1482540904655 8 2
1482540906295 3 -2
1482540907135 7 2
1482540908359 6 2
1482540911527 3 1
1482540914870 0 1
1482540918270 3 -1
1482540919031 8 1
1482540919678 5 1
1482540921486 10 1
1482540922384 1 -2
1482540923824 3 -1
1482540931766 3 1
1482540932450 1 2
1482540933655 10 -1
1482540934689 0 2
1482540936144 6 -3
1482540937970 7 -2
1482540939440 2 1
1482540940247 4 -3
1482540941224 7 -1
1482540942200 5 1
1482540943809 2 -1
1482540945434 5 -1
1482540950411 7 3
1482540951800 6 3
1482540953160 0 -1
1482540954305 0 1
1482540956137 9 1
1482540956984 4 -1
1482540958601 0 -3
1482540960643 5 -1
1482540961792 6 -2
1482540962605 7 -3
1482540963516 8 -4
1482540964835 6 1
1482540966042 5 2
1482540968379 3 2
1482540970994 10 2
1482540972018 9 1
1482540973698 9 -1
1482540975778 9 1
1482540976403 6 -1
1482540976962 10 -1
1482540977930 6 1
1482540979106 10 1
1482541001801 R
1482541006540 7 -1
1482541007603 4 1
1482541008831 2 -1
1482541010991 6 1
1482541011822 10 1
1482541012871 1 -2
1482541014487 3 2
1482541016078 7 1
1482541018392 1 2
1482541019327 10 -1
1482541021671 6 -1
1482541023752 5 -1
1482541024808 8 2
1482541027039 6 2
1482541028463 3 -2
1482541029888 3 1
1482541030959 7 1
1482541031847 6 1
1482541032856 0 1
1482541034718 3 -1
1482541035622 8 1
1482541036430 5 1
1482541037623 0 2
1482541038903 6 -3
1482541040167 7 -2
1482541045542 2 1
1482541046862 4 -3
1482541047807 2 -1
1482541049975 7 -1
1482541050982 5 1
1482541053617 5 -1
1482541054710 5 1
1482541056478 5 -1
1482541058175 6 2
1482541059910 9 1
1482541061111 6 -1
1482541061750 4 -1
1482541064591 5 1
