1481813949306 7 -2
1481813951411 5 1
1481813954697 3 2
1481813955573 10 2
1481813956870 1 -1
1481813957749 3 -3
1481813958753 10 -1
1481813959548 2 3
1481813961438 6 1
1481813962225 1 -1
1481813970670 10 1
1481813974377 10 -1
1481813982351 2 -1
1481813982874 3 3
1481813984744 1 2
1481813986045 6 -1
1481813986804 10 -1
1481813987583 2 -2
1481813989353 10 2
1481813990267 1 -1
1481813991250 3 -3
1481813992248 10 -1
1481813993013 2 3
1481813997925 2 -1
1481813999178 3 3
1481814004615 1 1
1481814005705 10 -1
1481814008755 2 -2
1481814009865 5 -2
1481814011965 8 2
1481814013308 7 2
1481814014372 4 1
1481814015078 2 -1
1481814019233 6 2
1481814028255 7 -1
1481814029777 3 -2
1481814032389 8 1
1481814033588 5 1
1481814035080 10 1
1481814035890 1 -2
1481814037682 3 -1
1481814039185 7 2
1481814040608 6 1
1481814046675 3 1
1481814047823 1 2
1481814048513 10 -1
1481814053537 6 -3
1481814055960 5 -1
1481814056673 8 -3
1481814059972 7 -2
1481814060940 5 1
1481814061952 6 1
1481814063707 10 1
1481814065148 1 -2
1481814066333 7 2
1481814069106 1 2
1481814070678 6 -1
1481814071314 10 -1
1481814074214 5 -1
1481814075354 8 3
1481814076615 2 1
1481814078378 4 -1
1481814080515 7 -3
1481814081243 8 -3
1481814082907 5 2
1481814084603 2 2
1481814087792 3 2
1481814090274 10 1
1481814090947 1 -1
1481814091622 3 -3
1481814095133 2 1
1481814103803 6 1
1481814107859 1 -1
1481814110365 1 1
1481814112960 6 -1
1481814114888 2 -3
1481814118795 5 -1
1481814119612 7 3
1481814122860 3 2
1481814123752 1 1
1481814124442 10 -1
1481814125898 5 -1
1481814127900 4 1
1481814128762 2 -1
1481814129693 6 1
1481814130907 8 2
1481814132400 6 2
1481814137163 6 -3
1481814140552 2 1
1481814145098 2 -1
1481814145795 6 3
1481814148945 9 1
1481814149597 6 -2
1481814150500 8 -2
1481814152244 5 1
1481814153737 10 1
1481814158111 7 -2
1481814161620 7 2
1481814167765 10 -1
1481814169239 5 -1
1481814169923 8 2
1481814175142 8 -2
1481814175894 7 -2
1481814179726 9 -1
1481814180954 6 -1
1481814184990 8 2
1481814187022 7 2
1481814189609 6 3
1481814195168 6 -3
1481814199855 6 3
1481814200770 0 1
1481814203292 0 -1
1481814203860 6 -3
1481814207932 2 1
1481814208757 4 -1
1481814209724 8 -2
1481814212036 7 -3
1481814214400 5 2
1481814215875 2 2
1481814218454 2 -2
1481814219887 3 -1
1481814223780 2 2
1481814227184 10 1
1481814228100 1 -1
1481814229014 3 -1
1481814229864 2 1
1481814236192 6 1
1481814241399 1 -1
1481814244749 2 -1
1481814246235 3 3
1481814247587 1 2
1481814248845 6 -1
1481814249520 10 -1
1481814254589 2 -2
1481814255648 5 -2
1481814256479 8 2
1481814259884 7 2
1481814260874 4 1
1481814261722 2 -1
1481814263872 8 -2
1481814267324 6 1
1481814269223 6 -1
1481814271939 3 -2
1481814272995 8 3
1481814274789 7 1
1481814276857 6 3
1481814278117 0 1
1481814280074 5 1
1481814281207 0 -1
1481814284695 6 -3
1481814290919 6 3
1481814294774 0 3
1481814296095 6 -3
1481814301344 6 2
1481814302065 9 1
1481814303654 6 -1
1481814304186 9 -1
1481814305079 6 -1
1481814306512 2 1
1481814307487 4 -3
1481814308589 2 -1
1481814309834 6 3
1481814314649 9 1
1481814316615 4 -1
1481814320094 6 -2
1481814322629 7 -3
1481814334764 5 1
1481814345819 4 1
1481814346554 9 -1
1481814347365 6 -1
1481814351894 5 -1
1481814353534 7 3
1481814366984 7 -3
1481814371274 5 1
1481814372099 2 3
1481814374072 6 2
1481814377802 6 -2
1481814379029 2 -3
1481814381340 5 -1
1481814383494 7 3
1481814385329 6 3
1481814386101 0 -2
1481814386882 5 -1
1481814387706 8 -1
1481814388479 3 1
1481814395161 3 -1
1481814396016 8 1
1481814397044 5 1
1481814399639 10 1
1481814400427 1 -2
1481814401380 3 -1
1481814408625 1 1
1481814410725 9 1
1481814411677 4 -1
1481814413049 0 -1
1481814413951 6 -2
1481814415801 6 2
1481814418913 3 1
1481814420624 1 1
1481814422056 0 1
1481814422769 10 -1
1481814425073 0 2
1481814426409 6 -2
1481814428289 7 -3
1481814439494 5 1
1481814447671 5 -1
1481814450496 5 1
1481814454584 4 1
1481814456908 9 -1
1481814457773 6 -1
1481814460824 6 2
1481814463795 6 -2
1481814466163 5 -1
1481814466801 7 3
1481814468859 6 3
1481814476777 0 -2
1481814479237 10 1
1481814480302 1 -2
1481814482804 3 -1
1481814486684 1 1
1481814493719 1 -1
1481814494776 3 1
1481814496922 1 1
1481814497837 1 1
1481814500011 10 -1
1481814502516 5 -1
1481814506853 8 -1
1481814507601 3 1
1481814514856 9 1
1481814515680 4 -1
1481814516759 0 -1
1481814517614 6 -2
1481814519504 8 -3
1481814524011 6 2
1481814527994 5 1
1481814529051 0 3
1481814529988 6 -2
1481814531466 7 -3
1481814532284 3 1
1481814533042 0 1
1481814534220 0 1
