1482860958662 4 1
1482860959700 5 -1
1482860960966 8 3
1482860961886 2 -1
1482860963473 6 2
1482860964438 5 1
1482860966055 7 1
1482860966716 6 1
1482860967974 0 3
1482860968843 6 -3
1482860971136 7 -2
1482860979877 7 2
1482860982108 7 -2
1482860982778 2 1
1482860983758 4 -3
1482860984516 7 -1
1482860985360 5 1
1482860990283 U
1482860990684 U
1482860991151 U
1482860991242 U
1482860991421 U
1482860991597 U
1482860991890 U
1482860992129 U
1482860992432 U
1482860992643 U
1482860992969 U
1482860993305 U
1482860993685 U
1482860996028 8 -3
1482860998013 5 1
1482861001662 7 -1
1482861004204 5 -1
1482861006043 8 3
1482861007028 2 1
1482861007715 4 -1
1482861008408 7 -1
1482861009940 8 -3
1482861011168 5 2
1482861016170 5 -2
1482861016848 8 3
1482861018535 5 2
1482861020001 2 2
1482861023973 2 -2
1482861024951 5 -2
1482861026130 7 3
1482861027428 5 1
1482861033961 R
1482861036496 7 1
1482861039586 5 -1
1482861040247 8 3
1482861043926 5 1
1482861049287 4 1
1482861049960 2 -1
1482861051449 6 3
1482861052786 0 3
1482861054907 6 -3
1482861055762 2 1
1482861056718 4 -3
1482861057841 2 -1
1482861059768 6 3
1482861061045 0 -2
1482861062451 5 -1
1482861064102 5 1
1482861066361 0 2
1482861067815 6 -3
1482861068717 7 -3
1482861073363 5 1
1482861076297 5 -1
1482861076555 5 1
1482861088498 U
1482861088921 U
1482861089161 U
1482861089352 U
1482861090049 U
1482861094826 0 -2
1482861098446 10 1
1482861099645 1 -2
1482861101257 3 -1
1482861103061 3 1
1482861103799 1 2
1482861104731 9 2
1482861105701 4 -1
1482861106295 9 -1
1482861107631 10 -1
1482861110929 0 2
1482861112077 6 -2
1482861114054 7 -3
1482861116824 7 3
1482861117955 6 2
1482861120862 0 -2
1482861122556 5 -1
1482861123578 8 -1
1482861124349 3 1
1482861136616 0 -1
1482861137876 6 -2
1482861140471 7 -3
1482861141703 8 -3
1482861143973 5 2
1482861145097 3 1
1482861147725 5 -2
1482861149330 7 2
1482861151327 8 3
1482861151929 7 -2
1482861154283 3 -1
1482861155713 7 3
1482861156689 6 2
1482861159860 6 -2
1482861160539 8 -3
1482861162691 6 2
1482861163624 5 1
1482861164940 0 3
1482861166177 6 -2
1482861167044 7 -3
1482861167947 3 1
1482861168584 0 2
