1479888399575 3 2
1479888399575 3 2
1479888400882 7 -2
1479888400882 7 -2
1479888401635 5 1
1479888401635 5 1
1479888403018 2 2
1479888403018 2 2
1479888405484 6 1
1479888405484 6 1
1479888406252 10 1
1479888406252 10 1
1479888408733 1 -1
1479888408733 1 -1
1479888409892 1 -1
1479888409892 1 -1
1479888416202 3 -3
1479888416202 3 -3
1479888417418 2 1
1479888417418 2 1
1479888420404 5 -1
1479888420404 5 -1
1479888421477 7 3
1479888421477 7 3
1479888425268 4 1
1479888425268 4 1
1479888429905 1 1
1479888429905 1 1
1479888432020 6 -1
1479888432020 6 -1
1479888435450 7 -2
1479888435450 7 -2
1479888438644 6 1
1479888438644 6 1
1479888440364 1 -1
1479888440364 1 -1
1479888445173 1 1
1479888445173 1 1
1479888448790 U
1479888448790 U
1479888450005 U
1479888450005 U
1479888452935 U
1479888452935 U
1479888453990 U
1479888453990 U
1479888454758 U
1479888454758 U
1479888456509 9 1
1479888456509 9 1
1479888463781 9 -1
1479888463781 9 -1
1479888464588 1 -1
1479888464588 1 -1
1479888467853 1 1
1479888467853 1 1
1479888468812 6 -1
1479888468812 6 -1
1479888473878 7 -2
1479888473878 7 -2
1479888476991 7 2
1479888476991 7 2
1479888479397 6 1
1479888479397 6 1
1479888480579 1 -1
1479888480579 1 -1
1479888482286 1 1
1479888482286 1 1
1479888486253 9 1
1479888486253 9 1
1479888488310 9 -1
1479888488310 9 -1
1479888489141 1 -1
1479888489141 1 -1
1479888489998 U
1479888489998 U
1479888490470 U
1479888490470 U
1479888491006 U
1479888491006 U
1479888491518 U
1479888491518 U
1479888492076 U
1479888492076 U
1479888492702 U
1479888492702 U
1479888493910 U
1479888493910 U
1479888500862 U
1479888500862 U
1479888501629 U
1479888501629 U
1479888502253 U
1479888502253 U
1479888502661 U
1479888502661 U
1479888503517 U
1479888503517 U
1479888503933 U
1479888503933 U
1479888504109 U
1479888504109 U
1479888504722 R
1479888504722 R
1479888507390 3 2
1479888507390 3 2
1479888509565 5 -1
1479888509565 5 -1
1479888510933 8 2
1479888510933 8 2
1479888513829 7 -2
1479888513829 7 -2
1479888518277 8 -2
1479888518277 8 -2
1479888519869 5 2
1479888519869 5 2
1479888523142 10 2
1479888523142 10 2
1479888526488 10 -2
1479888526488 10 -2
1479888527861 2 2
1479888527861 2 2
1479888529546 6 1
1479888529546 6 1
1479888531091 10 1
1479888531091 10 1
1479888532149 1 -2
1479888532149 1 -2
1479888538458 1 2
1479888538458 1 2
1479888539350 9 2
1479888539350 9 2
1479888542396 9 -2
1479888542396 9 -2
1479888546421 1 -2
1479888546421 1 -2
1479888548413 1 2
1479888548413 1 2
1479888550413 6 -1
1479888550413 6 -1
1479888551477 10 -1
1479888551477 10 -1
1479888552605 2 -2
1479888552605 2 -2
1479888554549 10 2
1479888554549 10 2
1479888556429 10 -2
1479888556429 10 -2
1479888557570 5 -2
1479888557570 5 -2
1479888559376 8 2
1479888559376 8 2
1479888562100 7 2
1479888562100 7 2
1479888563282 4 1
1479888563282 4 1
1479888567429 8 -2
1479888567429 8 -2
1479888568445 5 1
1479888568445 5 1
1479888569621 7 -1
1479888569621 7 -1
1479888571530 10 1
1479888571530 10 1
1479888573748 1 -1
1479888573748 1 -1
1479888575702 3 -3
1479888575702 3 -3
1479888578212 7 2
1479888578212 7 2
1479888582459 3 2
1479888582459 3 2
1479888583618 1 1
1479888583618 1 1
1479888584668 10 -1
1479888584668 10 -1
1479888585719 5 -1
1479888585719 5 -1
1479888587181 8 2
1479888587181 8 2
1479888589069 2 -1
1479888589069 2 -1
1479888590146 6 3
1479888590146 6 3
1479888595574 3 -1
1479888595574 3 -1
1479888598126 8 1
1479888598126 8 1
1479888598820 5 1
1479888598820 5 1
1479888601053 0 3
1479888601053 0 3
1479888612573 0 -2
1479888612573 0 -2
1479888615522 10 1
1479888615522 10 1
1479888617021 1 -2
1479888617021 1 -2
1479888620029 1 2
1479888620029 1 2
1479888621948 10 -1
1479888621948 10 -1
1479888623845 0 2
1479888623845 0 2
1479888633665 6 -3
1479888633665 6 -3
1479888636172 7 -2
1479888636172 7 -2
1479888644708 6 2
1479888644708 6 2
1479888646877 6 -2
1479888646877 6 -2
1479888647941 2 1
1479888647941 2 1
1479888651234 4 -3
1479888651234 4 -3
1479888652453 7 -1
1479888652453 7 -1
1479888653580 5 1
1479888653580 5 1
1479888657620 5 -1
1479888657620 5 -1
1479888661858 2 -1
1479888661858 2 -1
1479888664538 5 1
1479888664538 5 1
1479888667338 6 2
1479888667338 6 2
1479888678473 6 -2
1479888678473 6 -2
1479888680189 2 3
1479888680189 2 3
1479888681229 4 2
1479888681229 4 2
1479888681875 6 2
1479888681875 6 2
1479888683619 4 -2
1479888683619 4 -2
1479888687316 6 -2
1479888687316 6 -2
1479888690667 2 -3
1479888690667 2 -3
1479888692517 5 -1
1479888692517 5 -1
1479888697526 6 2
1479888697526 6 2
