1481899499960 8 -1
1481899501418 8 -1
1481899502819 6 -1
1481899508946 5 1
1481899510512 1 -1
1481899516453 2 -3
1481899523680 1 -1
1481899525913 3 3
1481899530715 3 -3
1481899532135 1 1
1481899536977 0 2
1481899538127 7 1
1481899539810 7 -1
1481899540474 0 -2
1481899543457 4 -1
1481899544229 4 -1
1481899546016 5 1
1481899547151 1 -1
1481899548300 3 4
1481899549831 1 1
1481899551664 2 3
1481899556043 1 1
1481899557024 10 1
1481899557777 0 1
1481899559651 7 4
1481899560351 10 -1
1481899561080 0 -1
1481899562230 1 -2
1481899563339 2 -2
1481899567328 9 -1
1481899572767 1 -1
1481899575453 5 -2
1481899576303 3 -3
1481899577693 6 3
1481899579020 4 4
1481899580333 8 2
1481899581316 1 -1
1481899581967 0 5
