1482730869195 8 -2
1482730871933 6 -1
1482730872774 4 -2
1482730874267 5 2
1482730875271 1 -2
1482730876721 2 -3
1482730878250 1 1
1482730880888 5 -1
1482730881869 4 4
1482730882864 5 1
1482730884600 9 1
1482730885543 0 2
1482730886235 7 1
1482730886871 8 -1
1482730887717 9 -1
1482730888844 0 -1
1482730891240 2 2
1482730895505 9 1
1482730896105 8 1
1482730896940 7 -1
1482730897760 0 -1
1482730898472 1 -1
1482730899285 3 3
1482730900628 1 1
1482730901822 9 -1
1482730902374 0 2
1482730903256 7 1
1482730905353 R
1482730909745 8 -2
1482730911039 4 -2
1482730914510 6 -1
1482730915292 5 2
1482730916465 1 -2
1482730917537 3 4
1482730918863 1 2
1482730919886 10 2
1482730921511 0 2
1482730922658 7 4
1482730923638 9 -1
1482730924170 8 -1
1482730925067 0 -2
1482730925975 10 -2
1482730931702 1 -3
1482730932514 5 -2
1482730933377 2 -2
1482730934110 3 -3
1482730935183 6 3
1482730936970 4 4
1482730937911 6 -3
1482730938683 5 2
1482730942144 3 2
1482730943027 1 2
1482730947531 5 -1
1482730948043 5 1
1482730949035 1 -2
1482730949797 3 -2
1482730950440 5 -2
1482730951302 6 3
1482730955054 6 -3
1482730955685 5 2
1482730956984 3 2
1482730957563 1 2
1482730958314 0 2
1482730964304 R
1482730966962 R
1482730970933 0 2
1482730975671 8 -2
1482730976770 4 -2
1482730977313 6 -1
1482730978015 5 2
1482730979499 1 -1
1482730980045 2 -3
1482730981044 5 -1
1482730981946 4 4
1482730982523 5 1
1482730983973 0 -1
1482730985588 9 1
1482730986300 7 1
1482730986905 8 -1
1482730987533 9 -1
1482730989429 0 1
1482730992307 2 2
1482730994837 R
1482731019632 0 2
1482731022620 0 -2
1482731027075 8 -2
1482731027895 6 -1
1482731028660 5 1
1482731031447 1 -2
1482731032103 3 4
1482731033121 1 2
1482731034244 5 -1
1482731035374 5 1
1482731036241 1 -2
1482731036993 3 -4
1482731038236 1 2
1482731039550 4 1
1482731040513 5 -1
1482731042720 5 1
1482731045411 5 -1
1482731046524 5 1
1482731047283 1 -2
1482731047931 2 -3
1482731048818 1 1
1482731049790 1 -1
1482731052228 4 1
1482731052851 5 1
1482731054123 1 1
1482731058660 9 1
1482731059500 9 -1
1482731060064 0 2
1482731061400 7 1
1482731062151 8 -1
1482731063161 0 -1
1482731064545 5 -1
1482731065181 4 -4
1482731066790 5 1
1482731068396 2 3
1482731069380 1 1
1482731070062 5 -2
1482731071055 6 2
1482731071772 0 1
1482731072941 9 2
1482731073924 8 2
1482731075689 7 -1
1482731076391 9 -2
1482731077966 6 -1
1482731079460 6 1
1482731080895 4 3
1482731081728 8 1
1482731084266 9 3
1482731085885 0 -2
1482731092440 4 -1
1482731094605 R
1482731101896 8 -2
1482731102805 6 -1
1482731103392 4 -2
1482731103956 5 2
1482731105619 1 -1
1482731107013 2 -1
1482731107595 5 -1
1482731108289 4 4
1482731109861 4 -3
1482731113753 0 1
1482731114396 7 1
1482731116753 7 -1
1482731117785 0 1
1482731118377 0 -2
1482731119038 R
1482731120834 8 -2
1482731121526 6 -1
1482731122148 4 -2
1482731122912 5 2
1482731123569 10 2
1482731126040 0 2
1482731126902 7 2
1482731127576 9 -1
1482731128235 8 -1
1482731129150 0 -1
1482731130144 10 -1
1482731134595 5 -1
1482731135307 4 3
1482731136442 9 2
1482731137197 7 -1
1482731137764 10 -1
1482731139792 1 -1
1482731141677 R
1482731153621 0 2
1482731157513 4 1
1482731158536 6 1
1482731164038 8 -2
1482731165295 6 -2
1482731166308 4 -3
1482731167132 5 2
1482731168343 1 -1
1482731170621 1 1
1482731171357 10 2
1482731173268 0 -2
1482731174531 10 -2
1482731175143 1 -2
1482731175830 3 4
1482731177250 1 2
1482731178052 10 2
1482731178824 0 2
1482731180449 7 4
1482731181473 10 -2
1482731182163 0 -2
1482731183660 1 -2
1482731184203 9 -1
1482731184905 8 -1
1482731185705 1 -1
1482731187159 3 -3
1482731187806 2 -2
1482731188644 5 -2
1482731189386 6 3
1482731191643 6 -3
1482731192335 4 4
1482731193579 5 2
1482731196116 5 -2
1482731197089 6 3
1482731197768 8 3
1482731198546 1 -1
1482731199668 6 -2
1482731200410 6 2
1482731201567 0 6
