1482907702507 9 1
1482907703642 8 -2
1482907704890 9 -1
1482907705669 6 -1
1482907706238 4 -2
1482907708458 5 2
1482907709261 1 -2
1482907709884 2 -3
1482907710931 5 -1
1482907711730 1 1
1482907714003 4 4
1482907715522 5 1
1482907717914 9 1
1482907719618 5 -1
1482907720370 4 -4
1482907720861 5 1
1482907722386 1 -1
1482907723178 2 3
1482907723938 3 4
1482907725258 1 2
1482907726363 5 -2
1482907727340 6 1
1482907727835 3 -1
1482907730747 0 2
1482907731514 7 1
1482907732210 8 -1
1482907732866 9 -1
1482907734130 4 3
1482907734790 6 -1
1482907735613 5 1
1482907736236 1 -1
1482907736707 2 -3
1482907737618 4 1
1482907738354 5 1
1482907741482 9 1
1482907742034 8 1
1482907742794 7 -1
1482907743761 0 -1
1482907744449 0 -1
1482907745130 1 -1
1482907745587 3 -3
1482907746538 1 1
1482907747138 0 2
1482907748378 5 -1
1482907749976 9 -1
1482907751884 4 -4
1482907757834 2 3
1482907758713 1 1
1482907759329 5 -1
1482907958625 6 2
1482907959937 4 3
1482907960937 9 3
1482907961656 8 2
1482907962640 0 -2
1482907964386 9 -3
1482907965241 6 -1
1482907965728 8 -2
1482907966472 6 -1
1482907967360 4 -3
1482907968061 5 2
1482907969072 1 -2
1482907969872 3 4
1482907970932 2 -3
1482907972922 2 3
1482907973889 1 2
1482907974642 10 2
1482907975464 0 2
1482907976701 7 4
1482907977304 9 -1
1482907977760 8 -1
1482907978600 10 -2
1482907979392 1 -1
1482907979960 2 -2
1482907980480 3 -1
1482907981608 2 2
1482907982656 5 -1
1482907983544 1 1
1482907984585 10 1
1482907985464 7 -2
1482907985984 9 2
1482907986449 8 1
1482907987192 7 -2
1482907987720 10 -1
1482907988216 5 -1
1482907990081 5 2
1482907993352 9 -1
1482907994808 7 1
1482907995360 8 -1
1482907996544 0 -1
1482907997408 5 -2
1482907998120 6 1
1482907998800 4 3
1482907999456 6 -1
1482908001556 5 1
1482908002248 1 -1
1482908002937 2 -3
1482908004736 4 1
1482908006181 8 1
1482908006648 9 1
1482908008266 7 -1
1482908008800 0 -1
1482908009341 1 -1
1482908010101 3 -3
1482908010940 5 1
1482908012160 9 -1
1482908016368 5 -1
1482908017360 3 3
1482908018320 1 1
1482908022961 0 2
1482908023916 2 2
1482908026882 4 -1
1482908027458 2 1
1482908028346 1 1
1482908029353 10 1
1482908124912 10 -1
1482908125872 1 -1
1482908126291 2 -3
1482908128360 2 3
1482908128920 1 1
1482908131369 5 -1
1482908133259 0 -2
1482908134176 9 1
1482908136472 0 2
1482908137072 7 1
1482908137648 8 -1
1482908138224 9 -1
1482908140682 4 -3
1482908141394 5 2
1482908142984 1 -1
1482908144690 2 -3
1482908145416 3 1
1482908146664 0 -1
1482908166012 0 1
1482908166587 9 1
1482908168521 8 1
1482908169513 R
1482908172353 9 1
1482908173064 8 -2
1482908176240 4 1
1482908179191 6 -1
1482908179928 4 -3
1482908181039 5 2
1482908182504 9 -1
1482908183096 0 2
1482908183625 10 1
1482908184520 7 2
1482908185018 9 -1
1482908185527 8 -1
1482908186039 0 -1
1482908194880 0 1
1482908196646 10 1
1482908198774 8 1
1482908199447 9 2
1482908200487 7 -2
1482908202160 10 -2
1482908203010 0 -2
1482908203711 9 -1
1482908204527 1 -2
1482908205647 3 4
1482908207215 1 2
1482908207935 10 2
1482908208591 0 2
1482908209455 7 4
1482908211136 9 -1
1482908211750 8 -1
1482908213158 10 -2
1482908214118 5 -2
1482908214902 6 1
1482908221351 3 -1
1482908266199 9 2
1482908266903 8 2
1482908268935 0 -2
1482908269377 9 -2
1482908271368 4 3
1482908271833 8 1
1482908272632 8 -3
1482908273727 6 -1
1482908277231 5 1
1482908278423 1 -3
1482908279151 2 -2
1482908279743 3 -2
1482908280353 5 -1
1482908281535 6 3
1482908284335 8 3
1482908285583 1 -1
1482908290249 0 5
