1479332633917 8 -2
1479332634308 6 -1
1479332634839 4 -2
1479332635297 5 2
1479332635672 1 -1
1479332636523 2 -3
1479332640066 5 -1
1479332640857 5 1
1479332641740 0 1
1479332642168 7 1
1479332642774 8 -1
1479332643191 2 2
1479332643755 2 1
1479332644119 1 1
1479332644571 10 1
1479332644936 7 1
1479332645473 9 -1
1479332647756 R
1479332650275 8 -2
1479332650716 6 -1
1479332650967 4 -1
1479332651422 5 2
1479332652524 1 -1
1479332653269 1 -1
1479332653799 3 4
1479332654502 1 2
1479332654929 10 1
1479332655275 0 1
1479332655771 7 4
1479332656125 10 -1
1479332656375 0 -1
1479332656659 9 -1
1479332657156 8 -1
1479332659491 1 -3
1479332667001 10 1
1479332667330 7 -1
1479332668032 2 -3
1479332669047 3 -3
1479332672844 2 1
1479332673129 7 1
1479332673443 10 -1
1479332673874 5 -2
1479332674212 6 2
1479332674705 8 3
1479332675099 1 -1
1479332675506 6 1
1479332675853 4 2
1479332676320 0 4
1479332676956 0 1
