1482816310614 8 -2
1482816311866 4 -2
1482816313997 6 1
1482816319378 6 -2
1482816320568 5 2
1482816327453 5 -2
1482816329272 6 2
1482816332448 4 1
1482816333618 4 2
1482816338659 0 2
1482816339712 8 2
1482816348478 7 1
1482816350949 8 -2
1482816351479 8 -1
1482816352595 9 3
1482816356071 9 -3
1482816358559 6 -2
1482816361876 6 2
1482816364605 9 2
1482816367792 9 -1
1482816368961 R
1482816380146 4 1
1482816383614 6 1
1482816396550 0 2
1482816400347 7 1
1482816403495 8 -3
1482816404774 9 1
1482816406714 9 1
1482816411412 9 -2
1482816413098 6 -2
1482816415792 5 1
1482816421126 R
1482816425985 4 1
1482816429312 6 1
1482816431397 0 2
1482816439732 R
1482816460741 0 2
1482816463328 7 1
1482816466405 8 -3
1482816467545 9 1
1482816469390 6 -1
1482816471642 4 -2
1482816473946 6 2
1482816475038 9 1
1482816479069 9 -2
1482816480344 6 -2
1482816484609 5 2
1482816490187 0 -1
1482816498304 5 -2
1482816499995 6 2
1482816507165 4 3
1482816511687 0 1
1482816514477 9 2
