1482081420803 9 1
1482081422453 9 -1
1482081425213 6 1
1482081426582 8 -2
1482081427759 4 -2
1482081428691 6 -2
1482081429723 5 2
1482081432190 0 2
1482081433120 10 2
1482081435663 7 2
1482081437407 9 -1
1482081438401 8 -1
1482081439870 10 -1
1482081443139 0 -1
1482081446558 9 2
1482081447560 7 -1
1482081448505 10 -1
1482081449729 1 -1
1482081451429 2 -3
1482081454087 9 -1
1482081456130 5 -1
1482081458639 4 4
1482081461375 4 -4
1482081462603 5 1
1482081506919 5 -1
1482081508043 4 4
1482081508952 5 1
1482081510953 9 1
1482081511823 8 1
1482081512792 7 -1
1482081513464 0 -1
1482081515015 1 -1
1482081519199 5 -1
1482081520138 4 -4
1482081522463 2 3
1482081524332 3 4
1482081525938 1 2
1482081529261 5 -1
1482081530503 0 2
1482081531289 5 2
1482081532325 10 2
1482081533545 7 4
1482081534266 9 -2
1482081535879 10 -2
1482081537614 1 -1
1482081538784 2 -2
1482081540127 3 -1
1482081543078 3 1
1482081543887 0 -2
1482081545142 1 -2
1482081547513 2 2
1482081549842 1 3
1482081551286 8 -1
1482081552878 5 -2
1482081554056 3 -1
1482081556439 6 1
1482081560435 6 -1
1482081561256 5 2
1482081562377 1 -3
1482081563793 2 -2
1482081564702 3 -2
1482081565703 5 -2
1482081567288 6 3
1482081569125 4 4
1482081570352 8 3
1482081571199 1 -1
1482081573600 0 5
