1482479419406 8 -2
1482479420142 6 -1
1482479420830 4 -2
1482479421990 5 2
1482479422950 1 -2
1482479423774 2 -3
1482479424678 1 1
1482479425613 5 -1
1482479429486 4 4
1482479431853 5 1
1482479433653 2 2
1482479434557 5 -1
1482479435605 4 -1
1482479436309 2 1
1482479437142 1 1
1482479437997 5 -1
1482479439134 6 2
1482479441150 9 3
1482479442182 8 2
1482479443317 0 2
1482479446437 7 1
1482479447213 0 -1
1482479448125 8 -3
1482479449157 9 -3
1482479450581 6 -2
1482479452174 4 -3
1482479453101 5 2
1482479453909 1 -1
1482479455062 2 -3
1482479465397 5 -1
1482479466206 4 4
1482479472094 R
1482479475894 8 -2
1482479476590 6 -1
1482479477342 4 -2
1482479478254 5 2
1482479479142 1 -2
1482479479872 2 -3
1482479484429 3 4
1482479485270 2 3
1482479486151 1 2
1482479489133 10 2
1482479489830 0 2
1482479490542 7 4
1482479492310 9 -1
1482479493048 8 -1
1482479494048 10 -2
1482479494798 0 -2
1482479495902 1 -3
1482479497006 2 -2
1482479498381 3 -3
1482479501341 5 -2
1482479502573 6 3
1482479504406 4 4
1482479506014 8 3
1482479506725 1 -1
1482479507374 0 5
