1479793382417 8 -2
1479793383035 6 -1
1479793383652 5 1
1479793384413 1 -2
1479793385161 2 -3
1479793395398 4 -1
1479793396472 2 3
1479793397314 1 2
1479793397971 5 -1
1479793398670 6 2
1479793405040 6 -2
1479793405758 5 2
1479793410076 1 -2
1479793415621 2 -3
1479793416572 1 1
1479793417250 0 2
1479793418684 9 1
1479793420517 9 -1
1479793421811 R
1479793435103 6 1
1479793435940 9 3
1479793440280 9 -3
1479793441362 6 -1
1479793442081 4 -1
1479793442650 8 -2
1479793443211 6 -1
1479793444480 5 2
1479793446196 1 -2
1479793449680 1 2
1479793455138 0 1
1479793456534 10 1
1479793457126 7 2
1479793457634 9 -1
1479793458101 8 -1
1479793463744 0 1
1479793464384 10 1
1479793465248 10 -1
1479793470286 0 -1
1479793471089 9 1
1479793471542 8 1
1479793472243 7 -1
1479793472955 7 -1
1479793473366 0 -1
1479793474114 10 -1
1479793474930 1 -2
1479793475578 2 -3
1479793482166 2 3
1479793483141 1 2
1479793483757 5 -2
1479793484652 6 2
1479793486212 8 2
1479793487232 9 2
1479793487980 4 2
1479793488987 9 -1
1479793489697 6 -1
1479793491052 8 -2
1479793491559 6 -1
1479793493104 5 1
1479793496104 0 2
1479793498215 1 -1
1479793498996 2 -3
1479793499682 4 1
1479793500414 5 1
1479793504024 0 -2
1479793508694 9 -1
1479793509607 9 1
1479793510297 1 -1
1479793512014 5 -1
1479793512708 4 -4
1479793516077 2 3
1479793516730 1 2
1479793517310 5 -1
1479793518017 6 2
1479793520653 6 -2
1479793522554 5 2
1479793530544 1 -2
1479793542466 1 2
1479793544686 9 -1
1479793547642 0 1
1479793548210 7 1
1479793550330 8 -1
1479793551578 0 1
1479793552562 1 -1
1479793555718 1 1
1479793556582 5 -2
1479793557838 6 2
1479793558820 6 -2
1479793559827 5 2
1479793560325 1 -1
1479793560964 2 -3
1479793563318 5 -1
1479793565118 R
1479793606860 6 1
1479793607778 9 3
1479793611044 9 -2
1479793611996 6 -1
1479793612682 9 -1
1479793613688 8 -2
1479793614421 6 -1
1479793615098 4 -2
1479793615972 5 2
1479793621670 1 -1
1479793622171 2 -3
1479793636718 2 2
1479793637948 2 1
1479793639126 1 1
1479793639976 5 -2
1479793641574 5 1
1479793642672 1 -2
1479793644106 2 -3
1479793645277 1 1
1479793646406 0 1
1479793654312 R
1479793656082 4 1
1479793656565 6 1
1479793657463 9 3
1479793666372 R
1479793668922 8 -2
1479793669835 6 -1
1479793670404 5 1
1479793671010 1 -2
1479793671650 2 -3
1479793673240 1 1
1479793677238 4 1
1479793678064 4 1
1479793678712 5 1
1479793685300 1 -1
1479793689462 R
1479793690274 0 1
1479793690781 7 1
1479793692776 R
1479793696268 9 1
1479793697920 0 1
1479793698576 7 1
1479793699138 9 -1
1479793699900 8 -3
1479793701912 6 -1
1479793702684 5 1
1479793703239 1 -1
1479793704361 2 -3
1479793706386 4 2
1479793707486 5 1
1479793708904 0 1
1479793712998 0 -1
1479793714696 9 1
1479793715283 8 1
1479793716319 7 -1
1479793716768 0 -1
1479793717153 9 -1
1479793718290 5 -1
1479793720739 1 -1
1479793723444 4 -3
1479793724300 5 1
1479793725868 1 1
1479793726600 0 2
1479793728916 5 -1
1479793729804 4 3
1479793730692 5 1
1479793731209 5 -1
1479793731747 5 1
1479793733118 2 2
1479793734638 5 -1
1479793736253 4 -1
1479793737000 2 1
1479793737592 1 1
1479793738776 5 -1
1479793739844 6 2
1479793743984 7 1
1479793745521 8 -1
1479793748648 6 -2
1479793749480 4 -3
1479793750658 5 1
1479793751345 1 -1
1479793752200 2 -3
1479793753494 4 4
1479793754750 5 1
1479793765460 5 -1
1479793766326 4 -2
1479793768852 2 3
1479793769881 1 1
1479793770270 5 -1
1479793774152 5 1
1479793778432 10 1
1479793778979 7 1
1479793779626 9 -1
1479793781294 0 -1
1479793785432 4 -1
1479793786751 5 1
1479793787428 10 1
1479793787936 0 1
1479793792238 R
1479793796293 8 -2
1479793796893 6 -1
1479793797530 5 1
1479793798030 10 1
1479793798817 0 1
1479793799526 7 2
1479793801803 9 -1
1479793802240 8 -1
1479793807844 4 -1
1479793809340 5 1
1479793812170 0 1
1479793812676 10 1
1479793814274 R
1479793816816 8 -2
1479793817292 6 -1
1479793817689 4 -1
1479793818274 5 2
1479793818896 1 -2
1479793821734 3 4
1479793823372 1 2
1479793825577 10 2
1479793826387 0 2
1479793827611 7 4
1479793828352 9 -1
1479793828788 8 -1
1479793832725 0 -2
1479793833341 10 -2
1479793836062 1 -3
1479793838143 2 -2
1479793838921 3 -3
1479793839669 5 -2
1479793841501 6 3
1479793842327 4 3
1479793843083 8 3
1479793843943 1 -1
1479793844721 0 5
