1482248267808 6 -1
1482248269217 0 -1
1482248273383 0 1
1482248274937 6 4
1482248276247 0 -1
1482248279927 0 1
1482248283507 6 -4
1482248285009 1 -1
1482248288481 8 -2
1482248289789 7 2
1482248292707 3 1
1482248300339 3 -1
1482248301447 7 -2
1482248304173 6 3
1482248305622 0 -1
1482248306785 2 1
1482248308715 11 -3
1482248310909 12 -1
1482248314413 3 1
1482248316293 7 2
1482248324961 3 -1
1482248325993 8 1
1482248326825 1 1
1482248328128 6 1
1482248330644 7 -2
1482248331691 8 1
1482248332539 1 1
1482248333523 5 1
1482248334793 4 -2
1482248337465 12 2
1482248338513 9 -1
1482248339799 7 -2
1482248355135 2 1
1482248356391 9 -2
1482248357761 9 -1
1482248362089 3 -2
1482248363697 10 2
1482248364830 2 1
1482248365632 12 1
1482248370805 3 1
1482248373653 12 -2
1482248376203 2 -2
1482248378119 10 -2
1482248380599 3 1
1482248382547 3 -2
1482248383895 2 1
1482248384771 12 1
1482248386673 10 2
1482248387613 12 1
1482248388637 2 1
1482248389923 0 2
1482248394757 11 1
1482248398393 9 2
1482248401304 R
1482248403913 6 -1
1482248405915 1 -1
1482248407239 8 -2
1482248408372 3 1
1482248410033 7 2
1482248413877 3 -1
1482248415053 3 1
1482248419465 6 3
1482248420427 0 -1
1482248421668 2 1
1482248422915 11 -3
1482248425347 12 -1
1482248427443 3 -1
1482248428511 8 1
1482248429284 1 1
1482248430068 6 1
1482248432307 7 -2
1482248433425 8 1
1482248434179 1 1
1482248435111 5 1
1482248443479 4 -2
1482248446284 12 2
1482248447190 9 -1
1482248448277 7 -2
1482248452357 2 1
1482248453351 9 -3
1482248458339 3 -2
1482248460065 10 2
1482248460949 12 1
1482248461751 2 1
1482248463229 0 2
1482248465993 3 1
1482248467417 9 2
1482248470381 11 2
1482248474902 7 2
1482248475879 11 1
1482248477111 9 -2
1482248479167 11 -3
1482248480537 3 -1
1482248481622 7 -2
1482248487013 9 2
1482248488529 R
1482248498255 7 1
1482248499720 1 -1
1482248500696 8 -2
1482248502345 3 1
1482248510191 7 1
1482248518207 6 2
1482248519071 0 -1
1482248519945 2 1
1482248521341 11 -3
1482248522781 12 -1
1482248621049 3 -1
1482248622181 7 -2
1482248623921 8 2
