1481866746794 6 -1
1481866749414 1 1
1481866749874 5 1
1481866750248 0 -1
1481866751911 2 1
1481866752297 11 -2
1481866757015 11 2
1481866757373 2 -1
1481866757682 0 1
1481866758142 6 4
1481866758512 0 -1
1481866759213 2 1
1481866759567 11 -3
1481866760404 12 -1
1481866761761 5 -1
1481866762112 6 -1
1481866762530 1 -2
1481866763071 8 -2
1481866763449 3 1
1481866764348 7 2
1481866765009 12 1
1481866765442 11 3
1481866765852 2 -1
1481866766140 0 1
1481866766583 6 -3
1481866771202 7 -2
1481866771539 3 -1
1481866771994 8 2
1481866772587 1 2
1481866772924 5 1
1481866773312 4 -2
1481866773595 0 -1
1481866776769 2 2
1481866777869 11 -2
1481866780110 11 2
1481866780583 2 -2
1481866781065 4 1
1481866781307 0 1
1481866781619 6 4
1481866781992 4 -1
1481866782255 0 -1
1481866782512 2 2
1481866783452 11 -3
1481866784385 12 -1
1481866785399 12 2
1481866785779 9 -4
1481866786231 12 -2
1481866787328 3 -2
1481866788101 7 -2
1481866789040 10 2
1481866789730 2 1
1481866796157 12 3
1481866796899 3 1
1481866797166 7 2
1481866797666 11 3
1481866798990 12 -2
1481866799431 2 -3
1481866800598 10 -2
1481866806394 4 2
1481866806806 6 -1
1481866807101 5 -1
1481866808318 1 -2
1481866808741 8 -2
1481866809122 3 2
1481866809469 7 2
1481866810081 2 1
1481866810505 11 -3
1481866811004 12 -1
1481866812541 3 -3
1481866812996 4 2
1481866813542 2 1
1481866814418 8 1
1481866815191 10 1
1481866815574 2 2
1481866818239 0 2
1481866822389 0 -2
1481866823387 12 2
1481866824323 12 -1
1481866824681 4 -2
1481866825007 3 1
1481866825488 11 3
1481866826559 9 1
1481866826809 0 1
1481866827254 6 -3
1481866829410 0 -1
1481866831206 7 -3
1481866831636 10 1
1481866832024 8 1
1481866834349 11 -2
1481866834756 3 -1
1481866835262 4 2
1481866835889 12 3
1481866837631 0 2
1481866838475 9 1
1481866838875 5 -2
1481866839961 4 -4
1481866841834 3 1
1481866842287 11 2
1481866842759 5 -1
1481866843125 0 -2
1481866843800 2 -2
1481866844099 12 -2
1481866844583 10 -4
1481866845760 8 -2
1481866846124 2 1
1481866846441 12 1
1481866846799 7 3
1481866847453 3 2
1481866847993 0 6
