1482248156940 1 -1
1482248162588 8 -2
1482248166365 3 1
1482248168012 7 2
1482248173676 6 2
1482248176524 0 -1
1482248181971 2 1
1482248182825 11 -3
1482248189525 12 -1
1482248195172 7 -2
1482248202414 3 -1
1482248203987 8 2
1482248205268 1 2
1482248206268 6 1
1482248207052 5 1
1482248209322 4 -2
1482248213598 7 1
1482248216988 2 1
1482248220494 12 2
1482248221783 9 -4
1482248224138 11 3
1482248226468 11 -3
1482248229708 7 -3
1482248230860 3 -2
1482248231966 12 -2
1482248233084 2 -1
1482248234276 4 4
1482248239710 10 2
1482248243172 2 2
1482248245015 0 2
1482248249293 0 -2
1482248255148 7 1
1482248256214 4 -1
1482248257117 10 -1
1482248258401 R
1482248278868 1 1
1482248281924 5 1
1482248283198 6 3
1482248285981 0 -1
1482248288564 4 -2
1482248295149 12 1
1482248298023 7 1
1482248302786 R
1482248304412 1 -1
1482248308828 8 -2
1482248312820 6 -1
1482248323724 3 1
1482248329460 7 2
1482248335934 7 -2
1482248337980 3 -1
1482248338650 8 2
1482248343684 1 2
1482248344556 5 1
1482248346860 5 -1
1482248350156 5 1
1482248352701 6 4
1482248357420 0 -1
1482248359260 2 1
1482248364237 11 -3
1482248369956 7 1
1482248373851 4 -2
1482248375892 12 1
1482248376844 2 1
1482248378299 9 -4
1482248385612 3 -2
1482248391295 12 -2
1482248392380 2 -1
1482248394117 2 1
1482248394963 10 1
1482248395724 2 1
1482248396774 0 2
1482248407476 7 -3
1482248408419 10 1
1482248428356 3 1
1482248429316 7 2
1482248433892 10 -1
1482248435708 7 1
1482248439558 3 -1
1482248440956 R
1482248448740 1 1
1482248450820 6 -1
1482248459068 5 1
1482248462084 4 -2
1482248464756 6 1
1482248468876 4 2
1482248472105 4 -2
1482248478900 12 1
1482248482924 7 1
1482248484660 9 -1
1482248488661 R
1482248494260 6 3
