1482889304807 8 -1
1482889306201 7 2
1482889308947 1 -1
1482889310958 8 -1
1482889312191 3 1
1482889318133 7 -2
1482889319225 3 -1
1482889320887 8 2
1482889322197 1 2
1482889323281 5 1
1482889324402 4 -2
1482889327102 6 -1
1482889334278 12 1
1482889338059 4 1
1482889343212 6 4
1482889345968 0 -1
1482889347034 4 -1
1482889348695 2 2
1482889349569 11 -3
1482889350983 9 -4
1482889355316 3 -2
1482889356742 7 -2
1482889358071 10 2
1482889360376 2 1
1482889361398 12 1
1482889362474 0 2
1482889369806 3 1
1482889374408 3 -1
1482889379286 7 2
1482889380390 3 1
1482889381131 11 3
1482889382572 9 2
1482889386115 7 -1
1482889388570 9 -2
1482889389951 0 -2
1482889392244 2 -3
1482889393506 12 -2
1482889395020 4 2
1482889397376 5 -1
1482889398646 6 -1
1482889400018 1 -2
1482889401080 10 -2
1482889402234 8 -2
1482889403364 3 2
1482889404770 7 3
1482889409690 2 1
1482889410820 11 -3
1482889411631 12 -1
1482889417728 3 -3
1482889419274 4 2
1482889421090 10 1
1482889422474 2 2
1482889423627 0 2
1482889424928 4 -1
1482889428307 8 1
1482889429372 2 1
1482889430729 4 -1
1482889432281 3 1
1482889435221 9 1
1482889436195 6 -2
1482889437849 5 -1
1482889442661 5 1
1482889444268 3 -1
1482889447384 7 -4
1482889450209 10 1
1482889450943 8 1
1482889452314 4 2
1482889455842 2 -1
1482889456660 1 2
1482889458507 5 -1
1482889459694 1 -2
1482889461197 2 1
1482889464169 4 -2
1482889465064 10 -1
1482889466129 8 -1
1482889469136 10 1
1482889470066 8 1
1482889470805 4 2
1482889472894 2 -1
1482889474144 8 -2
1482889475172 10 -1
1482889479627 4 -1
1482889480710 7 4
1482889482635 4 1
1482889490800 4 -1
1482889492413 7 -4
1482889505275 10 1
1482889506194 4 1
1482889507691 8 2
1482889508947 2 1
1482889510764 5 1
1482889511832 6 2
1482889512736 9 -1
1482889514032 0 -2
1482889515404 12 4
1482889517883 0 1
1482889518928 4 -2
1482889522562 4 2
1482889524044 12 -4
1482889527896 4 -2
1482889534548 0 -1
1482889535685 4 2
1482889536941 2 -3
1482889538485 4 -2
1482889539421 10 -2
1482889540817 8 -2
1482889541627 3 3
1482889544817 12 1
1482889545940 11 2
1482889547555 7 1
1482889548649 11 1
1482889549823 2 -1
1482889550931 0 1
1482889554893 7 3
1482889564321 0 -1
1482889565257 2 1
1482889565920 11 -3
1482889567229 12 -1
1482889569201 3 -3
1482889570411 4 2
1482889571464 2 1
1482889572882 10 1
1482889573739 2 1
1482889574815 0 2
1482889576251 4 -1
1482889578021 5 -1
1482889580944 6 -1
1482889588055 5 1
1482889590669 0 -1
1482889592158 6 1
1482889593178 0 -1
1482889594685 2 -2
1482889595549 4 -1
1482889596384 10 -1
1482889598254 3 3
1482889603190 7 -4
1482889604182 3 -3
1482889605194 4 2
1482889606412 2 1
1482889607402 10 2
1482889608246 2 1
1482889609826 0 2
1482889610942 4 -1
1482889612072 10 -1
1482889613164 5 -1
1482889614178 6 -1
1482889622234 9 1
1482889623334 6 -1
1482889624519 5 1
1482889625620 0 -1
1482889627732 0 1
1482889628653 5 -1
1482889632200 8 2
1482889633237 2 1
1482889635140 4 -1
1482889635996 3 1
1482889638683 5 1
1482889640083 0 -1
1482889642758 12 1
1482889643786 11 2
1482889644910 6 -1
1482889646616 6 3
1482889647249 9 -1
1482889648980 R
1482889660826 6 -1
1482889665872 0 -1
1482889668780 2 1
1482889670200 11 -2
1482889672218 7 1
1482889674504 8 -1
1482889675587 7 1
1482889676796 1 -1
1482889678073 8 -1
1482889679494 3 1
1482889684726 11 2
1482889686028 2 -1
1482889692164 0 1
1482889701406 6 3
1482889702543 3 -1
1482889703605 7 -2
1482889704695 8 2
1482889705693 1 2
1482889706499 5 1
1482889708432 6 1
1482889709532 4 -2
1482889710740 12 1
1482889713898 9 -1
1482889715380 7 -1
1482889716550 7 2
1482889718147 9 1
1482889721445 12 -1
1482889723716 4 2
1482889728853 6 -4
1482889731248 5 -1
1482889732090 1 -2
1482889733854 8 -2
1482889735217 3 1
1482889736286 7 1
1482889743795 0 -1
1482889745378 2 1
1482889746625 11 -2
1482889752173 3 -1
1482889754678 7 -2
1482889766127 8 2
1482889769168 1 2
1482889770681 5 1
1482889771844 4 -2
1482889773651 12 1
1482889774555 2 1
1482889776242 9 -3
1482889782377 3 -2
