1482797466723 7 1
1482797468036 7 -1
1482797474304 6 -1
1482797475259 0 -1
1482797476571 0 1
1482797479615 0 -1
1482797482089 0 1
1482797488722 8 -1
1482797489847 7 2
1482797493320 1 -1
1482797494129 8 -1
1482797495023 3 1
1482797501124 0 -1
1482797502370 2 1
1482797503561 11 -2
1482797506695 3 -1
1482797507982 7 -2
1482797510919 7 2
1482797512933 3 1
1482797515975 11 2
1482797519488 2 -1
1482797521888 2 1
1482797522463 11 -2
1482797523982 3 -1
1482797525144 8 1
1482797526349 1 1
1482797527535 1 -1
1482797529270 1 1
1482797533119 R
1482797537480 1 -1
1482797538502 8 -2
1482797540184 3 1
1482797541709 7 2
1482797544107 3 -1
1482797544995 7 -2
1482797546464 7 2
1482797548387 3 1
1482797552894 6 2
1482797553637 0 -1
1482797554585 2 1
1482797555974 11 -3
1482797557191 12 -1
1482797559481 3 -1
1482797560454 3 1
1482797561520 3 -1
1482797562427 7 -2
1482797563144 8 2
1482797564118 1 2
1482797565036 6 1
1482797565739 5 1
1482797566387 4 -2
1482797570053 12 2
1482797571166 11 3
1482797571866 2 -1
1482797572595 0 1
1482797574690 12 -1
1482797578171 12 1
1482797582424 9 -1
1482797583347 7 -1
1482797587843 0 -1
1482797589426 2 2
1482797590196 11 -3
1482797591665 9 -3
1482797593992 2 -1
1482797595475 2 1
1482797596793 11 3
1482797597496 2 -2
1482797598851 12 -1
1482797600148 12 1
1482797601624 0 1
1482797602942 0 -1
1482797603772 2 2
1482797605699 11 -2
1482797606720 7 -1
1482797608678 3 -2
1482797609627 10 2
1482797610475 2 1
1482797611070 12 1
1482797612470 0 2
1482797617661 0 -2
1482797618516 3 1
1482797620812 3 -1
1482797622033 12 -1
1482797623453 2 -2
1482797625342 10 -2
1482797627701 3 2
1482797628625 3 -2
1482797629798 7 3
1482797632312 3 2
1482797633368 11 2
1482797634088 2 -1
1482797635314 0 1
1482797636873 12 -1
1482797638423 12 1
1482797639267 3 -1
1482797640362 3 1
1482797649607 3 -1
1482797650823 12 -1
1482797653270 10 1
1482797655868 4 2
1482797657334 6 -2
1482797658223 5 -1
1482797659124 1 -2
1482797660207 8 -2
1482797662546 7 1
1482797665902 8 1
1482797668426 1 1
1482797669171 1 -1
1482797671320 7 -3
1482797672020 8 1
1482797673348 1 2
1482797674012 5 1
1482797674909 4 -1
1482797677178 12 1
1482797677658 12 -1
1482797681941 10 1
1482797685425 4 1
1482797687454 5 -1
1482797688324 1 -2
1482797690273 8 -2
1482797691554 10 -2
1482797692517 3 2
1482797694503 7 3
1482797698169 3 -2
1482797699661 10 1
1482797701095 8 1
1482797702779 1 1
1482797703753 1 -1
1482797709546 7 -3
1482797712854 8 1
1482797713565 10 1
1482797714716 1 2
1482797715561 5 1
1482797716395 4 -1
1482797717807 12 2
1482797718922 0 1
1482797722136 7 1
1482797723326 7 -1
1482797731922 7 1
1482797739520 0 -1
1482797741308 12 -2
1482797742665 10 -2
1482797743461 3 1
1482797745025 7 -1
1482797749342 6 2
1482797750561 4 -1
1482797752246 4 2
1482797753189 0 -1
1482797756382 4 -2
1482797758811 12 1
1482797760238 2 2
1482797761151 9 1
1482797761896 9 2
1482797782004 7 2
1482797783671 9 1
1482797785266 2 -2
1482797788081 12 -1
1482797790562 4 2
1482797792166 6 -1
1482797792799 5 -1
1482797793573 1 -2
1482797794891 8 -2
1482797795721 7 1
1482797797847 3 1
1482797801091 2 1
