1482610964146 6 3
1482610975093 0 -1
1482610978094 2 1
1482610995925 7 1
1482610998868 2 -1
1482611001597 2 1
1482611006904 R
1482611012506 6 3
1482611014125 0 -1
1482611020405 0 1
1482611022484 6 -4
1482611027764 1 -1
1482611029933 8 -2
1482611031205 7 2
1482611032149 3 1
1482611036613 0 -1
1482611037789 2 1
1482611051044 2 -1
1482611052212 0 1
1482611053501 6 3
1482611057861 6 -3
1482611061124 0 -1
1482611062158 0 1
1482611082223 R
1482611086479 6 3
1482611088989 0 -1
1482611089948 2 1
1482611091205 11 -3
1482611092741 12 -1
1482611101390 8 -1
1482611102350 7 2
1482611106006 12 1
1482611108230 11 3
1482611112157 2 -1
1482611113229 0 1
1482611115726 6 -3
1482611117581 1 -1
1482611118413 8 -1
1482611119469 3 1
1482611122805 6 2
1482611124062 0 -1
1482611126062 2 1
1482611127695 11 -3
1482611132446 11 3
1482611133358 2 -1
1482611134206 0 1
1482611135629 0 -1
1482611136525 2 1
1482611137605 11 -3
1482611148203 R
1482611152205 8 -1
1482611153468 7 2
1482611156541 6 3
1482611157837 0 -1
1482611161861 2 1
1482611163070 11 -3
1482611164453 12 -1
1482611166109 12 1
1482611167535 11 3
1482611172220 2 -1
1482611173213 0 1
1482611174798 6 -4
1482611175852 1 -1
1482611176654 8 -1
1482611177644 3 1
1482611181132 6 3
1482611182133 0 -1
1482611183277 2 1
1482611184370 11 -3
1482611186260 12 -1
1482611250013 R
1482611256134 6 2
1482611262733 1 1
1482611263631 5 1
1482611264237 6 1
1482611266228 0 -1
1482611267540 4 -2
1482611269045 12 1
1482611274665 2 2
1482611275719 11 -3
1482611276732 9 -4
1482611277909 7 -2
1482611279205 3 -2
1482611279902 3 2
1482611283357 7 3
1482611287692 11 3
1482611289004 2 -2
1482611290045 0 1
1482611294485 4 1
1482611295708 6 -2
1482611300476 6 2
1482611301365 0 -1
1482611302276 2 1
1482611304293 11 -3
1482611306596 12 -2
1482611308013 3 -2
