1482042039752 1 -1
1482042040944 8 -2
1482042042824 7 2
1482042043864 3 1
1482042047704 6 2
1482042050319 6 -3
1482042053367 0 -1
1482042056657 2 1
1482042058655 7 -2
1482042059439 3 -1
1482042060624 8 2
1482042062009 1 2
1482042063087 5 1
1482042069263 2 -1
1482042071495 4 -2
1482042080856 7 1
1482042083464 12 1
1482042084279 12 -1
1482042084791 12 1
1482042085695 2 2
1482042093857 11 -2
1482042094695 9 -3
1482042096032 12 -1
1482042097007 3 -2
1482042098664 10 1
1482042099554 2 1
1482042101064 0 1
1482042105649 6 1
1482042106403 11 -1
1482042107392 12 -1
1482042108288 0 1
1482042112633 7 -3
1482042121664 3 1
1482042123864 0 -1
1482042125049 12 2
1482042126720 9 1
1482042129136 11 2
1482042130065 6 -1
1482042131016 0 -1
1482042132856 11 -1
1482042133537 9 -1
1482042134376 12 -1
1482042139280 7 3
1482042141330 11 2
1482042144809 12 1
1482042145352 12 -1
1482042146256 0 1
1482042147017 0 -1
1482042147801 0 1
1482042150304 6 1
1482042151179 11 -3
1482042152432 12 -1
1482042154209 3 -1
1482042155272 0 1
1482042156873 7 -3
1482042165599 10 1
1482042173448 7 2
1482042176016 3 1
1482042188521 0 -1
1482042189087 0 1
1482042189728 0 -1
1482042192575 12 3
1482042194904 0 1
1482042196144 3 -1
1482042198328 7 -2
1482042205055 9 1
1482042206304 9 -1
1482042207626 11 1
1482042211120 6 -1
1482042218400 0 -2
1482042219303 12 -2
1482042220423 2 -1
1482042223480 12 2
1482042224239 2 1
1482042225184 0 2
1482042226104 6 1
1482042227231 11 -1
1482042230865 3 1
1482042231472 3 -1
1482042232091 3 1
1482042232727 3 -1
1482042262168 7 2
1482042263632 3 1
1482042266507 11 3
1482042268759 6 -1
1482042279567 6 1
1482042283729 11 -3
1482042286144 3 -1
1482042287087 7 -2
1482042293584 R
1482042309384 6 -1
1482042312511 1 1
1482042314912 5 1
1482042317263 0 -1
1482042320064 0 1
1482042320744 6 4
1482042324823 4 -2
1482042328159 12 1
1482042332232 7 1
1482042335496 0 -1
1482042336400 2 2
1482042341088 11 -3
1482042342616 12 -2
1482042343871 2 -1
1482042345576 4 2
1482042350569 4 -2
1482042351583 12 2
1482042353240 2 1
1482042354775 11 3
1482042356968 7 -1
1482042359359 12 -1
1482042360121 2 -2
1482042364304 0 1
1482042365688 0 -1
1482042366840 0 1
1482042367831 0 -1
1482042368712 2 2
1482042369248 11 -3
1482042370480 12 -1
1482042372456 2 -1
1482042376720 4 2
1482042382176 7 1
1482042384695 12 1
1482042386127 11 3
1482042387432 2 -1
1482042388448 0 1
1482042397183 0 -1
1482042402976 4 -2
1482042407055 2 2
1482042407592 11 -3
1482042408607 12 -1
1482042409881 2 -1
1482042416488 2 1
1482042417135 12 2
1482042418529 9 -4
1482042420615 3 -2
1482042422145 3 2
1482042426352 7 -3
1482042429728 3 -2
1482042430711 10 2
1482042432328 2 1
1482042433232 12 1
1482042435824 0 2
