1479524229930 R
1479524236303 7 1
1479524240938 8 -1
1479524242552 7 1
1479524247154 6 -1
1479524250827 1 -1
1479524252486 8 -1
1479524254269 3 1
1479524257851 0 -1
1479524264908 3 -1
1479524266671 8 1
1479524268021 1 1
1479524272039 7 -2
1479524273963 8 1
1479524275533 1 1
1479524278188 5 1
1479524280325 4 -2
1479524283425 12 1
1479524286312 2 2
1479524289332 9 -3
1479524294788 11 -2
1479524297383 9 3
1479524301346 12 -1
1479524302552 2 -1
1479524303920 4 2
1479524313876 7 1
1479524316845 4 -2
1479524318343 2 1
1479524320117 12 1
1479524322608 9 -3
1479524327638 11 2
1479524331379 12 -1
1479524332609 3 -1
1479524334043 7 -2
1479524336042 10 2
1479524338196 12 2
1479524340030 2 1
1479524341788 0 2
1479524343022 9 1
1479524345304 6 1
1479524347944 11 -3
1479524351169 7 -1
1479524352400 3 -1
1479524366318 9 -1
1479524367792 3 1
1479524369666 7 2
1479524375939 7 -2
1479524380500 3 -1
1479524384269 9 1
1479524390506 9 -1
1479524391700 0 -1
1479524393273 12 -3
1479524395980 10 -1
1479524400446 7 3
1479524403029 3 1
1479524405224 12 2
1479524407879 11 3
1479524409842 9 1
1479524411168 6 -1
1479524418758 7 -2
1479524420618 10 1
1479524422117 12 1
1479524423918 0 -1
1479524427529 9 -1
1479524430674 0 2
1479524432905 6 1
1479524434668 9 1
1479524440080 11 -3
1479524441605 3 -1
1479524443007 7 -1
1479524451451 9 -1
1479524452860 0 -1
1479524454795 12 -3
1479524457638 10 -1
1479524466780 7 3
1479524471914 0 1
1479524474221 7 -3
1479524476171 10 1
1479524482528 10 -1
1479524484106 7 3
1479524489891 3 1
1479524499592 7 -3
1479524502056 3 -1
1479524504106 10 1
1479524520060 10 -1
1479524521550 7 3
1479524528182 3 1
1479524534730 3 -1
1479524537751 7 -3
1479524539300 10 1
1479524549460 0 -1
1479524553073 12 3
1479524556425 0 1
1479524557659 9 1
1479524559217 11 1
1479524561269 6 -1
1479524563747 0 -2
1479524565591 2 -1
1479524567357 12 -1
1479524569353 10 -2
1479524571848 3 2
1479524574284 7 3
1479524576211 11 2
1479524578672 9 2
1479524580733 12 -1
1479524581984 2 -2
1479524587138 4 2
1479524588785 0 1
1479524590404 5 -1
1479524593949 1 -2
1479524595976 8 -2
1479524598704 3 1
1479524606022 3 -1
1479524607295 8 2
1479524610745 1 2
1479524612612 5 1
1479524614439 4 -2
1479524615908 12 1
1479524620544 4 1
1479524624650 6 4
1479524629365 0 -1
1479524633536 2 1
1479524635708 11 -3
1479524638212 12 -2
1479524641188 4 1
1479524645623 12 1
1479524647329 11 3
1479524649906 2 -1
1479524651059 0 1
1479524653551 6 -4
1479524656439 5 -1
1479524660274 1 -2
1479524663458 8 -2
1479524669392 7 -1
1479524670706 3 1
1479524672777 7 2
1479524676379 0 -1
1479524677604 2 1
1479524682084 11 -2
1479524687440 7 -2
1479524688613 3 -1
1479524689812 8 2
1479524692320 1 2
1479524694282 5 1
1479524696012 4 -2
1479524697539 12 1
1479524698941 2 1
1479524702150 9 -3
1479524704008 11 2
1479524707594 12 -1
1479524709280 3 -1
1479524710496 7 -1
1479524711913 10 2
1479524714561 2 1
1479524718665 0 1
1479524721453 10 -1
1479524723218 7 2
1479524726738 6 1
1479524728757 11 -3
1479524730560 3 -1
1479524733584 7 -3
1479524734843 10 1
1479524737185 12 2
1479524739292 0 1
1479524746055 7 2
1479524749143 9 1
1479524752940 0 -1
1479524754218 3 1
1479524758917 11 3
1479524762045 6 -1
1479524763305 0 -1
1479524768297 9 -1
1479524770032 0 2
1479524772018 6 1
1479524774488 11 -3
1479524776860 7 -2
1479524779219 3 -1
1479524783722 0 -1
1479524785716 12 -3
1479524791119 10 -1
1479524793330 0 1
1479524795673 7 3
1479524799691 3 1
1479524805614 3 -1
1479524810104 7 -3
1479524813953 10 1
1479524818997 7 2
1479524820803 10 -1
1479524822293 7 1
1479524829279 7 -3
1479524830953 10 1
1479524834738 3 1
1479524838034 3 -1
1479524846389 10 -1
1479524848183 7 3
1479524850190 3 1
1479524855289 0 -1
1479524856474 12 2
1479524858084 3 -1
1479524860539 7 -3
1479524863145 10 1
1479524864620 12 1
1479524868494 0 1
1479524871774 9 1
1479524874129 11 1
1479524875607 6 -1
1479524879945 9 -1
1479524888232 7 2
1479524890732 3 1
1479524892490 11 2
1479524895618 6 1
1479524898077 0 -1
1479524900196 12 -2
1479524902896 11 -3
1479524904805 7 -2
1479524907577 12 -1
1479524910249 10 -1
1479524916156 12 2
1479524918675 3 -1
1479524919890 10 1
1479524921811 12 -2
1479524926043 10 -1
1479524927934 7 3
1479524931983 0 1
1479524935530 3 1
1479524937546 7 -3
1479524939120 3 -1
1479524940602 10 1
1479524943617 0 -1
1479524945491 12 3
1479524947970 0 1
1479524949420 9 1
1479524951539 11 1
1479524953950 6 -1
1479524957005 0 -2
1479524958818 2 -1
1479524959875 12 -1
1479524961349 10 -2
1479524965956 3 2
1479524967194 7 3
1479524969094 11 2
1479524970708 9 2
1479524971950 2 -2
1479524977561 12 -1
1479524981347 0 1
1479524983573 4 2
1479524986361 6 4
1479524990903 4 -2
1479524994434 0 -1
1479524996450 2 2
1479524998376 11 -3
1479525000236 12 1
1479525002427 9 -4
1479525005671 3 -2
1479525011262 12 -2
1479525012504 2 -1
1479525014685 7 -3
1479525016745 10 2
1479525018565 4 2
1479525021122 4 2
1479525023874 2 2
1479525027960 0 2
1479525030839 6 -2
1479525032298 5 -2
1479525033583 1 -2
1479525035110 2 1
1479525036395 8 -1
1479525038225 10 -1
1479525039650 4 -2
1479525042955 7 4
1479525047717 4 2
1479525050878 2 -1
1479525052840 8 -1
1479525055992 4 -1
1479525058920 7 -4
1479525060720 8 2
1479525062252 2 1
1479525064098 10 1
1479525065886 4 1
1479525069263 4 -2
1479525073619 7 2
1479525081492 10 -1
1479525082790 7 1
1479525083924 8 -1
1479525085115 7 1
1479525089231 4 2
1479525091759 4 -2
1479525095138 5 1
1479525096738 6 1
1479525098248 0 -2
1479525100139 3 1
1479525103035 12 1
1479525105010 11 3
1479525109428 9 1
1479525110578 0 1
1479525112564 6 -3
1479525115155 0 -1
1479525119188 7 -3
1479525120616 8 1
1479525121878 10 1
1479525126739 11 -2
1479525127932 7 -1
1479525130780 3 -1
1479525132058 4 2
1479525134201 12 3
1479525139062 0 2
1479525142158 5 -1
1479525143933 2 -1
1479525145014 12 -1
1479525147036 8 -2
1479525152966 6 3
1479525155046 11 -1
1479525156392 9 -1
1479525158210 5 1
1479525161932 0 -2
1479525163297 12 -3
1479525168396 2 -2
1479525170039 10 -2
1479525171741 4 -2
1479525173268 3 3
1479525177908 7 4
1479525184970 3 -3
1479525188031 10 1
1479525189004 4 2
1479525191087 2 2
1479525193181 0 2
1479525197385 6 -1
1479525198778 5 -1
1479525202067 4 -1
1479525206654 7 -4
1479525208022 10 1
1479525209993 4 1
1479525212297 8 2
1479525214439 2 1
1479525216195 8 -1
1479525218265 10 -1
1479525219306 4 -2
1479525221334 7 4
1479525223143 4 2
1479525225760 6 1
1479525227150 5 1
1479525231977 4 -2
1479525233636 3 1
1479525242060 7 -4
1479525244500 8 1
1479525245454 10 1
1479525246828 3 -1
1479525248478 4 2
1479525250360 6 -1
1479525251550 5 -1
1479525254594 2 -1
1479525256176 1 2
1479525257926 6 2
1479525259680 5 2
1479525263068 0 -2
1479525264873 12 3
1479525276292 11 1
1479525277739 6 -1
1479525279308 5 -1
1479525280824 2 -2
1479525282251 12 -2
1479525283976 1 -2
1479525286059 8 -2
1479525288464 2 2
1479525294270 2 -2
1479525295732 10 -2
1479525297108 4 -2
1479525298490 3 3
1479525301085 7 4
1479525304745 11 -1
1479525306915 12 -1
1479525312343 7 -4
1479525318043 3 -3
1479525319641 4 2
1479525320826 10 2
1479525322253 8 2
1479525324709 2 3
1479525329342 12 4
1479525333600 4 -2
1479525335868 4 2
1479525338877 0 2
1479525340159 6 -1
1479525341357 5 -1
1479525344716 2 -1
1479525346304 12 -1
1479525347506 8 -2
1479525350291 11 1
1479525351372 9 2
1479525353099 6 -2
1479525354445 5 -1
1479525360814 5 2
1479525363230 9 -1
1479525364804 0 -2
1479525366486 12 -2
1479525368124 2 -1
1479525369928 10 -1
1479525371085 10 -1
1479525373025 4 -1
1479525375792 8 2
1479525377467 1 2
1479525378839 5 1
1479525386216 7 3
1479525389372 10 1
1479525390606 2 1
1479525392196 0 1
1479525393726 5 -1
1479525395139 1 -2
1479525397611 8 -2
1479525399181 7 1
1479525400748 4 1
1479525410724 8 1
1479525411978 2 1
1479525413644 4 -2
1479525417894 7 -4
1479525419152 10 1
1479525421096 4 2
1479525424440 12 2
1479525427769 0 1
1479525429160 5 -1
1479525430906 2 -1
1479525435794 8 -1
1479525438850 5 1
1479525442619 9 1
1479525445715 6 3
1479525447387 11 -1
1479525449052 9 -2
1479525451884 6 -1
1479525453811 6 1
1479525455477 0 -2
1479525458300 12 -3
1479525460853 4 -1
1479525462082 10 -1
1479525464524 7 4
1479525467249 4 1
1479525469819 2 -2
1479525472956 4 -2
1479525474603 10 -1
1479525476664 3 3
1479525483660 7 -4
1479525491004 3 -3
1479525495870 8 2
1479525498471 1 2
1479525500442 6 1
1479525501402 5 1
1479525503386 4 -2
1479525508406 10 2
1479525509940 2 2
1479525513139 12 3
1479525518217 0 2
1479525523259 9 2
1479525525011 11 1
1479525526708 3 1
1479525528173 11 1
1479525531052 9 -2
1479525533492 11 -2
1479525534702 3 -1
1479525541433 7 2
1479525544242 11 1
1479525546368 9 2
1479525548536 3 1
1479525550516 11 2
1479525553204 9 -2
1479525556805 11 -3
1479525558600 7 -2
1479525564146 11 2
1479525566538 9 2
1479525573212 0 -2
1479525574942 2 -1
1479525576405 12 -1
1479525578716 11 -2
1479525580319 3 -1
1479525581629 2 1
1479525582951 12 1
1479525586841 9 -2
1479525591487 12 -3
1479525593483 0 2
1479525596099 7 2
1479525597876 10 -1
1479525599268 7 1
1479525605581 3 1
1479525608954 0 -2
1479525610413 12 2
1479525612380 3 -1
1479525615051 7 -3
1479525616404 10 1
1479525618041 12 1
1479525628888 12 -3
1479525634362 2 -2
1479525635751 10 -2
1479525637219 3 2
1479525642090 7 3
1479525644068 12 2
1479525645257 2 1
1479525646995 9 4
1479525649974 11 3
1479525652033 2 -2
1479525656299 0 1
1479525657889 4 1
1479525659040 6 -2
1479525665182 6 -2
1479525667941 4 -1
1479525671140 12 -1
1479525672766 4 2
1479525674604 5 -1
1479525676895 1 -2
1479525679037 8 -2
1479525680415 3 1
1479525688960 0 -1
1479525691824 2 1
1479525693345 11 -2
1479525697474 7 1
1479525704938 11 2
1479525706067 2 -1
1479525708208 0 1
1479525710299 7 -2
1479525711785 3 -1
1479525713214 8 2
1479525715224 1 2
1479525716726 5 1
1479525722108 0 -1
1479525723602 2 1
1479525724915 4 -2
1479525727315 2 1
1479525728765 12 1
1479525733470 9 -3
1479525736361 7 1
1479525739089 12 -1
1479525740627 3 -1
1479525741840 7 -2
1479525743849 10 2
1479525748210 2 1
1479525749808 12 2
1479525751394 0 2
1479525752948 9 1
1479525755426 11 -2
1479525756760 7 -1
1479525758177 3 -1
1479525762607 6 1
1479525764441 11 -1
1479525770184 9 -1
1479525773112 3 1
1479525777901 0 -1
1479525779126 12 -3
1479525783564 10 -1
1479525785382 7 3
1479525787484 3 -1
1479525790877 7 -3
1479525792503 10 1
1479525795446 12 3
1479525802200 3 1
1479525803666 7 2
1479525806545 12 -3
1479525808219 0 1
1479525811531 7 -2
1479525813651 10 -1
1479525815751 7 3
1479525817087 3 -1
1479525821041 7 -3
1479525824949 10 1
1479525829965 7 2
1479525831845 10 -1
1479525833278 7 1
1479525839303 0 -1
1479525840554 12 2
1479525846068 12 -2
1479525848844 3 1
1479525850278 7 -3
1479525851828 10 1
1479525854127 3 -1
1479525855641 12 3
1479525857191 0 1
1479525859562 9 1
1479525862154 3 1
1479525864038 7 2
1479525866299 11 3
1479525868158 6 -1
1479525874508 11 -2
1479525876201 7 -2
1479525878092 9 -1
1479525879738 3 -1
1479525882302 0 -2
1479525883410 9 1
1479525885116 12 -1
1479525886349 2 -1
1479525887691 10 -2
1479525889223 3 2
1479525891120 7 3
1479525894248 9 -1
1479525896334 12 -1
1479525897712 3 -2
1479525899242 10 1
1479525900752 2 1
1479525903676 7 -3
1479525905295 10 1
1479525907083 12 2
1479525909156 9 1
1479525912901 0 2
1479525914789 6 1
1479525916223 11 -1
1479525918974 9 -1
1479525919984 0 -1
1479525922063 12 -3
1479525925255 0 1
1479525929100 0 -1
1479525930490 10 -1
1479525932092 7 3
1479525936645 0 1
1479525938651 3 1
1479525941111 7 -3
1479525942493 10 1
1479525944800 0 -1
1479525946642 12 3
1479525948000 3 -1
1479525950548 12 -3
1479525953083 10 -1
1479525955810 7 3
1479525958550 12 2
1479525961679 7 -2
1479525963079 10 1
1479525964533 12 1
1479525966259 0 1
1479525968751 9 1
1479525970866 11 1
1479525972536 6 -1
1479525974916 9 -1
1479525978892 7 -1
1479525981010 0 -1
1479525982813 12 -2
1479525985011 0 -1
1479525986310 2 -1
1479525987935 10 -2
1479525991807 7 3
1479525994477 10 1
1479525996151 2 1
1479525998317 12 1
1479526000214 0 1
1479526001589 6 1
1479526003133 11 -1
1479526004762 12 -2
1479526009198 0 1
1479526013922 7 -3
1479526015416 10 1
1479526017170 3 1
1479526021847 3 -1
1479526024178 7 2
1479526025728 10 -1
1479526027089 7 1
1479526032121 0 -1
1479526033379 12 2
1479526040429 9 1
1479526041694 3 1
1479526043700 7 -3
1479526045550 10 1
1479526046846 12 1
1479526049427 3 -1
1479526051397 0 1
1479526054729 9 -1
1479526057027 0 -1
1479526059376 12 -3
1479526063578 10 -1
1479526067606 0 1
1479526071529 10 1
1479526072879 0 -1
1479526076196 12 3
1479526077795 9 1
1479526079813 0 1
1479526081652 11 1
1479526083390 6 -1
1479526084512 0 -2
1479526086247 2 -1
1479526087801 12 -1
1479526088949 10 -2
1479526090257 3 2
1479526092363 7 3
1479526093577 11 2
1479526095116 9 2
1479526097620 2 -2
1479526100083 4 1
1479526101981 12 -1
1479526105043 4 1
1479526106476 5 -1
1479526107602 1 -2
1479526110822 8 -2
1479526112580 3 1
1479526114050 7 1
1479526120982 0 1
1479526123111 6 3
1479526124581 0 -1
1479526125850 2 1
1479526127861 11 -3
1479526129616 12 -1
1479526133754 3 -1
1479526135389 8 1
1479526136870 7 -2
1479526138079 8 1
1479526143407 12 1
1479526146043 7 1
1479526147737 8 -2
1479526148955 3 1
1479526151054 7 1
1479526153894 12 -1
1479526161922 7 -2
1479526163677 3 -1
1479526165146 8 2
1479526167493 1 2
1479526168599 5 1
1479526170405 6 1
1479526172087 4 -2
1479526178953 2 1
1479526180364 12 2
1479526182483 9 -4
1479526184886 3 -2
1479526186788 7 -2
1479526190108 12 -2
1479526192367 10 2
1479526193579 2 1
1479526197514 0 2
1479526203571 0 -2
1479526205668 2 -2
1479526207387 4 4
1479526209733 2 2
1479526211403 12 3
1479526214223 0 2
1479526215636 6 -2
1479526216990 5 -2
1479526219396 1 -2
1479526220808 2 1
1479526222400 12 1
1479526223606 4 -2
1479526233454 4 2
1479526235473 6 1
1479526238529 2 -1
1479526239586 12 -1
1479526241024 8 -2
1479526247235 11 1
1479526248289 9 2
1479526250059 6 -3
1479526253601 5 -1
1479526255711 8 2
1479526257176 2 1
1479526259179 12 1
1479526262469 4 -4
1479526266037 2 -1
1479526267534 12 -1
1479526268860 8 -2
1479526277367 3 1
1479526278908 11 1
1479526280093 5 -1
1479526284052 0 -2
1479526286122 2 -1
1479526287203 12 -1
1479526288414 10 -4
1479526290275 3 2
1479526292514 12 1
1479526293979 2 1
1479526295491 0 5
