1481508731667 1 1
1481508732723 5 1
1481508734198 4 -2
1481508737331 6 -1
1481508738477 0 -1
1481508739846 2 2
1481508741226 11 -2
1481508744495 12 1
1481508745984 9 -3
1481508747814 7 -2
1481508750481 3 -2
1481508751717 10 2
1481508752986 2 1
1481508753982 12 1
1481508755218 0 2
1481508756678 6 1
1481508758037 11 -1
1481508764546 R
1481508769323 1 1
1481508770842 1 -2
1481508772562 8 -2
1481508773900 3 1
1481508775541 7 2
1481508776788 6 -1
1481508779775 0 -1
1481508780861 2 1
1481508782210 11 -2
1481508786515 11 2
1481508789866 11 -2
1481508792060 R
1481508797141 6 3
1481508798047 0 -1
1481508799495 2 1
1481508800551 11 -3
1481508801939 12 -1
1481508805732 6 -1
1481508806748 1 1
1481508807634 5 1
1481508809918 6 1
1481508811215 4 -2
1481508812583 2 1
1481508814001 12 2
1481508814956 9 -4
1481508816335 12 -2
1481508817755 7 -2
1481508818983 3 -2
1481508820452 10 2
1481508821888 2 1
1481508827111 0 2
1481508831608 10 -1
1481508833448 7 2
1481508834404 7 -1
1481508835402 7 -1
1481508836909 0 -1
1481508840128 12 2
1481508841938 12 -1
1481508842975 12 -1
1481508845188 10 1
1481508847452 0 -1
1481508848629 2 -2
1481508850027 4 4
1481508852009 2 2
1481508853477 0 2
1481508854765 5 -2
1481508855791 6 -2
1481508857330 1 -2
1481508859724 2 1
1481508860962 4 -2
1481508862732 10 -1
1481508863979 8 -1
1481508865288 3 1
1481508866654 7 4
1481508868546 3 -1
1481508869743 4 2
1481508871182 5 1
1481508872257 6 1
1481508873596 0 -1
1481508874583 12 2
1481508875950 11 1
1481508877449 9 1
1481508878706 6 -3
1481508880939 12 -1
1481508884771 4 -2
1481508885787 3 1
1481508886722 11 2
1481508889610 6 1
1481508890466 11 -3
1481508891752 12 -1
1481508892617 0 1
1481508896460 6 2
1481508897456 6 -2
1481508898365 5 -1
1481508899467 3 -1
1481508901067 7 -3
1481508903132 10 1
1481508904034 8 1
1481508905142 4 1
1481508906087 2 -1
1481508907183 8 -2
1481508909124 10 -1
1481508912183 7 -1
1481508914122 10 1
1481508914967 8 1
1481508915864 2 1
1481508917050 4 -1
1481508918680 10 -1
1481508922431 4 2
1481508924664 5 1
1481508925763 8 1
1481508926497 10 1
1481508927351 2 -1
1481508928236 1 2
1481508929313 5 1
1481508931383 5 -2
1481508933989 1 -2
1481508936384 2 1
1481508937983 6 2
1481508939149 5 1
1481508940537 0 -1
1481508943173 4 -2
1481508947799 10 -1
1481508948896 8 -1
1481508950474 7 3
1481508951380 7 1
1481508952929 4 2
1481508954388 0 1
1481508955373 5 -1
1481508956289 6 -2
1481508957556 2 -1
1481508958622 8 -1
1481508963290 5 1
1481508964597 0 -1
1481508967595 4 -1
1481508973619 8 1
1481508974454 2 1
1481508975955 0 1
1481508976910 4 -1
1481508977855 5 -1
1481508979212 4 1
1481508980199 2 -1
1481508981227 8 -1
1481508982683 7 -3
1481508984212 4 1
1481508985259 10 1
1481508987431 5 1
1481508988287 6 2
1481508989242 0 -2
1481508991315 12 3
1481508998829 9 -1
1481508999877 2 -2
1481509000760 12 -3
1481509001858 4 -2
1481509002812 10 -2
1481509004111 3 3
1481509005569 7 3
1481509007099 12 1
1481509007912 11 3
1481509009411 2 -1
1481509011827 3 -1
1481509013194 3 -1
1481509014179 8 1
1481509015135 8 -1
1481509016251 10 1
1481509017459 10 -1
1481509018968 3 2
1481509021895 2 1
1481509022670 2 -1
1481509023758 0 1
1481509024551 6 -1
1481509027258 3 -2
