1479697853007 6 3
1479697855183 6 -3
1479697858630 8 -1
1479697859718 7 2
1479697860421 1 -1
1479697860869 8 -1
1479697861669 3 1
1479697867052 6 2
1479697867713 0 -1
1479697868410 2 1
1479697869005 11 -3
1479697870174 12 -1
1479697878036 12 1
1479697878907 11 3
1479697879636 2 -1
1479697884377 0 1
1479697884905 6 -2
1479697885643 6 -1
1479697891430 7 -2
1479697891896 3 -1
1479697892494 8 2
1479697897194 1 2
1479697897778 5 1
1479697898478 4 -2
1479697899114 12 1
1479697900792 0 -1
1479697901507 2 2
1479697903168 9 -3
1479697906953 11 -2
1479697908054 7 -2
1479697908949 3 -2
1479697911257 10 2
1479697911901 12 1
1479697912592 2 1
1479697913253 0 2
1479697923152 0 -2
1479697929080 R
1479697934230 7 1
1479697935381 7 -1
1479697943164 6 3
1479697944088 0 -1
1479697945107 2 1
1479697945720 11 -3
1479697947554 11 3
1479697949092 2 -1
1479697949660 0 1
1479697950333 6 -4
1479697952440 1 1
1479697952914 5 1
1479697956559 4 -2
1479697957862 0 -1
1479697959120 2 2
1479697959579 12 1
1479697960208 11 -2
1479697960791 9 -3
1479697962228 3 -2
1479697962942 7 -1
1479697963922 10 2
1479697964846 2 1
1479697965259 12 1
1479697965940 0 2
1479697968559 6 1
1479697969227 11 -1
1479697970921 0 -1
1479697972024 12 -3
1479697973437 0 1
1479697975682 0 -1
1479697976831 0 1
1479697977439 0 -1
1479697980055 12 3
1479697982813 7 1
1479697983248 3 1
1479697984125 0 1
1479697986121 11 3
1479697986961 6 -1
1479697987963 0 -2
1479697989891 2 -1
1479697990495 12 -2
1479697992321 R
1479697999082 1 1
1479697999571 5 1
1479698000719 4 -1
1479698001465 4 -1
1479698006477 4 1
1479698008101 4 1
1479698012257 6 3
1479698013817 0 -1
1479698014649 4 -2
1479698016071 2 2
1479698017027 11 -3
1479698017973 12 1
1479698018526 9 -4
1479698023241 2 -1
1479698023699 12 -2
1479698024717 12 1
1479698025487 4 2
1479698026156 3 -2
1479698026776 7 -2
1479698027529 4 2
1479698029883 10 2
1479698030769 2 2
1479698031499 12 2
1479698032719 0 2
1479698034505 9 2
1479698036719 9 -2
1479698037287 0 -2
1479698048927 2 -2
1479698049493 12 -2
1479698050294 4 -4
1479698062273 3 1
1479698064255 R
1479698066677 8 -1
1479698067083 1 -1
1479698067478 8 -1
1479698067985 3 1
1479698068891 7 2
1479698070592 6 2
1479698071403 0 -1
1479698073268 2 1
1479698073870 11 -3
1479698075461 12 -1
1479698090788 R
1479698094686 1 -1
1479698095100 8 -2
1479698095617 3 1
1479698096651 7 2
1479698098863 6 2
1479698099386 0 -1
1479698100067 2 1
1479698100994 11 -3
1479698105972 R
1479698109942 6 3
1479698110610 0 -1
1479698111208 0 1
1479698114472 1 1
1479698117102 1 -1
1479698132195 0 -1
1479698133452 2 1
1479698134197 11 -3
1479698134820 12 -1
1479698138547 8 -1
1479698139312 7 2
1479698142096 12 1
1479698143245 11 3
1479698143828 2 -1
1479698145011 6 -1
1479698145630 1 -1
1479698146533 8 -1
1479698147791 3 1
1479698150640 2 1
1479698151114 11 -3
1479698152194 12 -1
1479698170876 R
1479698186693 1 -1
1479698187658 8 -2
1479698188132 3 1
1479698200333 7 2
1479698203224 R
1479698206903 6 2
1479698208512 0 -1
1479698209109 2 1
1479698209686 11 -3
1479698215542 1 1
1479698216537 6 1
1479698216936 5 1
1479698217561 4 -2
1479698220233 2 1
1479698220607 12 1
1479698221196 9 -4
1479698235043 2 -1
1479698236008 12 -1
1479698236570 4 2
1479698237086 6 -1
1479698237606 5 -1
1479698238101 1 -2
1479698238925 8 -2
1479698239656 3 1
1479698243275 7 2
1479698252676 3 -1
1479698253941 3 -1
1479698256295 3 -1
1479698257176 4 2
1479698261119 12 1
1479698261461 2 1
1479698262199 9 2
1479698263776 9 -1
1479698264374 9 -1
1479698265383 2 -1
1479698265788 12 -2
1479698269515 10 1
1479698270245 2 2
1479698271823 0 2
1479698272505 6 -1
1479698272926 5 -1
1479698276786 4 -1
1479698278975 7 -4
1479698281157 10 1
1479698281733 4 1
1479698282689 4 -1
1479698283341 10 -1
1479698284203 8 1
1479698286595 2 1
1479698287099 4 -1
1479698288748 3 1
1479698289561 7 4
1479698293837 3 -1
1479698297569 R
1479698301152 1 -1
1479698301733 8 -2
1479698302790 3 1
1479698304600 6 2
1479698306551 6 -3
1479698315094 3 -1
1479698321027 8 2
1479698322355 8 -1
1479698322891 8 1
1479698323589 1 2
1479698324242 5 1
1479698325028 6 3
1479698325742 6 1
1479698326348 4 -2
1479698327746 12 1
1479698331543 0 -1
1479698332855 2 2
1479698333958 11 -3
1479698334874 9 -4
1479698338494 3 -2
1479698339255 10 2
1479698339831 2 1
1479698340165 12 1
1479698340854 0 2
1479698351448 0 -2
1479698352069 2 -2
1479698352552 12 -2
1479698354779 7 -2
1479698355463 4 4
1479698356473 2 2
1479698357007 12 2
1479698358638 0 2
1479698365590 6 -2
1479698366190 5 -2
1479698367718 11 1
1479698368150 9 2
1479698369086 6 -2
1479698369607 5 -1
1479698382034 1 -2
1479698383355 2 1
1479698383915 12 1
1479698384718 4 -4
1479698388720 4 4
1479698389559 6 3
1479698390420 5 2
1479698391167 11 -1
1479698391842 9 -2
1479698399486 0 -2
1479698401396 2 -2
1479698402041 12 -2
1479698402600 8 -2
1479698403229 10 -2
1479698404339 2 -1
1479698404728 12 -2
1479698405574 12 1
1479698406413 4 -2
1479698407158 3 3
1479698407888 7 4
1479698409542 11 3
1479698410691 2 -1
1479698414147 3 -2
1479698414862 10 1
1479698415398 8 1
1479698423509 10 -1
1479698424004 8 -1
1479698424579 3 2
1479698426845 2 1
1479698427413 11 -3
1479698428026 12 -1
1479698432205 3 -3
1479698432763 4 2
1479698435802 2 1
1479698438102 2 -1
1479698438497 12 2
1479698439443 2 1
1479698440136 9 2
1479698441563 9 -2
1479698455478 10 1
1479698455898 8 1
1479698456488 2 2
1479698460900 9 1
1479698461357 0 1
1479698462017 6 -2
1479698464215 12 -2
1479698464968 0 1
1479698466739 5 -1
1479698468550 5 1
1479698469945 4 -2
1479698471609 7 -4
1479698472501 10 1
1479698473277 8 1
1479698475553 4 2
1479698476105 0 -1
1479698476920 12 4
1479698477704 0 1
1479698478607 5 -1
1479698489369 5 1
1479698489974 6 2
1479698491605 0 -2
1479698493019 2 -2
1479698493585 12 -3
1479698494341 12 1
1479698495216 12 -1
1479698496512 10 -1
1479698497088 10 -1
1479698497568 8 -2
1479698498820 4 -1
1479698500312 12 -1
1479698502333 4 1
1479698503498 9 -1
1479698503975 2 -1
1479698504634 4 -2
1479698505700 3 3
1479698506841 7 4
1479698511593 3 -1
1479698512145 7 -1
1479698513349 8 2
1479698514731 1 2
1479698515252 6 1
1479698515626 5 1
1479698516269 4 -2
1479698519181 2 1
1479698520098 12 2
1479698521333 9 4
1479698523794 9 -4
1479698528401 11 3
1479698529131 9 4
1479698531011 2 -1
1479698531531 12 -1
1479698532299 4 2
1479698533821 2 -1
1479698534576 0 1
1479698535352 6 -4
1479698535876 0 -1
1479698537401 2 1
1479698538040 4 -2
1479698538729 2 1
1479698539143 12 1
1479698540020 9 -3
1479698540554 11 -2
1479698549495 12 -1
1479698551311 3 -1
1479698552166 3 -1
1479698552916 10 1
1479698553502 2 1
1479698555327 12 1
1479698556091 9 1
1479698557199 9 -1
1479698557803 3 1
1479698559077 11 2
1479698559982 11 -2
1479698569033 12 -1
1479698570693 3 -1
1479698572931 7 -3
1479698574359 10 1
1479698575105 12 2
1479698575905 9 1
1479698577233 0 2
1479698580059 6 1
1479698580682 11 -1
1479698581587 9 -1
1479698582389 3 1
1479698584944 3 -1
1479698590660 0 -1
1479698591483 12 -3
1479698593121 10 -1
1479698594123 7 3
1479698596189 12 2
1479698596795 3 1
1479698597587 11 3
1479698598698 6 -1
1479698599912 9 1
1479698600958 0 -1
1479698601563 2 -1
1479698602900 10 -1
1479698603521 3 1
1479698604437 9 2
1479698605197 2 -2
1479698606558 12 -1
1479698607291 0 1
1479698607932 0 -1
1479698608443 4 2
1479698614378 5 -1
1479698614984 5 1
1479698615458 5 -1
1479698615846 5 1
1479698616166 5 -1
1479698616486 5 1
1479698616805 5 -1
1479698617199 5 1
1479698619358 R
1479698621587 8 -1
1479698622309 7 2
1479698623267 1 -1
1479698623614 8 -1
1479698624523 3 1
1479698629530 6 2
1479698630136 0 -1
1479698631580 2 1
1479698632421 11 -3
1479698633213 12 -1
1479698637806 3 -1
1479698638470 8 1
1479698645438 7 -2
1479698646103 8 1
1479698647620 1 2
1479698648171 6 1
1479698648514 5 1
1479698648949 4 -2
1479698649609 2 1
1479698650620 12 2
1479698651697 9 -4
1479698657439 2 -1
1479698657803 12 -1
1479698658494 4 2
1479698659148 6 -1
1479698659573 5 -1
1479698660000 1 -2
1479698660934 8 -2
1479698661608 3 1
1479698662493 7 2
1479698665210 11 3
1479698667937 11 -3
1479698669288 3 -3
1479698669858 4 2
1479698670474 2 1
1479698670786 12 1
1479698671331 9 2
