1480633353867 8 2
1480633354659 0 1
1480633355179 6 1
1480633356027 9 3
1480633356733 7 -2
1480633357259 11 -1
1480633357804 13 -1
1480633358474 3 -1
1480633359707 9 -1
1480633360827 7 2
1480633361419 13 -1
1480633361930 11 -1
1480633362419 3 -1
1480633363203 4 -1
1480633363787 12 -1
1480633364563 6 2
1480633365267 1 -1
1480633365820 8 -1
1480633366955 2 2
1480633367555 9 2
1480633368115 7 1
1480633368755 13 2
1480633369404 0 -2
1480633369955 13 -2
1480633370901 9 -1
1480633371651 1 -2
1480633372347 8 -2
1480633372883 2 -1
1480633373700 6 -2
1480633374434 5 -2
1480633377059 4 2
1480633377683 3 1
1480633378355 11 1
1480633379163 11 -1
1480633380003 1 -1
1480633380562 0 1
1480633381338 7 -1
1480633381874 2 -1
1480633382922 10 -2
1480633383857 4 1
1480633384851 12 4
1480633385810 3 1
1480633386249 8 -1
1480633389522 0 5
