1481910154122 8 2
1481910157274 6 1
1481910158456 7 -2
1481910159728 6 -2
1481910163208 1 -1
1481910164175 8 -2
1481910165287 10 -2
1481910166224 5 -1
1481910168296 12 3
1481910170857 12 -3
1481910171711 5 1
1481910172801 5 -1
1481910175184 12 3
1481910178898 12 -3
1481910179880 5 1
1481910181160 8 1
1481910181968 0 1
1481910184113 10 2
1481910185240 1 1
1481910186191 8 1
1481910186881 6 2
1481910188472 7 2
1481910189344 9 3
1481910190128 13 -2
1481910190896 11 -2
1481910192663 3 -2
1481910194800 4 -1
1481910196928 6 2
1481910200007 9 -1
1481910201345 1 -1
1481910202048 8 -1
1481910202866 10 -2
1481910208168 9 1
1481910209089 13 2
1481910210568 7 -1
1481910211456 9 -2
1481910218663 10 2
1481910219487 1 1
1481910220158 8 1
1481910220719 6 -3
1481910223767 8 -1
1481910225167 10 -1
1481910230559 10 1
1481910232046 4 1
1481910232951 12 1
1481910233944 12 -2
1481910235391 4 -1
1481910239591 8 1
1481910240359 6 3
1481910242623 1 -1
1481910243414 8 -1
1481910244432 10 -2
1481910246431 9 2
1481910248782 7 1
1481910249592 13 -2
1481910255168 0 -1
1481910256182 8 -2
1481910258335 10 2
1481910259743 2 2
1481910260790 7 1
1481910261647 0 -1
1481910262654 1 -2
1481910264831 6 -2
1481910265632 5 -2
1481910267334 2 -1
1481910269479 10 -1
1481910270694 4 2
1481910271663 12 4
1481910275311 3 2
1481910276255 8 -1
1481910277119 1 -1
1481910278111 0 2
1481910279659 9 -1
1481910280574 7 -1
1481910281431 2 -1
1481910282230 10 -1
1481910283223 4 1
1481910283903 0 2
1481910285111 0 1
