1482857806397 8 2
1482857807237 0 1
1482857808791 6 1
1482857811934 9 3
1482857816911 7 -2
1482857820904 7 2
1482857825464 13 -2
1482857826960 11 -2
1482857828130 3 -2
1482857830305 4 -1
1482857836177 9 -1
1482857838796 12 -1
1482857841955 6 2
1482857842763 1 -1
1482857843486 8 -1
1482857844439 10 -2
1482857859023 10 2
1482857860624 2 2
1482857861704 7 1
1482857866137 9 1
1482857867400 0 -2
1482857869289 1 -2
1482857869939 8 -2
1482857871178 6 -2
1482857871777 5 -2
1482857873377 2 -1
1482857874081 10 -1
1482857879434 4 2
1482857880882 12 4
1482857885075 3 2
1482857892124 8 -1
1482857892565 1 -1
1482857893396 0 2
1482857897046 0 -2
1482857898413 0 2
1482857901959 7 -1
1482857903230 9 -1
1482857904166 2 -1
1482857906455 10 -1
1482857907118 4 1
1482857908103 0 3
