1479609081949 8 2
1479609087843 7 -2
1479609089827 6 -1
1479609112466 1 -1
1479609113978 2 1
1479609118634 8 -2
1479609122530 2 1
1479609123450 5 -1
1479609125934 12 2
1479609130910 2 -2
1479609134502 1 1
1479609137335 10 -1
1479609138597 12 1
1479609141918 6 1
1479609143141 7 2
1479609150773 7 -2
1479609152174 6 -1
1479609153861 1 -1
1479609155933 1 1
1479609158095 6 1
1479609159518 7 1
1479609162093 7 1
1479609171653 7 -2
1479609172852 6 -1
1479609174164 1 -1
1479609175492 10 -1
1479609183303 R
1479609187977 10 -1
1479609189062 5 -1
1479609191165 12 3
1479609200788 7 -2
1479609201793 6 -1
1479609203813 1 -1
1479609205731 2 1
1479609211491 12 -3
1479609212910 10 1
1479609213723 5 1
1479609215064 8 2
1479609221691 0 1
1479609224819 9 1
1479609226139 2 -1
1479609227683 1 1
1479609232139 11 -1
1479609232979 3 -1
1479609234330 12 -1
1479609241474 1 -1
1479609242411 8 -1
1479609247445 10 -2
1479609249697 10 2
1479609252411 12 1
1479609253336 3 1
1479609254419 11 1
1479609255850 9 -1
1479609260685 0 -1
1479609261626 8 -1
1479609262794 5 -1
1479609263826 10 -2
1479609264857 12 3
1479609268764 10 1
1479609269845 1 1
1479609270867 6 1
1479609272835 7 2
1479609274882 7 -1
1479609276226 7 -1
1479609277427 6 -1
1479609279345 1 -1
1479609280569 10 -1
1479609282868 R
1479609292897 5 -1
1479609293753 10 -1
1479609295689 12 3
1479609302217 7 -2
1479609304379 6 -1
1479609305688 1 -1
1479609310385 10 -1
1479609319113 12 -3
1479609321673 5 1
1479609323224 10 2
1479609324592 8 2
1479609326368 0 1
1479609328336 1 1
1479609332185 6 2
1479609333856 9 3
1479609335242 13 -1
1479609337528 7 2
1479609338840 13 -1
1479609340009 11 -2
1479609341033 3 -2
1479609343592 4 -1
1479609345968 12 -1
1479609354784 4 1
1479609357647 4 -1
1479609358760 6 2
1479609360255 8 -1
1479609361591 1 -1
1479609362633 10 -2
1479609366443 10 2
1479609367393 1 1
1479609368529 8 1
1479609370383 6 -2
1479609379440 13 2
1479609381103 9 -2
1479609382495 6 -1
1479609383726 7 -1
1479609386639 8 -1
1479609387598 10 -1
