1482857635668 8 2
1482857636644 0 1
1482857641885 U
1482857646226 0 1
1482857647178 9 1
1482857647684 11 -2
1482857649926 3 -2
1482857650810 12 -1
1482857654613 12 2
1482857658782 3 2
1482857661726 11 2
1482857662412 7 -2
1482857663465 6 -1
1482857668528 11 -1
1482857670297 6 2
1482857672027 9 2
1482857673658 7 2
1482857676032 7 -2
1482857678179 7 2
1482857679032 11 1
1482857681096 9 -3
1482857682484 7 -2
1482857684445 0 -1
1482857686416 0 1
1482857687697 6 -2
1482857693230 6 2
1482857696250 7 2
1482857697224 9 3
1482857698651 13 -2
1482857700181 13 2
1482857701491 0 -1
1482857702811 13 -2
1482857703534 11 -2
1482857704263 3 -2
1482857705216 12 -2
1482857716295 0 1
1482857717049 9 -1
1482857719039 12 2
1482857719913 3 2
1482857721367 11 2
1482857723017 13 2
1482857723887 9 -2
1482857726580 0 -1
1482857729005 7 -2
1482857730749 6 -2
1482857734213 8 -2
1482857737387 8 2
1482857739717 12 -1
1482857740816 8 -2
1482857742456 1 -1
1482857744371 1 1
1482857746986 5 -1
1482857747617 12 2
1482857749436 10 -1
1482857750071 12 1
1482857752572 6 1
1482857756667 6 -1
1482857759249 12 -3
1482857760355 5 1
1482857761219 10 1
1482857762146 8 2
1482857765218 8 -2
1482857766535 1 -1
1482857767437 2 2
1482857771800 2 -2
1482857773620 8 2
1482857774436 0 1
1482857778435 R
1482857784140 7 -2
1482857785720 6 -1
1482857788051 8 2
1482857791175 8 -2
1482857791654 1 -1
1482857793005 5 -1
1482857794457 10 -2
1482857797143 5 1
1482857797937 5 -1
1482857798675 12 2
1482857799582 12 1
1482857804406 12 -2
1482857805594 12 1
1482857807358 12 -2
1482857808051 5 1
1482857810726 10 2
1482857811340 1 1
1482857816323 6 1
1482857817809 7 2
1482857820993 R
1482857822451 R
1482857832775 7 -2
1482857834839 7 2
1482857837257 8 1
1482857837959 0 1
1482857838886 9 1
1482857841108 7 -2
1482857842968 6 -1
1482857844950 1 -1
1482857849458 2 2
1482857851850 U
1482857853212 U
1482857871624 9 -1
1482857872290 0 -1
1482857873109 8 -1
1482857886832 10 -1
1482857887866 5 -1
1482857888880 12 3
1482857891397 1 -1
1482857893146 10 -1
1482857895214 12 -3
1482857896047 5 1
1482857897631 8 1
1482857898477 0 1
1482857900966 9 1
1482857901730 11 -1
1482857902881 3 -1
1482857903831 12 -1
1482857905866 10 2
1482857906684 8 1
1482857907432 1 1
1482857910480 8 -1
1482857911666 1 -1
1482857914651 R
1482857986081 R
1482857987805 R
1482857989005 7 -2
1482857991836 6 -1
1482857999136 5 -1
1482858000205 12 2
1482858001837 10 -1
1482858002424 12 1
1482858004506 1 -1
1482858005941 10 -1
1482858009746 10 1
1482858010396 12 -2
1482858011212 12 -1
1482858012324 5 1
1482858013107 8 1
1482858014458 10 1
1482858015041 8 1
1482858016705 1 1
1482858017854 6 2
1482858019441 7 2
1482858020956 7 -2
1482858026386 12 1
1482858027851 12 -1
1482858029949 U
1482858031238 U
1482858032687 U
1482858037896 7 -2
1482858042019 6 -2
1482858045264 8 -2
1482858046446 8 2
1482858047415 1 -1
1482858048748 1 1
1482858051864 6 2
1482858056182 6 -2
1482858057235 8 -2
1482858057883 1 -1
1482858058541 2 2
1482858062178 8 1
1482858064265 0 1
1482858066734 9 1
1482858068214 11 -1
1482858069816 3 -1
1482858071646 12 -1
1482858073193 2 -2
1482858078500 10 -2
1482858080118 10 2
1482858081033 8 1
1482858081931 1 1
1482858085614 6 2
1482858087862 9 2
1482858090984 7 2
1482858092362 13 -2
1482858093980 12 2
1482858095032 3 1
1482858096781 3 -1
1482858097983 12 -2
1482858100530 0 -1
1482858102504 12 2
1482858103676 3 1
1482858105400 11 1
1482858109611 13 2
1482858112513 7 -2
1482858114736 13 -1
