1482857697443 12 1
1482857699172 10 -1
1482857699836 5 -1
1482857700881 12 2
1482857702733 7 -2
1482857705425 6 -1
1482857706313 1 -1
1482857707111 10 -1
1482857712522 10 1
1482857714379 1 1
1482857715817 6 1
1482857716834 7 2
1482857720005 12 -3
1482857720661 10 1
1482857721170 5 1
1482857722343 8 2
1482857725711 0 1
1482857726407 6 1
1482857727272 7 -2
1482857728772 6 -2
1482857730406 9 1
1482857731094 11 -1
1482857733415 3 -1
1482857734509 12 -1
1482857736611 1 -1
1482857737113 8 -1
1482857737909 10 -2
1482857744233 10 2
1482857745102 2 2
1482857749923 2 -2
1482857751090 10 -2
1482857755354 12 2
1482857755957 3 1
1482857756910 11 1
1482857757669 9 -1
1482857760503 10 2
1482857761269 1 1
1482857761863 8 1
1482857763169 6 2
1482857764091 7 2
1482857765029 9 3
1482857765911 11 -2
1482857766739 13 -2
1482857767623 3 -2
1482857768476 4 -1
1482857769438 12 -2
1482857775714 13 2
1482857776761 7 -1
1482857777455 9 -2
1482857781730 6 -1
1482857783153 8 -1
1482857786452 7 1
1482857788139 7 -1
1482857788898 8 1
1482857789825 6 3
1482857796410 7 1
1482857797203 9 2
1482857798555 0 -1
1482857800181 8 -2
1482857800939 1 -1
1482857801751 10 -2
1482857802426 5 -1
1482857803920 7 -1
1482857806265 5 1
1482857806882 10 2
1482857807670 1 1
1482857808570 8 2
1482857810476 1 -1
1482857811742 8 -2
1482857814696 7 1
1482857815298 2 2
1482857816040 7 1
1482857816704 0 -1
1482857817462 1 -1
1482857818260 2 -1
1482857820440 5 -2
1482857824809 10 -1
1482857826193 5 2
1482857827217 1 1
1482857828052 8 1
1482857829076 0 2
1482857829898 7 -2
1482857830835 9 -2
1482857831678 2 -1
1482857834046 10 -1
1482857839720 9 2
1482857840541 0 -1
1482857841798 13 -1
1482857845043 7 1
1482857845685 13 -1
1482857846620 0 1
1482857847980 9 -1
1482857852981 13 2
1482857854014 7 -1
1482857854624 9 -1
1482857857280 12 1
1482857857915 U
1482857858510 R
1482857889738 8 2
1482857892394 7 -2
1482857896780 7 2
1482857899920 7 -2
1482857902250 0 1
1482857902922 6 1
1482857905126 0 -1
1482857907257 6 -1
1482857908316 7 2
1482857909188 8 -2
1482857917939 8 2
1482857921044 7 -2
1482857922109 6 -1
1482857922993 1 -1
1482857923977 8 -2
1482857924681 2 2
1482857925883 8 1
1482857963613 R
1482857968349 5 -1
1482857969176 10 -1
1482857970832 12 3
1482857973023 7 -2
1482857974870 6 -1
1482857976284 1 -1
1482857977448 2 1
1482857978387 12 -3
1482857978973 10 1
1482857979481 5 1
1482857980545 8 2
1482857982518 2 -1
1482857983334 1 1
1482857984273 6 2
