1481265575809 7 -2
1481265580115 6 -1
1481265587089 8 2
1481265588194 0 1
1481265589869 9 1
1481265590681 11 -1
1481265595617 6 1
1481265597841 7 2
1481265598987 11 -1
1481265599940 3 -2
1481265600711 4 -1
1481265601899 12 -1
1481265607907 12 1
1481265611325 6 3
1481265613508 1 -1
1481265614312 8 -1
1481265615599 2 2
1481265616379 7 1
1481265617365 9 3
1481265618448 13 -2
1481265619156 0 -2
1481265620351 1 -2
1481265621313 8 -2
1481265622621 5 -2
1481265629982 6 -3
1481265630842 4 2
1481265631638 12 2
1481265632443 3 2
1481265633487 8 -1
1481265634204 1 -1
1481265635181 0 2
1481265636821 6 1
1481265640215 7 -1
1481265641072 9 -2
1481265642011 2 -2
1481265643286 10 -2
1481265644423 4 1
1481265645308 12 1
1481265647087 0 1
1481265663382 0 2
