1480330651639 12 1
1480330654206 12 -1
1480330656526 8 2
1480330659455 6 1
1480330661686 0 1
1480330662910 9 3
1480330667167 12 1
1480330673063 12 -1
1480330673807 12 1
1480330674711 11 -2
1480330675919 3 -2
1480330677404 4 -1
1480330678304 4 1
1480330692231 9 -2
1480330693872 7 -1
1480330696328 3 2
1480330697351 11 2
1480330698166 9 -1
1480330698855 7 -1
1480330702567 6 -2
1480330711407 1 -1
1480330712262 1 1
1480330721287 8 -1
1480330722359 1 -1
1480330723430 10 -2
1480330730925 12 -1
1480330747575 R
1480330950040 R
1480330967415 8 2
1480330974327 0 1
1480330975160 6 1
1480330976543 9 3
1480330977735 13 -2
1480330978687 11 -2
1480330980182 3 -2
1480330986488 9 -1
1480330988695 9 1
1480330992007 0 -1
1480330993023 0 1
1480330995600 12 -1
1480330997086 12 2
1480330997808 4 -1
1480330998738 12 -2
1480331010360 4 1
1480331014151 R
1480331017831 5 -1
1480331018626 5 1
1480331031369 7 -2
1480331035919 6 -1
1480331038975 1 -1
1480331042151 1 1
1480331043015 1 -1
1480331044167 10 -2
1480331045855 5 -1
1480331046647 5 1
1480331047343 10 2
1480331068046 1 1
1480331073183 8 2
1480331076623 0 1
1480331089785 0 -1
1480331110783 8 -2
1480331111769 1 -1
1480331112503 10 -2
1480331114799 5 -1
1480331117262 12 3
1480331125504 12 -3
1480331129951 5 1
1480331131631 R
1480331147647 7 -2
1480331150455 7 2
1480331151943 7 -2
1480331153120 6 -1
1480331154575 1 -1
1480331156744 8 2
1480331162255 2 1
1480331164488 2 -1
1480331166399 8 -2
1480331171663 R
1480331175826 5 -1
1480331176584 10 -1
1480331183567 12 3
