1481909953257 7 -2
1481909956074 6 -1
1481909956792 8 2
1481909957816 0 1
1481909959650 12 1
1481909962704 1 -1
1481909963464 8 -1
1481909964430 10 -2
1481909967656 9 1
1481909968483 11 -1
1481909969346 3 -1
1481909970461 12 -2
1481909974530 10 2
1481909975264 1 1
1481909975872 8 1
1481909976944 6 2
1481909978105 9 2
1481909979097 13 -1
1481909981640 7 2
1481909982442 13 -1
1481909984538 9 -1
1481909987003 11 -1
1481909987658 3 -1
1481909988698 4 -1
1481909990321 6 2
1481909991216 1 -1
1481909992314 8 -1
1481909993074 10 -2
1481910022503 12 1
1481910025040 10 2
1481910025876 1 1
1481910026434 8 1
1481910027432 6 -2
1481910028247 12 1
1481910029666 4 1
1481910030529 3 2
1481910033069 12 -1
1481910035768 11 2
1481910036920 13 2
1481910037643 7 -2
1481910038408 9 -2
1481910039274 6 -2
1481910042608 9 1
1481910043292 11 -1
1481910044119 3 -1
1481910044986 12 -1
1481910048376 1 -1
1481910048920 8 -1
1481910049841 10 -2
1481910052696 12 2
1481910053376 3 1
1481910054122 11 1
1481910054904 9 -1
1481910058680 12 -1
1481910063232 9 1
1481910063866 11 -1
1481910064499 3 -1
1481910065296 12 -1
1481910067848 10 2
1481910068624 1 1
1481910069136 8 1
1481910070216 6 2
1481910071544 9 2
1481910076898 13 -1
1481910079991 7 2
1481910080743 11 -1
1481910081426 3 -1
1481910082193 4 -1
1481910087368 13 -1
1481910088906 9 -1
1481910091800 4 1
1481910092491 12 2
1481910093161 3 2
1481910094008 11 2
1481910095104 13 2
1481910095811 9 -2
1481910096496 7 -2
1481910097248 6 -2
1481910098115 1 -1
1481910098888 8 -1
1481910100283 10 -2
1481910101305 10 2
1481910102754 2 2
1481910103980 2 -2
1481910105194 1 1
1481910105640 8 1
1481910106616 8 -1
1481910107168 1 -1
1481910108091 10 -2
1481910109200 12 -1
1481910111448 9 1
1481910112108 11 -1
1481910112850 3 -1
1481910113802 12 -1
1481910119736 12 2
1481910122091 10 2
1481910122930 1 1
1481910123458 8 1
1481910125690 6 2
1481910126346 9 2
1481910127051 7 2
1481910128013 11 -1
1481910128801 13 -2
1481910129827 3 -1
1481910130968 4 -1
1481910131506 12 -2
1481910141304 6 2
1481910142498 9 -1
1481910144048 1 -1
1481910144576 8 -1
1481910146880 10 -2
1481910148729 9 1
1481910151452 12 1
1481910154523 13 2
1481910155649 7 -1
1481910156178 9 -2
1481910164945 10 2
1481910166159 2 2
1481910166940 7 2
1481910167637 9 3
1481910169602 0 -2
1481910170701 1 -1
1481910171258 8 -1
1481910172758 9 -1
1481910174361 2 -1
1481910175652 10 -1
1481910176249 5 -2
1481910180812 12 -1
1481910184075 13 -2
1481910185273 8 -1
1481910185835 1 -1
1481910187187 6 -2
1481910188402 4 2
1481910191321 3 1
1481910192009 11 1
1481910194875 12 4
1481910196737 3 1
1481910197489 11 1
1481910199379 4 -1
1481910203459 5 1
1481910207093 11 -2
1481910208217 1 -1
1481910208689 8 -1
1481910209681 0 2
1481910210730 9 -1
1481910212233 7 -1
1481910213260 5 -2
1481910213920 4 1
1481910216579 2 -1
1481910217152 10 -1
1481910217729 4 1
1481910218393 0 4
