1480183419576 8 2
1480183423560 12 1
1480183446425 7 -2
1480183449314 6 -1
1480183451954 1 -1
1480183452938 8 -2
1480183454090 10 -2
1480183455438 5 -1
1480183456530 12 2
1480183462924 12 -3
1480183470782 5 1
1480183472358 8 1
1480183474214 12 1
1480183476062 10 2
1480183477286 1 1
1480183478362 8 1
1480183480768 6 2
1480183483780 7 2
1480183485938 0 1
1480183487026 9 3
1480183488234 11 -2
1480183489118 13 -2
1480183490474 3 -2
1480183491830 4 -1
1480183493246 12 -2
1480183494311 6 2
1480183496073 1 -1
1480183497009 8 -1
1480183498281 10 -2
1480183504162 9 -1
1480183506922 12 1
1480183509672 12 -1
1480183511216 10 2
1480183512332 1 1
1480183513236 8 1
1480183514280 6 -2
1480183516588 4 1
1480183517732 4 -1
1480183521073 9 1
1480183522649 0 -1
1480183526341 4 1
1480183527506 12 2
1480183528831 4 -1
1480183529935 6 1
1480183530959 1 -1
1480183532228 1 1
1480183533188 6 -1
1480183535024 4 1
1480183535844 3 2
1480183538517 0 1
1480183539741 9 -1
1480183541237 9 1
1480183542562 0 -1
1480183544622 3 -2
1480183545522 4 -1
1480183546678 6 1
1480183547762 12 -2
1480183548883 6 1
1480183550699 1 -1
1480183551463 8 -2
1480183552811 10 -2
1480183554083 8 -1
1480183556896 8 2
1480183559312 8 -2
1480183561148 5 -1
1480183562520 10 2
1480183563857 1 1
1480183565154 6 -2
1480183566758 12 3
1480183568498 4 1
1480183569498 4 -1
1480183574251 R
1480183579744 8 2
1480183589722 7 -2
1480183596376 6 -1
1480183598884 12 1
1480183600544 0 1
1480183602259 6 2
1480183603640 7 2
1480183605300 9 3
1480183606808 11 -1
1480183608388 11 -1
1480183609504 3 -2
1480183612593 0 -1
1480183614089 0 1
