1482128174965 4 -1
1482128181245 8 -2
1482128183338 5 -1
1482128202758 9 -1
1482128214962 7 2
1482128235471 0 1
1482128243312 10 -2
1482128253189 6 -1
1482128294028 3 -2
1482128321120 3 2
1482128323719 6 1
1482128330804 6 -1
1482128351698 R
1482128367429 R
1482128378984 8 -2
1482128384627 4 -1
1482128386364 5 -1
1482128398745 1 -1
1482128405729 9 -1
1482128419379 1 1
1482128455786 6 -1
1482128459592 6 1
1482128463152 7 2
1482128468806 0 1
1482128471174 10 -2
1482128479263 6 -1
1482128481469 3 -2
1482128495587 2 -2
1482128498629 1 1
1482128502978 9 3
1482128551970 0 2
1482128557218 6 -2
1482128560457 7 -2
1482128623448 7 2
1482128641730 10 1
1482128646423 6 2
1482128706425 U
1482128707385 U
1482128707927 U
1482128708161 U
1482128708617 U
1482128708838 U
1482128709160 U
1482128709370 U
1482128709603 U
1482128709800 U
1482128710010 U
1482128710232 U
1482128710380 U
1482128713755 U
1482128715825 U
1482128716947 U
1482128718005 U
1482128723229 U
1482128729531 9 -1
1482128733108 1 1
1482128741721 1 -1
1482128748616 1 1
1482128777803 6 -1
1482128781857 3 -1
1482128784346 1 -1
