1479504526759 8 -2
1479504530179 7 2
1479504531439 0 1
1479504532816 10 -2
1479504543296 6 -1
1479504544295 3 -2
1479504550893 5 -1
1479504552116 4 -1
1479504553644 9 -1
1479504558746 2 -2
1479504560696 1 1
1479504561489 1 -1
1479504563064 3 3
1479504564378 1 1
1479504565600 7 1
1479504566606 6 1
1479504572803 7 -1
1479504574049 6 -1
1479504575180 3 -3
1479504577217 9 3
1479504578847 0 2
1479504585097 6 -2
1479504586216 7 -2
1479504596856 7 2
1479504598073 6 2
1479504599642 0 -2
1479504602925 9 -3
1479504604490 1 -1
1479504606092 2 2
1479504621693 2 -2
1479504623041 3 3
1479504624727 7 1
1479504625934 6 1
1479504628474 10 2
1479504634768 5 2
1479504637954 1 1
1479504639243 7 -1
1479504640376 6 -1
1479504641866 3 -2
1479504647744 10 -2
1479504649256 3 -1
1479504650704 9 3
1479504653691 0 1
1479504655538 5 -2
1479504665681 8 1
1479504667724 10 -1
1479504670448 6 -2
1479504679793 6 2
1479504680992 10 2
1479504682554 0 -1
1479504684424 8 -1
1479504686189 9 -3
1479504688374 1 -1
1479504689851 2 2
1479504691401 4 2
1479504694348 5 2
1479504696630 9 1
1479504698048 8 3
1479504699122 10 -2
1479504702832 3 2
1479504706077 6 1
1479504707925 10 3
1479504709271 0 -1
1479504710534 7 -3
1479504712494 6 -1
1479504713649 3 -1
1479504715467 1 -1
1479504717801 5 -1
1479504720369 0 1
1479504721616 10 -3
1479504723169 3 -1
1479504726014 5 3
1479504732177 3 1
1479504733310 5 -3
1479504734541 3 1
1479504736780 10 3
1479504737813 0 -1
1479504739460 R
1479504764526 7 2
1479504765629 0 1
1479504766465 10 -3
1479504768544 8 -1
1479504769661 5 -1
1479504770563 4 -1
1479504772599 6 -1
1479504773614 3 -2
1479504776358 2 -2
1479504777387 1 1
1479504778854 9 2
1479504780418 0 2
1479504790477 6 -2
1479504791644 7 -2
1479504794357 10 2
1479504795552 8 -1
1479504798479 7 2
1479504799771 6 2
1479504800948 0 -2
1479504803229 9 -3
1479504804560 1 -1
1479504805764 2 2
1479504816251 3 2
1479504819408 9 1
1479504820376 8 1
1479504821191 10 -2
1479504822751 3 -2
1479504825498 5 2
1479504826535 4 2
1479504828517 8 2
1479504835561 10 2
1479504837193 10 -2
1479504842954 8 -2
1479504843635 5 -2
1479504844692 4 -2
1479504849621 10 2
1479504851089 8 -1
1479504852027 9 -1
1479504857699 R
1479504877564 7 2
1479504878507 0 1
1479504879384 10 -3
1479504880242 6 -1
1479504881229 3 -2
1479504886483 4 -1
1479504887467 2 -2
1479504888820 1 1
1479504889963 9 2
1479504892515 0 1
1479504893960 6 -3
1479504900484 6 1
1479504904329 10 1
1479504905600 8 -2
1479504907474 5 -1
1479504909266 0 1
