1484074695351 4 -1
1484074697214 5 1
1484074698014 4 2
1484074699381 7 2
1484074700222 7 -1
1484074701694 7 -1
1484074703614 7 1
1484074705550 8 1
1484074707285 7 -2
1484074708237 0 1
1484074710053 10 -3
1484074712677 6 -1
1484074713334 3 -2
1484074714870 1 -1
1484074716214 5 2
1484074719654 3 1
1484074721605 5 -3
1484074723190 4 -1
1484074724286 2 -1
1484074725110 3 2
1484074727285 6 1
1484074728485 1 1
1484074730574 10 3
1484074732181 0 -1
1484074733645 7 4
1484074735470 8 -3
1484074737214 9 -1
1484074739349 5 -1
1484074740150 4 -1
1484074742335 7 -3
1484074744046 1 -1
1484074745654 3 -1
1484074746717 2 -1
1484074750624 1 2
1484074752980 3 1
1484074754309 9 2
1484074755766 8 1
1484074758103 6 -1
1484074759662 3 -2
1484074761854 7 2
1484074762702 0 1
1484074764319 10 -3
1484074766374 3 -1
1484074767262 9 1
1484074768903 0 2
1484074772406 7 -2
1484074774375 6 -2
1484074778535 10 2
1484074779567 8 -1
1484074781590 7 2
1484074782494 0 -1
1484074784479 5 2
1484074785712 8 2
1484074786862 6 -1
1484074787854 10 -2
1484074789158 5 -1
1484074793935 0 -1
1484074795687 10 2
1484074799287 9 -1
1484074800231 3 3
1484074801518 9 -1
1484074802446 1 -1
1484074805263 10 1
1484074805895 0 -1
1484074806830 7 -2
1484074808063 1 -2
1484074809855 9 1
1484074811006 5 2
1484074813535 3 -2
1484074815951 2 2
1484074816615 4 2
1484074818214 8 1
1484074819367 7 -1
1484074820351 0 1
1484074821454 10 -3
1484074822686 3 -1
1484074823367 1 -1
1484074824502 9 1
1484074825575 5 1
1484074827303 0 2
1484074828031 7 3
1484074829015 6 2
1484074829879 8 -2
1484074831407 4 -2
1484074832544 0 1
1484074833775 0 1
