1482130376628 7 2
1482130378092 0 1
1482130389667 4 -1
1482130390201 2 -2
1482130392461 1 1
1482130401411 6 -1
1482130402178 10 -2
1482130403039 3 -2
1482130406331 9 2
1482130416625 0 1
1482130418698 6 -3
1482130419282 10 -1
1482130430953 0 -1
1482130431721 9 -2
1482130432940 3 2
1482130433925 3 1
1482130434573 7 1
1482130436611 9 1
1482130438784 5 1
1482130442992 5 -1
1482130443624 9 -1
1482130446256 1 -1
1482130446700 2 1
1482130449288 4 1
1482130449818 8 1
1482130450635 8 -1
1482130452956 7 -1
1482130453400 3 -3
1482130455920 2 1
1482130456560 4 1
1482130461817 3 2
1482130465903 10 3
1482130468360 0 -1
1482130469503 8 1
1482130471079 7 -3
1482130473871 1 -2
1482130474931 0 1
1482130476567 10 -3
1482130478655 1 -1
1482130480479 3 -2
1482130484542 9 2
1482130487816 5 3
1482130489550 4 -1
1482130491078 0 2
1482130492686 7 3
1482130493847 6 2
1482130494766 8 -2
1482130495521 4 -1
1482130496403 0 2
