1482127905062 6 -1
1482127911892 8 -2
1482127914004 5 -1
1482127914799 4 -1
1482127915476 9 -1
1482127926308 1 -1
1482127927228 9 1
1482127928503 5 3
1482127930828 4 2
1482127931908 8 3
1482127933074 7 -1
1482127936076 0 1
1482127937499 10 -3
1482127939995 6 1
1482127954968 10 3
1482127958016 0 -1
1482127958880 7 2
1482127960841 8 -3
1482127961931 9 -1
1482127963520 5 -3
1482127964663 1 1
1482127965808 7 1
1482127966640 0 1
1482127967672 10 -2
1482127969896 6 -1
1482127970897 3 -2
1482127975739 4 -2
1482127980824 9 1
1482127983559 9 -1
1482127987287 3 2
1482127988167 6 1
1482127989543 10 2
1482127990911 0 -1
1482127992382 7 -2
1482127994408 R
1482128001778 8 -2
1482128003583 8 3
1482128004446 7 -1
1482128005342 0 1
1482128039234 10 -3
1482128055201 6 -1
1482128056032 3 -2
1482128057426 1 -1
1482128059666 5 3
1482128060764 4 1
1482128066249 R
1482128176031 4 -1
1482128177287 2 -2
1482128177987 3 1
1482128179922 1 1
1482128182126 9 1
1482128183482 7 3
1482128185606 0 1
1482128186943 10 -3
1482128191598 7 -1
1482128192550 6 -1
1482128193574 3 -3
1482128194587 9 1
1482128197470 0 1
1482128199085 6 -3
1482128208525 5 1
1482128224557 R
1482128229687 8 1
1482128234769 8 -3
1482128237812 8 3
1482128239371 7 -1
1482128243143 7 3
1482128247860 0 1
1482128251011 8 -3
1482128258715 10 -2
1482128259995 6 -1
1482128260694 3 -2
1482128264147 5 -1
1482128264962 4 -1
1482128269882 9 -1
1482128277058 9 1
1482128279155 U
1482128279594 U
1482128280026 U
1482128280698 U
1482128280930 U
1482128281154 U
1482128282194 U
1482128283409 U
1482128290354 2 -1
1482128291314 3 1
1482128292425 7 1
1482128301656 8 -3
1482128302844 9 -1
1482128303676 5 -1
1482128304244 4 -1
1482128316923 7 -1
1482128318251 6 -1
1482128321491 10 -1
1482128322389 3 -3
1482128325323 2 1
1482128333122 R
1482128335403 1 -1
1482128343344 8 -2
1482128347322 9 -1
1482128350058 6 -1
1482128352026 6 1
1482128353624 9 1
1482128354505 8 3
1482128355771 7 -1
1482128357193 0 1
1482128365534 0 -1
1482128385574 7 2
1482128390924 7 -2
1482128392901 0 1
1482128394077 10 -3
1482128399444 6 -1
1482128400308 3 -2
1482128403529 5 3
1482128406116 4 1
1482128409961 10 2
1482128411883 3 1
1482128412580 10 1
1482128413259 0 -1
1482128416191 7 2
1482128417811 8 -3
1482128418860 9 -1
1482128422883 R
1482128463265 4 -1
1482128464450 2 -2
1482128479048 3 1
1482128484584 1 -1
1482128491562 8 -2
1482128497195 1 2
1482128516167 7 3
1482128521143 0 1
1482128524703 1 -1
1482128525992 2 1
1482128526952 4 1
1482128528479 8 3
1482128530647 10 -3
1482128541518 8 -2
1482128542615 5 -1
1482128543422 4 -1
1482128544438 2 -1
1482128546067 1 1
1482128550334 9 1
1482128559310 7 -1
1482128560245 6 -1
1482128561227 3 -3
1482128562686 9 1
1482128569965 0 2
1482128571973 6 -2
1482128573715 7 -2
1482128580151 7 2
1482128581332 6 2
1482128582996 0 -2
1482128584485 9 -2
1482128590093 3 3
1482128591213 7 1
1482128598252 7 -1
1482128599881 1 -1
1482128601052 2 1
1482128601668 4 1
1482128602600 5 2
1482128603515 8 2
1482128606852 3 -3
1482128612582 2 1
1482128613331 4 1
1482128618644 4 -1
1482128619532 2 -1
1482128624608 3 3
1482128625619 6 1
1482128626232 7 1
1482128628883 8 -2
1482128630011 5 -2
1482128630604 4 -1
1482128641057 2 -1
1482128641847 1 1
1482128642907 7 -1
1482128643850 6 -1
1482128644508 3 -3
1482128645849 9 2
1482128648138 0 2
1482128651921 7 -2
1482128652813 6 -2
1482128685263 7 2
1482128687943 6 2
1482128689975 0 -2
1482128692351 9 -2
1482128693439 1 -1
1482128694380 2 1
1482128695407 5 2
1482128696160 4 1
1482128697103 8 2
1482128699462 5 -1
1482128703134 2 1
1482128736687 4 1
1482128737256 5 1
1482128738376 8 -2
1482128740112 5 -2
1482128740695 4 -2
1482128747311 10 2
1482128748590 8 -1
1482128749454 9 -1
1482128754694 2 -2
1482128755792 3 3
1482128757110 7 1
1482128758027 6 1
1482128772542 2 1
1482128776597 10 -1
1482128778245 9 1
1482128778813 5 2
1482128781996 5 -1
1482128783429 4 1
1482128783986 8 3
1482128786777 10 -1
1482128796132 7 -1
1482128796781 6 -1
1482128797982 3 -3
1482128798927 2 1
1482128800410 5 1
1482128801746 4 1
1482128805362 8 -2
1482128806482 R
1482128815545 8 1
1482128817777 7 -1
1482128820585 0 1
1482128822898 10 -3
1482128827082 6 -1
1482128828114 3 -2
1482128830577 1 -1
1482128834809 4 1
1482128837632 5 3
1482128859515 R
1482128916600 7 2
1482128917480 0 1
1482128918552 10 -1
1482128920375 6 -1
1482128922847 3 -2
1482128935542 8 1
1482128938694 3 2
1482128939734 10 1
1482128940703 0 -1
1482128942030 7 -3
1482128944086 0 1
1482128945510 10 -3
1482128947997 3 -2
1482128955085 3 2
1482128956246 6 1
1482128960125 10 2
1482128963314 10 1
1482128964317 0 -1
1482128967549 7 2
1482128970460 8 -3
1482128974653 8 2
1482128976340 7 -1
1482128988281 7 2
1482128989617 0 1
1482128993498 10 -3
1482128998504 R
1482129000827 7 2
1482129003547 0 1
1482129004315 10 -3
1482129012200 4 1
1482129015911 4 -2
1482129017488 2 -2
1482129019511 1 1
1482129022471 3 1
1482129024365 6 -1
1482129025191 3 -3
1482129030352 9 2
1482129034152 0 1
1482129051078 8 -1
1482129052398 5 -1
1482129053646 0 1
1482129060406 6 -2
1482129075964 0 -1
1482129079668 0 1
1482129081741 7 -2
