1479769677857 8 -2
1479769679413 4 -1
1479769679965 2 -2
1479769680503 1 1
1479769681062 6 -1
1479769682127 7 2
1479769682706 0 1
1479769683791 10 -1
1479769684327 3 -2
1479769684877 9 2
1479769685290 5 -1
1479769688224 0 2
1479769688862 7 -2
1479769690090 6 -2
1479769691472 R
1479769695033 4 -1
1479769695485 2 -2
1479769695981 1 1
1479769698314 9 1
1479769699018 7 2
1479769701344 0 1
1479769702360 10 -3
1479769702839 6 -1
1479769703728 3 -2
1479769704451 9 1
1479769705224 8 -1
1479769705597 5 -1
1479769707600 10 1
1479769707972 8 -1
1479769708526 9 -3
1479769712947 1 -1
1479769713249 9 1
1479769713551 5 1
1479769715459 2 1
1479769715731 4 1
1479769716373 8 3
1479769718938 10 1
1479769719218 3 1
1479769719495 10 1
1479769719912 0 -1
1479769720300 7 -3
1479769720682 0 1
1479769721077 10 -3
1479769721596 3 -1
1479769722632 R
1479769728893 4 -1
1479769729563 2 -2
1479769730664 1 1
1479769735388 U
1479769735567 U
1479769735732 U
1479769757441 R
1479769767367 R
1479769788070 8 -2
1479769790254 9 -1
1479769790895 4 -1
1479769791499 2 -2
1479769792233 1 1
1479769795130 9 2
1479769796784 7 2
1479769797800 9 -1
1479769798165 1 -1
1479769798528 2 1
1479769798944 4 1
1479769799495 8 3
1479769800184 7 -3
1479769801851 0 1
1479769802895 3 1
1479769804119 0 -1
1479769804684 6 -1
1479769806039 7 4
1479769806477 8 -3
1479769806973 9 -1
1479769809134 7 -3
1479769810685 9 1
1479769811366 8 3
1479769811801 7 -1
1479769813174 3 -2
1479769813748 2 1
1479769814043 1 -1
1479769814511 5 3
1479769815086 4 1
1479769815905 7 2
1479769816443 8 -3
1479769816795 9 -1
1479769817487 4 -2
1479769818126 5 -4
1479769818514 2 -2
1479769818957 1 2
1479769821327 3 2
1479769822191 7 2
1479769822922 0 1
1479769823355 10 -2
1479769823939 9 1
1479769824261 8 1
1479769824581 10 -1
1479769825037 6 1
1479769826023 9 1
1479769826322 5 1
1479769826953 9 -1
1479769827375 1 -1
1479769827732 2 1
1479769828041 4 1
1479769828455 8 2
1479769829402 7 -1
1479769829647 6 -1
1479769830170 3 -3
1479769830815 2 1
1479769831436 5 1
1479769831687 4 1
1479769832373 10 2
1479769832840 8 -3
1479769833254 9 -1
1479769833823 5 -2
1479769834142 4 -2
1479769834581 2 -2
1479769834875 1 1
1479769835297 9 3
1479769836385 0 2
1479769837315 7 -2
1479769838649 7 2
1479769839045 6 -2
1479769839750 0 -1
1479769840149 5 1
1479769840724 8 2
1479769841062 6 -1
1479769841469 0 -1
1479769842140 9 -1
1479769842439 3 1
1479769842779 10 1
1479769843099 0 -1
1479769843425 7 -2
1479769844008 9 -1
1479769844379 1 -2
1479769844841 2 2
1479769845230 4 2
1479769845753 8 1
1479769846205 1 -1
1479769846668 9 1
1479769846980 7 -1
1479769847403 5 3
1479769847779 0 1
1479769848072 10 -1
1479769848467 3 -1
1479769848777 9 1
1479769849090 0 2
1479769849470 7 1
1479769849757 8 -1
1479769850047 4 -1
1479769850771 4 -1
1479769851329 0 2
