1482911855235 8 -2
1482911856387 4 -1
1482911857387 5 -1
1482911858438 2 -2
1482911859307 3 1
1482911861067 1 1
1482911862133 9 1
1482911863979 3 -1
1482911907295 9 -2
1482911910092 1 -2
1482911911663 2 2
1482911914599 4 2
1482911915943 5 3
1482911916908 9 1
1482911917596 7 1
1482911919486 7 -1
1482911920256 9 -1
1482911921080 5 -3
1482911922508 4 -2
1482911923460 2 -2
1482911924395 3 1
1482911925342 1 2
1482911927129 7 3
1482911960102 1 -1
1482911961559 2 1
1482911962922 4 1
1482911964820 0 1
1482911965863 10 -2
1482911967241 6 -1
1482911968038 7 -1
1482911969278 3 -3
1482911970949 2 1
1482911972039 9 1
1482911975741 R
1482911978323 4 -1
1482911979519 2 -2
1482911980647 3 1
1482911983382 7 3
1482911984470 0 1
1482911987700 8 -2
1482911989397 8 2
1482911990973 8 -2
1482911992078 9 -1
1482911993971 R
1482912015501 8 -2
1482912016973 4 -1
1482912017883 5 -1
1482912018861 9 -1
1482912020022 2 -2
1482912020938 3 1
1482912023771 7 3
1482912024695 0 1
1482912025746 10 -2
1482912032483 9 1
1482912033573 6 -1
1482912034354 7 -1
1482912035603 3 -3
1482912038199 2 2
1482912039395 4 2
1482912040144 5 2
1482912040732 9 -1
1482912041424 5 -2
1482912042338 4 -2
1482912045015 9 1
1482912045787 5 2
1482912046508 4 2
1482912047300 8 3
1482912048443 10 -1
1482912054524 8 -2
1482912055512 5 -1
1482912056193 5 -1
1482912059535 4 -2
1482912060712 2 -2
1482912061667 1 1
1482912062893 9 2
1482912063638 0 2
1482912065408 10 2
1482912066380 8 -1
1482912072848 0 -2
1482912074409 5 2
1482912075374 0 1
1482912076181 10 -1
1482912077118 6 -2
1482912079019 5 -2
1482912086227 0 1
1482912087805 10 1
1482912088885 6 2
1482912112042 10 -1
1482912112973 6 -2
1482912114103 7 -2
1482912115665 10 1
1482912116844 8 1
1482912118151 8 -1
1482912121483 10 -1
1482912122667 6 2
1482912123437 7 2
1482912126195 0 -1
1482912127949 R
1482912153314 4 1
