1482522475564 1 -1
1482522477124 8 -2
1482522478484 2 -1
1482522479444 3 1
1482522480404 6 -1
1482522482357 3 -2
1482522483652 8 3
1482522484404 7 -1
1482522485132 0 1
1482522486403 10 -1
1482522487292 3 -1
1482522489268 1 1
1482522490052 2 1
1482522492348 1 -1
1482522493188 1 1
1482522493772 2 -1
1482522494643 3 3
1482522498779 1 -1
1482522500220 10 -2
1482522500996 6 1
1482522502668 1 1
1482522503859 6 -1
1482522504642 3 -3
1482522505636 2 1
1482522507388 2 -1
1482522508107 2 1
1482522510836 10 2
1482522512651 3 2
1482522513396 6 1
1482522514858 10 1
1482522515755 0 -1
1482522517204 7 3
1482522518371 8 -3
1482522519740 9 -1
1482522520652 5 -1
1482522521258 4 -1
1482522522380 2 -2
1482522523204 1 1
1482522524460 9 2
1482522525420 7 -2
1482522527132 9 -2
1482522527987 1 -2
1482522528764 3 1
1482522531252 9 1
1482522533236 7 1
1482522534516 5 3
1482522535748 8 2
1482522536907 2 1
1482522537524 4 1
1482522538140 8 1
1482522538883 7 -2
1482522541740 0 1
1482522543020 10 -3
1482522544763 6 -1
1482522545488 3 -3
1482522546565 5 1
1482522547212 2 1
1482522548980 4 1
1482522553087 3 1
1482522557460 10 3
1482522558380 0 -1
1482522558996 7 2
1482522560708 8 -3
1482522562012 9 -1
1482522564444 5 -4
1482522566364 1 1
1482522567532 3 1
1482522568836 3 -1
1482522569548 1 -1
1482522571311 7 -1
1482522573892 5 4
1482522575708 9 1
1482522576396 8 3
1482522578076 7 -1
1482522579348 0 1
1482522580380 10 -3
1482522582425 10 3
1482522583492 5 -3
1482522587132 1 1
1482522587907 4 -1
1482522589004 2 -1
1482522590316 3 2
1482522591603 0 -1
1482522593228 7 4
1482522595267 0 1
1482522599835 0 -1
1482522601955 7 -4
1482522606411 1 -1
1482522607011 3 -2
1482522607787 2 1
1482522611139 7 2
1482522611955 8 -3
1482522612779 5 -1
1482522613364 4 -1
1482522614843 2 -2
1482522615641 1 2
1482522616533 7 1
1482522617659 0 1
1482522619691 10 -2
1482522621268 3 -1
1482522622115 9 2
1482522637091 9 -2
1482522638227 3 3
1482522639371 6 1
1482522640427 7 1
1482522641399 10 2
1482522643083 9 -1
1482522644051 1 -1
1482522644891 2 1
1482522647307 9 1
1482522648619 8 1
1482522649307 10 -3
1482522654700 6 -1
1482522655371 7 -1
1482522656507 3 -3
1482522657891 2 -1
1482522658500 1 1
1482522659610 9 2
1482522660788 0 2
1482522662122 7 -2
1482522663171 6 -2
1482522667691 10 2
1482522668523 8 -1
1482522669435 6 2
1482522670027 7 2
1482522670843 0 -2
1482522675847 9 -3
1482522676586 1 -1
1482522677684 2 2
1482522679187 9 1
1482522679883 5 2
1482522680467 4 2
1482522681323 8 3
1482522683099 8 -3
1482522684187 5 -2
1482522687964 3 2
1482522688739 6 1
1482522690155 9 -1
1482522691899 5 2
1482522692404 9 1
1482522693051 R
1482522694051 8 1
1482522695211 7 -1
1482522696075 0 1
1482522697155 10 -3
1482522700563 6 -1
1482522701803 3 -2
1482522702843 1 -1
1482522705859 5 3
1482522707707 4 1
1482522709079 5 -3
1482522709795 1 1
1482522713220 3 2
1482522714763 6 1
1482522715900 10 3
1482522717011 0 -1
1482522718091 7 3
1482522719451 0 1
1482522721419 10 -3
1482522722379 8 -2
1482522723346 5 -1
1482522725477 6 -1
1482522726222 3 -2
1482522727516 4 -2
1482522728539 2 -2
1482522729094 1 1
1482522730707 9 2
1482522731834 0 2
1482522732779 7 -2
1482522734539 6 -2
1482522737747 7 2
1482522738722 0 -1
1482522741979 6 2
1482522742819 10 2
1482522743739 8 -1
1482522744483 0 1
1482522747506 0 -2
1482522748315 5 2
1482522750523 9 -3
1482522751642 1 -1
1482522753035 2 2
1482522753947 5 -2
1482522755475 2 -2
1482522756539 1 1
1482522758275 3 3
1482522759154 7 1
1482522759764 6 1
1482522762731 9 2
1482522765459 5 2
1482522767531 7 -1
1482522768619 6 -1
1482522769899 3 -3
1482522773539 9 -2
1482522774515 1 -1
1482522776835 5 -2
1482522781283 9 1
1482522781835 1 1
1482522783923 9 2
1482522784987 0 2
1482522785970 10 -1
1482522786667 6 -2
1482522787399 7 -2
1482522791843 7 2
1482522792738 0 -1
1482522794563 0 1
1482522795331 6 2
1482522796083 0 -2
1482522799147 0 2
1482522804299 0 -1
1482522806155 0 1
1482522808578 6 -1
1482522810899 7 -1
1482522813756 8 1
1482522815099 10 -1
1482522816355 6 -1
1482522818893 7 -1
1482522824363 7 2
1482522824844 6 2
1482522826091 10 2
1482522826955 8 -1
1482522829570 0 -1
1482522832187 5 2
1482522833259 8 2
1482522834164 6 -3
1482522835198 10 -2
1482522836443 0 -1
1482522837363 0 1
1482522837910 5 -1
1482522840019 0 -1
1482522840579 10 2
1482522842459 9 -2
1482522843137 3 3
1482522844099 10 1
1482522845867 0 -1
1482522846579 7 -2
1482522848142 1 -3
1482522849539 9 1
1482522850887 3 -2
1482522853691 5 3
1482522856195 2 2
1482522856851 4 2
1482522857507 8 1
1482522858275 7 -1
1482522859459 0 1
1482522860603 10 -3
1482522864427 3 -1
1482522865331 9 1
1482522867227 0 2
1482522873443 4 -1
1482522874251 7 2
1482522874844 6 2
1482522875650 8 -2
1482522876907 4 -1
1482522877755 0 2
