1482126834701 7 2
1482126835492 8 -2
1482126839660 7 -2
1482126840089 8 3
1482126840917 7 -1
1482126842491 1 -1
1482126843820 2 -1
1482126844781 0 1
1482126845512 10 -3
1482126847552 6 -1
1482126848228 3 -2
1482126849309 2 1
1482126850024 1 1
1482126852732 1 -1
1482126854459 1 1
1482126854904 3 2
1482126855740 10 3
1482126856398 6 1
1482126858161 0 -1
1482126859231 7 3
1482126860781 8 -3
1482126867283 9 -1
1482126868267 4 -1
1482126868870 5 -1
1482126872142 2 -1
1482126872905 3 1
1482126873724 7 1
1482126876198 0 1
1482126888407 10 -2
1482126889743 2 -1
1482126890358 1 1
1482126893334 6 -1
1482126893836 7 -1
1482126894343 3 -3
1482126895318 9 3
1482126899627 0 2
1482126900284 6 -2
1482126900828 7 -2
1482126902462 10 1
1482126903407 8 1
1482126904691 10 -2
1482126906584 10 2
1482126907181 6 2
1482126908282 7 2
1482126909084 8 -1
1482126911760 6 -2
1482126913016 7 -2
1482126917088 6 2
1482126917792 7 2
1482126918463 0 -2
1482126919190 9 -3
1482126920994 1 -1
1482126921599 2 2
1482126925744 2 -2
1482126929445 2 2
1482126931749 2 -2
1482126932168 1 1
1482126934533 9 3
1482126950654 0 2
1482126951405 6 -2
1482126952021 7 -2
1482126952869 10 -1
1482126954301 10 1
1482126954771 6 2
1482126955169 7 2
1482126955817 0 -2
1482126956986 0 2
1482126960575 8 1
1482126961234 10 -2
1482126962420 6 -2
1482126963046 7 -2
1482126963917 7 2
1482126964314 6 2
1482126966134 6 -2
1482126966536 7 -2
1482126985213 10 2
1482126985725 6 2
1482126986168 7 2
1482126986690 0 -2
1482126987806 9 -2
1482126988639 1 -1
1482126989258 2 2
1482126992090 4 2
1482126992908 5 2
1482126994060 8 2
1482126995761 10 -2
1482126997283 10 2
1482126998748 8 -3
1482126999522 9 -1
1482127002016 5 -1
1482127003602 4 -1
1482127006260 4 1
1482127006640 5 1
1482127007504 5 -2
1482127008004 4 -2
1482127013261 10 -1
1482127016599 10 1
1482127018527 R
1482127034374 8 1
1482127041300 R
1482127064441 8 1
1482127069254 7 -1
1482127071928 0 1
1482127073364 10 -3
1482127075466 6 -1
1482127076927 3 -2
1482127080081 3 2
1482127082793 10 3
1482127084708 R
1482127091452 6 -1
1482127095381 3 -1
1482127100620 4 -1
1482127101653 2 -2
1482127102313 1 1
1482127105537 1 -2
1482127108054 5 3
1482127109131 2 2
1482127113762 2 -2
1482127114776 5 -3
1482127116158 1 2
1482127117812 3 2
1482127119583 R
1482127124588 7 2
1482127125378 0 1
1482127126539 10 -3
1482127127448 6 -1
1482127128434 3 -2
1482127143406 8 1
1482127145941 2 -1
1482127146951 2 1
1482127150909 R
1482127267490 4 -1
1482127268548 2 -2
1482127270394 1 1
1482127281369 3 1
1482127287612 R
1482127325711 8 -2
1482127340278 8 2
1482127347258 8 1
1482127348455 7 -1
1482127352535 6 -1
1482127354681 3 -1
1482127355939 0 1
1482127357117 10 -3
1482127359675 3 -1
1482127365853 3 2
1482127366636 10 3
1482127367301 0 -1
1482127368304 7 3
1482127370667 R
1482127376669 8 1
1482127379899 7 -1
1482127383074 6 -1
1482127383736 0 1
1482127384332 10 -3
1482127385206 3 -2
1482127389866 1 -1
1482127393554 5 3
1482127394589 4 1
1482127397839 3 1
1482127398810 10 3
1482127399520 0 -1
1482127400408 7 2
1482127401426 8 -3
1482127402378 9 -1
1482127403062 4 -2
1482127404537 7 -1
1482127405614 7 1
1482127406993 5 -4
1482127407933 2 -2
1482127408666 1 2
1482127409194 3 2
1482127410807 7 2
1482127411477 6 1
1482127412286 0 1
1482127413079 10 -2
1482127416666 7 -1
1482127417224 3 -1
1482127417868 9 2
1482127419010 6 -1
1482127419493 3 -2
1482127420166 9 1
1482127422528 0 2
1482127423404 6 -2
1482127423824 7 -2
1482127432317 6 2
1482127432782 7 2
1482127433413 0 -2
1482127451683 0 1
1482127452301 6 -2
1482127453705 10 1
1482127458199 6 2
1482127458884 8 1
1482127459649 10 -2
1482127460190 6 -2
1482127462719 0 1
1482127463457 7 -2
1482127465855 7 2
1482127466180 6 2
1482127466518 10 2
1482127466957 8 -1
1482127476884 0 -1
1482127477573 5 2
1482127479300 8 2
1482127480367 10 -2
1482127484435 0 -1
1482127485037 9 -2
1482127485719 3 3
1482127486388 6 1
1482127486847 7 1
1482127487407 10 3
1482127488107 0 -1
1482127488829 8 -2
1482127489518 9 -1
1482127490128 5 -2
1482127491623 1 -1
1482127492175 2 1
1482127494152 0 1
1482127498752 10 -2
1482127499616 6 -1
1482127500150 7 -1
1482127500718 3 -3
1482127501915 2 1
1482127503166 2 -1
1482127504926 10 1
1482127512854 2 -1
1482127513402 1 1
1482127514688 9 3
1482127528669 9 -2
1482127533196 9 2
1482127536752 R
1482127541624 1 -1
1482127558601 8 -1
1482127559303 4 -1
1482127559699 5 -1
1482127575642 5 3
1482127576086 4 2
1482127576520 8 2
1482127578987 7 -1
1482127579631 0 1
1482127580251 10 -3
1482127582342 6 -1
1482127582916 3 -2
1482127583851 5 1
1482127586260 4 -1
1482127587044 2 -1
1482127587718 2 1
1482127589588 R
1482127608728 8 1
1482127609924 7 -1
1482127614011 0 1
1482127615044 10 -3
1482127621251 6 -1
1482127622041 3 -2
1482127628948 1 -1
1482127630180 5 3
1482127633933 2 -1
1482127634308 5 -3
1482127635152 1 1
1482127636076 3 3
1482127636926 R
1482127650140 4 -1
1482127652230 2 -1
1482127659259 3 1
1482127660881 7 3
1482127665438 7 -3
1482127666021 6 -1
1482127667088 3 -2
1482127668288 3 2
1482127668993 6 1
1482127669406 7 3
1482127670247 0 1
1482127670742 10 -3
1482127671410 6 -1
1482127671844 7 -1
1482127672360 3 -3
1482127673358 10 2
1482127679290 2 1
1482127680838 5 1
1482127681466 5 -1
1482127681987 8 -2
1482127682711 5 -1
1482127696554 R
1482127702290 7 1
1482127703555 6 -1
1482127704377 6 1
1482127704816 6 -1
1482127707037 6 1
1482127707943 7 -1
1482127715125 1 -1
1482127717257 5 2
1482127717897 4 1
1482127718541 8 1
1482127719238 7 -1
1482127720494 0 1
1482127721059 10 -3
1482127722869 6 -1
1482127723609 3 -2
1482127729776 5 -1
1482127732434 1 1
1482127736377 1 -1
1482127741541 R
1482127747619 8 1
1482127748341 7 -1
1482127750260 0 1
1482127763247 10 -3
1482127768825 1 -1
1482127775185 5 2
1482127775974 4 1
1482127776640 5 -2
1482127777063 4 -1
1482127777763 1 1
1482127778970 6 -1
1482127782213 10 3
1482127783080 0 -1
1482127784026 7 3
1482127787041 8 -3
1482127789558 9 -1
1482127792005 9 1
1482127797828 4 -1
1482127799694 2 -2
1482127800230 1 1
1482127800972 9 -1
1482127801550 5 -1
1482127802663 3 1
1482127805508 0 1
1482127806180 10 -2
1482127807166 3 -3
1482127808010 9 3
1482127809664 0 1
1482127810370 8 1
1482127810956 6 -2
1482127811608 10 1
1482127812722 10 -2
1482127817909 0 1
1482127819513 7 -2
1482127832069 10 2
1482127833060 6 1
1482127834534 7 1
1482127836573 8 -1
1482127838243 8 1
1482127838889 6 1
1482127839337 7 1
1482127840483 0 -1
1482127842181 5 2
1482127842865 8 1
1482127843589 10 -2
1482127844276 6 -3
1482127852766 10 2
1482127853758 6 3
1482127854680 0 -1
1482127855558 8 -2
1482127856398 9 -3
1482127857080 1 -1
1482127857694 2 2
1482127875684 R
1482127879544 1 -1
1482127907585 R
1482127925169 8 -2
1482127925882 4 -1
1482127926789 5 -1
1482127932641 9 -1
1482127940618 2 -1
1482127941492 3 1
1482127951709 R
1482127957236 4 -1
1482127958208 2 -2
1482127958896 1 1
1482127961099 6 -1
1482127962253 3 1
1482127963956 3 -2
1482127965232 7 2
1482127965760 0 1
1482127966354 10 -3
1482127967018 3 -1
1482127971213 9 2
1482127976835 R
1482127991000 1 -1
1482127993099 2 -1
1482127993755 3 1
1482128003272 8 1
1482128004162 7 -1
1482128004810 0 1
1482128007946 10 -1
1482128008679 6 -1
1482128009909 3 -3
1482128012145 2 1
1482128013285 5 3
1482128029772 R
