1482522450465 6 -1
1482522451513 3 -1
1482522453170 7 2
1482522457576 0 1
1482522463793 8 -2
1482522464720 4 -1
1482522465851 5 -1
1482522466849 9 -1
1482522468143 2 -2
1482522470348 1 1
1482522472666 0 -1
1482522474949 7 -2
1482522479954 3 2
1482522481644 6 1
1482522483440 7 3
1482522484751 9 2
1482522487410 8 1
1482522488674 5 2
1482522491069 5 -2
1482522493117 9 -1
1482522495206 0 1
1482522496307 10 -3
1482522498712 6 -1
1482522500943 7 -1
1482522501789 9 1
1482522502339 3 -3
1482522504062 9 1
1482522508505 10 2
1482522510818 8 -1
1482522512194 5 2
1482522515242 0 1
1482522516352 6 -2
1482522519013 10 -1
1482522523212 5 -2
1482522527624 8 1
1482522528439 6 2
1482522529264 10 -1
1482522530549 6 -2
1482522531963 0 1
1482522533616 7 -2
1482522538651 10 2
1482522539648 6 2
1482522540821 7 2
1482522545133 R
1482522549278 8 -2
1482522550236 4 -1
1482522551153 5 -1
1482522552101 9 -1
1482522553680 7 2
1482522554923 0 1
1482522555796 10 -2
1482522557114 6 -1
1482522559936 2 -2
1482522560599 3 -2
1482522562756 1 1
1482522564787 9 3
1482522567243 5 2
1482522569882 9 -3
1482522573937 1 -1
1482522575411 2 2
1482522576923 5 -2
1482522578308 9 1
1482522581715 3 2
1482522582823 6 1
1482522584852 10 2
1482522587367 9 -1
1482522589081 6 -1
1482522596789 3 -1
1482522598900 2 -2
1482522599787 5 2
1482522600591 9 1
1482522601156 1 1
1482522602486 9 1
1482522605349 3 2
1482522606409 7 1
1482522607015 6 1
1482522608202 10 -2
1482522609312 9 -2
1482522610103 5 -2
1482522614815 R
1482522622811 2 -1
1482522623779 3 1
1482522625276 6 -1
1482522626397 7 3
1482522629239 4 -1
1482522630961 8 -2
1482522632296 9 -1
1482522638081 7 -3
1482522639243 3 -2
1482522643458 2 1
1482522644590 1 -1
1482522645761 5 3
1482522647563 9 1
1482522649030 4 2
1482522650762 7 1
1482522651974 8 3
1482522653556 7 -2
1482522657832 0 1
1482522659401 10 -3
1482522660404 3 -1
1482522662936 5 -3
1482522663781 4 -1
1482522664568 2 -1
1482522665778 1 1
1482522668335 1 -1
1482522670077 5 3
1482522672705 2 1
1482522673714 4 1
1482522678321 R
1482522692815 4 -1
1482522693946 2 -2
1482522695302 3 1
1482522696462 1 -1
1482522698052 5 2
1482522699570 8 -2
1482522700843 7 1
1482522701658 9 -1
1482522704857 6 -1
1482522705652 3 -2
1482522707149 5 -3
1482522709985 1 2
1482522711367 9 2
1482522712579 7 -1
1482522713252 3 2
1482522715095 6 1
1482522716583 7 3
1482522718178 0 1
1482522719254 10 -2
1482522720118 6 -1
1482522721065 7 -1
1482522721961 3 -3
1482522723379 9 1
1482522728207 5 2
1482522730295 0 1
1482522731568 6 -2
1482522733035 10 1
1482522736793 5 -2
1482522738345 0 1
1482522741787 7 -2
1482522742966 10 -1
1482522751602 R
1482522762840 8 -2
1482522764103 9 -1
1482522765947 7 2
1482522767067 5 -1
1482522767657 4 -1
1482522770490 0 1
1482522771356 10 -2
1482522774209 9 1
1482522776348 9 -1
1482522777457 2 -2
1482522778700 3 1
1482522779688 6 -1
1482522780503 7 1
1482522782113 6 1
1482522784217 2 1
1482522787023 5 2
1482522787930 4 1
1482522790446 9 1
1482522791282 8 3
1482522793420 10 -1
1482522794257 6 -1
1482522795071 7 -1
1482522797291 3 -3
1482522801162 2 1
1482522802334 4 1
1482522803230 5 -1
1482522804880 8 -2
1482522805579 5 -1
1482522806584 4 -2
1482522810300 10 2
1482522811634 10 -2
1482522817013 3 2
1482522818157 6 1
1482522821108 2 -2
1482522822229 3 1
1482522823410 1 1
1482522824644 7 1
1482522832600 9 1
1482522837568 10 3
1482522838345 0 -1
1482522839363 9 -1
1482522840595 1 -1
1482522841870 2 1
1482522845668 7 -3
1482522847543 8 -1
1482522849133 9 -1
1482522850925 7 2
1482522852294 7 1
1482522855450 2 -1
1482522856737 1 1
1482522857762 9 2
1482522859383 0 1
1482522861869 10 -2
1482522862766 6 -1
1482522863520 7 -1
1482522864307 3 -3
1482522866709 9 1
1482522867698 0 2
1482522873659 6 -2
1482522874719 7 -2
1482522877452 10 1
1482522878653 8 1
1482522879787 10 -2
1482522927569 7 2
1482522928414 6 2
1482522929495 0 -2
1482522930931 5 2
1482522935566 9 -2
1482522936402 1 -1
1482522937682 2 2
1482522939346 5 -2
1482522941608 2 -2
1482522942525 1 1
1482522943413 9 2
1482522945847 9 -2
1482522946622 1 -1
1482522947793 2 2
1482522948772 5 2
1482522950300 8 1
1482522953785 10 2
1482522955045 3 2
1482522956271 6 1
1482522958064 10 1
1482522958961 0 -1
1482522960590 7 -2
1482522962649 8 -2
1482522963975 9 -1
1482522996237 6 -1
1482522996970 3 -1
1482522997868 1 -1
1482522998685 5 2
1482522999996 9 1
1482523000720 7 1
1482523001678 8 2
1482523004475 4 2
1482523005325 5 -3
1482523006894 3 1
1482523007699 1 1
1482523009452 6 1
1482523012784 7 1
1482523013661 0 1
1482523015088 10 -3
1482523016208 6 -1
1482523017066 3 -2
1482523025531 4 -2
1482523026387 2 -2
1482523027487 1 1
1482523029341 9 2
1482523031197 5 1
1482523035130 9 -2
1482523036087 1 -1
1482523036946 2 2
1482523038340 5 -1
1482523039205 4 2
1482523041059 8 -1
1482523042013 5 -1
1482523043048 4 -2
1482523044697 2 -2
1482523046807 3 3
1482523047784 6 1
1482523048694 7 1
1482523052889 10 3
1482523055368 R
1482523066644 4 -1
1482523069487 7 2
1482523070302 0 1
1482523071046 10 -3
1482523072125 6 -1
1482523072814 3 -2
1482523075488 2 -2
1482523076210 5 1
1482523076764 1 1
1482523077861 9 2
1482523078962 0 1
1482523081990 8 -1
1482523083209 5 -2
1482523084475 0 1
1482523087081 6 -2
1482523087784 7 -2
1482523091075 10 2
1482523091804 6 2
1482523092561 7 2
1482523094182 8 -1
1482523098430 7 -2
1482523099683 6 -2
1482523100421 10 -1
1482523106724 10 1
1482523107610 6 2
1482523108315 7 2
1482523109413 0 -1
1482523110777 5 2
1482523116270 0 -1
1482523117148 9 -3
1482523118175 1 -1
1482523119143 2 2
1482523122577 4 2
1482523125766 10 -1
1482523128736 3 2
1482523129708 6 1
1482523134009 9 1
1482523135140 9 -1
1482523135580 9 1
1482523136373 8 3
1482523138981 10 -1
1482523139684 6 -1
1482523141666 3 -2
1482523146362 R
1482523149443 8 -2
1482523150457 4 -1
1482523151259 5 -1
1482523151902 9 -1
1482523155161 6 -1
1482523157760 3 -1
1482523158652 2 -2
1482523159544 1 -1
1482523160828 5 4
1482523165473 2 2
1482523166613 4 2
1482523167592 9 1
1482523168917 8 3
1482523170131 7 -1
1482523171271 0 1
1482523172493 10 -3
1482523174157 3 -1
1482523180980 4 -1
1482523182316 5 -3
1482523185038 1 1
1482523188826 2 -1
1482523189673 5 1
1482523192694 1 -1
1482523194329 5 2
1482523195298 2 1
1482523196897 4 1
1482523199821 3 1
1482523201738 10 3
1482523205527 4 -1
1482523206935 2 -1
1482523207814 5 -3
1482523208889 1 1
1482523209827 3 2
