1480133061817 8 -2
1480133065448 4 -1
1480133066269 5 -3
1480133067911 3 2
1480133069783 7 1
1480133070831 3 -3
1480133072172 1 1
1480133073296 5 3
1480133075504 5 -3
1480133076496 6 -1
1480133077744 1 -1
1480133079504 5 2
1480133080536 8 2
1480133081472 9 2
1480133082776 4 3
1480133084592 1 -1
1480133088056 11 -2
1480133090447 6 -1
1480133092049 6 1
1480133093759 11 2
1480133097059 5 -1
1480133097664 8 -1
1480133098321 9 -1
1480133099354 6 1
1480133101032 5 2
1480133102705 5 -2
1480133103683 3 3
1480133104747 0 1
1480133106257 7 -4
1480133108841 0 -1
1480133112369 11 -2
1480133113163 10 -1
1480133114098 2 -3
1480133115585 6 -2
1480133117562 9 2
1480133119374 6 1
1480133120521 11 1
1480133123561 2 2
1480133124465 10 1
1480133125457 11 -1
1480133126242 6 -1
1480133127217 10 -1
1480133128337 9 -2
1480133129868 6 2
1480133131825 2 1
1480133132969 11 2
1480133134133 10 1
1480133135835 3 -3
1480133138466 5 2
1480133139962 8 1
1480133141250 8 -1
1480133142642 0 2
1480133143634 3 1
1480133146018 3 -1
1480133147362 3 1
1480133148434 7 3
1480133149890 7 1
1480133151409 3 -1
1480133152978 0 -2
1480133154375 1 2
1480133155102 4 -3
1480133156522 8 -1
1480133157308 9 -1
1480133158494 5 -3
1480133161226 6 -1
1480133166972 R
1480133280007 8 -2
1480133281471 4 -1
1480133285463 4 1
1480133287319 7 1
1480133290551 3 -1
1480133330296 5 -2
1480133338368 6 -1
1480133346038 3 4
1480133348129 7 -1
1480133348865 10 -1
1480133349425 11 -1
1480133350349 2 -3
1480133351513 3 -1
1480133354617 9 3
1480133355593 4 -1
1480133356567 5 -1
1480133364089 9 -3
1480133365865 2 3
1480133366746 11 1
1480133367975 1 1
