1479535076618 8 -2
1479535080882 4 -1
1479535082682 5 -3
1479535084081 6 -1
1479535085529 9 2
1479535091529 7 1
1479535093523 3 -1
1479535097271 1 1
1479535101323 R
1479535137180 7 1
1479535138469 3 -1
1479535139953 11 -1
1479535141769 2 -1
1479535153218 4 -1
1479535154977 5 -3
1479535156513 6 -1
1479535158049 9 3
1479535162930 8 -2
1479535167517 5 2
1479535169681 4 1
1479535171746 U
1479535172282 U
1479535172986 U
1479535173722 U
1479535175833 U
1479535180433 U
1479535182738 9 1
1479535185882 4 3
1479535188321 1 -1
1479535196594 5 -2
1479535197866 6 -1
1479535199626 9 2
1479535210658 5 1
1479535212101 1 1
1479535213825 4 -3
1479535226106 4 3
1479535228323 1 -1
1479535229410 11 -1
1479535230930 6 -1
1479535232922 8 1
1479535240650 R
1479535258122 7 1
1479535259978 3 -1
1479535265316 1 1
1479535266458 1 -1
1479535268578 R
1479535284485 7 1
1479535285666 3 -1
1479535287649 11 -1
1479535288841 2 -1
1479535292465 5 -1
1479535293569 6 -1
1479535295282 9 3
1479535297473 4 2
1479535299842 1 -1
1479535307962 11 -1
1479535309089 6 -1
1479535310490 8 1
1479535328138 8 -1
1479535329681 6 1
1479535331770 11 1
1479535332956 1 1
1479535334698 4 -3
1479535336738 5 -2
1479535338578 8 -2
1479535343289 9 -3
1479535344906 2 1
1479535347001 11 1
1479535351250 1 1
1479535354305 9 2
1479535356594 5 2
1479535359466 8 2
1479535361546 4 3
1479535363354 1 -2
1479535367570 11 -1
1479535369610 2 -1
1479535371130 9 1
