1480136435759 4 -1
1480136438269 4 2
1480136439110 8 -1
1480136439712 9 1
1480136440406 4 1
1480136441189 1 -1
1480136442093 0 2
1480136442910 7 -3
1480136443653 3 -1
1480136444381 11 -1
1480136445104 2 -1
1480136447243 2 1
1480136448197 11 1
1480136451189 3 1
1480136452133 3 -1
1480136453989 11 -1
1480136455197 2 -1
1480136456025 8 1
1480136458817 2 1
1480136460246 0 -1
1480136460981 5 -2
1480136461749 6 -1
1480136462509 8 -1
1480136463188 9 1
1480136464853 8 1
1480136465877 5 1
1480136466741 5 -1
1480136467813 2 -1
1480136470092 5 1
1480136471295 9 1
1480136473024 8 -1
1480136473520 5 -1
1480136477505 R
1480136479696 4 1
1480136480640 9 1
1480136481240 8 -1
1480136482062 5 -2
1480136482944 3 2
1480136484176 7 1
1480136484688 3 -3
1480136485896 5 2
1480136487076 5 -2
1480136487648 4 -2
1480136488712 5 -1
1480136489447 8 -1
1480136490707 6 -1
1480136491891 9 1
1480136492784 8 2
1480136493496 5 2
1480136494035 4 3
1480136494985 1 -1
1480136495688 0 1
1480136496612 3 1
1480136498086 7 -4
1480136498784 3 -1
1480136500864 11 -1
1480136501579 2 -1
1480136502080 9 1
1480136503631 8 -1
1480136504136 5 -1
1480136506232 0 -1
1480136506906 11 -1
1480136507535 8 1
1480136508080 5 1
1480136509720 R
1480136513657 4 1
1480136514976 9 1
1480136515520 8 -1
1480136516152 5 -2
1480136516856 6 -1
1480136517679 9 1
1480136520167 4 -2
1480136521320 5 -1
1480136521800 8 -1
1480136522648 3 2
1480136523408 1 1
1480136525544 10 -1
1480136526880 1 -1
1480136527456 11 -1
1480136527928 2 -3
1480136529150 9 1
1480136532268 2 2
1480136532923 10 1
1480136533390 7 1
1480136534670 8 1
1480136535075 5 1
1480136535499 4 3
1480136536340 1 -1
1480136536962 0 1
1480136537916 7 -4
1480136538870 10 -1
1480136539342 2 -2
1480136540699 2 2
1480136541259 10 1
1480136542780 10 -1
1480136543667 2 -2
1480136544547 9 -2
1480136545235 2 3
1480136546030 11 1
1480136546627 3 -1
1480136547258 8 1
1480136548019 9 1
1480136548989 10 1
1480136549532 3 -2
1480136550507 5 1
1480136552490 11 -1
1480136553259 2 -1
1480136553899 9 1
1480136557348 R
1480136558771 9 1
1480136559308 8 -2
1480136560531 4 -1
1480136561403 5 -3
1480136567315 6 -1
1480136569059 9 1
1480136569874 3 2
1480136572270 1 1
1480136573371 10 -1
1480136574798 1 -1
1480136575291 11 -1
1480136576366 2 -3
1480136577398 9 1
1480136578155 8 1
1480136578835 5 1
1480136579979 4 3
1480136580603 1 -1
1480136581218 0 1
1480136581891 7 -3
1480136584491 9 -2
1480136585323 6 1
1480136587979 2 3
1480136589071 11 1
1480136589561 10 1
1480136590377 3 -3
1480136591230 5 2
1480136593046 3 1
1480136595830 0 1
1480136598271 3 -1
1480136599456 8 1
1480136601392 11 -1
1480136602902 2 -1
1480136604966 8 -1
1480136608310 R
1480136610614 7 1
1480136611302 3 -1
1480136612293 1 1
1480136613261 8 -2
1480136613870 4 -1
1480136614974 5 -3
1480136616950 1 -1
1480136617870 11 -1
1480136618608 2 -1
1480136619272 6 -1
1480136620262 9 3
1480136621542 8 2
1480136622742 8 -2
1480136624103 9 -3
1480136625119 6 1
1480136626750 2 1
1480136627238 11 1
1480136629111 3 4
1480136630189 7 -1
1480136631057 10 -1
1480136632885 11 -1
1480136633953 2 -3
1480136635170 6 -1
1480136635584 3 -1
1480136636101 9 3
1480136637934 9 -3
1480136638720 3 1
1480136639161 6 1
1480136640510 5 4
1480136642518 4 1
1480136645118 8 1
1480136645686 4 1
1480136647166 5 -3
1480136647755 6 -1
1480136648369 3 -1
1480136649278 9 3
1480136651118 4 1
1480136651905 1 -1
1480136652785 0 1
1480136653613 7 -3
1480136655378 2 2
1480136656024 10 1
1480136657556 10 -1
1480136658468 9 -2
1480136659201 6 1
1480136659977 2 1
1480136660587 11 1
1480136661068 10 1
1480136661569 3 -3
1480136662505 5 2
1480136663233 0 1
1480136664249 11 -1
1480136665283 8 1
1480136667129 2 -1
1480136668433 2 1
1480136670165 0 -2
1480136670945 5 -2
1480136671665 11 -1
1480136672659 11 2
1480136674489 1 2
1480136675369 4 -2
1480136676113 5 2
1480136677001 8 -2
1480136677994 9 -1
1480136680305 5 -2
1480136680933 6 -1
1480136681856 8 2
1480136682641 5 1
1480136683377 5 -1
1480136684001 1 -1
1480136685041 3 2
1480136685625 10 -1
1480136687105 10 1
1480136687817 3 -2
1480136688729 R
1480136689953 9 1
1480136690314 8 -2
1480136692141 4 -1
1480136693881 5 -3
1480136701161 3 2
1480136702969 11 -1
1480136703411 10 -1
1480136704193 2 -3
1480136705036 6 -1
1480136705931 9 2
1480136707681 5 1
1480136708163 8 1
1480136708657 4 3
1480136709521 1 -1
1480136710177 0 1
1480136711769 2 2
1480136712666 7 -3
1480136718568 2 -2
1480136719363 9 -2
1480136720051 6 1
1480136720715 2 3
1480136721598 11 1
1480136722153 10 1
1480136722937 3 -3
1480136723819 6 -1
1480136725139 9 1
1480136725964 5 1
1480136727061 8 1
1480136730122 7 1
1480136730979 3 1
1480136732035 7 -1
1480136733443 3 -1
1480136736146 8 -1
1480136736635 5 -1
1480136737754 3 3
1480136738299 10 -1
1480136738755 11 -1
1480136739268 2 -3
1480136740284 9 1
1480136744284 R
1480136745499 8 -2
1480136749115 4 -1
1480136750115 5 -3
1480136751157 3 3
1480136752059 10 -1
1480136752603 11 -1
1480136753479 2 -3
1480136754185 6 -1
1480136754677 3 -1
1480136756419 3 1
1480136756835 6 1
1480136757934 5 4
1480136759795 8 1
1480136760787 4 2
1480136761820 3 -1
1480136762411 9 1
1480136763563 4 1
1480136764219 1 -1
1480136764939 0 2
1480136768516 R
1480136769819 8 -2
1480136771707 5 -2
1480136772694 3 3
1480136773630 11 -1
1480136774702 10 -1
1480136775384 2 -3
1480136775938 6 -1
1480136776378 3 -1
1480136777313 9 3
1480136778302 8 1
1480136778734 4 2
1480136779502 1 -1
1480136780118 0 1
1480136780769 7 -3
1480136782032 2 2
1480136782678 10 1
1480136783471 0 -1
1480136784134 11 -1
1480136784969 6 -1
1480136785757 9 -2
1480136787206 6 2
1480136788102 11 1
1480136789382 0 1
1480136789966 10 -1
1480136790534 2 -2
1480136791822 6 -1
1480136792822 9 2
1480136793992 9 -2
1480136794503 6 1
1480136795878 6 -1
1480136798088 R
1480136799814 5 -2
1480136800782 8 -2
1480136802678 3 3
1480136803413 10 -1
1480136803920 11 -1
1480136804533 5 2
1480136807814 4 -1
1480136809166 8 1
1480136810024 2 -3
1480136811206 8 -1
1480136812886 8 1
1480136813742 4 2
1480136814918 5 1
1480136816697 4 -2
1480136817302 3 -1
1480136817894 9 1
1480136818774 4 3
1480136819670 1 -1
1480136821398 0 2
1480136823078 0 -1
1480136827238 7 -3
1480136829545 0 -1
1480136831170 1 1
1480136831798 4 -2
1480136832634 8 -1
1480136835160 9 -1
1480136835635 3 1
1480136837393 5 -3
1480136838962 R
1480136840648 4 -1
1480136845329 4 2
1480136846410 4 -2
1480136849513 8 -2
1480136852801 5 -3
1480136853929 6 -1
1480136854802 3 3
1480136856028 1 1
1480136856605 1 -1
1480136857393 10 -1
1480136858755 10 1
1480136859319 3 -3
1480136860044 5 2
1480136860737 4 1
1480136861529 5 -1
1480136862330 3 3
1480136863360 5 1
1480136863860 1 1
1480136864629 4 -1
1480136865457 8 1
1480136866265 4 2
1480136866836 1 -1
1480136867329 5 -1
1480136868466 11 -1
1480136868925 10 -1
1480136869505 6 1
1480136870537 5 2
1480136871865 4 -2
1480136873313 8 -1
1480136874705 11 1
1480136875857 1 1
1480136876984 1 -1
1480136877952 8 1
1480136878513 5 -3
1480136879001 3 -2
1480136879465 6 -1
1480136880257 9 2
1480136881212 5 1
1480136881769 4 3
1480136882712 1 -1
1480136883737 3 1
1480136884761 11 -2
1480136885304 11 2
1480136886513 0 1
1480136887393 7 -3
1480136888060 0 -1
1480136890609 10 1
1480136892009 3 -3
1480136893092 5 1
1480136893828 0 1
1480136896148 5 -1
1480136896734 8 1
1480136899508 9 -1
1480136899965 6 1
1480136901044 5 2
1480136901700 0 1
1480136903341 3 1
1480136904115 8 -1
1480136906060 0 -1
1480136906668 5 -2
1480136907236 3 2
1480136909196 10 -1
1480136910405 11 -1
1480136911345 6 -1
1480136911876 9 1
1480136914772 9 -1
1480136915387 11 1
1480136916007 10 1
1480136916844 3 -3
1480136917939 5 1
1480136918528 8 1
1480136919795 9 1
1480136920887 0 -1
1480136922852 1 2
1480136923725 4 -2
1480136924404 9 -2
1480136924884 5 -1
1480136925796 8 -2
1480136926799 5 1
1480136927532 5 -1
1480136928548 6 1
1480136929310 5 2
1480136930372 1 -1
1480136932487 8 2
1480136933013 4 1
1480136933948 9 1
1480136934564 4 1
1480136935092 1 -1
1480136935811 0 2
1480136938044 11 -1
1480136940211 11 1
1480136941204 8 -1
1480136943468 11 -1
1480136944171 2 -1
1480136946927 0 -2
1480136947564 5 -2
1480136948240 0 1
1480136948777 6 -1
1480136949550 9 2
1480136951310 8 1
1480136951760 5 1
1480136953185 0 -1
1480136953697 1 1
1480136954214 4 -2
1480136954838 8 -2
1480136955342 5 -1
1480136956553 9 -3
1480136957230 6 1
1480136957881 5 2
1480136959247 8 2
1480136960574 4 1
1480136962390 4 -1
1480136963020 9 1
1480136963526 4 2
1480136964197 1 -1
1480136965006 0 2
1480136966249 R
1480136967469 4 -1
1480136969270 8 -2
1480136970134 5 -3
1480136971125 6 -1
1480136972230 3 3
1480136974302 1 1
1480136974766 5 2
1480136975237 8 1
1480136975830 4 2
1480136977410 1 -1
1480136977851 5 -1
1480136978872 3 -1
1480136979597 9 2
1480136980094 4 1
1480136980950 1 -1
1480136982013 0 1
1480136983398 7 -3
1480136984454 10 -1
1480136987262 11 -1
1480136988069 2 -3
1480136988934 9 1
1480136992293 2 2
1480136992958 10 1
1480136993921 0 -1
1480136995326 1 1
1480136995997 4 -2
1480136996520 8 -1
1480136997902 9 -3
1480136998808 3 1
1480136999286 6 1
1480136999998 5 2
1480137001079 8 1
1480137002235 5 -2
1480137002636 3 -1
1480137003041 6 -1
1480137003494 9 3
1480137004824 8 -1
1480137006398 9 -3
1480137007054 3 1
1480137007608 5 1
1480137009094 6 1
1480137009782 5 -1
1480137010926 10 -1
1480137012487 2 1
1480137014338 2 -3
1480137015258 5 3
1480137016417 8 1
1480137016989 3 -1
1480137017666 9 1
1480137018401 4 2
1480137019226 1 -1
1480137020034 0 2
1480137020738 10 -3
1480137024644 0 -2
1480137030932 0 2
1480137032314 7 3
1480137034483 10 3
1480137041144 10 -3
1480137041891 7 -3
1480137043234 0 -1
1480137047378 0 1
1480137049050 0 -1
1480137051932 0 -1
1480137052810 11 -1
1480137055229 11 1
1480137055794 1 1
1480137056675 4 -1
1480137057306 9 -1
1480137057914 3 1
1480137060628 5 -1
1480137061748 5 -2
1480137062145 6 -1
1480137062554 3 -1
1480137063197 9 3
1480137063802 4 1
1480137064394 1 -1
1480137065162 0 1
1480137066514 9 -2
1480137067081 6 1
1480137067653 6 -1
1480137071002 2 3
1480137072002 11 1
1480137072458 3 -3
1480137074432 9 1
1480137075365 11 -1
1480137075999 2 -3
1480137076677 9 1
1480137078469 8 1
1480137081887 5 1
1480137082839 8 -1
1480137083904 2 2
1480137084373 9 -1
1480137084872 2 1
1480137085485 11 1
1480137087956 5 -1
1480137090613 11 -1
1480137093172 0 -1
1480137093661 11 -1
1480137094084 6 -3
1480137095061 11 2
1480137096008 0 1
1480137096654 5 2
1480137098013 8 2
1480137098461 11 -1
1480137098961 2 -3
1480137099693 9 1
1480137100134 0 4
