1481984193600 4 -1
1481984194570 8 -2
1481984195319 5 -3
1481984198250 5 1
1481984198790 8 1
1481984199232 4 2
1481984200693 9 1
1481984201128 4 1
1481984201676 1 -1
1481984202085 0 1
1481984203251 7 -3
1481984203789 3 -1
1481984204729 5 2
1481984207808 0 1
1481984213362 0 -2
1481984214099 5 -2
1481984214791 3 3
1481984217089 1 2
1481984217683 4 -2
1481984218343 9 -1
1481984219082 3 1
1481984220231 5 2
1481984222433 4 1
1481984227647 1 -1
1481984228925 10 -1
1481984229349 11 -1
1481984229839 2 -3
1481984230621 5 1
1481984233191 5 -3
1481984233753 3 -1
1481984234163 6 -1
1481984234727 9 3
1481984235361 4 1
1481984235963 1 -1
1481984236405 0 1
1481984238061 7 3
1481984248305 R
1481984266503 4 -1
1481984267698 4 2
1481984268873 9 1
1481984269427 4 1
1481984270041 1 -1
1481984270601 0 2
1481984271557 7 -3
1481984273517 0 -2
1481984274016 1 1
1481984274505 4 -2
1481984275276 5 -2
1481984277397 8 -1
1481984279629 3 2
1481984280393 11 -1
1481984281258 10 -1
1481984282063 2 -3
1481984282972 6 -1
1481984283655 9 2
1481984284933 9 -3
1481984285462 3 1
1481984285881 6 1
1481984288965 5 3
1481984339267 4 1
1481984339837 4 -1
1481984340561 8 -1
1481984343333 8 1
1481984345799 3 -1
1481984348603 3 1
1481984350901 8 -1
1481984355013 5 -1
1481984356235 2 2
1481984357247 10 1
1481984359617 2 1
1481984360318 11 1
1481984361163 8 1
1481984361555 4 1
1481984362706 5 -2
1481984363185 3 -4
1481984364397 6 -1
1481984365417 9 2
1481984366309 4 1
1481984366943 1 -1
1481984370143 11 -1
1481984370705 2 -1
1481984371235 9 1
1481984377285 0 1
1481984380827 0 -1
1481984382185 9 -2
1481984382788 6 1
1481984383197 2 1
1481984383874 11 1
1481984384379 0 1
1481984384845 7 1
1481984386097 R
1481984386965 4 -1
1481984390129 8 -2
1481984390659 5 -3
1481984391311 3 3
1481984393964 7 1
1481984394632 3 -4
1481984395585 6 -1
1481984397281 9 2
1481984397779 8 2
1481984398247 5 2
1481984398688 4 3
1481984399337 1 -1
1481984399901 0 1
1481984422949 R
1481984436376 9 1
1481984436857 4 2
1481984437444 1 -1
1481984438046 0 2
1481984445715 7 -2
1481984446583 3 -1
1481984447361 11 -1
1481984448174 2 -1
1481984450695 2 1
1481984453191 0 -1
1481984453907 5 -2
1481984454381 11 1
1481984454873 3 2
1481984456693 7 3
1481984457529 0 -1
1481984458493 0 1
1481984459407 7 -4
1481984461118 3 -2
1481984463929 5 2
1481984464515 0 1
1481984467705 11 -1
1481984471192 0 -2
1481984471738 11 1
1481984472148 5 -2
1481984472773 3 2
1481984473655 8 -1
1481984474034 3 1
1481984474830 11 -1
1481984475359 10 -1
1481984475930 2 -3
1481984507624 2 3
1481984508166 11 1
1481984508668 1 2
1481984510144 4 -2
1481984511638 R
1481984704048 4 -1
1481984704714 8 -2
1481984707525 5 -1
1481984708034 6 -1
1481984709038 9 2
1481984710082 8 2
1481984710587 4 3
1481984711641 1 -1
1481984712115 0 1
1481984712630 7 -3
1481984713554 0 -1
1481984714004 3 -1
1481984714501 1 2
1481984715088 4 -2
1481984716903 9 -2
1481984719217 8 -1
1481984719941 5 -1
1481984723795 1 -1
1481984724390 3 4
1481984725273 11 -1
1481984725771 10 -1
1481984726318 2 -3
1481984727668 6 1
1481984728304 5 3
1481984732407 3 -1
1481984734282 3 1
1481984738113 5 -3
1481984738825 6 -1
1481984739389 3 -1
1481984739864 9 3
1481984741325 4 2
1481984745061 2 2
1481984745961 9 -1
1481984746507 2 1
1481984747005 11 1
1481984747375 10 1
1481984747928 3 -3
1481984749665 1 -1
1481984754843 9 -1
1481984755325 8 1
1481984755813 5 1
1481984756568 6 1
1481984759570 11 -2
1481984760045 6 -2
1481984760608 8 1
1481984762023 5 -1
1481984762907 9 1
1481984765216 2 -1
1481984765961 9 1
1481984775142 R
1481984777577 9 1
1481984778229 4 2
1481984779496 1 -1
1481984783788 1 1
1481984784237 4 -3
1481984784919 5 -3
1481984785650 8 -2
1481984790968 5 1
1481984791724 8 1
1481984792342 4 3
1481984792907 1 -1
1481984793509 3 2
1481984797910 11 -2
1481984800754 10 -1
1481984801646 11 1
1481984806041 2 -3
1481984814590 1 1
1481984815040 4 -3
1481984817522 9 -1
1481984820438 3 1
1481984821337 5 3
1481984825660 3 -1
1481984828632 9 1
1481984829146 4 3
1481984829779 1 -1
1481984830384 0 2
1481984830970 10 -3
1481984831516 7 -3
1481984833315 0 -2
1481984836850 1 1
1481984838008 4 -1
1481984838724 9 -1
1481984839214 3 1
1481984840065 5 -3
1481984840764 3 -1
1481984841174 6 -1
1481984842114 9 3
1481984842668 4 1
1481984843392 1 -1
1481984849152 9 -1
1481984850808 2 3
1481984857436 11 1
1481984857982 3 -3
1481984859284 11 -2
1481984859821 6 -3
1481984860344 11 2
1481984860826 8 2
1481984861491 5 2
1481984862168 0 3
1481984862914 1 2
1481984863373 4 -1
1481984864136 9 -2
1481984865878 1 -1
1481984866658 9 2
1481984867446 11 -1
1481984867950 2 -3
1481984868466 9 1
1481984868948 0 2
