1480221096441 4 -1
1480221102014 5 -3
1480221103489 8 -2
1480221105995 3 3
1480221108359 10 -1
1480221109446 11 -1
1480221111621 2 -3
1480221115422 5 4
1480221119998 8 1
1480221122474 4 2
1480221125229 5 -1
1480221126623 2 3
1480221129215 11 1
1480221132928 1 1
1480221134685 4 -2
1480221142692 1 -1
1480221145024 11 -1
1480221146045 2 -3
1480221151599 5 1
1480221152783 3 -1
1480221155364 9 1
1480221158628 9 -1
1480221160013 3 1
1480221162517 5 -4
1480221164398 2 3
1480221168516 5 3
1480221171793 7 1
1480221172902 10 1
1480221173795 11 1
1480221177505 1 1
1480221182042 5 -3
1480221184189 3 -1
1480221185245 6 -1
1480221187702 9 2
1480221190251 8 -1
1480221193929 1 -1
1480221195782 3 -3
1480221200295 11 -1
1480221203272 2 -1
1480221204978 9 1
1480221212618 5 2
1480221214292 8 2
1480221216427 4 3
1480221217861 1 -1
1480221219957 0 1
1480221221351 5 -1
1480221222838 8 -1
1480221225278 9 -2
1480221228962 2 1
1480221229895 6 1
1480221231850 11 1
1480221233709 3 3
1480221236929 7 -4
1480221260748 0 -1
1480221267928 1 2
1480221269253 4 -2
1480221273064 1 -1
1480221274489 3 -3
1480221281366 5 2
1480221284009 1 1
1480221286360 4 2
1480221287809 1 -2
1480221291036 0 2
1480221294440 3 1
1480221308271 3 -1
1480221313162 11 -1
1480221315501 2 -1
1480221318993 8 1
1480221324965 0 -1
1480221327652 5 -2
1480221329207 6 -1
1480221330953 9 2
1480221333209 8 -1
1480221349810 0 -1
1480221352633 11 -1
1480221354350 6 -1
1480221356778 8 2
1480221358918 5 1
1480221365955 8 -2
1480221367051 9 -2
1480221369787 2 1
1480221371155 6 2
1480221372953 11 2
1480221375845 5 1
1480221377364 0 2
1480221380579 7 1
1480221382015 0 -1
1480221384387 5 -2
1480221386279 6 -1
1480221387731 9 1
1480221389803 9 -1
1480221397455 3 3
1480221398694 10 -1
1480221402273 7 3
1480221406470 11 -1
1480221407665 2 -2
1480221410040 9 2
1480221413726 2 1
1480221415602 9 -1
1480221416573 2 1
1480221417388 11 1
1480221420281 10 1
1480221422010 3 -3
1480221436678 9 -1
1480221437712 6 1
1480221439676 5 2
1480221441392 0 1
1480221444492 11 -1
1480221446076 2 -1
1480221454809 2 1
1480221456198 11 1
1480221458995 3 1
1480221461227 7 -4
1480221463820 3 -1
1480221466760 11 -1
1480221468078 2 -1
1480221472019 0 -1
1480221473478 5 -2
1480221474980 6 -1
1480221476154 9 2
1480221485331 8 1
1480221486671 5 1
1480221492357 0 -1
1480221493389 1 1
1480221495201 4 -2
