1480431838232 4 1
1480431848367 4 -2
1480431849927 8 -2
1480431852401 5 -3
1480431853683 3 3
1480431856309 7 1
1480431860894 5 3
1480431863216 8 1
1480431864386 8 -1
1480431865650 5 -3
1480431868920 6 -1
1480431869893 3 -3
1480431871283 9 2
1480431872506 8 2
1480431873697 5 2
1480431875293 4 3
1480431877504 1 -1
1480431879373 5 -1
1480431880866 8 -1
1480431883472 3 -1
1480431885400 0 1
1480431887790 9 -1
1480431890136 6 1
1480431892487 3 3
1480431893961 7 -4
1480431899625 3 -3
1480431900746 5 2
1480431902140 0 1
1480431905148 3 1
1480431908693 8 1
1480431912156 3 -1
1480431913661 11 -1
1480431916327 8 -1
1480431918246 R
1480431930524 4 1
1480431932604 9 1
1480431933937 4 1
1480431935552 1 -1
1480431937501 0 2
1480431973217 0 -2
1480431977677 5 -2
1480431979599 8 -1
1480431981556 1 1
1480431983046 4 -3
1480431984505 5 -1
1480431985576 8 -1
1480431987241 3 2
1480431990272 7 1
1480431991815 6 -1
1480431992654 9 1
1480432032532 R
1480432059814 8 -2
1480432061905 8 2
1480432067561 4 -1
1480432069570 5 -3
1480432072035 8 -2
1480432073409 3 3
1480432076802 7 1
1480432078247 1 1
1480432079347 5 3
1480432081750 R
1480432082850 9 1
1480432083983 4 2
1480432085204 1 -1
1480432088606 0 1
1480432089313 0 1
1480432093412 7 -3
1480432095110 3 -1
1480432098249 11 -1
1480432100864 2 -1
