1480436900920 4 -1
1480436904005 8 -2
1480436905241 5 -3
1480436906919 6 -1
1480436908685 9 2
1480436909639 3 2
1480436910623 1 1
1480436912029 7 1
1480436915507 1 -1
1480436916529 3 -3
1480436919859 9 -2
1480436920896 6 1
1480436922116 5 3
1480436923146 8 2
1480436924716 1 1
1480436925310 4 2
1480436926585 9 1
1480436927203 4 1
1480436928334 1 -2
1480436929466 0 2
1480436930601 3 1
1480436931240 7 -4
1480436935460 3 -1
1480436936312 11 -1
1480436938522 8 -1
1480436942101 0 -1
1480436943156 5 -2
1480436944415 6 -1
1480436945500 9 1
1480436946045 9 -1
1480436946898 2 -1
1480436947664 9 2
1480436948718 8 1
1480436949296 5 1
1480436950360 0 -1
1480436951016 1 1
1480436952032 R
1480436957704 5 -2
1480436961368 7 1
1480436962110 3 -1
1480436963814 4 -1
1480436965206 5 -1
1480436966182 1 1
1480436967166 1 -1
1480436967994 5 3
1480436968682 1 1
1480436997475 R
1480437001607 8 -2
1480437002608 5 -2
1480437003365 3 3
1480437006382 7 1
1480437007655 3 -4
1480437009422 6 -1
1480437010523 9 2
1480437011413 9 -2
1480437013915 8 2
1480437015109 8 -2
1480437015687 4 -1
1480437016767 5 -1
1480437019391 6 1
1480437033340 3 4
1480437035988 5 3
1480437038294 1 1
1480437040238 1 -1
1480437043013 1 1
1480437046778 R
1480437082456 7 1
1480437083168 3 -1
1480437084503 5 -2
1480437085284 6 -1
1480437120203 4 -1
1480437121039 5 -1
1480437122063 8 -2
1480437123149 3 4
1480437145746 11 -1
1480437146356 10 -1
1480437147050 7 -1
1480437147708 3 -1
1480437148520 2 -3
1480437149669 9 3
1480437153083 8 1
1480437153630 5 1
1480437154246 4 3
1480437155467 1 -1
1480437156335 0 1
1480437157545 7 -3
1480437159568 0 -1
1480437163498 11 -1
1480437164297 6 -1
1480437179596 R
1480437184986 9 1
1480437186088 4 2
1480437186948 1 -1
1480437187932 0 2
1480437189378 7 -3
1480437190142 3 -1
1480437195322 0 -1
1480437196160 5 -2
1480437216389 3 2
1480437217669 10 -1
1480437218340 10 1
1480437219045 3 -2
1480437219912 11 -1
1480437220685 2 -1
1480437221623 6 -1
1480437222623 9 2
1480437223475 8 -1
1480437225240 5 1
1480437225819 8 1
1480437227982 0 -1
1480437228882 1 1
1480437229523 4 -2
1480437230288 5 -1
1480437230850 8 -2
1480437232670 9 -3
1480437233579 9 3
1480437248244 R
1480437250964 8 -2
1480437252424 7 1
1480437253325 3 -1
1480437254128 5 -2
1480437254963 3 4
1480437258567 3 -4
1480437260980 6 -1
1480437263708 3 2
1480437268185 3 1
1480437268982 7 -1
1480437269521 10 -1
1480437270014 11 -1
1480437270717 2 -3
1480437273061 9 3
1480437274787 8 1
1480437276123 4 -1
1480437277959 4 3
1480437279445 1 -1
1480437311223 0 1
1480437312386 7 -3
1480437316208 0 -1
1480437316958 11 -1
1480437317825 6 -1
1480437319802 6 1
1480437320528 11 1
1480437322380 1 1
1480437323497 4 -2
1480437326692 4 2
1480437327426 1 -1
1480437328106 0 1
1480437329105 7 3
1480437329605 0 -1
1480437330794 1 1
1480437331597 4 -3
1480437334005 5 -1
1480437334716 8 -1
1480437344591 5 1
1480437345319 4 1
1480437346444 8 1
1480437346943 4 2
1480437348959 4 -3
1480437351591 9 -3
1480437352499 2 3
1480437353341 11 1
1480437354913 4 2
1480437386760 R
1480437389497 7 1
1480437390542 5 -2
1480437392223 6 -1
1480437393800 9 2
1480437394551 9 -2
1480437395472 8 -2
1480437396270 3 3
1480437397411 10 -1
1480437397927 7 -1
1480437398528 11 -1
1480437399192 2 -3
1480437400122 3 -1
1480437400980 9 3
1480437402636 8 1
1480437403419 4 2
1480437403989 1 -1
1480437404849 0 1
1480437405628 7 -3
1480437409731 0 -1
