1480438719365 4 -1
1480438746354 4 1
1480438748586 4 1
1480438753042 9 1
1480438754083 4 1
1480438755027 1 -1
1480438757019 0 2
1480438757643 8 -1
1480438759994 0 -2
1480438762502 7 1
1480438763885 3 -1
1480438766589 11 -1
1480438768728 2 -1
1480438770982 8 1
1480438772138 1 1
1480438773883 4 -3
1480438774816 8 -2
1480438775316 9 -1
1480438776387 5 -3
1480438778811 6 -1
1480438781194 9 3
1480438782927 8 2
1480438783810 5 1
1480438784810 4 3
1480438785986 1 -1
1480438787914 0 1
1480438792280 R
1480438795626 7 1
1480438796403 3 -1
1480438799406 9 1
1480438799978 4 2
1480438801236 1 -1
1480438804675 5 -1
1480438806182 11 -2
1480438810163 6 -2
1480438811698 2 -1
1480438812507 9 2
1480438814658 8 1
1480438815918 5 -1
1480438816614 9 -2
1480438817219 R
1480438824507 7 1
1480438825378 3 -1
1480438826226 1 1
1480438827738 4 -1
1480438829763 5 -1
1480438830997 9 1
1480438831782 4 3
1480438832939 1 -2
1480438834266 0 1
1480438835387 6 -1
1480438835977 9 1
1480438837637 5 -1
1480438838409 8 -1
1480438839794 3 3
1480438840474 11 -1
1480438841068 10 -1
1480438841652 7 -2
1480438843538 7 -2
1480438844868 2 -3
1480438847042 9 1
1480438851596 2 2
1480438853851 0 -1
1480438858205 1 1
1480438859098 4 -2
1480438860314 9 -3
1480438861258 3 1
1480438862251 6 1
1480438862894 2 1
1480438863850 5 2
1480438867139 4 1
1480438868781 5 -2
1480438870939 6 -1
1480438871617 3 -1
1480438872225 9 2
1480438872866 4 1
1480438873842 1 -1
1480438874562 0 1
1480438876346 2 -3
1480438877994 9 1
1480438880435 R
1480438883450 8 -2
1480438886458 7 1
1480438887925 3 -1
1480438889635 4 -1
1480438890819 5 -3
1480438898882 9 1
1480438901466 8 2
1480438903018 5 2
1480438904194 4 3
1480438905083 1 -1
1480438906684 5 -1
1480438907226 8 -1
1480438908507 0 1
1480438910013 6 -1
1480438910649 9 1
1480438911826 8 1
1480438912482 5 1
1480438914370 11 -1
1480438916729 5 -1
1480438917226 8 -1
1480438918195 9 -1
1480438919046 2 -1
1480438921619 R
1480438935922 8 -2
1480438939914 5 -2
1480438941994 3 3
1480438943396 11 -1
1480438943965 10 -1
1480438945427 2 -3
1480438946876 3 -1
1480438947500 6 -1
1480438948370 9 3
1480438951612 8 1
1480438952410 4 2
1480438953378 1 -1
1480438954162 0 1
1480438955130 7 -3
1480438956002 0 -1
1480438957186 11 -1
1480438958474 6 -1
1480438961282 9 -2
1480438963326 2 2
1480438965688 6 1
1480438969237 11 1
1480438970225 10 1
1480438971336 2 1
1480438971967 11 1
1480438972659 3 -3
1480438975891 0 1
1480438977299 11 -1
1480438978543 2 -1
1480438979707 9 2
1480438982068 9 -2
1480438983082 2 1
1480438988127 2 -1
1480438989171 2 1
1480438990097 11 1
1480438992146 0 -1
1480438993018 11 -2
1480438993900 6 -1
1480438995130 2 -1
1480438999724 6 1
1480439001642 2 1
1480439002733 11 2
1480439003609 3 3
1480439006756 10 -1
1480439007939 11 -1
1480439008971 2 -3
1480439009906 9 2
1480439012514 1 1
1480439013539 4 -2
1480439014378 8 -1
