1480981354018 4 -1
1480981356089 9 1
1480981357072 8 -2
1480981358428 5 -3
1480981359218 3 2
1480981360134 1 1
1480981362762 7 1
1480981364040 1 -1
1480981364561 3 -3
1480981365521 1 1
1480981366103 5 3
1480981367592 8 2
1480981368925 4 3
1480981371933 1 -2
1480981373764 0 2
1480981376469 8 -1
1480981379096 3 1
1480981382066 0 -1
1480981382942 5 -2
1480981385902 3 2
1480981386840 7 -4
1480981392595 3 -3
1480981395431 6 -1
1480981396586 3 3
1480981399423 11 -1
1480981400284 6 1
1480981401843 11 1
1480981403137 3 -2
1480981403836 8 1
1480981404306 5 2
1480981408401 0 -1
1480981408873 3 -1
1480981409773 11 -2
1480981410624 2 -1
1480981411837 5 -1
1480981412579 6 -2
1480981413455 8 1
1480981414091 9 2
1480981417269 5 -1
1480981417958 8 -2
1480981419595 6 1
1480981420223 11 1
1480981420782 5 1
1480981421658 8 1
1480981423085 1 1
1480981424433 1 -1
1480981425154 0 1
1480981425883 7 1
1480981427486 5 -1
1480981427993 8 -1
1480981431241 9 -2
1480981432712 6 1
1480981433883 2 1
1480981434891 11 1
1480981435481 5 2
1480981436721 0 1
1480981439101 7 -1
1480981440209 3 1
1480981441906 0 -1
1480981442654 5 -2
1480981443745 3 2
1480981444737 10 -1
1480981445489 11 -1
1480981446591 2 -3
1480981447893 6 -1
1480981448551 9 2
1480981451103 0 -1
1480981451886 11 -1
1480981452529 6 -1
1480981455505 9 -2
1480981457133 9 2
1480981459521 6 1
1480981460150 11 1
1480981461693 1 1
1480981462241 4 -2
1480981463188 8 -1
1480981465127 9 -3
1480981465862 3 1
1480981466553 6 1
1480981467444 5 3
1480981478840 8 1
1480981480073 8 -1
1480981487129 3 -1
1480981487918 9 1
1480981488469 8 1
1480981489042 4 2
1480981491447 R
1480981499377 8 -2
1480981500185 5 -2
1480981501191 6 -1
1480981502021 9 2
1480981504439 8 2
1480981505137 5 1
1480981505881 4 2
1480981510356 1 -1
1480981512323 0 1
1480981514115 7 -3
1480981515727 3 -1
1480981520579 11 -1
1480981521890 2 -1
1480981522626 9 1
1480981524704 8 -1
1480981525269 5 -1
1480981532108 0 -1
1480981534302 5 1
1480981535348 8 1
1480981539566 0 1
1480981541116 0 -1
1480981542426 11 -1
1480981547620 6 -1
1480981548884 8 1
1480981551171 5 -1
1480981563683 5 1
1480981570225 8 -2
1480981582125 5 -1
1480981584606 5 1
1480981586210 8 2
1480981591891 9 -2
1480981593922 2 1
1480981596191 8 -2
1480981598580 6 2
1480981601456 11 2
1480981604015 1 2
1480981611463 4 -2
1480981614493 8 -1
1480981616068 9 -1
1480981620098 6 -1
1480981622284 1 -1
1480981623300 5 -1
1480981626631 3 3
1480981628810 10 -1
1480981629517 11 -1
1480981631020 2 -3
1480981635560 9 3
1480981640591 8 1
1480981641855 4 2
1480981646065 1 -1
1480981676137 0 1
1480981680012 7 3
1480981688415 7 -3
1480981689873 0 -1
1480981691059 11 -1
1480981693555 6 -1
1480981695175 6 1
1480981702577 2 2
1480981704345 10 1
1480981705717 6 -1
1480981714834 9 -1
1480981716160 2 1
1480981717401 6 1
1480981718166 11 2
1480981718958 3 -3
1480981722724 0 1
1480981723632 8 1
1480981724142 9 -1
1480981724746 6 1
1480981726034 5 2
1480981726824 0 1
1480981728941 11 -1
1480981730684 11 1
1480981732104 3 1
1480981733203 7 4
1480981735622 3 -1
1480981737955 11 -1
1480981738621 2 -1
1480981742559 0 -2
1480981743275 1 1
1480981743931 4 -3
1480981744964 9 -1
1480981745861 8 -2
1480981746992 5 -3
1480981748969 6 -1
1480981749721 9 3
1480981756838 8 2
1480981757441 5 2
1480981758070 4 3
1480981759177 1 -1
1480981760364 5 -1
1480981760883 8 -1
1480981763178 5 1
1480981763566 8 1
1480981764642 1 1
1480981765711 4 -3
1480981766604 5 -2
1480981767254 8 -2
1480981769920 9 -3
1480981771004 6 1
1480981772330 2 1
1480981773066 11 1
1480981776943 1 1
1480981777470 5 3
1480981778042 8 2
1480981778810 4 2
1480981779330 9 1
1480981779864 4 1
1480981780508 1 -2
1480981782407 5 -2
1480981784817 8 -1
1480981786059 6 -1
1480981786748 9 1
1480981787879 8 1
1480981788382 5 1
1480981789321 1 2
1480981790312 4 -3
1480981792647 5 -2
1480981793359 8 -2
1480981794196 9 -2
1480981797273 1 -1
1480981802187 3 4
1480981804435 6 1
1480981805596 5 3
1480981806721 4 1
1480981807333 8 1
1480981808061 4 1
1480981810163 4 -2
1480981811270 8 -1
1480981812075 1 1
1480981814447 5 -3
1480981815085 3 -1
1480981815548 6 -1
1480981816114 9 2
1480981816688 8 1
1480981817090 5 1
1480981818127 4 3
1480981818858 1 -2
1480981821391 0 1
1480981822050 9 -1
1480981823452 6 1
1480981824964 3 -3
1480981825894 5 2
1480981826785 0 1
1480981827762 3 1
1480981830427 3 -1
1480981831900 0 -1
1480981832784 5 -2
1480981833784 5 2
1480981834582 11 -1
1480981835908 2 -1
1480981839405 5 -1
1480981839985 6 -1
1480981840652 9 2
1480981841420 8 1
1480981844435 0 -1
1480981844992 1 1
1480981845596 4 -3
1480981846728 5 -2
1480981849449 8 -2
1480981853185 9 -3
1480981855363 6 1
1480981856033 2 1
1480981856664 11 1
1480981857688 5 3
1480981859402 4 1
1480981859930 8 2
1480981860533 1 1
1480981861178 9 1
1480981861827 4 2
1480981862571 1 -2
1480981864277 0 2
1480981868238 8 -1
1480981872749 8 1
1480981875174 0 -2
1480981875849 1 2
1480981876686 5 -1
1480981878617 6 -1
1480981879274 9 1
1480981880888 4 -3
1480981882847 8 -2
1480981891041 5 -2
1480981892971 9 -2
1480981895932 1 -1
1480981896490 6 1
1480981897692 11 -1
1480981898940 2 -1
1480981900257 5 3
1480981901334 8 2
1480981902693 9 1
1480981903304 4 3
1480981904264 1 -1
1480981905218 0 2
1480981907358 0 -1
1480981908116 5 -2
1480981908815 6 -1
1480981909776 9 2
1480981910753 8 -1
1480981911241 5 1
1480981914373 9 -2
1480981914915 5 -1
1480981915428 6 1
1480981916179 2 1
1480981919465 5 2
1480981920048 8 1
1480981920953 11 1
1480981921760 3 1
1480981922867 7 -4
1480981923937 3 -1
1480981925821 0 -1
1480981927248 5 -2
1480981928892 0 1
1480981930533 11 -1
1480981931435 2 -1
1480981932217 6 -1
1480981932884 9 2
1480981934605 5 1
1480981939874 5 -1
1480981940386 8 -1
1480981944093 7 1
1480981948363 9 -2
1480981949099 6 1
1480981950099 5 2
1480981961029 0 1
1480981962587 7 -1
1480981964294 7 1
1480981965021 8 1
1480981982911 7 -1
1480981985763 0 -2
1480981986377 5 -2
1480981986935 11 -1
1480981989656 6 -2
1480981990067 2 1
1480981991431 6 1
1480981992228 11 2
1480981995445 8 -1
1480981996423 3 3
1480981997376 10 -1
1480982000297 11 -2
1480982000988 6 -1
1480982001661 9 1
1480982003313 9 -1
1480982005041 2 -2
1480982006623 9 2
1480982009731 9 -2
1480982012484 2 2
1480982013120 6 2
1480982014166 11 2
1480982015445 10 1
1480982017360 3 -2
1480982018010 5 2
1480982019074 0 2
1480982019949 3 -1
1480982021071 8 1
1480982022670 11 -1
1480982024732 2 -1
1480982031453 0 -2
1480982032050 1 1
1480982033594 4 -2
1480982034313 8 -2
1480982035250 5 -2
1480982035940 6 -1
1480982036770 9 2
1480982039423 8 2
1480982040096 4 2
1480982040948 1 -1
1480982041687 0 1
1480982042733 8 -1
1480982044151 8 1
1480982044741 5 1
1480982046563 5 -1
1480982046997 8 -1
1480982048052 0 -1
1480982048657 11 -1
1480982049213 6 -1
1480982050749 9 -2
1480982051237 8 2
1480982054779 9 2
1480982058386 5 1
1480982060935 9 -1
1480982063184 8 -1
1480982063873 5 -1
1480982064959 6 1
1480982065493 11 1
1480982066633 1 1
1480982067324 4 -2
1480982068981 5 1
1480982069415 8 -2
1480982071106 9 -2
1480982073509 6 1
1480982074241 5 1
1480982075664 2 1
1480982076238 11 1
1480982076718 1 1
1480982091442 8 2
1480982092332 4 1
1480982093333 9 1
1480982093876 4 1
1480982094621 1 -2
1480982095650 0 2
1480982099056 3 1
1480982101194 7 4
1480982102714 8 -1
1480982103892 8 1
1480982105217 7 -4
1480982107241 3 -1
1480982108257 0 -1
1480982108958 5 -2
1480982109646 3 2
1480982112491 10 -1
1480982113947 8 -1
1480982114846 3 1
1480982115551 11 -1
1480982116156 2 -3
1480982117961 6 -1
1480982118589 9 2
1480982122015 0 -1
1480982122536 11 -1
1480982123031 6 -1
1480982126093 6 1
1480982129708 2 2
1480982132102 10 1
1480982132878 6 -1
1480982135367 10 -1
1480982135761 2 -2
1480982137684 9 -2
1480982138288 6 2
1480982139474 11 1
1480982141226 0 1
1480982143064 7 3
1480982143783 0 -1
1480982145329 1 1
1480982145894 4 -3
1480982146815 5 -1
1480982148668 8 -1
1480982151639 6 -1
1480982152793 9 2
1480982153862 9 -3
1480982155755 6 1
1480982156552 3 1
1480982158755 5 4
1480982160686 5 -4
1480982162051 2 3
1480982162724 11 1
1480982163282 10 1
1480982167772 7 1
1480982171129 5 3
1480982172493 4 1
1480982173951 8 1
1480982176339 8 -1
1480982178533 4 -1
1480982179587 5 -3
1480982180517 3 -4
1480982181572 6 -1
1480982184944 11 -1
1480982185533 2 -1
1480982186331 9 3
1480982188952 5 1
1480982189712 8 1
1480982190385 4 3
1480982191239 1 -1
1480982193207 0 1
1480982197178 0 -1
1480982197876 1 1
1480982198706 4 -3
1480982199542 5 -1
1480982200032 8 -1
1480982200814 9 -3
1480982201334 6 1
1480982202024 2 1
1480982202930 5 3
1480982204226 11 1
1480982206537 8 2
1480982207475 9 1
1480982208474 4 3
1480982209707 1 -1
1480982214126 0 2
1480982214491 8 -1
1480982216833 11 -1
1480982217839 2 -1
1480982220032 8 1
1480982222606 0 -2
1480982223073 1 1
1480982223685 4 -3
1480982226027 8 -2
1480982227856 8 2
1480982228392 4 3
1480982229019 1 -1
1480982229910 5 -2
1480982230998 11 -1
1480982231647 6 -2
1480982232237 8 1
1480982232747 9 2
1480982233408 5 1
1480982235771 5 -1
1480982236322 8 -2
1480982236763 9 -1
1480982237213 6 1
1480982237896 11 1
1480982238329 1 1
1480982239345 4 -3
1480982241068 5 1
1480982241487 8 1
1480982243106 9 -2
1480982243904 6 1
1480982244526 2 1
1480982245059 11 1
1480982245720 5 1
1480982247485 1 1
1480982249084 4 2
1480982249790 5 -2
1480982251045 6 -1
1480982251913 9 2
1480982252579 5 1
1480982253813 4 -2
1480982255922 5 -2
1480982256517 8 -2
1480982259698 9 -2
1480982260525 6 1
1480982262211 1 -1
1480982262575 11 -1
1480982263140 2 -1
1480982266131 2 1
1480982266691 11 1
1480982267296 3 4
1480982269397 7 -1
1480982269933 10 -1
1480982270466 11 -1
1480982271273 2 -3
1480982272297 5 4
1480982273203 3 -1
1480982278221 8 1
1480982278670 9 1
1480982279523 4 3
1480982280244 1 -1
1480982283206 0 2
1480982283942 10 -3
1480982287060 7 -3
1480982289424 0 -1
1480982292292 0 -1
1480982292788 11 -1
1480982298791 11 1
1480982301063 1 1
1480982301574 4 -1
1480982302281 9 -1
1480982303111 3 1
1480982304057 5 -3
1480982305056 2 3
1480982305747 11 1
1480982306941 1 1
1480982308196 5 2
1480982309925 5 -2
1480982310383 1 -1
1480982310948 3 -4
1480982314569 5 2
1480982315065 8 1
1480982316328 8 -1
1480982316724 5 -1
1480982317685 5 -1
1480982318351 6 -1
1480982320461 9 2
1480982321445 4 1
1480982322849 1 -1
1480982324160 0 1
1480982326763 11 -1
1480982327376 2 -3
1480982328508 9 1
1480982330890 5 1
1480982331431 8 1
1480982333423 0 -1
1480982334068 11 -1
1480982334720 6 -3
1480982335672 11 1
1480982336191 5 1
1480982336889 8 1
1480982341471 0 6
