1480974114562 8 -2
1480974122233 5 -2
1480974123234 6 -1
1480974130906 3 3
1480974133417 11 -1
1480974134209 10 -1
1480974135297 2 -3
1480974138322 3 -1
1480974139866 9 3
1480974142465 8 1
1480974143290 4 2
1480974144362 1 -1
1480974146627 0 1
1480974148456 7 -3
1480974153650 0 -1
1480974154818 11 -1
1480974156802 6 -1
1480974158121 9 -1
1480974159354 6 1
1480974160137 11 1
1480974161386 1 1
1480974162306 4 -2
1480974163665 8 -1
1480974166177 9 1
1480974171403 R
1480974180529 4 1
1480974183738 4 -2
1480974185505 5 -3
1480974189994 8 -2
1480974196057 3 3
1480974202810 1 1
1480974212193 10 -1
1480974213130 1 -1
1480974214163 10 1
1480974214801 7 1
1480974216537 3 -4
1480974218210 6 -1
1480974219323 9 2
1480974221129 11 -1
1480974221826 2 -1
1480974222577 9 1
1480974226850 R
1480974240145 4 -1
1480974243369 4 2
1480974246674 4 -2
1480974249425 5 -3
1480974250481 3 1
1480974251737 3 -1
1480974253241 8 -2
1480974254754 3 3
1480974259729 10 -1
1480974260353 11 -1
1480974261825 2 -3
1480974266193 6 -1
1480974267217 3 -1
1480974268162 9 3
1480974271705 8 1
1480974272289 5 1
1480974273225 4 3
1480974274282 1 -1
1480974285625 1 1
1480974287866 4 -3
1480974291417 4 3
1480974292778 1 -1
1480974294434 0 1
1480974303450 R
1480974309081 4 1
1480974314401 5 -2
1480974316249 3 1
1480974319996 7 1
1480974320969 3 -2
1480974324897 5 2
1480974326929 11 -1
1480974327906 2 -1
1480974330745 8 -1
1480974331970 5 -2
1480974333217 6 -1
1480974333945 8 1
1480974334634 5 1
1480974335721 9 3
1480974337041 4 1
1480974338074 1 -1
1480974339362 5 -1
1480974339946 8 -1
1480974341522 0 1
1480974343129 U
1480974343970 R
1480974375009 4 1
1480974382313 5 -2
1480974386256 4 -2
1480974389745 5 -1
1480974390993 3 1
1480974392953 8 -1
1480974393993 3 1
1480974395089 1 1
1480974398385 1 -1
1480974402897 11 -1
1480974408674 6 -1
1480974410041 3 1
1480974411729 5 2
1480974412360 4 2
