1480439950620 4 1
1480439954135 5 -2
1480439954925 8 -1
1480439956642 3 3
1480439959387 10 -1
1480439960894 11 -1
1480439963336 2 -3
1480439964448 6 -1
1480439965251 3 -1
1480439969774 9 3
1480439970993 4 1
1480439976103 2 2
1480439979244 1 -1
1480439983123 0 1
1480439987862 2 -2
1480439989699 9 -2
1480439999465 2 3
1480440001540 11 1
1480440002635 3 -1
1480440003909 8 1
1480440006988 10 1
1480440008464 7 1
1480440009539 3 -2
1480440012390 5 1
1480440015381 9 1
1480440031229 0 -1
1480440032030 1 2
1480440033261 4 -3
1480440034476 5 -2
1480440045496 8 -2
1480440046160 9 -2
1480440050679 9 2
1480440054796 1 -1
1480440058192 3 3
1480440061021 11 -1
1480440061839 10 -1
1480440063011 2 -2
1480440064059 9 1
1480440065696 9 -3
1480440068353 3 1
1480440070783 5 2
1480440071669 4 1
1480440073299 5 -1
1480440074090 6 1
1480440075747 5 2
1480440078503 8 1
1480440079044 4 1
1480440083588 5 -2
1480440084361 3 -1
1480440085161 6 -1
1480440085790 9 3
1480440088277 4 1
1480440091080 1 -1
1480440093578 0 1
1480440095761 9 -2
1480440096727 6 1
1480440100135 7 -3
1480440101851 2 -1
1480440104113 2 3
1480440105348 11 1
1480440106195 10 1
1480440108595 3 -3
1480440109898 5 2
1480440112721 0 1
1480440118323 7 -1
1480440122812 3 1
1480440123759 8 1
1480440127787 3 -1
1480440131342 8 -1
1480440133199 11 -1
1480440134155 2 -1
1480440137414 8 1
1480440139635 0 -2
1480440140594 0 1
1480440141855 5 -2
1480440154554 U
1480440155225 U
1480440159677 1 1
1480440160656 4 -2
1480440162243 2 1
1480440163961 11 1
1480440168700 8 -2
1480440173974 9 -1
1480440190520 5 -2
1480440191654 6 -1
1480440193005 9 2
1480440196145 11 -1
1480440197019 2 -1
1480440198100 9 1
1480440202544 5 1
1480440203452 8 2
1480440204121 4 2
1480440205702 1 -1
1480440207450 0 1
1480440209592 5 -1
1480440210905 8 -1
1480440221015 9 -2
1480440226180 6 1
1480440237060 0 -1
1480440240070 11 -1
1480440246458 11 1
1480440247712 5 2
1480440249392 0 2
1480440251060 2 1
1480440252660 11 1
1480440254625 0 -2
1480440257439 1 2
1480440258201 1 -2
1480440259135 0 2
1480440259885 7 1
1480440260962 3 1
1480440262663 7 3
1480440264002 0 -2
1480440265051 1 1
1480440267400 4 -3
1480440269551 5 -3
1480440271525 3 2
1480440274615 1 1
1480440276155 5 1
1480440277558 4 3
1480440279237 1 -2
1480440280697 0 1
1480440281486 3 -3
1480440282997 5 2
1480440284310 0 1
1480440286682 0 -2
1480440288241 1 2
1480440292833 1 -2
1480440294688 5 -2
1480440296970 11 -2
1480440298538 2 -1
1480440301373 6 -2
1480440303277 8 2
1480440303959 9 2
1480440310080 8 -2
1480440312392 6 1
1480440313320 11 1
1480440314780 0 1
1480440316952 0 -1
1480440317999 1 1
1480440319184 4 -3
1480440321811 5 1
1480440322809 5 -2
1480440323677 8 -1
1480440325947 9 -3
1480440326826 6 1
1480440327853 5 3
1480440328939 4 1
1480440330440 8 2
1480440331388 4 1
1480440332552 9 1
1480440333450 4 1
1480440334599 1 -1
1480440341281 1 1
1480440344351 1 -1
1480440347818 2 1
1480440351776 11 1
1480440353750 0 2
1480440356691 11 -1
1480440360533 11 1
1480440365420 0 -2
1480440369597 11 -2
1480440371995 2 -1
1480440373002 5 -2
1480440374247 6 -2
1480440375520 9 2
1480440376428 8 1
1480440378966 5 1
1480440380457 5 -1
1480440385491 8 -2
1480440388789 6 1
1480440391188 11 1
1480440392416 0 1
1480440397047 9 -2
1480440397931 6 1
1480440398801 5 2
1480440400606 0 1
1480440405779 8 1
