1480211033965 4 -1
1480211039081 5 -3
1480211040653 8 -2
1480211043985 3 3
1480211048021 1 1
1480211050067 5 3
1480211052058 8 1
1480211054266 4 2
1480211056401 1 -1
1480211058052 10 -1
1480211060281 11 -1
1480211062331 2 -3
1480211064393 5 1
1480211066123 3 -1
1480211067893 9 1
1480211070064 4 -2
1480211073300 8 -1
1480211079773 R
1480211090825 5 -2
1480211093362 8 -1
1480211094823 6 -1
1480211096336 9 2
1480211100265 3 2
1480211125281 7 1
1480211128148 3 -3
1480211131035 1 1
1480211132759 5 1
1480211133920 8 1
1480211137018 4 2
1480211138843 1 -2
1480211158961 5 -1
1480211164134 11 -2
1480211165985 6 -1
1480211168236 8 1
1480211169802 5 1
1480211175312 8 -1
1480211177476 6 1
1480211178944 2 -1
1480211180487 9 1
1480211183663 R
1480211185716 4 -1
1480211191197 5 -2
1480211192897 8 -2
1480211195295 3 3
1480211196719 3 -1
1480211203290 3 1
1480211206273 1 1
1480211208059 5 2
1480211209895 8 1
1480211211892 4 2
1480211214365 R
1480211230147 7 1
1480211231871 3 -1
1480211238727 9 1
1480211241091 4 2
1480211242889 1 1
1480211264319 4 -3
1480211267986 5 -3
1480211269864 8 -2
1480211271678 9 -1
1480211273999 6 -1
1480211275361 1 -1
1480211277057 11 -1
1480211281056 11 1
1480211282731 9 2
1480211284424 8 2
1480211286018 5 2
1480211288222 4 3
1480211290039 1 -1
1480211291858 0 1
1480211294600 5 -1
1480211296060 8 -1
1480211297876 9 -1
1480211302915 6 1
1480211304910 3 3
1480211311356 7 -4
1480211313489 10 -1
1480211315399 11 -1
1480211317300 2 -3
1480211319547 6 -1
1480211321543 9 2
1480211332516 0 -1
1480211334094 1 1
1480211336343 4 -2
1480211337985 8 -1
1480211347628 9 -3
1480211350087 3 1
1480211351439 6 1
1480211354393 5 3
1480211356175 3 -1
1480211359898 8 1
1480211361353 9 1
1480211363182 4 2
1480211365176 1 -1
1480211369636 0 2
