1480425075917 8 -1
1480425079108 5 -2
1480425081196 4 1
1480425089228 4 -2
1480425090292 5 -1
1480425091484 8 -1
1480425093548 3 2
1480425096316 3 1
1480425098909 7 1
1480425101100 1 1
1480425104572 1 -1
1480425109156 3 -1
1480425110500 3 -3
1480425112420 6 -1
1480425118532 6 1
1480425121772 1 1
1480425123260 9 1
1480425124892 5 3
1480425126820 8 2
1480425128532 9 -1
1480425131348 8 -1
1480425132732 8 -1
1480425136460 8 2
1480425137309 R
1480425139308 4 1
1480425141340 7 1
1480425142628 3 -1
1480425144076 1 1
1480425145766 5 -2
1480425147636 6 -1
1480425148772 9 2
1480425150364 4 -2
1480425151437 5 -1
1480425153587 8 -2
1480425158852 9 -2
1480425160148 6 1
1480425161143 6 -1
1480425162004 6 1
1480425164468 1 -1
1480425165900 11 -1
1480425167028 2 -1
1480425168221 6 -1
1480425169781 9 3
1480425172836 8 2
1480425174316 5 2
1480425176596 4 3
1480425177868 1 -1
1480425181540 11 -1
1480425182716 6 -1
1480425183988 8 1
1480425196972 5 -1
1480425197980 8 -2
1480425199195 9 -2
1480425200268 6 2
1480425201252 11 1
1480425203220 1 1
1480425205380 2 1
1480425206495 11 1
1480425207563 1 1
1480425208852 4 -3
1480425210036 5 -1
1480425211084 8 -1
1480425211897 9 -1
1480425213500 6 -1
1480425214748 9 2
1480425217676 1 -1
1480425219684 3 3
1480425224918 1 1
1480425228979 8 1
1480425229911 5 1
1480425231132 4 3
1480425233678 1 -2
1480425236732 0 1
1480425239732 7 -4
1480425241595 10 -1
1480425242436 11 -1
1480425243716 2 -3
1480425246236 9 1
1480425260364 0 -1
1480425261501 11 -1
1480425262868 2 2
1480425263996 10 1
1480425267061 10 -1
1480425267828 2 -2
1480425269252 11 1
1480425271685 9 -2
1480425272412 6 1
1480425274740 2 3
1480425275876 11 1
1480425276853 3 -1
1480425278076 1 1
1480425279244 4 -2
1480425280261 8 -1
1480425281379 9 -1
1480425282643 3 2
1480425284116 11 -1
1480425285164 10 1
1480425288301 10 -1
1480425289936 2 -3
1480425292194 6 -1
1480425293180 3 -1
1480425294420 9 3
1480425301651 9 -3
1480425302484 3 1
1480425303009 6 1
1480425304944 2 3
1480425306444 11 1
1480425307524 10 1
1480425310019 1 1
1480425311876 5 2
1480425313028 1 -1
1480425316191 10 -1
1480425316997 11 -1
1480425317992 2 -3
1480425319300 5 1
1480425321565 3 -1
1480425323005 8 1
1480425324117 9 1
1480425325383 4 2
1480425326821 1 -1
1480425328891 11 -1
1480425341245 11 1
1480425345477 1 1
1480425346694 4 -2
1480425348461 8 -1
1480425350725 9 -1
1480425354349 3 1
1480425355709 5 -3
1480425356559 3 -1
1480425357398 6 -1
1480425358637 9 3
1480425360551 8 1
1480425361358 4 2
1480425362725 1 -1
1480425365446 2 2
1480425366716 10 1
1480425367709 11 -1
1480425371061 6 -1
1480425376597 R
1480425378437 8 -2
1480425379749 5 -2
1480425381093 3 3
1480425383196 7 1
1480425386852 1 1
1480425388436 5 2
1480425390780 5 -2
1480425391724 1 -1
1480425393052 3 -4
1480425394476 6 -1
1480425395444 6 1
1480425396460 3 4
1480425398056 11 -1
1480425399172 10 -1
1480425400154 2 -2
1480425401572 6 -1
1480425403116 3 -1
1480425404276 9 3
1480425405587 8 1
1480425406521 4 2
1480425407806 1 -1
1480425410251 9 -2
1480425411087 2 2
1480425412372 10 1
1480425413491 11 1
1480425415092 0 1
1480425416341 7 -4
1480425418852 10 -1
1480425420405 10 1
1480425421443 3 -3
1480425423644 11 -1
1480425425680 6 1
1480425427203 5 2
1480425428972 8 1
1480425431524 11 1
1480425434996 8 -1
1480425437668 5 -2
1480425438604 6 -1
1480425439660 9 1
1480425441852 5 1
1480425443292 8 1
1480425447131 11 -1
1480425448205 2 -1
1480425449348 9 1
1480425450596 8 -1
1480425451540 5 -1
1480425456692 9 -2
1480425457703 6 1
1480425459204 5 2
1480425460276 0 1
1480425462387 7 1
1480425466477 7 -1
1480425468753 2 1
1480425469924 11 1
1480425470940 3 1
1480425472836 7 4
1480425474036 3 -1
1480425476083 11 -1
1480425477099 2 -1
1480425479180 8 1
1480425482883 8 -1
1480425485029 2 1
1480425486173 11 1
1480425488661 3 1
1480425489573 7 -4
1480425490337 3 -1
1480425492317 11 -1
1480425493188 2 -1
1480425495013 8 1
1480425498204 2 1
1480425499292 11 1
1480425499988 3 1
1480425501339 7 4
1480425504380 3 -1
1480425505388 11 -1
1480425507852 8 -1
1480425509076 11 1
1480425511812 R
1480425516476 4 1
1480425517459 4 -2
1480425522000 8 -2
1480425524316 8 2
1480425525693 5 -3
1480425526364 8 -2
1480425528090 3 3
1480425530180 7 1
1480425531684 3 -4
1480425533050 1 1
1480425535182 5 3
1480425536548 4 1
1480425537588 1 -1
1480425538484 5 -2
1480425540052 3 4
1480425541389 11 -1
1480425542260 10 -1
1480425543159 7 -1
1480425544341 2 -3
1480425545996 5 3
1480425547212 3 -1
1480425548340 9 1
1480425549404 8 1
1480425550428 4 2
1480425551388 1 -1
1480425552307 0 2
1480425554588 10 -3
1480425555628 7 -3
1480425559787 7 3
1480425562188 10 3
1480425563804 0 -2
1480425564972 11 -1
1480425566772 11 1
1480425568468 1 1
1480425570340 4 -3
1480425572648 8 -1
1480425578044 8 1
1480425581268 8 -1
1480425584180 4 1
1480425584948 4 -1
1480425586865 8 1
1480425587580 9 -1
1480425588463 3 1
1480425590116 5 -4
1480425591428 6 -1
1480425592284 3 -1
1480425593724 9 3
1480425594684 8 -1
1480425597051 9 -3
1480425597724 3 1
1480425598531 6 1
1480425599547 2 3
1480425600684 11 1
1480425601892 10 1
1480425603220 7 1
1480425604636 1 1
1480425606515 3 -1
1480425608075 9 1
1480425609034 8 1
1480425610069 5 1
1480425611348 4 3
1480425612403 1 -2
1480425617067 3 -3
1480425618844 11 -2
1480425619880 2 -1
1480425621532 5 2
1480425622844 8 1
1480425625372 5 -2
1480425626853 11 1
1480425628164 6 -1
1480425629316 9 2
1480425630268 8 -1
1480425632620 1 1
1480425633563 4 -3
1480425634755 5 -1
1480425635796 8 -1
1480425638966 9 -3
1480425639780 6 1
1480425641188 2 1
1480425642236 11 1
1480425644748 5 3
1480425646977 8 2
1480425648964 4 2
1480425650172 3 1
1480425651300 7 -1
1480425653732 5 -2
1480425654628 3 1
1480425655660 10 -1
1480425658652 8 -1
1480425659435 3 2
1480425660860 11 -1
1480425661595 2 -3
1480425664012 5 3
1480425665717 3 -1
1480425667595 9 1
1480425668500 4 1
1480425669507 1 -1
1480425671108 11 -1
1480425673788 11 1
1480425675540 0 2
1480425676962 7 -3
1480425677980 10 -2
1480425678981 10 -1
1480425680869 0 -2
1480425681875 11 -1
1480425683996 11 1
1480425687164 11 -1
1480425690945 11 1
1480425692428 1 1
1480425693428 4 -1
1480425694580 9 -1
1480425695236 3 1
1480425696659 5 -3
1480425697860 2 3
1480425699196 11 1
1480425700443 3 -4
1480425703220 5 2
1480425707540 5 -2
1480425708828 3 4
1480425709980 11 -1
1480425710760 2 -3
1480425712204 6 -1
1480425712836 3 -1
1480425714092 9 3
1480425717004 2 2
1480425720028 9 -3
1480425720843 6 1
1480425721619 3 1
1480425723643 2 -2
1480425725068 5 3
1480425727404 3 -1
1480425729843 9 1
1480425730764 4 1
1480425731724 1 -1
1480425732668 11 -1
1480425735507 11 1
1480425736428 0 2
1480425737588 7 3
1480425738539 10 3
1480425741628 0 -2
1480425742772 1 1
1480425743643 4 -3
1480425745348 8 -1
1480425746587 9 -1
1480425747374 3 1
1480425748657 5 -4
1480425750173 2 3
1480425751158 11 1
1480425752613 10 1
1480425753789 3 -3
1480425755436 5 3
1480425756613 9 1
1480425757548 8 2
1480425758526 4 3
1480425759443 1 -1
1480425760749 8 -1
1480425761804 5 -2
1480425762797 6 -1
1480425763877 9 1
1480425765053 1 1
1480425766021 4 -3
1480425767045 5 -1
1480425767757 8 -1
1480425771653 3 2
1480425772813 7 1
1480425774213 3 -3
1480425776581 1 1
1480425779933 9 -2
1480425780820 6 1
1480425782437 1 -1
1480425783517 3 4
1480425784621 11 -1
1480425785781 10 -1
1480425786375 7 -1
1480425787473 2 -3
1480425788565 6 -1
1480425789413 3 -1
1480425790596 9 3
1480425793525 8 1
1480425794318 5 1
1480425795005 4 3
1480425795924 1 -1
1480425798868 9 -2
1480425799557 6 1
1480425800807 2 3
1480425802021 11 1
1480425803445 1 2
1480425804564 4 -3
1480425805440 5 -1
1480425806068 8 -1
1480425807072 9 -1
1480425808299 1 -1
1480425809380 3 -1
1480425810924 10 1
1480425811619 7 1
1480425812396 3 -2
1480425813820 6 -1
1480425815028 9 2
1480425816268 1 1
1480425818043 8 2
1480425818772 5 2
1480425819548 4 3
1480425820373 1 -2
1480425822836 0 1
1480425824319 3 1
1480425825044 7 -4
1480425826075 3 -1
1480425827139 11 -1
1480425827939 2 -1
1480425829133 9 1
1480425829924 8 -1
1480425830862 5 -1
