1480217500245 4 -1
1480217502588 7 1
1480217503335 3 -1
1480217504116 1 1
1480217504901 5 -3
1480217508261 8 -2
1480217509509 6 -1
1480217512709 9 2
1480217514830 1 -1
1480217515421 11 -1
1480217516671 2 -1
1480217519287 5 2
1480217519960 8 2
1480217520856 4 3
1480217521660 1 -1
1480217522391 11 -1
1480217523111 2 1
1480217526752 11 2
1480217527768 3 1
1480217528823 7 -1
1480217531992 1 1
1480217532664 4 -3
1480217533289 5 -2
1480217534049 8 -2
1480217534813 3 2
1480217535856 10 -1
1480217536908 11 -1
1480217538129 2 -3
1480217540065 9 1
1480217543346 5 1
1480217543867 8 1
1480217544546 4 3
1480217545546 1 -1
1480217546564 0 1
1480217547634 7 -3
1480217549879 2 2
1480217550611 10 1
1480217552434 0 -1
1480217553067 11 -1
1480217553851 10 -1
1480217554900 2 -2
1480217557470 6 -1
1480217558604 9 -2
1480217559708 9 2
1480217563109 2 2
1480217564126 10 1
1480217567198 9 -2
1480217568570 2 1
1480217569093 6 2
1480217570154 11 2
1480217570747 0 1
1480217571907 7 4
1480217573971 10 -1
1480217574498 11 -1
1480217575291 2 -2
1480217576091 6 -1
1480217577028 9 2
1480217578795 0 -1
1480217579347 1 1
1480217580132 4 -3
1480217581031 5 -1
1480217581635 8 -1
1480217582644 9 -3
1480217583470 6 1
1480217583911 3 1
1480217584773 2 2
1480217586892 7 -1
1480217587599 2 -3
1480217588680 5 4
1480217592173 4 1
1480217593086 4 -1
1480217594993 3 -1
1480217595736 8 1
1480217596560 9 1
1480217597479 4 3
1480217598481 1 -1
1480217599681 0 2
1480217602289 7 -3
1480217603184 10 -3
1480217622998 R
1480217627689 8 -2
1480217629346 5 -2
1480217630482 6 -1
1480217632959 3 3
1480217635347 7 1
1480217638711 4 -1
1480217639946 5 -1
1480217641330 3 -4
1480217642785 9 2
1480217646771 1 1
1480217647900 5 2
1480217648709 8 2
1480217653215 4 3
1480217659592 1 -2
1480217664491 0 1
1480217665179 5 -1
1480217665939 8 -1
1480217666978 9 -1
1480217668139 3 3
1480217669836 7 -4
1480217673028 3 -3
1480217676956 11 -1
1480217677923 11 1
1480217679252 0 -1
1480217683392 R
1480217686054 4 -1
1480217687366 8 -2
1480217689486 5 -3
1480217691022 3 3
1480217694975 5 3
1480217695678 8 1
1480217696391 4 2
1480217697800 4 -2
1480217698599 8 -1
1480217699695 5 -3
1480217700448 3 -3
1480217702296 6 -1
1480217703223 9 2
1480217704857 3 2
1480217707367 1 1
1480217707994 7 1
1480217708904 1 -1
1480217709490 3 -3
1480217711658 11 -1
1480217713978 2 -1
1480217714756 9 1
1480217720540 8 2
1480217721092 5 2
1480217721721 4 3
1480217722641 1 -1
1480217726553 11 -1
1480217727241 6 -1
1480217727874 8 1
1480217728394 5 -1
1480217731980 8 -2
1480217732898 6 1
1480217733642 11 1
1480217769786 0 1
1480217771619 5 1
1480217772074 8 1
1480217773209 9 -2
1480217773880 6 1
1480217774535 2 1
1480217775274 11 1
1480217775922 5 1
1480217778155 8 -1
1480217779475 0 1
1480217782643 8 1
1480217786539 R
1480217788724 7 1
1480217794113 9 1
1480217794701 4 2
1480217796513 1 -1
1480217799953 5 -2
1480217802157 3 1
1480217803406 0 1
1480217808078 7 -4
1480217811119 3 -2
1480217813119 5 2
1480217815336 8 -1
1480217817120 0 1
1480217818604 3 1
1480217820472 7 4
1480217821528 3 -1
1480217823501 11 -1
1480217825417 11 1
1480217828477 0 -1
1480217830577 3 1
1480217833315 5 -2
1480217835130 6 -1
1480217835881 9 1
1480217836605 8 1
1480217837298 5 1
1480217840354 7 -4
1480217840939 3 -1
1480217844196 11 -1
1480217845652 11 1
1480217848258 R
1480217871101 4 -1
1480217872887 4 2
1480217873848 7 1
1480217880280 3 -1
1480217881721 1 1
1480217883018 4 -2
1480217884561 8 -2
1480217886560 5 -3
1480217889001 6 -1
1480217890762 6 1
1480217892058 1 -1
1480217894935 3 4
1480217902552 1 1
1480217903393 1 -1
1480217909284 1 1
1480217910053 8 1
1480217910598 5 3
1480217913116 8 -1
1480217913735 5 -3
1480217914436 3 -1
1480217914885 6 -1
1480217915335 9 2
1480217919469 5 1
1480217919928 8 1
1480217923836 R
1480217930630 4 1
1480217931616 4 -2
1480217932295 9 1
1480217933083 4 3
1480217934108 1 -1
1480217936948 0 2
1480217940671 7 -3
1480217943648 3 -1
1480217945119 11 -1
1480217945873 2 -1
1480217947104 8 -1
1480217958659 8 1
1480217967938 8 -1
1480217969548 0 -1
1480217970389 5 -2
1480217970989 6 -1
1480217972021 9 2
1480217973790 5 1
1480217974237 8 1
1480217976564 7 1
1480217978074 5 -1
1480217978681 8 -1
1480217995092 9 -2
1480217995764 6 1
1480217998030 2 1
1480217999581 11 1
1480218000613 5 2
1480218001541 8 1
1480218004712 0 1
1480218006273 7 -1
1480218007061 3 1
1480218007857 3 -1
1480218009432 11 -1
1480218010226 2 -1
1480218013891 2 1
1480218014891 11 1
1480218017555 0 -1
1480218018780 0 -1
1480218019645 1 2
1480218020316 4 -2
1480218021373 8 -2
1480218022233 9 -1
1480218023899 1 -1
1480218027939 1 1
1480218031188 5 -2
1480218031746 6 -1
1480218034544 9 2
1480218035583 8 2
1480218036262 4 2
1480218040081 1 -2
1480218041047 0 1
1480218042510 3 2
1480218043579 10 -1
1480218044945 10 1
1480218045776 3 -2
1480218047290 5 1
1480218048180 5 -1
1480218049198 5 1
1480218049696 8 -1
1480218050196 9 -1
1480218050759 6 1
1480218051311 5 1
1480218051879 0 1
1480218056263 3 1
1480218056792 7 4
1480218058344 3 -1
1480218059543 0 -2
1480218060338 1 2
1480218060794 4 -3
1480218065012 8 -1
1480218065640 9 -1
1480218066689 5 -3
1480218068018 1 -1
1480218069201 11 -1
1480218070187 2 -1
1480218070652 6 -1
1480218071451 9 3
1480218072947 8 2
1480218073428 5 2
1480218074133 4 3
1480218074944 1 -1
1480218075524 0 1
1480218077742 9 -2
1480218078402 2 1
1480218079137 11 1
1480218079624 5 -1
1480218080024 8 -1
1480218080491 6 1
1480218082569 5 2
1480218083147 0 1
1480218084201 8 1
1480218085862 3 1
1480218086622 7 -3
1480218087799 3 -1
1480218090795 8 -1
1480218092024 11 -1
1480218092829 2 -1
1480218094261 2 1
1480218094885 11 1
1480218096289 11 -1
1480218097404 11 1
1480218097889 3 1
1480218098460 7 3
1480218099181 3 -1
1480218102774 0 -2
1480218103318 1 2
1480218103771 4 -3
1480218104647 8 -1
1480218105401 5 -3
1480218106639 1 -1
1480218108213 9 -1
1480218114178 3 4
1480218116545 1 1
1480218117533 1 -1
1480218124849 11 -1
1480218125346 2 -1
1480218125978 6 -1
1480218126357 3 -1
1480218127124 9 3
1480218130762 8 1
1480218131123 5 1
1480218131493 4 3
1480218132322 1 -1
1480218134131 0 1
1480218135213 7 -3
1480218136443 7 -1
1480218140336 0 -1
1480218140804 1 1
1480218141245 4 -2
1480218141973 8 -1
1480218143981 10 -1
1480218144597 2 -2
1480218145960 8 1
1480218146559 4 2
1480218147520 1 -1
1480218148059 0 1
1480218212018 9 -2
1480218212610 6 1
1480218214186 6 -1
1480218215206 6 1
1480218215720 6 -1
1480218216343 9 2
1480218218014 7 3
1480218245105 9 -2
1480218245719 6 1
1480218246670 2 3
1480218247237 11 1
1480218247891 3 -1
1480218248603 8 1
1480218251423 0 -1
1480218251837 1 1
1480218252414 4 -3
1480218252869 5 -1
1480218253590 8 -2
1480218254234 3 1
1480218254749 1 1
1480218256141 1 -1
1480218257265 5 1
1480218258422 4 1
1480218258886 8 1
1480218259356 4 2
1480218259901 1 -1
1480218260567 0 1
1480218262013 3 -1
1480218262525 8 1
1480218263169 6 -1
1480218263917 9 1
1480218264535 8 -1
1480218265254 3 1
1480218266055 11 -1
1480218266607 2 -3
1480218267526 9 1
1480218270554 0 -1
1480218270982 1 1
1480218271384 4 -3
1480218272083 8 -1
1480218272454 5 -1
1480218276787 2 2
1480218278570 9 -2
1480218279036 2 1
1480218279553 11 1
1480218280016 10 1
1480218280498 7 1
1480218281598 3 -3
1480218283353 9 -1
1480218284038 6 1
1480218285403 1 1
1480218289145 5 3
1480218289985 1 -1
1480218294104 5 -2
1480218294554 11 -1
1480218295016 2 -1
1480218295760 6 -1
1480218296433 9 3
1480218298155 5 -1
1480218304913 5 2
1480218305482 8 2
1480218306001 4 1
1480218306299 4 2
1480218307304 1 -1
1480218307931 0 1
1480218310398 5 -1
1480218310818 8 -1
1480218311552 9 -2
1480218312078 6 1
1480218312621 2 1
1480218313525 11 1
1480218314317 3 3
1480218318354 0 -1
1480218318845 1 2
1480218319884 4 -3
1480218320819 5 -1
1480218321398 8 -1
1480218322021 9 -1
1480218323165 6 -1
1480218324989 1 -1
1480218326637 3 1
1480218327253 11 -1
1480218328061 11 1
1480218328532 11 -1
1480218328985 2 -1
1480218329583 3 -1
1480218330265 9 3
1480218332334 8 1
1480218332704 5 1
1480218333181 4 3
1480218333836 1 -1
1480218334431 0 1
1480218335293 7 -3
1480218335735 10 -1
1480218336400 2 -2
1480218337902 7 -1
1480218341769 R
1480218347926 7 1
1480218351603 3 -1
1480218352888 5 -2
1480218355113 8 -2
1480218356765 6 -1
1480218358362 9 2
1480218359217 8 2
1480218360370 4 2
1480218361684 1 -1
1480218363666 0 1
1480218366962 8 -1
1480218367507 9 -1
1480218368323 6 1
1480218369931 5 2
1480218370866 0 1
1480218375721 8 1
1480218376818 3 1
1480218377814 7 -4
1480218378598 3 -1
1480218379495 11 -1
1480218380258 2 -1
1480218380915 2 1
1480218383305 8 -1
1480218384859 11 1
1480218385767 3 1
1480218387843 7 4
1480218388564 3 -1
1480218390084 0 -2
1480218390852 1 2
1480218391342 4 -3
1480218392148 8 -1
1480218392733 5 -3
1480218393541 6 -1
1480218394114 9 -1
1480218395196 6 1
1480218396432 1 -1
1480218397216 11 -1
1480218397785 2 -1
1480218398311 6 -1
1480218398865 9 3
1480218401164 8 2
1480218401567 5 2
1480218401999 4 3
1480218403030 1 -1
1480218403518 0 1
1480218413850 U
1480218414631 U
1480218415498 R
1480218419584 7 1
1480218420936 3 -1
1480218422088 1 1
1480218423624 4 -1
1480218426642 8 -2
1480218427705 5 -3
1480218428730 1 -1
1480218429669 6 -1
1480218438253 6 1
1480218442124 3 4
1480218443157 1 1
1480218444294 5 3
1480218444910 8 1
1480218446221 4 2
1480218447447 1 -1
1480218449546 5 -2
1480218450270 11 -1
1480218450782 2 -1
1480218451218 6 -1
1480218451769 3 -1
1480218452389 9 3
1480218453150 4 1
1480218453714 1 -1
1480218454361 0 1
1480218455160 7 -3
1480218456351 7 -1
1480218457680 10 -1
1480218458224 2 -2
1480218460108 9 -2
1480218460578 6 1
1480218463271 7 3
1480218465217 6 -1
1480218465887 9 2
1480218467347 0 -1
1480218467828 1 1
1480218468329 4 -3
1480218469234 5 -1
1480218469665 8 -1
1480218470263 9 -3
1480218471151 3 1
1480218471656 6 1
1480218473256 2 3
1480218475908 11 1
1480218476309 10 1
1480218476773 7 1
1480218478945 5 3
1480218479546 4 1
1480218480561 8 1
1480218480990 4 1
1480218484058 1 1
1480218485082 4 -2
1480218486082 8 -1
1480218486606 5 -3
1480218487177 3 -1
1480218487673 6 -1
1480218488540 1 -1
1480218489634 3 -3
1480218491746 6 1
1480218492558 5 3
1480218495983 9 1
1480218496463 8 2
1480218497111 1 1
1480218497895 4 3
1480218499474 1 -2
1480218499997 0 2
1480218501872 8 -1
1480218503181 3 1
1480218505527 8 1
1480218506939 0 -2
1480218507322 1 1
1480218507827 4 -3
1480218509404 5 -3
1480218510797 8 -2
1480218511571 9 -1
1480218512536 6 -1
1480218515046 9 2
1480218515975 3 2
1480218518117 3 -3
1480218519110 11 -1
1480218519599 2 -1
1480218520592 9 1
1480218522054 5 2
1480218522454 8 2
1480218523008 4 3
1480218523960 1 -1
1480218524444 0 1
1480218525426 5 -1
1480218525856 8 -1
1480218526572 9 -2
1480218527419 6 1
1480218528192 2 1
1480218529081 5 2
1480218530097 0 1
1480218532343 11 1
1480218533594 3 1
1480218534225 7 -2
1480218535627 7 -2
1480218536115 3 -1
1480218536758 11 -1
1480218537355 2 -1
1480218538937 8 1
1480218540075 8 -1
1480218546489 8 1
1480218547625 2 1
1480218548839 11 1
1480218549568 3 1
1480218551334 7 4
1480218551809 3 -1
1480218553411 11 -1
1480218554153 2 -1
1480218555028 8 -1
1480218556433 2 1
1480218557241 11 1
1480218559433 0 -2
1480218560170 11 -2
1480218560899 5 -2
1480218561770 6 -2
1480218562736 8 2
1480218563579 9 1
1480218565430 9 -1
1480218566651 8 -2
1480218567423 6 2
1480218568620 11 2
1480218569164 0 1
1480218571392 0 -1
1480218571991 1 2
1480218572839 4 -3
1480218573440 5 -1
1480218573921 8 -1
1480218574464 9 -1
1480218575328 6 -1
1480218576408 9 2
1480218577347 1 -1
1480218578106 3 3
1480218578906 1 1
1480218579769 1 -1
1480218580626 3 -3
1480218581107 8 1
1480218581521 5 2
1480218582074 8 1
1480218582546 4 3
1480218583403 1 -1
1480218583852 0 1
1480218584873 5 -1
1480218585230 8 -1
1480218585590 9 -1
1480218586298 6 1
1480218587073 11 -1
1480218587981 2 -1
1480218588525 6 -1
1480218588998 9 2
1480218589755 8 1
1480218590141 5 1
1480218591792 0 -1
1480218592159 1 1
1480218592631 4 -3
1480218593745 8 -1
1480218594186 5 -2
1480218594616 8 -1
1480218596080 9 -3
1480218596698 6 1
1480218597240 2 1
1480218597840 11 1
1480218598489 1 1
1480218599416 5 3
1480218600903 9 1
1480218601889 5 -3
1480218602736 9 -1
1480218603322 6 -1
1480218605208 1 -1
1480218606522 3 4
1480218607376 1 1
1480218608538 1 -1
1480218610035 3 -4
1480218614042 6 1
1480218615738 11 -1
1480218616202 2 -1
1480218616668 6 -1
1480218617197 9 3
1480218619362 8 2
1480218619739 5 2
1480218620149 4 3
1480218620861 5 -1
1480218621464 5 1
1480218621867 1 -1
1480218622291 0 1
1480218624324 8 -1
1480218624774 5 -1
1480218626688 9 -2
1480218627272 6 1
1480218627624 2 1
1480218628534 11 1
1480218629127 5 1
1480218629686 5 1
1480218630284 8 1
1480218630935 0 1
1480218633936 0 -1
1480218634638 0 -1
1480218635038 1 2
1480218635625 4 -3
1480218636921 8 -2
1480218637514 9 -1
1480218638425 5 -3
1480218639187 1 -1
1480218639942 11 -1
1480218640479 11 1
1480218642315 3 4
1480218642706 1 1
1480218644346 5 3
1480218645930 8 1
1480218648474 8 -1
1480218649671 5 -2
1480218650226 6 -1
1480218650710 3 -1
1480218651347 9 2
1480218652950 8 1
1480218654283 4 3
1480218655601 1 -2
1480218656142 0 1
1480218658669 3 -3
1480218659372 5 1
1480218660660 5 -1
1480218661372 11 -1
1480218662165 11 1
1480218662719 11 -1
1480218663487 0 -1
1480218663892 11 -1
1480218664340 2 -1
1480218664859 6 -1
1480218665780 9 1
1480218666499 8 2
1480218668743 5 1
1480218669703 5 -1
1480218670570 5 1
1480218675135 5 -1
1480218676024 8 -2
1480218676759 6 1
1480218677558 11 1
1480218679079 1 1
1480218680135 4 -3
1480218681434 5 -1
1480218681810 8 -1
1480218683267 9 -3
1480218683760 6 1
1480218684185 2 1
1480218684792 11 1
1480218687872 3 4
1480218688857 1 1
1480218691656 5 3
1480218692264 8 1
1480218693112 8 -1
1480218693549 5 -3
1480218694137 6 -1
1480218694639 3 -1
1480218695501 1 -1
1480218696148 3 -3
1480218697050 11 -1
1480218697797 2 -1
1480218698536 9 3
1480218707250 5 2
1480218709075 8 2
1480218710090 4 2
1480218710843 4 1
1480218711598 1 -1
1480218712403 0 1
1480218713619 5 -1
1480218714116 8 -1
1480218715032 9 -2
1480218715635 6 1
1480218716211 2 1
1480218716826 11 1
1480218719226 3 3
1480218720733 10 -1
1480218721156 11 -1
1480218721739 2 -2
1480218723026 6 -1
1480218723771 9 2
1480218726005 0 -1
1480218726467 1 1
1480218726987 4 -2
1480218727987 4 -1
1480218728500 5 -1
1480218730013 5 1
1480218733562 4 1
1480218735096 4 2
1480218735850 1 -1
1480218737036 0 1
1480218738647 7 -3
1480218739501 2 -1
1480218740166 7 -1
1480218741347 0 -1
1480218742134 11 -1
1480218743051 6 -1
1480218743916 9 -2
1480218748264 9 2
1480218748957 9 -2
1480218750633 9 2
1480218751574 6 1
1480218752116 11 1
1480218753349 1 1
1480218753821 4 -2
1480218754750 8 -1
1480218755690 9 -3
1480218756261 3 1
1480218756674 6 1
1480218757480 5 3
1480218760833 5 -2
1480218761400 2 3
1480218762200 10 1
1480218762576 11 1
1480218764281 5 -1
1480218766184 3 -4
1480218767519 5 2
1480218770279 8 2
1480218770752 9 1
1480218771440 4 2
1480218772066 1 -1
1480218772669 0 2
1480218775528 3 1
1480218776401 7 4
1480218780156 0 -1
1480218781813 0 -1
1480218782237 1 1
1480218782804 4 -3
1480218783901 8 -2
1480218785128 9 -1
1480218789226 5 -3
1480218790475 6 -1
1480218791964 3 3
1480218793898 6 1
1480218794997 11 -1
1480218795948 2 -1
1480218797199 6 -1
1480218797642 3 -1
1480218798655 9 3
1480218800005 8 1
1480218800330 5 1
1480218800749 4 3
1480218801380 1 -1
1480218803095 11 -1
1480218803948 11 1
1480218806428 0 1
1480218818383 R
1480218825708 4 1
1480218826931 9 1
1480218827499 8 -1
1480218829431 5 -2
1480218831732 4 1
1480218832540 1 -1
1480218834316 3 2
1480218835940 7 1
1480218837373 0 1
1480218840006 11 -1
1480218840806 10 -1
1480218841814 7 -4
1480218843717 2 -2
1480218844774 2 -1
1480218847063 6 -1
1480218850374 9 2
1480218852174 0 -1
1480218853639 1 1
1480218855495 4 -2
1480218856978 8 -1
1480218858000 9 -3
1480218858735 3 1
1480218859391 6 1
1480218861656 5 3
1480218867008 3 -1
1480218867781 3 1
1480218868874 5 -3
1480218869368 3 -1
1480218869874 6 -1
1480218872233 9 3
1480218873021 2 2
1480218875289 2 -2
1480218876667 9 -2
1480218877675 2 3
1480218882043 6 1
1480218882845 11 1
1480218883514 10 1
1480218884954 3 -3
1480218886643 5 2
1480218887491 1 1
1480218888347 8 2
1480218889238 4 2
1480218890195 1 -2
1480218891079 0 2
1480218892309 3 1
1480218893276 7 4
1480218894125 3 -1
1480218895040 11 -1
1480218895861 2 -1
1480218896855 8 -1
1480218900382 0 -1
1480218901129 0 -1
1480218901620 1 1
1480218903190 4 -3
1480218905209 5 -2
1480218905961 5 -1
1480218906796 6 -1
1480218907490 2 1
1480218908212 11 1
1480218909654 3 3
1480218910361 11 -1
1480218910816 10 -1
1480218911223 7 -1
1480218912047 2 -3
1480218913511 9 2
1480218914560 8 -1
1480218916248 9 -3
1480218916745 3 1
1480218917248 6 1
1480218919384 5 4
1480218923960 8 1
1480218924461 4 2
1480218926177 5 -2
1480218927408 6 -1
1480218928745 2 3
1480218929426 11 1
1480218929803 10 1
1480218930343 7 1
1480218931239 5 -1
1480218933870 4 -2
1480218934588 5 -1
1480218935045 8 -1
1480218935634 3 -4
1480218937394 6 1
1480218939019 5 3
1480218940995 8 2
1480218941411 9 1
1480218941960 4 3
1480218942543 1 -1
1480218943052 0 2
1480218944927 3 1
1480218948284 8 -1
1480218953349 0 -1
1480218956325 7 -4
1480218957276 3 -1
1480218957861 5 -2
1480218959475 11 -1
1480218960052 2 -1
1480218960608 6 -1
1480218962156 9 2
1480218967790 8 1
1480218968309 5 1
1480218969752 9 -2
1480218970432 6 1
1480218971507 5 1
1480218972321 0 1
1480218973173 8 -1
1480218973891 2 1
1480218974506 11 1
1480218975379 3 1
1480218976380 7 4
1480218977036 3 -1
1480218978077 11 -1
1480218978581 2 -1
1480218980483 8 1
1480218983074 0 -2
1480218986921 8 -1
1480218987474 5 -1
1480218988139 5 -1
1480218988706 11 -1
1480218989771 6 -2
1480218990906 9 2
1480218991833 8 2
1480218992929 5 1
1480218996642 8 -1
1480218997362 8 1
1480219006267 5 -1
1480219008052 8 -2
1480219009412 6 1
1480219010644 11 1
1480219012076 0 1
1480219012959 0 -1
1480219013430 1 1
1480219014701 4 -3
1480219015893 5 -1
1480219016545 8 -1
1480219018637 9 -3
1480219021050 2 1
1480219022517 11 1
1480219024135 5 2
1480219024655 8 2
1480219025327 4 2
1480219027295 9 1
1480219028158 4 1
1480219028865 1 -1
1480219030240 9 1
1480219032423 0 1
1480219034792 0 -1
1480219035936 1 2
1480219041984 4 -1
1480219044212 1 -1
1480219044893 5 -1
1480219045452 8 -1
1480219046893 9 -2
1480219050222 11 -1
1480219050808 2 -1
1480219052806 9 3
1480219054105 5 1
1480219054567 8 1
1480219056104 4 -2
1480219057551 4 3
1480219058040 1 -1
1480219060379 0 1
1480219068385 0 -1
1480219068836 1 1
1480219069860 4 -3
1480219071036 5 -2
1480219071829 8 -2
1480219073804 9 -2
1480219074302 6 1
1480219074814 2 1
1480219075493 11 1
1480219077366 5 1
1480219078171 8 1
1480219078902 4 3
1480219081954 1 -1
1480219082623 0 1
1480219085059 5 2
1480219085786 0 -1
1480219086383 1 2
1480219086999 4 -3
1480219089406 5 -3
1480219089838 8 -1
1480219090347 9 -1
1480219090902 6 -1
1480219091487 9 2
1480219092933 1 -1
1480219094123 3 2
1480219094692 3 1
1480219095173 1 1
1480219096813 1 -1
1480219097253 1 1
1480219097684 5 1
1480219098019 8 1
1480219098629 4 3
1480219099434 1 -2
1480219100230 0 1
1480219103469 3 -3
1480219105999 5 1
1480219106501 8 1
1480219107126 9 -1
1480219107518 6 1
1480219108471 11 -1
1480219108981 2 -1
1480219109581 5 1
1480219110757 8 -1
1480219112048 0 -1
1480219112400 1 1
1480219112871 4 -3
1480219113816 8 -1
1480219114737 5 -3
1480219117217 9 -1
1480219117903 6 -1
1480219118651 9 3
1480219119968 5 2
1480219120449 8 2
1480219121105 4 3
1480219122237 1 -1
1480219122705 0 1
1480219125603 5 -1
1480219126181 8 -1
1480219127853 9 -2
1480219128306 6 1
1480219128701 2 1
1480219129453 11 1
1480219130445 3 3
1480219131693 11 -1
1480219132424 6 -1
1480219132893 2 -1
1480219133485 9 2
1480219135535 0 -1
1480219136806 1 1
1480219137365 4 -3
1480219138352 5 -1
1480219138720 8 -1
1480219141403 7 -1
1480219141752 10 -1
1480219142375 2 -2
1480219144017 9 -2
1480219144835 9 -1
1480219145325 3 1
1480219145785 6 1
1480219147499 5 4
1480219148704 3 -1
1480219150063 8 1
1480219151142 4 2
1480219152300 9 1
1480219152797 4 1
1480219153772 1 -1
1480219154219 0 2
1480219157034 7 -3
1480219157539 10 -3
1480219159801 0 -2
1480219160338 11 -1
1480219168146 11 1
1480219168850 0 2
1480219172590 10 3
1480219173100 7 3
1480219174011 0 -2
1480219175018 1 1
1480219175498 4 -3
1480219177398 8 -1
1480219177831 9 -1
1480219178702 3 1
1480219179380 5 -4
1480219182335 6 -1
1480219182698 3 -1
1480219184350 9 3
1480219185101 2 2
1480219185837 10 1
1480219186252 7 1
1480219188965 5 1
1480219189287 8 1
1480219190352 4 3
1480219191016 1 -1
1480219191465 0 1
1480219196733 7 -2
1480219197583 7 -2
1480219198224 10 -1
1480219199114 2 -2
1480219201768 9 -2
1480219202138 6 1
1480219204258 2 3
1480219204864 11 1
1480219205313 10 1
1480219205951 3 -3
1480219207109 5 2
1480219208298 0 1
1480219209191 0 -2
1480219210093 1 2
1480219210868 4 -2
1480219211950 8 -1
1480219212650 9 -1
1480219213246 5 -2
1480219213950 6 -1
1480219214455 8 2
1480219214926 9 2
1480219216231 1 -1
1480219217748 3 2
1480219220381 R
1480219226361 7 1
1480219226833 3 -1
1480219227777 11 -1
1480219228856 5 -2
1480219231024 11 1
1480219231997 6 -1
1480219232719 8 -1
1480219233313 8 -1
1480219234367 5 1
1480219234843 1 1
1480219235495 4 -1
1480219243064 1 -1
1480219243823 5 -2
1480219245633 3 4
1480219249913 6 1
1480219252639 5 3
1480219254886 11 -1
1480219255336 10 -1
1480219255814 7 -1
1480219257420 2 -3
1480219259004 5 1
1480219260117 3 -1
1480219261030 9 1
1480219261654 8 1
1480219263429 4 3
1480219264216 1 -1
1480219265173 0 2
1480219270838 0 -1
1480219273486 0 1
1480219274361 10 -3
1480219274948 7 -2
1480219275766 7 -1
1480219278418 10 2
1480219279065 10 1
1480219279609 0 -2
1480219280241 11 -1
1480219281755 11 1
