1480220435580 7 1
1480220436516 3 -1
1480220441324 4 -1
1480220456119 5 -3
1480220459720 8 -2
1480220474777 3 4
1480220480534 11 -1
1480220481529 10 -1
1480220483236 7 -1
1480220485193 2 -3
1480220497423 6 -1
1480220498726 3 -1
1480220510272 9 3
1480220517060 9 -3
1480220531318 3 1
1480220533114 6 1
1480220535703 5 4
1480220540140 8 1
1480220542312 4 2
1480220544930 4 -2
1480220547369 3 -1
1480220549481 3 1
1480220554522 5 -4
1480220556063 8 -1
1480220560545 2 3
1480220567597 11 1
1480220569564 5 3
1480220574647 5 -3
1480220578970 3 -2
1480220582874 6 -1
1480220587142 8 2
1480220588709 5 1
1480220590190 4 2
1480220591995 8 -1
1480220594413 3 2
1480220595706 6 1
1480220599730 10 1
1480220600752 7 1
1480220602738 3 -4
1480220605026 5 2
1480220611337 4 -2
1480220613274 9 1
1480220614773 4 3
1480220616751 1 -1
1480220622303 0 2
1480220631607 3 1
1480220633370 7 -4
1480220635683 3 -1
1480220636653 0 -2
1480220639747 1 2
1480220641346 4 -2
1480220643294 8 -1
1480220645219 9 -1
1480220657692 1 -1
1480220659122 5 -2
1480220660379 11 -1
1480220662215 2 -1
1480220666027 5 2
1480220670463 8 2
1480220671407 9 1
1480220673501 4 2
1480220675507 1 -1
1480220678667 0 2
1480220685525 0 -2
1480220691507 11 -1
1480220692591 11 1
