1482783758478 8 -2
1482783760503 5 -2
1482783761663 3 3
1482783763967 4 -1
1482783764926 5 -1
1482783769455 7 1
1482783772951 5 3
1482783773975 8 1
1482783775807 5 -3
1482783777207 8 -1
1482783778647 3 -4
1482783781271 9 1
1482783781839 8 2
1482783782343 5 2
1482783783323 4 3
1482783784343 5 1
1482783785343 1 -1
1482783786815 0 2
1482783787862 3 1
1482783791871 8 -1
1482783794207 8 1
1482783795511 0 -1
1482783799511 7 -4
1482783800597 3 -1
1482783801551 11 -1
1482783802407 2 -1
1482783807368 0 1
1482783808087 0 -2
1482783809247 11 -1
1482783810727 5 -2
1482783811703 11 1
1482783812680 2 1
1482783813375 11 1
1482783813975 3 2
1482783815279 0 1
1482783816599 10 -1
1482783820190 10 1
1482783821721 3 -2
1482783823286 5 2
1482783824350 0 1
1482783826374 3 1
1482783827198 8 -1
1482783828694 3 -1
1482783829726 11 -1
1482783830390 2 -1
1482783832262 8 1
1482783834862 7 1
1482783835518 7 -1
1482783836294 0 -2
1482783837374 11 -1
1482783838086 5 -2
1482783838893 8 -1
1482783840486 6 -2
1482783841598 9 2
1482783843702 6 1
1482783844414 11 1
1482783845350 0 1
1482783848822 5 1
1482783849366 8 1
1482783850662 0 -1
1482783851414 11 -1
1482783851990 6 -1
1482783852750 8 1
1482783854102 5 -1
1482783856702 5 1
1482783858734 5 -1
1482783859252 8 -2
1482783860526 6 1
1482783861095 11 1
1482783862566 1 1
1482783863430 4 -2
1482783864630 8 -1
1482783866222 9 -3
1482783867150 9 3
1482783869590 5 1
1482783871047 8 2
1482783872110 4 2
1482783873075 1 -1
1482783877789 11 -1
1482783880966 9 -2
1482783881526 6 1
1482783882318 2 1
1482783883094 11 2
1482783884198 5 1
1482783886886 0 2
1482783888046 0 -2
1482783889895 1 2
1482783890982 4 -2
1482783892806 8 -2
1482783894422 5 -2
1482783895654 6 -1
1482783896382 9 1
1482783897902 5 1
1482783899438 8 2
1482783900422 4 2
1482783901247 1 -2
1482783907741 11 -2
1482783909151 6 -1
1482783910070 2 -1
1482783912238 8 1
1482783913158 9 1
1482783916582 5 -1
1482783917479 8 -2
1482783918470 6 1
1482783919190 11 1
1482783920294 1 1
1482783921174 4 -2
1482783922006 8 -1
1482783924763 8 2
1482783927982 4 2
1482783929086 1 -1
1482783929854 0 1
1482783930870 7 1
1482783932518 5 1
1482783933222 8 -1
1482783933886 5 -1
1482783934974 9 -2
1482783936270 2 1
1482783936966 11 1
1482783938030 3 3
1482783940398 7 3
1482783942006 0 -1
1482783944710 6 1
1482783946686 1 2
1482783947638 4 -3
1482783948558 5 -1
1482783949270 8 -1
1482783950078 9 -1
1482783951022 3 1
1482783951990 1 -1
1482783954201 5 3
1482783954966 4 1
1482783955974 1 1
1482783956846 5 -2
1482783957846 3 -1
1482783958390 6 -1
1482783959806 8 1
1482783960582 4 1
1482783961174 9 2
1482783961830 4 1
1482783963518 1 -2
1482783970254 3 -3
1482783973447 5 1
1482783974094 8 1
1482783975123 1 2
1482783976294 4 -3
1482783980967 4 3
1482783981606 1 -2
1482783988599 0 1
1482783989479 5 -1
1482783990438 8 -1
1482783993974 0 -1
1482783995142 11 -2
1482783996960 6 -1
1482783997606 2 -1
1482783998606 8 2
1482783999246 5 1
1482784001350 5 -1
1482784002110 8 -2
1482784002902 6 1
1482784003654 11 1
1482784004950 1 1
1482784005910 4 -3
1482784007205 5 -1
1482784008494 2 1
1482784009198 11 1
1482784011222 5 1
1482784015597 4 3
1482784016254 1 -1
1482784020294 0 1
1482784022030 5 1
1482784023518 8 1
1482784025030 11 -1
1482784026166 2 -1
1482784027582 9 1
1482784028998 0 -1
1482784029640 1 1
1482784030478 4 -3
1482784033102 4 3
1482784034518 1 -1
1482784035606 11 -1
1482784036390 6 -1
1482784037175 8 1
1482784039102 8 -2
1482784040662 5 -1
1482784041601 6 1
1482784042749 9 -2
1482784043334 2 1
1482784043878 6 1
1482784045918 11 2
1482784046790 3 3
1482784049270 0 1
1482784050950 10 -1
1482784051606 11 -1
1482784052382 7 -2
1482784054101 2 -3
1482784055118 7 1
1482784055935 6 -1
1482784057462 9 2
1482784061878 0 -1
1482784063006 11 -1
1482784063678 6 -1
1482784065718 9 -2
1482784067782 9 2
1482784069598 6 1
1482784070311 11 1
1482784070982 1 1
1482784072486 4 -3
1482784073654 5 -1
1482784074334 8 -1
1482784076518 9 -3
1482784084118 6 1
1482784084773 3 1
1482784085719 5 4
1482784086782 8 1
1482784087534 4 2
1482784088974 5 -3
1482784089974 3 -1
1482784090503 6 -1
1482784091118 9 3
1482784091743 4 1
1482784092566 1 -1
1482784093574 0 1
1482784094566 7 -3
1482784096894 0 -1
1482784098061 0 1
1482784099086 2 2
1482784100398 10 1
1482784101926 0 -1
1482784102598 11 -1
1482784103934 6 -1
1482784104806 10 -1
1482784105590 2 -2
1482784106590 9 -2
1482784107662 6 2
1482784108958 11 1
1482784110095 1 1
1482784110790 4 -2
1482784113702 8 -1
1482784116014 9 -1
1482784116654 3 1
1482784118126 5 2
1482784120014 2 3
1482784121102 11 1
1482784121638 10 1
1482784122710 5 -2
1482784123798 3 -4
1482784125126 11 -1
1482784127030 11 1
1482784131406 6 -1
1482784132374 5 1
1482784132958 1 1
1482784133710 8 2
1482784134406 9 2
1482784135054 4 2
1482784136070 1 -2
1482784137350 11 -2
1482784139325 6 -1
1482784140302 8 1
1482784141054 5 -1
1482784142678 2 -1
1482784143758 9 1
1482784144494 5 1
1482784146174 5 -1
1482784146846 8 -2
1482784147733 6 1
1482784148495 11 1
1482784149286 0 1
1482784150366 7 1
1482784152574 9 -2
1482784153158 2 1
1482784153671 11 1
1482784156150 3 2
1482784158238 10 -1
1482784159886 3 1
1482784161079 11 -1
1482784166150 7 -1
1482784167782 11 1
1482784168270 10 1
1482784173270 0 -1
1482784174334 3 -3
1482784175326 5 1
1482784176630 6 1
1482784177342 5 1
1482784178358 0 2
1482784180518 3 1
1482784181198 3 -1
1482784183951 8 1
1482784186735 0 -2
1482784187954 5 -2
1482784188559 6 -1
1482784189256 8 -1
1482784190446 3 3
1482784192408 1 2
1482784195350 10 -1
1482784196038 1 -2
1482784196670 0 1
1482784197662 11 -1
1482784198238 2 -3
1482784199192 6 1
1482784201785 0 -1
1482784202443 1 1
1482784203031 4 -2
1482784204386 6 -1
1482784205023 9 2
1482784205646 8 -1
1482784209502 9 -3
1482784210511 2 2
1482784211767 2 1
1482784212727 11 1
1482784214766 3 1
1482784215406 6 1
1482784216918 8 1
1482784217894 4 1
1482784219134 5 2
1482784219950 1 1
1482784220678 1 -1
1482784221886 11 -1
1482784222830 2 -3
1482784224718 5 1
1482784225997 3 -1
1482784228568 9 1
1482784229198 4 1
1482784229942 1 -1
1482784230854 0 2
1482784232174 10 -3
1482784236886 0 -2
1482784237686 11 -1
1482784239894 11 1
1482784243166 0 2
1482784245670 0 -2
1482784246439 1 1
1482784247078 4 -1
1482784247854 9 -1
1482784248638 3 1
1482784249494 5 -3
1482784251671 2 3
1482784252598 11 1
1482784253430 3 -4
1482784254366 6 -1
1482784257038 9 1
1482784257599 4 1
1482784258293 1 -1
1482784260694 11 -2
1482784261558 6 -3
1482784263646 2 -3
1482784266838 2 3
1482784270942 11 1
1482784271926 5 2
1482784272766 8 2
1482784274262 0 3
1482784276838 2 -3
1482784278686 9 2
1482784281460 0 2
