1480217382909 4 -1
1480217385036 8 -2
1480217387444 5 -3
1480217389472 3 3
1480217392138 7 1
1480217393544 3 -4
1480217397102 5 3
1480217399181 8 2
1480217400574 9 1
1480217402444 4 3
1480217403998 1 -1
1480217405647 5 -2
1480217407211 8 -1
1480217423181 6 -1
1480217424770 9 1
1480217426726 1 2
1480217428278 4 -3
1480217438600 1 -1
1480217439686 3 3
1480217441179 7 -1
1480217442230 10 -1
1480217443734 11 -1
1480217444675 2 -3
1480217447463 9 1
1480217448564 8 -1
1480217450802 5 -1
1480217453883 9 -3
1480217456365 2 3
1480217460313 11 1
1480217465290 9 2
1480217469656 5 1
1480217471735 8 1
1480217476333 10 1
1480217477164 7 1
1480217478057 3 -3
1480217479720 5 1
1480217482507 8 1
1480217488327 4 3
1480217491237 4 -3
1480217493377 9 -2
1480217494819 11 -1
1480217495676 2 -1
1480217496972 9 3
1480217498684 8 -2
1480217499942 8 2
1480217500911 4 3
1480217502596 1 -1
1480217505885 11 -1
1480217507279 6 -1
1480217509114 8 1
1480217510226 5 -1
1480217513295 5 1
1480217516586 5 -1
1480217517466 R
1480217521695 7 1
1480217522577 3 -1
1480217525950 9 1
1480217527285 4 2
1480217528642 1 -1
1480217532665 0 2
1480217533594 3 1
1480217534560 7 -4
1480217536223 3 -1
1480217545063 8 -1
1480217553636 R
1480217556778 4 1
1480217566486 8 -1
1480217568137 7 1
1480217569849 3 -1
1480217572759 3 1
1480217573921 5 -2
1480217575070 3 3
1480217576709 7 -1
1480217577641 10 -1
1480217578629 11 -1
1480217579803 2 -3
1480217584841 3 -1
1480217585770 6 -1
1480217587247 9 3
1480217589685 4 1
1480217594245 1 -1
1480217596141 1 1
1480217598806 2 2
1480217600128 2 -2
1480217601680 4 -3
1480217604100 5 -1
1480217605079 8 -1
1480217608246 9 -3
1480217609530 3 1
1480217610594 6 1
1480217612590 2 3
1480217614163 11 1
1480217617037 5 1
1480217618114 8 1
1480217619618 3 -1
1480217620854 6 -1
1480217622100 9 2
1480217623678 4 3
1480217624805 1 -1
1480217626773 11 -1
1480217628536 2 -3
1480217629905 9 1
1480217638793 11 -1
1480217640687 11 1
1480217642718 9 -2
1480217643793 1 1
1480217644808 4 -1
1480217645737 9 -1
1480217647755 9 3
1480217649020 4 1
1480217651341 1 -1
1480217652439 11 -1
1480217661233 6 -1
1480217665636 2 2
1480217668997 R
1480217677925 8 -2
1480217679526 4 -1
1480217681655 5 -3
1480217687023 3 3
1480217689981 7 1
1480217692230 7 -1
1480217700961 5 1
1480217701963 8 1
1480217703026 4 2
1480217704543 3 -1
1480217705509 6 -1
1480217707049 9 2
1480217709946 4 1
1480217712613 3 -2
1480217713639 1 -1
1480217720585 1 1
1480217733299 9 -1
1480217734375 6 1
1480217735488 5 2
1480217736394 1 -1
1480217741714 0 2
1480217742929 7 -3
1480217744409 3 -1
1480217746985 11 -1
1480217750863 11 1
1480217752684 11 -1
1480217754372 0 -2
1480217757133 11 -1
1480217759374 11 1
1480217760499 8 1
1480217765687 R
1480217767277 4 -1
1480217768682 8 -2
1480217770687 5 -3
1480217773475 3 3
1480217776129 7 1
1480217787368 5 3
1480217788921 5 -3
1480217789850 3 -4
1480217792956 6 -1
1480217794057 5 2
1480217795220 8 2
1480217796467 9 2
1480217799086 4 3
1480217802059 4 -2
1480217805725 9 -2
1480217808110 11 -1
1480217808991 2 -1
1480217810275 9 3
1480217814090 4 2
1480217817183 1 -1
1480217818516 1 1
1480217819384 4 -3
1480217820997 5 -2
1480217821916 8 -2
1480217828533 9 -3
1480217829768 2 1
1480217831186 11 1
1480217833901 1 1
1480217834927 9 2
