1480222608572 5 -2
1480222609662 8 -1
1480222618140 7 1
1480222619036 3 -1
1480222619822 11 -1
1480222620592 2 -1
1480222621222 6 -1
1480222622162 9 3
1480222623710 8 -1
1480222624246 4 -1
1480222624970 5 -1
1480222629862 5 1
1480222630640 8 1
1480222632080 4 3
1480222633036 1 -1
1480222633744 0 1
1480222634996 0 -1
1480222635564 11 -1
1480222636894 9 -2
1480222637532 6 1
1480222638100 2 1
1480222638970 11 2
1480222639927 3 3
1480222640782 0 1
1480222641724 7 -4
1480222642516 0 -1
1480222643294 11 -2
1480222643870 10 -1
1480222644686 2 -3
1480222645488 6 -2
1480222646562 9 2
1480222647548 6 1
1480222648240 11 1
1480222649330 0 1
1480222651110 0 -1
1480222652146 1 1
1480222653078 4 -2
1480222654034 9 -3
1480222654712 3 1
1480222655264 6 1
1480222655964 5 3
1480222657822 4 1
1480222658670 3 -1
1480222659206 9 1
1480222660016 4 1
1480222660638 1 -1
1480222661354 0 2
1480222662348 10 -3
1480222667646 0 -2
1480222668368 11 -1
1480222669698 11 1
1480222670438 11 -1
1480222673914 11 1
1480222674644 0 2
1480222685240 7 3
1480222686436 10 3
1480222687020 10 -3
1480222687766 7 -3
1480222688687 0 -2
1480222689478 1 1
1480222690318 4 -1
1480222691112 9 -1
1480222691812 3 1
1480222692790 5 -3
1480222693406 3 -1
1480222694066 6 -1
1480222695053 9 3
1480222697598 2 2
1480222698322 9 -1
1480222699006 2 1
1480222699853 11 1
1480222700724 3 -3
1480222702062 1 1
1480222702630 5 1
1480222703330 8 1
1480222707072 4 1
1480222707772 1 -2
1480222708417 11 -2
1480222709248 6 -3
1480222710349 2 -3
1480222711162 11 1
1480222711706 5 2
1480222712298 8 2
1480222712850 9 1
1480222713665 0 5
