1480132958048 8 -2
1480132962143 4 -1
1480132965993 5 -2
1480132967049 3 3
1480132968113 1 1
1480132969536 5 -1
1480132973633 3 -1
1480132977398 6 -1
1480132978287 9 2
1480132980169 10 -1
1480132982854 1 -1
1480132986527 11 -1
1480132987519 2 -3
1480132988447 9 1
1480132996710 8 1
1480132997405 5 1
1480132998735 4 3
1480133000072 1 -1
1480133001129 0 1
1480133002281 7 -3
1480133021806 R
1480133024321 8 -2
1480133028503 5 -2
1480133029685 3 3
1480133033118 11 -1
1480133034789 11 1
1480133040101 4 -1
1480133041280 5 -1
1480133044751 3 -3
1480133047718 6 -1
1480133054008 6 1
1480133056118 9 1
1480133057230 9 -1
1480133059843 R
1480133062821 R
1480133063623 R
1480133064661 R
1480133079536 5 -2
1480133080847 6 -1
1480133084014 9 2
1480133086615 4 2
1480133087848 4 -3
1480133089910 5 -1
1480133096405 5 2
1480133097613 4 3
1480133099445 1 -1
1480133101439 0 1
1480133103638 7 -3
1480133105510 3 -1
1480133117805 11 -1
1480133119319 2 -1
1480133120221 9 1
1480133122752 8 -1
1480133124046 5 -1
1480133139878 7 1
1480133143620 8 1
1480133148878 9 -2
1480133150605 6 1
1480133152580 2 1
1480133153551 5 2
1480133154580 0 1
1480133158757 8 -1
1480133161894 8 1
1480133164597 7 -1
1480133166471 11 1
1480133170454 3 1
1480133174677 8 -1
1480133177995 8 1
1480133180341 7 4
1480133181540 3 -1
1480133183454 0 -2
1480133186779 5 -2
1480133191315 11 -2
1480133195711 5 2
1480133199084 8 -1
1480133200052 2 -1
1480133202796 5 -2
1480133203548 6 -2
1480133205364 9 2
1480133212989 6 1
1480133213782 11 1
1480133218563 1 1
1480133225724 4 -2
1480133227181 8 -1
1480133232870 4 -1
1480133234438 5 -1
1480133238884 9 -2
1480133246717 2 1
1480133250839 11 1
1480133254278 3 3
1480133262755 6 1
1480133267965 3 -3
1480133270020 5 3
1480133273203 1 1
1480133275845 1 -1
1480133280149 8 2
1480133281331 4 3
1480133282438 1 -1
1480133287523 0 1
1480133296854 0 1
1480133299622 11 -1
1480133300462 2 -1
1480133302757 8 -1
1480133305470 8 1
