1481472686522 4 1
1481472691501 2 -2
1481472693084 7 -1
1481472702193 7 1
1481472703184 2 3
1481472704712 10 -1
1481472709074 0 1
1481472710399 9 -3
1481472715567 0 -1
1481472716759 10 1
1481472718598 2 -2
1481472724229 2 2
1481472728586 10 -1
1481472729335 0 1
1481472730653 9 3
1481472732999 0 -1
1481472734069 10 1
1481472735374 2 -3
1481472738637 4 -1
1481472740575 5 1
1481472742155 12 1
1481472743373 9 1
1481472746373 11 -2
1481472747837 5 1
1481472749205 12 1
1481472750059 8 1
1481472751673 3 -2
1481472753833 10 1
1481472754821 7 1
1481472756072 6 -4
1481472760082 2 3
1481472762009 10 -2
1481472765381 7 -1
1481472768589 3 2
1481472769828 0 1
1481472771364 9 -2
1481472773049 8 -1
1481472774011 12 -2
1481472775560 5 -2
1481472776825 4 1
1481472778206 11 2
1481472782555 4 -2
1481472785702 1 1
1481472787803 11 -2
1481472789544 1 1
1481472794118 5 2
1481472795740 12 2
1481472797094 8 1
1481472798101 3 -1
1481472799449 7 2
1481472800581 0 1
1481472808486 0 -1
1481472810931 7 -2
1481472813221 3 1
1481472814191 8 -1
1481472815185 12 -2
1481472816572 5 -2
1481472817738 1 -2
1481472818977 4 2
1481472820430 11 2
1481472828682 9 1
1481472844194 9 -1
1481472850784 4 -2
1481472852064 1 1
1481472852722 5 1
1481472854424 12 1
1481472855768 9 2
1481472859866 11 -3
1481472865631 1 1
1481472866613 5 1
1481472867573 12 1
1481472868703 8 1
1481472869460 3 -2
1481472870729 7 2
1481472872772 11 1
1481472874035 7 -2
1481472874930 1 -2
1481472876075 4 1
1481472877065 11 1
1481472878048 7 1
1481472881640 7 -1
1481472883081 3 2
1481472887829 3 -2
1481472891378 4 -1
1481472892256 1 1
1481472893217 7 1
1481472895455 0 -1
1481472896462 10 3
1481472902217 2 -3
1481472903955 7 -2
1481472905853 4 -1
1481472909278 10 -2
1481472911332 1 -1
1481472912624 4 2
1481472914438 10 1
1481472915976 7 2
1481472917201 6 4
1481472920709 7 -2
1481472921721 10 -1
1481472922777 10 1
1481472925430 7 2
1481472926285 6 -4
1481472936153 4 -2
1481472937252 11 -2
1481472938813 1 2
1481472941316 10 1
1481472942284 7 1
1481472946799 7 -3
1481472953137 1 -1
1481472959634 0 2
1481472963022 1 1
1481472964952 4 1
1481472965874 11 1
1481472970265 0 -1
1481472971376 7 3
1481472972789 0 1
1481472974596 6 2
1481472985243 11 -2
1481472987556 6 -2
1481472989697 4 -1
1481472991271 2 1
1481473003455 4 1
1481473004608 11 2
1481473006239 6 2
1481473008593 11 -1
