1481472802400 11 -1
1481472803291 5 2
1481472805129 12 2
1481472806560 9 1
1481472807615 8 1
1481472808887 3 -2
1481472815616 10 1
1481472816448 7 1
1481472817743 6 -4
1481472819109 2 -2
1481472821668 10 -1
1481472823576 7 -2
1481472825772 4 -2
1481472826772 11 -3
1481472827906 1 2
1481472830194 10 2
1481472831529 7 3
1481472833388 0 2
1481472835304 4 1
1481472836286 11 2
1481472847628 4 -1
1481472849928 11 -2
1481472853341 0 -2
1481472854518 10 -2
1481472855488 7 -3
1481472856686 3 4
1481472859793 10 2
1481472862321 0 2
1481472863750 8 -2
1481472865189 9 -2
1481472866498 12 -2
1481472867440 10 1
1481472868890 3 -2
1481472878416 1 -1
1481472879440 5 -1
1481472880400 11 4
1481472882263 3 2
1481472884097 8 1
1481472884826 9 1
1481472890944 R
1481472897785 2 -2
1481472901509 2 3
1481472906755 10 -1
1481472907824 0 1
1481472909662 9 -3
1481472911728 0 -1
1481472913066 10 1
1481472914034 2 -2
1481472916334 4 1
1481472919782 4 -1
1481472921123 11 -1
1481472922632 5 2
1481472923794 12 2
1481472924615 8 1
1481472925786 3 -2
1481472928310 3 2
1481472930410 2 1
1481472932963 3 -2
1481472935815 3 2
1481472939561 2 -1
1481472940704 R
1481472949091 5 1
1481472950705 12 1
1481472951514 9 1
1481472954766 11 -1
1481472955896 5 1
1481472956907 12 1
1481472957866 8 1
1481472959085 3 -2
1481472965954 2 1
1481472967131 10 -1
1481472969596 0 1
1481472972166 0 -1
1481472972996 10 2
1481472974094 2 -3
1481472978428 7 -1
1481472980030 10 -1
1481472981154 3 2
1481472986379 3 -2
1481472988906 7 2
1481472989839 10 1
1481472990811 6 -4
1481472994100 2 3
1481473000822 2 -3
1481473003042 2 3
1481473004258 10 -2
1481473006291 3 1
1481473007387 9 -1
1481473011782 7 -1
1481473012721 4 -1
1481473014273 3 1
1481473015702 8 -1
1481473016740 12 -2
1481473018451 5 -2
1481473019419 11 1
1481473021251 4 2
1481473027295 R
1481473030422 4 1
1481473034348 4 -1
1481473048390 2 1
1481473049280 10 -1
1481473051315 0 1
1481473054747 11 -1
1481473057531 5 2
1481473060304 12 2
1481473062140 9 -2
1481473064003 8 1
1481473065872 3 -2
1481473070844 7 1
1481473072593 9 -1
1481473073562 0 -1
1481473074840 10 2
1481473076840 2 -2
1481473080095 10 -1
1481473080939 7 -1
1481473082153 3 2
1481473083525 8 -1
1481473084372 12 -2
1481473085490 5 -2
1481473087007 4 1
1481473088062 11 1
1481473092448 2 2
1481473094297 10 -1
1481473095538 0 1
1481473100275 11 -2
1481473101257 4 -1
1481473102242 5 2
1481473103385 12 2
1481473105321 8 1
1481473106856 3 -2
1481473109032 3 2
1481473109927 9 4
1481473111173 3 -2
1481473115384 3 2
1481473119358 9 -3
1481473121647 3 -2
1481473126432 7 1
1481473127454 6 -1
1481473128564 11 1
1481473131283 6 1
1481473132299 7 -1
1481473134437 3 2
1481473135417 8 -1
1481473136937 12 -2
1481473138256 5 -2
1481473139998 4 1
1481473144973 9 2
