1481880044454 4 1
1481880045489 2 -2
1481880048010 7 -1
1481880050293 11 -2
1481880051156 4 -1
1481880051923 5 2
1481880056272 12 2
1481880057494 9 1
1481880058095 8 1
1481880059214 3 -2
1481880060473 10 1
1481880061227 7 2
1481880063916 6 -3
1481880064867 4 -2
1481880066293 11 -2
1481880067468 1 2
1481880068413 7 1
1481880069473 10 1
1481880071550 7 -3
1481880072480 10 -1
1481880075039 1 -2
1481880077934 7 2
1481880078879 6 -1
1481880080048 4 2
1481880081055 11 3
1481880082950 2 3
1481880085309 2 -3
1481880086626 2 3
1481880087459 10 -2
1481880093170 0 1
1481880093599 4 -1
1481880094239 11 -1
1481880094916 1 1
1481880095450 1 1
1481880095976 7 1
1481880096629 0 1
1481880104638 3 1
1481880105511 9 -2
1481880112175 0 -1
1481880113267 7 -2
1481880114205 3 1
1481880114763 8 -1
1481880115362 12 -2
1481880117938 9 1
1481880120598 0 -1
1481880122214 10 1
1481880123054 2 -3
1481880123958 7 -1
1481880124372 4 -1
1481880124926 3 1
1481880125446 10 3
1481880126331 3 -1
1481880126999 4 1
1481880128175 1 -1
1481880128702 5 -1
1481880131427 0 2
1481880135104 4 -1
1481880136483 11 2
1481880139927 9 -1
1481880140309 8 -1
1481880142891 8 1
1481880143528 9 1
1481880144652 11 -2
1481880145119 1 1
1481880145495 5 1
1481880146865 3 1
1481880147932 0 -2
1481880148578 10 -3
1481880149339 12 2
1481880149834 9 1
1481880150173 8 1
1481880150734 10 2
1481880151267 0 2
1481880152166 8 -2
1481880152648 9 -2
1481880153251 12 -2
1481880154558 5 -2
1481880156024 1 -1
1481880156988 11 2
1481880158013 3 1
1481880159116 3 -1
1481880163670 8 1
1481880164002 9 1
1481880164821 6 1
1481880165386 6 -1
1481880166655 0 -2
1481880167173 7 1
1481880168651 2 1
1481880169669 2 -1
1481880170644 3 1
1481880171891 3 -1
1481880172566 11 -4
1481880173043 3 1
1481880173432 1 1
1481880173894 7 2
1481880176214 5 1
1481880176859 5 1
1481880177359 10 1
1481880177667 7 1
1481880178367 3 -2
1481880178911 4 1
1481880180224 11 2
1481880181242 2 3
1481880181881 6 2
1481880182590 0 2
1481880183371 6 -2
1481880184042 2 -2
1481880184761 2 -1
1481880185546 4 -1
1481880187767 0 -2
1481880189183 3 1
1481880189811 0 2
1481880190604 8 -1
1481880190959 9 -1
1481880192538 8 1
1481880192824 9 1
1481880193925 6 2
1481880194663 2 1
1481880195201 6 -1
1481880195891 6 -1
1481880196877 6 1
1481880197430 9 -3
1481880198746 8 -1
1481880200727 8 1
1481880201565 6 1
1481880203364 3 -1
1481880203784 4 1
1481880204251 2 2
1481880204878 8 -3
1481880207772 3 -2
1481880209413 10 -1
1481880209815 7 -1
1481880210386 5 -2
1481880212626 5 1
1481880213323 5 -1
1481880214697 11 -1
1481880215995 2 -1
1481880217732 8 1
1481880218085 9 1
1481880218583 2 -2
1481880219404 4 -1
1481880223095 4 1
1481880224345 11 -1
1481880225182 4 -1
1481880225874 4 1
1481880226704 4 -1
1481880227027 4 1
1481880227756 11 2
1481880228285 11 -2
1481880230969 2 2
1481880231540 8 -1
1481880231909 9 -1
1481880232725 0 -1
1481880233662 7 -1
1481880234367 1 -1
1481880235103 11 3
1481880235745 11 1
1481880237049 2 1
1481880240384 2 -1
1481880244887 R
1481880247988 R
1481880249155 R
1481880249593 R
1481880255659 4 1
1481880256781 2 -2
1481880257416 7 -1
1481880261171 11 -2
1481880262351 11 2
1481880262873 4 -1
1481880263475 5 1
1481880265151 5 -1
1481880265601 4 1
1481880271985 R
1481880274569 4 1
1481880280456 2 1
1481880280862 10 -1
1481880281620 10 1
1481880281961 2 -3
1481880282897 7 -1
1481880285784 7 1
1481880286184 2 1
1481880286998 2 2
1481880287745 10 -1
1481880288765 0 1
1481880289700 9 -2
1481880291281 9 -1
1481880313597 9 3
1481880314881 0 -1
1481880317709 10 1
1481880318576 2 -3
1481880319176 7 -1
1481880321346 7 1
1481880323029 2 3
1481880324747 2 -1
1481880326534 2 1
1481880328216 11 -2
1481880328581 4 -1
1481880329826 5 2
1481880336906 10 -1
1481880337521 0 1
1481880338177 9 -2
1481880339148 9 -1
1481880340674 12 2
1481880341323 8 1
1481880342151 3 -2
1481880344149 3 2
1481880344731 9 4
1481880345407 3 -2
1481880347931 7 1
1481880349806 0 -1
1481880350269 10 2
1481880351529 2 -3
1481880352225 6 -4
1481880353382 11 1
1481880356504 7 -2
1481880357226 10 -1
1481880358679 7 2
1481880359262 2 3
1481880359881 10 -1
1481880360558 0 1
1481880361936 0 -1
1481880362354 10 2
1481880363001 2 -3
1481880363779 7 -2
1481880364482 4 -2
1481880365542 4 2
1481880366135 11 -3
1481880370098 4 -1
1481880370583 1 2
1481880372406 1 -2
1481880373960 10 -1
1481880375489 4 1
1481880376030 11 3
1481880378030 7 2
1481880378540 10 1
1481880379430 6 2
1481880380073 6 2
1481880380800 2 2
1481880382663 2 -2
1481880383308 6 -4
1481880383839 10 -1
1481880384820 10 1
