1482804415619 2 -2
1482804422585 2 3
1482804426470 10 -1
1482804428092 0 1
1482804430123 9 -3
1482804439672 4 1
1482804441615 11 -2
1482804443028 4 -1
1482804444583 5 2
1482804446672 12 2
1482804448154 8 1
1482804450398 9 4
1482804452223 3 -2
1482804454583 7 1
1482804456666 6 -1
1482804458628 11 -1
1482804462123 11 2
1482804470161 6 1
1482804471941 7 -1
1482804473563 3 2
1482804474860 0 -1
1482804477825 3 -2
1482804480783 0 1
1482804482315 3 2
1482804484127 9 -3
1482804485537 3 -2
1482804490525 11 -1
1482804497863 R
1482804503222 2 -2
1482804510057 2 3
1482804533410 4 1
1482804536959 4 -1
1482804545227 5 1
1482804547240 11 -2
1482804548719 5 1
1482804550463 12 2
1482804551981 8 1
1482804553497 9 1
1482804555156 3 -2
1482804556904 10 1
1482804558415 7 1
1482804560057 6 -4
1482804561596 2 -3
1482804563469 4 -2
1482804565340 11 -2
1482804566683 7 -2
1482804569164 1 2
1482804571314 10 1
1482804573535 0 2
1482804586067 R
1482804618572 2 1
1482804622591 2 -3
1482804634027 4 1
1482804654748 7 -1
1482804660582 R
1482804665038 2 1
1482804666641 10 -1
1482804669905 0 1
1482804671380 9 -2
1482804675145 9 -1
1482804677047 0 -1
1482804678559 10 1
1482804680332 2 -2
1482804701599 R
1482804722112 11 -1
1482804724434 5 2
1482804726266 12 2
1482804727718 8 1
1482804729129 9 1
1482804732413 3 -2
1482804734007 10 1
1482804735399 7 1
1482804737168 6 -4
1482804738774 2 -2
1482804740397 4 -2
1482804747712 7 -2
1482804777581 10 -1
1482804779452 3 3
1482804785374 1 1
1482804786737 10 2
1482804788812 0 2
1482804792266 8 -2
1482804793776 9 -2
1482804795038 12 -2
1482804802985 10 1
1482804805069 3 -1
1482804807586 11 -3
1482804809326 1 1
1482804825188 1 -1
1482804826495 5 -1
1482804828363 11 4
1482804830216 3 2
1482804831880 10 -1
1482804833332 5 -1
1482804841478 U
1482804845185 R
1482804850113 4 1
1482804856532 2 -2
1482804858826 7 -1
1482804912283 R
