1480475944434 11 -2
1480475945425 5 2
1480475950074 12 2
1480475950857 9 1
1480475951471 8 1
1480475952034 3 -2
1480475953573 7 1
1480475954066 10 1
1480475954828 2 -2
1480475955675 6 -4
1480475957820 7 -2
1480475960766 10 -1
1480475961682 4 -2
1480475962489 1 2
1480475963465 10 2
1480475965165 0 2
1480475970759 0 -1
1480475971494 0 1
1480475972782 1 -1
1480475973709 11 1
1480475980621 11 -3
1480475982399 1 1
1480475983538 0 -1
1480475986239 7 1
1480475987525 0 -1
1480475988233 10 -2
1480475992661 7 2
1480475993196 10 2
1480475993825 6 2
1480475994649 2 1
1480475995535 0 2
1480475997586 0 -2
1480475998297 10 -1
1480475998891 7 -1
1480475999648 1 -2
1480476005011 6 -2
1480476005649 10 -1
1480476006197 7 -1
1480476007318 3 2
1480476008011 8 -1
1480476008650 9 -1
1480476009511 12 -2
1480476010610 5 -2
1480476011649 4 3
1480476012464 11 4
1480476013433 2 2
1480476014720 2 -3
1480476017040 2 1
1480476022936 2 1
1480476024565 2 1
1480476025380 10 -1
1480476026873 0 1
1480476028249 9 -1
1480476032744 9 1
1480476036396 0 -1
1480476037111 10 1
1480476038896 2 -3
1480476039802 7 -1
1480476040764 11 -4
1480476055475 11 4
1480476056589 7 1
1480476057559 2 3
1480476058599 10 -1
1480476059344 0 1
1480476060306 9 -1
1480476062891 9 1
1480476066151 4 -1
1480476068475 5 1
1480476069912 12 1
1480476070945 9 1
1480476072883 9 -2
1480476081480 12 -1
1480476083209 11 -1
1480476084355 5 1
1480476091018 4 -1
1480476091978 1 1
1480476094849 11 -2
1480476097203 1 1
1480476099088 12 2
1480476100257 8 1
1480476101112 3 -1
1480476102279 7 2
1480476104312 0 1
1480476106496 9 2
1480476108226 3 -1
1480476110136 0 -2
1480476111174 10 3
1480476112359 0 2
1480476114234 2 -3
1480476118996 0 -1
1480476119912 7 -3
1480476120829 0 1
1480476123820 1 -1
1480476124804 11 2
1480476125642 4 -1
1480476131630 11 -3
1480476132568 1 1
1480476138106 0 -2
1480476140214 7 3
1480476151622 10 -2
1480476152501 3 1
1480476153148 7 -3
1480476155000 3 3
1480476156247 10 2
1480476157272 10 -2
1480476158900 3 -4
1480476162932 1 -2
1480476167412 1 2
1480476168507 10 2
1480476170162 0 2
1480476171686 1 -1
1480476173315 11 3
1480476179177 0 -2
1480476180278 10 -2
1480476181356 3 3
1480476182416 10 2
1480476183209 0 2
1480476184431 8 -2
1480476185279 9 -2
1480476186225 12 -2
1480476187893 5 -1
1480476189403 5 -1
1480476190872 11 -3
1480476191817 3 1
1480476192671 1 1
1480476199135 3 -1
1480476199688 1 -1
1480476200588 11 4
1480476208678 9 1
1480476209216 8 1
1480476210211 0 -2
1480476211687 10 -2
1480476212511 3 -1
1480476213115 1 -1
1480476214157 4 3
1480476214965 7 1
1480476215904 2 3
1480476216773 10 -1
1480476217522 0 1
1480476218366 9 -1
1480476223412 4 -2
1480476225482 5 1
1480476228342 11 -1
1480476229114 5 1
1480476230283 12 2
1480476231703 8 1
1480476232472 3 -1
1480476233414 7 1
1480476235920 9 2
1480476236685 3 -1
1480476240028 3 1
1480476240945 9 -2
1480476243205 4 1
1480476245090 9 2
1480476246625 0 -1
1480476247353 10 1
1480476247996 2 -3
1480476248922 7 -2
1480476249690 4 -2
1480476251242 3 2
1480476252056 1 1
1480476253288 10 2
1480476254236 0 2
1480476255288 8 -2
1480476255994 9 -2
1480476256914 12 -2
1480476258300 5 -2
1480476259183 11 1
1480476260058 3 1
1480476261774 8 1
1480476262420 0 -1
1480476263188 7 2
1480476265810 2 1
1480476266486 6 2
1480476267943 9 -2
1480476272752 0 -1
1480476273514 10 -1
1480476274253 1 -1
1480476277429 1 1
1480476277974 5 1
1480476278615 10 2
1480476284358 6 -1
1480476284993 7 -1
1480476286456 3 -2
1480476287512 4 1
1480476288774 2 2
1480476290958 0 1
1480476294941 9 3
1480476295737 6 -1
1480476297411 0 -1
1480476299394 2 -3
1480476300419 4 -1
1480476302334 3 2
1480476304065 10 -2
1480476305413 5 -1
1480476306288 1 -1
1480476308380 3 -1
1480476309187 3 1
1480476309889 1 1
1480476311181 10 -1
1480476313764 2 1
1480476314571 1 -1
1480476315355 3 -2
1480476316254 4 3
1480476317039 2 2
1480476319656 10 -1
1480476320751 0 1
1480476322066 9 -1
1480476323737 4 -2
1480476324490 5 1
1480476325248 1 1
1480476329407 11 -2
1480476330209 5 1
1480476334422 1 1
1480476336069 12 2
1480476336941 8 1
1480476337611 3 -1
1480476338523 7 2
1480476341023 0 1
1480476343008 9 2
1480476344893 3 -1
1480476346023 0 -2
1480476346982 10 3
1480476347917 2 -3
1480476348869 4 -1
1480476349745 0 2
1480476350402 11 -2
1480476356302 0 -2
1480476357532 7 -3
1480476358654 0 2
1480476366161 11 2
1480476367549 1 -1
1480476368272 4 1
1480476369407 0 -1
1480476370377 7 2
1480476371261 2 3
1480476376668 11 1
1480476379343 6 2
1480476387637 11 -2
1480476388369 1 1
1480476390394 0 -1
1480476391115 7 1
1480476391831 0 2
1480476393868 6 -2
1480476395100 0 -2
1480476396227 10 -3
1480476397953 7 -2
1480476399589 10 1
1480476403273 1 -2
1480476405218 2 -3
1480476406636 2 3
1480476408253 1 2
1480476409997 7 2
1480476410943 10 -1
1480476411921 0 1
1480476415658 0 1
1480476416844 0 -2
1480476417729 10 3
1480476418674 6 2
1480476419626 0 2
1480476421150 0 -2
1480476422045 6 -2
1480476425245 2 -2
1480476427875 4 -1
1480476428482 11 -1
1480476430548 7 -1
1480476431418 10 -1
1480476434059 1 -2
1480476435004 4 2
1480476435904 11 3
1480476436732 2 2
1480476438002 6 4
1480476439926 7 -1
1480476441509 10 -1
1480476444604 3 2
1480476445351 8 -1
1480476445883 9 -1
1480476446663 12 -2
1480476447496 5 -2
1480476448297 11 1
1480476448873 4 1
1480476450072 2 -3
1480476451527 7 -1
1480476452826 7 1
1480476453416 2 3
1480476454609 10 -1
1480476455725 0 1
1480476456850 9 -3
1480476457841 0 -1
1480476459385 10 1
1480476460231 2 -2
1480476464302 4 -1
1480476464746 4 1
1480476465848 2 2
1480476466485 10 -1
1480476468168 11 -2
1480476468930 4 -1
1480476469602 5 2
1480476472511 0 1
1480476473136 0 -1
1480476476714 10 1
1480476478328 5 -2
1480476479013 11 2
1480476480483 2 -2
1480476489619 11 -2
1480476490419 5 2
1480476491504 12 2
1480476492271 8 1
1480476493126 3 -2
1480476493989 10 1
1480476494481 7 1
1480476495581 2 2
1480476498497 6 -3
1480476499225 2 -2
1480476500264 11 -2
1480476500982 4 -2
1480476503148 7 -1
1480476503816 1 2
1480476504761 10 1
1480476505639 0 1
1480476508007 7 2
1480476509087 0 -1
1480476512468 0 2
1480476523705 0 -1
1480476524500 7 -2
1480476525591 1 -1
1480476526830 11 3
1480476527666 4 1
1480476528807 2 2
1480476529961 7 1
1480476530638 6 1
1480476532492 0 -1
1480476533642 10 -1
1480476538872 2 -2
1480476570482 11 -3
1480476571499 1 1
1480476572768 10 1
1480476573948 7 1
1480476581791 0 1
1480476585320 2 1
1480476586650 9 1
1480476587638 9 -1
1480476590912 7 -1
1480476591596 1 -1
1480476592558 11 3
1480476595459 2 -1
1480476596149 2 2
1480476596880 6 -1
1480476597720 7 -1
1480476601946 11 -2
1480476603297 1 1
1480476604380 7 2
1480476605256 0 1
1480476607863 2 -2
1480476609041 11 -1
1480476609716 4 -1
1480476621838 0 -1
1480476622621 7 -2
1480476623831 1 -1
1480476624882 11 3
1480476629066 9 1
1480476629630 2 -1
1480476630449 7 -1
1480476631297 0 1
1480476634635 11 -3
1480476635746 1 1
1480476637963 0 -1
1480476639387 7 3
1480476640156 6 1
1480476640832 2 1
1480476641630 9 -1
1480476643593 7 -1
1480476644724 1 -1
1480476651208 11 3
1480476652294 4 1
1480476653253 2 2
1480476663994 R
1480476666522 2 1
1480476668584 10 -1
1480476670145 0 1
1480476671915 9 -3
1480476673721 0 -1
1480476675845 10 1
1480476676838 2 -2
1480476679097 2 2
1480476679951 10 -1
1480476681196 0 1
1480476684035 0 -1
1480476685010 4 1
1480476687278 10 1
1480476687949 2 -2
1480476690365 2 1
1480476692115 2 -1
1480476694103 11 -2
1480476694944 4 -1
1480476695832 5 2
1480476697548 12 2
1480476699278 8 1
1480476700530 3 -2
1480476701398 10 1
1480476702068 7 1
1480476703693 2 2
1480476705177 10 -2
1480476706461 0 1
1480476707899 3 1
1480476710022 9 4
1480476711029 0 -1
1480476711698 10 1
1480476712498 2 -3
1480476713936 7 -2
1480476717791 3 -1
1480476718981 10 1
1480476721551 7 2
1480476722612 6 -4
1480476727280 4 -2
1480476728379 11 -2
1480476731933 1 2
1480476732701 7 1
1480476733479 10 1
1480476735393 0 2
1480476736976 0 -1
1480476738193 7 -3
1480476741027 0 -1
1480476741820 10 -2
1480476743362 1 -2
1480476746570 1 1
1480476747492 3 1
1480476749430 9 -1
1480476750699 3 1
1480476751353 8 -1
1480476752085 12 -2
1480476752959 1 -1
1480476754198 5 -2
1480476756084 3 1
1480476757196 1 1
1480476757983 10 2
1480476758952 0 2
1480476761452 3 1
1480476762399 1 1
1480476763408 0 -2
1480476764383 7 3
1480476766020 0 2
1480476770959 0 -1
1480476771746 7 -1
1480476773136 7 -1
1480476773860 3 -1
1480476774510 1 -1
1480476775482 11 4
1480476776347 3 1
1480476778104 5 1
1480476779957 10 1
1480476780849 3 -2
1480476782127 4 1
1480476782764 7 -1
1480476783573 0 1
1480476784628 8 -1
1480476785971 9 -1
1480476787201 9 1
1480476787725 8 1
1480476788592 0 -2
1480476789471 4 -1
1480476790200 3 2
1480476792523 7 2
1480476794416 2 1
1480476799215 10 -3
1480476800131 7 -1
1480476801806 3 -2
1480476802583 1 -1
1480476803402 5 -1
1480476804313 4 3
1480476805371 2 2
1480476806850 10 -1
1480476807930 10 1
1480476808766 2 -3
1480476811018 7 -1
1480476812330 4 -3
1480476813165 3 2
1480476815135 10 1
1480476815795 1 1
1480476816680 7 2
1480476817450 5 1
1480476818965 10 2
1480476820324 7 -2
1480476825892 7 2
1480476826964 2 1
1480476828154 7 -1
1480476828977 3 -2
1480476829700 4 1
1480476830326 2 -1
1480476831056 7 -1
1480476831900 0 2
1480476832984 8 -1
1480476833602 9 -1
1480476835545 9 1
1480476835974 8 1
1480476836482 0 -1
1480476837816 4 -1
1480476843335 0 1
1480476844836 8 -1
1480476847330 8 1
1480476848017 0 -1
1480476848921 7 1
1480476850034 4 1
1480476851350 2 3
1480476852812 6 1
1480476854308 9 -3
1480476857156 9 1
1480476857927 9 1
1480476858880 6 -1
1480476860933 2 -3
1480476862348 7 -1
1480476863302 4 -1
1480476864216 3 2
1480476867109 10 -1
1480476870163 7 2
1480476871092 2 1
1480476872130 2 -1
1480476873522 5 -1
1480476879132 9 1
1480476879876 0 -1
1480476880706 10 -2
1480476881529 1 -1
1480476882225 7 -1
1480476883191 3 -2
1480476884204 4 3
1480476885858 2 3
1480476888188 2 -3
1480476889088 7 -1
1480476890320 4 -3
1480476891896 3 1
1480476893217 1 1
1480476894501 10 2
1480476896256 0 2
1480476897010 8 -1
1480476898364 8 1
1480476899349 0 -2
1480476900587 7 1
1480476901670 2 1
1480476905208 11 -4
1480476906024 1 1
1480476907030 3 1
1480476907908 7 2
1480476911983 5 2
1480476913553 7 1
1480476914138 10 1
1480476915863 3 -2
1480476916823 0 2
1480476919089 4 1
1480476920422 11 2
1480476921684 2 -1
1480476923029 0 -2
1480476924145 4 -1
1480476924791 11 -2
1480476925566 3 2
1480476926574 7 -4
1480476930333 0 2
1480476931607 0 -2
1480476933856 7 1
1480476934910 2 1
1480476937432 10 -3
1480476939014 5 -2
1480476940216 1 -2
1480476941408 2 -1
1480476942254 7 -1
1480476944170 3 -2
1480476947430 4 3
1480476952986 11 4
1480476953932 7 1
1480476954577 2 3
1480476956061 10 -1
1480476957042 0 1
1480476962407 0 -1
1480476963162 10 1
1480476963786 2 -3
1480476964974 7 -1
1480476965866 4 -3
1480476966873 4 3
1480476968027 11 -1
1480476969312 4 -1
1480476970389 5 2
1480476971968 12 2
1480476972989 8 1
1480476974479 3 -1
1480476976757 3 1
1480476977449 4 -2
1480476978165 3 1
1480476980293 1 1
1480476981125 10 2
1480476982016 0 2
1480476983324 8 -2
1480476984066 9 -1
1480476985055 12 -2
1480476988294 5 -1
1480476990861 11 1
1480476992765 10 1
1480476993313 3 -1
1480476995275 4 1
1480476997051 6 1
1480476998674 9 -1
1480476999704 8 1
1480477000834 0 -1
1480477001735 7 1
1480477002675 2 3
1480477004547 9 2
1480477005819 6 -1
1480477007380 0 -1
1480477010011 2 -2
1480477011216 4 -1
1480477011962 3 2
1480477013500 10 -3
1480477014177 1 -1
1480477014840 5 -1
1480477016569 3 -2
1480477018345 4 3
1480477019446 2 2
1480477020522 2 -3
1480477022936 11 -4
1480477025560 2 2
1480477026568 2 -2
1480477029820 4 -3
1480477030658 7 -1
1480477031866 3 2
1480477033012 10 1
1480477033757 1 2
1480477034499 10 1
1480477035533 0 2
1480477036705 1 -1
1480477037496 3 -1
1480477038669 8 -1
1480477039664 9 -1
1480477041387 8 1
1480477041919 9 1
1480477042691 0 -1
1480477044786 11 4
1480477046484 3 1
1480477047638 7 2
1480477049517 0 -1
1480477051501 2 1
1480477052360 10 -2
1480477053269 1 -1
1480477054190 7 -1
1480477055123 3 -2
1480477057918 4 3
1480477059363 2 -1
1480477060421 2 3
1480477062065 10 -1
1480477067375 10 1
1480477078538 4 -1
1480477079756 11 -3
1480477082100 4 1
1480477082875 10 -1
1480477083604 10 1
1480477085343 4 -2
1480477086084 1 2
1480477086813 5 2
1480477092997 2 -3
1480477096020 7 -1
1480477097464 4 -1
1480477098188 3 2
1480477099049 10 3
1480477100393 0 2
1480477101341 3 -2
1480477102323 1 -1
1480477103223 1 1
1480477105107 8 -1
1480477105717 9 -1
1480477106970 3 2
1480477111547 8 1
1480477112129 0 -1
1480477114130 7 2
1480477114836 1 -1
1480477115809 5 -1
1480477118104 7 -2
1480477119205 0 1
1480477121788 10 -1
1480477124219 8 -1
1480477125712 10 1
1480477127408 3 -1
1480477131361 11 3
1480477132070 3 -1
1480477135484 3 2
1480477136760 8 1
1480477137623 9 1
1480477138287 0 -1
1480477140213 7 2
1480477142206 6 2
1480477144055 9 -2
1480477150062 9 2
1480477150752 0 -1
1480477152442 10 -2
1480477153097 1 -1
1480477153826 5 -1
1480477156450 6 -2
1480477157355 10 -1
1480477157967 7 -2
1480477158994 3 -2
1480477160603 4 3
1480477161314 7 1
1480477161996 2 3
1480477164423 10 -1
1480477167846 10 1
1480477169354 10 -1
1480477170100 0 1
1480477173782 4 -2
1480477174906 1 1
1480477175636 5 1
1480477183358 0 -1
1480477184128 10 1
1480477185036 2 -3
1480477188152 4 -1
1480477188927 3 1
1480477190135 10 3
1480477193159 3 -1
1480477195229 11 -4
1480477195968 1 1
1480477196772 5 1
1480477198333 3 2
1480477200018 7 3
1480477203193 7 -4
1480477207185 10 -1
1480477227736 12 2
1480477228873 0 2
1480477229726 6 1
1480477230920 9 -2
1480477231825 8 -1
1480477232896 12 -2
1480477235933 10 1
1480477243084 8 1
1480477244046 0 -1
1480477244922 1 -1
1480477245774 5 -1
1480477247644 3 -2
1480477257746 11 4
1480477258766 3 2
1480477263681 10 -1
1480477264443 5 -1
1480477268748 3 -1
1480477272794 11 -4
1480477274632 0 1
1480477276224 5 1
1480477278446 8 -1
1480477279916 12 1
1480477281143 5 1
1480477282239 1 1
1480477283142 3 1
1480477284098 12 1
1480477285253 8 1
1480477286491 0 -1
1480477290204 8 1
1480477291767 8 -1
1480477292935 12 -2
1480477293650 10 1
1480477295280 3 -2
1480477296825 0 1
1480477297899 8 -1
1480477302041 3 2
1480477307016 10 -1
1480477309201 8 1
1480477310616 9 2
1480477311599 6 -1
1480477314813 0 -2
1480477317679 10 -2
1480477318543 3 -2
1480477319264 1 -2
1480477320108 5 -2
1480477320860 4 3
1480477321960 7 1
1480477322964 11 4
1480477326146 2 3
1480477329496 10 -1
1480477330704 0 1
1480477332956 9 -1
1480477336594 4 -2
1480477337741 11 -3
1480477339048 1 2
1480477339763 5 2
1480477340759 12 2
1480477341514 8 1
1480477342009 3 -1
1480477342901 7 2
1480477344456 0 1
1480477346544 9 2
1480477348568 3 -1
1480477349481 0 -2
1480477350674 10 3
1480477352604 0 2
1480477353383 2 -3
1480477355035 11 -1
1480477355933 4 -1
1480477361181 0 -2
1480477362503 10 -2
1480477363336 7 -3
1480477364885 10 2
1480477365913 0 2
1480477368425 1 -1
1480477371478 11 3
1480477382848 6 1
1480477386685 0 -1
1480477387509 7 2
1480477388300 6 1
1480477389508 2 1
1480477391815 11 -3
1480477392860 1 1
1480477394144 7 1
1480477395091 0 1
1480477401667 0 -2
1480477402382 2 -1
1480477403137 6 -2
1480477404197 7 -3
1480477405467 10 -2
1480477406819 3 4
1480477407816 10 2
1480477408702 0 2
1480477409564 8 -2
1480477410442 9 -2
1480477411358 12 -2
1480477412295 10 1
1480477414886 10 -1
1480477417902 10 1
1480477419010 3 -2
1480477420484 1 -1
1480477421447 8 1
1480477422543 3 1
1480477423222 0 -1
1480477425107 11 3
1480477426400 7 1
1480477427346 2 1
1480477428060 9 1
1480477428739 0 -1
1480477431991 3 -1
1480477435353 11 -1
1480477436132 1 1
1480477437089 4 1
1480477439764 2 2
1480477446335 11 -1
1480477447302 5 -1
1480477448189 1 -1
1480477449411 11 3
1480477454693 2 -3
1480477455941 7 -1
1480477456811 4 -1
1480477457830 3 1
1480477459630 10 -3
1480477460753 3 -1
1480477461793 7 1
1480477462698 2 1
1480477463879 1 -1
1480477464728 5 -1
1480477465529 4 3
1480477466366 2 -1
1480477467428 2 3
1480477471274 10 -1
1480477472042 10 1
1480477472936 4 -2
1480477473980 11 -3
1480477476311 2 -2
1480477477571 4 -1
1480477478304 3 2
1480477479287 1 2
1480477482154 7 2
1480477482771 10 2
1480477483539 6 2
1480477484294 0 2
1480477485077 8 -2
1480477486722 9 -2
1480477496152 9 -1
1480477497437 11 -1
1480477499223 8 2
1480477500444 0 -2
1480477502105 7 -1
1480477502682 10 -1
1480477503558 1 -2
1480477505620 5 2
1480477506359 1 2
1480477507195 7 2
1480477507849 10 2
1480477508780 0 2
1480477511520 8 -2
1480477512910 3 -4
1480477514345 10 -1
1480477515014 7 -1
1480477516049 5 -2
1480477522977 5 1
1480477524850 12 1
1480477527023 5 1
1480477527731 12 -1
1480477528370 10 1
1480477528969 7 1
1480477531377 3 4
1480477533182 9 1
1480477534365 2 -1
1480477537573 8 2
1480477538227 9 2
1480477539549 0 -1
1480477540450 6 -1
1480477541741 7 -4
1480477543116 3 -2
1480477545631 0 1
1480477547232 3 2
1480477548133 10 -1
1480477549453 8 -1
1480477550730 9 -2
1480477555612 5 -2
1480477557382 8 1
1480477558184 0 -1
1480477561220 3 -1
1480477561993 5 2
1480477562651 10 1
1480477563326 1 -1
1480477568140 10 -1
1480477568878 12 2
1480477569924 8 1
1480477571163 0 1
1480477573670 3 1
1480477574724 1 1
1480477576218 8 -2
1480477577277 12 -2
1480477578347 10 1
1480477579699 3 -2
1480477581545 4 1
1480477582502 1 -1
1480477583117 5 -1
1480477584023 11 4
1480477584758 4 -1
1480477587827 8 1
1480477590358 8 -1
1480477592191 11 -1
1480477593384 11 -1
1480477594127 1 1
1480477594732 5 1
1480477595574 3 1
1480477596218 10 -1
1480477598147 12 2
1480477599348 9 1
1480477600201 6 -1
1480477608582 12 -2
1480477609529 10 1
1480477610322 3 -1
1480477614292 3 1
1480477615514 8 1
1480477616227 9 1
1480477617197 0 -2
1480477619520 3 -1
1480477621460 4 1
1480477623149 1 -1
1480477623943 5 -1
1480477624918 7 1
1480477625687 2 3
1480477629932 0 1
1480477631140 9 -1
1480477631744 9 1
1480477632448 6 1
1480477633218 0 -1
1480477634679 0 1
1480477635757 2 -3
1480477636486 7 -1
1480477637311 0 1
1480477638024 8 -1
1480477640959 8 1
1480477641891 0 -2
1480477642884 4 -1
1480477643799 3 1
1480477644735 0 1
1480477646449 0 1
1480477647207 8 -1
1480477647951 9 -1
1480477650619 6 -1
1480477655979 11 2
1480477656785 3 1
1480477659423 10 -1
1480477660961 10 1
1480477661832 8 1
1480477662372 9 1
1480477663446 6 1
1480477665308 0 -1
1480477666252 7 2
1480477668014 6 1
1480477669021 2 1
1480477672510 9 -3
1480477673726 0 -1
1480477674634 10 -2
1480477675620 1 -1
1480477679963 12 1
1480477694900 12 -1
1480477695736 5 -1
1480477701393 1 1
1480477702265 10 1
1480477703195 6 -1
1480477704408 7 -1
1480477706679 5 1
1480477707511 10 1
1480477709211 0 1
1480477719977 7 1
1480477723998 7 -1
1480477727183 3 -1
1480477730904 11 -2
1480477731743 1 1
1480477732407 5 1
1480477734168 3 -1
1480477735403 4 1
1480477736704 2 2
1480477744266 0 -1
1480477750009 2 -2
1480477750734 4 -1
1480477751591 3 1
1480477752556 10 -2
1480477755123 1 -2
1480477755976 5 -2
1480477757239 11 -2
1480477758009 3 1
1480477758869 7 1
1480477759705 6 1
1480477762808 6 -1
1480477763545 7 -1
1480477764565 1 2
1480477765252 5 2
1480477766871 10 2
1480477768120 0 1
1480477769385 7 3
1480477770832 0 1
1480477773663 0 -1
1480477774816 0 1
1480477775521 8 -1
1480477776575 10 -1
1480477777147 7 -1
1480477777989 5 -2
1480477781959 8 1
1480477783235 0 -2
1480477785589 6 1
1480477787777 0 2
1480477788820 8 -2
1480477790423 5 2
1480477791300 7 1
1480477793701 3 -1
1480477794908 11 2
1480477799776 10 1
1480477801315 3 -3
1480477802953 10 -1
1480477803605 7 -1
1480477805471 5 -2
1480477806521 11 -2
1480477807943 4 1
1480477811141 2 1
1480477812121 8 -1
1480477814752 0 -2
1480477815793 10 -1
1480477816440 7 -1
1480477817339 1 -3
1480477819271 1 -1
1480477820268 4 2
1480477821276 7 1
1480477821907 10 1
1480477822822 0 5
