1482804091562 4 1
1482804111446 2 -2
1482804123459 7 -1
1482804158778 4 -1
1482804164198 11 -2
1482804166822 5 2
1482804266961 7 1
1482804269886 2 3
1482804282454 12 2
1482804284634 8 1
1482804286628 9 1
1482804304889 3 -2
1482804313679 10 1
1482804315385 7 1
1482804326140 11 1
1482804331565 6 -4
1482804334687 2 -3
1482804336942 4 -2
1482804339699 7 -2
1482804342273 1 1
1482804343753 10 1
1482804351727 11 -3
1482804354562 1 1
1482804371163 10 -2
1482804374576 3 3
1482804376221 8 -1
1482804377899 9 -1
1482804379464 12 -2
1482804382861 3 -1
1482804387853 3 2
1482804390457 10 3
1482804392787 0 2
1482804394327 9 -1
1482804395727 8 -1
1482804402537 10 -1
1482804410459 5 -2
1482804419308 1 -1
1482804431115 1 1
1482804432835 5 2
1482804435684 10 1
1482804437878 3 -2
1482804450016 6 1
1482804451645 9 -1
1482804453868 8 1
1482804458698 0 -1
1482804460756 7 1
1482804462506 3 2
1482804464395 7 3
1482804468021 3 -2
1482804480346 2 1
1482804483576 9 -1
1482804491985 11 2
1482804493478 4 1
1482804495183 2 2
1482804505298 9 3
1482804510708 R
1482804521285 4 1
1482804528671 2 -2
1482804552773 7 -1
1482804557145 4 -1
1482804559552 11 -2
1482804561806 5 2
1482804566134 12 2
1482804569972 8 1
1482804576054 9 1
1482804580209 3 -2
1482804589167 7 2
1482804590402 6 -1
1482804592261 11 -2
1482804597071 10 1
1482804598778 6 -3
1482804604530 4 -2
1482804607227 1 2
1482804608841 7 1
1482804610303 10 1
1482804616478 0 2
1482804638493 2 1
1482804640046 6 2
1482804643810 4 1
1482804645364 11 2
1482804647298 2 2
1482804651641 0 -2
1482804654399 6 -2
1482804656440 10 -3
1482804658314 7 -2
1482804662747 3 2
1482804664499 9 -1
1482804665567 8 -1
1482804667317 12 -2
1482804673045 1 -2
1482804674980 5 -2
1482804678012 4 2
1482804684349 4 -2
1482804691995 5 2
1482804694083 1 2
1482804695316 1 -2
1482804696764 5 -2
1482804702279 10 1
1482804703438 2 -3
1482804705571 4 -1
1482804706881 11 -2
1482804708770 4 3
1482804710112 7 -1
1482804716938 4 -3
1482804726002 5 2
1482804728104 4 2
1482804735219 7 1
1482804743491 11 3
1482804745716 2 3
1482804747909 10 -1
1482804751689 0 1
1482804753791 9 -1
1482804759290 5 -2
1482804761514 4 1
1482804762826 11 1
1482804774314 11 -1
1482804804372 9 1
1482804806063 0 -1
1482804807573 10 1
1482804808807 2 -3
1482804814945 4 -3
1482804817232 5 2
1482804820675 11 -3
1482804822441 1 2
1482804823830 3 2
1482804825581 7 3
1482804831249 10 3
1482804854082 10 -3
1482804855334 7 -4
1482804862418 10 1
1482804874712 7 2
1482804876159 6 2
1482804880440 6 -2
1482804882192 7 -2
1482804884339 10 -1
1482804889520 5 -2
1482804891029 1 -2
1482804892188 3 -2
1482804894276 4 3
1482804907789 11 4
1482804917021 7 1
1482804919199 2 3
1482804921255 10 -1
1482804923907 0 1
1482804929178 4 -2
1482804930566 11 -3
1482804933019 5 2
1482804934376 12 2
1482804935869 8 1
1482804937240 9 1
1482804939128 3 -2
1482804941566 7 1
1482804948033 0 -1
1482804949741 10 2
1482804954406 4 1
1482804956281 11 2
1482804958702 6 4
1482804962179 2 -3
1482804964830 2 3
1482804966463 7 -1
1482804969262 10 -1
1482804970786 3 2
1482804979150 2 -3
1482804980812 7 -1
1482804982643 11 -1
1482804986481 8 -1
1482804987624 9 -1
1482804989162 12 -2
1482804991146 5 -2
1482804992941 4 1
1482804997496 11 2
1482805002068 7 1
1482805004824 2 3
1482805006489 10 -1
1482805007677 0 1
1482805016476 9 -3
1482805020423 0 -1
1482805023243 0 1
1482805029762 4 -1
1482805030936 11 -2
1482805032566 5 2
1482805035782 11 1
1482805047331 9 3
1482805050014 0 -1
1482805051522 10 1
1482805053501 2 -3
1482805055268 7 -1
1482805060418 11 -1
1482805062264 5 -2
1482805063834 4 1
1482805068051 11 2
1482805072776 7 1
1482805074832 2 3
