1482646054414 11 -1
1482646057152 5 2
1482646058072 12 2
1482646059576 8 1
1482646060264 9 1
1482646063168 3 -2
1482646066615 2 -2
1482646067320 10 1
1482646067776 7 1
1482646068401 6 -4
1482646069681 10 -1
1482646070408 3 1
1482646071545 7 -2
1482646073072 4 -2
1482646074000 3 2
1482646075376 8 -1
1482646076104 9 -1
1482646076776 12 -2
1482646077360 5 -2
1482646078344 11 1
1482646079608 3 -1
1482646080280 4 3
1482646083160 7 1
1482646083872 2 3
1482646084800 10 -1
1482646087840 10 1
1482646088568 10 -1
1482646091384 4 -2
1482646092064 1 1
1482646093024 5 1
1482646095592 12 1
1482646096313 9 1
1482646098449 10 1
1482646099792 2 -3
1482646100696 4 -1
1482646101536 3 2
1482646103112 7 -1
1482646104168 10 2
1482646108496 0 2
1482646109800 9 -2
1482646110544 8 -1
1482646111648 12 -1
1482646113345 5 -1
1482646115016 3 -1
1482646115736 3 1
1482646117296 3 -1
1482646120129 8 1
1482646120784 0 -1
1482646122384 0 1
1482646123248 8 -1
1482646125272 9 1
1482646125680 8 1
1482646126312 6 1
1482646127040 0 -2
1482646128977 3 1
1482646130032 10 -1
1482646131896 7 2
1482646133144 6 -1
1482646137345 7 -2
1482646138352 3 -1
1482646139152 1 -1
1482646140319 3 1
1482646141416 7 2
1482646142552 6 2
1482646147464 6 -2
1482646148056 10 -1
1482646148496 7 -1
1482646149585 1 1
1482646150048 5 1
1482646150696 12 1
1482646151400 9 1
1482646152624 1 -1
1482646153400 3 -2
1482646154464 11 -3
1482646156048 1 2
1482646156760 3 2
1482646157919 5 1
1482646160264 7 3
1482646161984 10 2
1482646163905 6 2
1482646165000 6 -2
1482646166409 11 -1
1482646167472 3 -1
1482646169960 9 -1
1482646170872 12 -1
1482646171824 10 1
1482646172448 3 -1
1482646173624 4 1
1482646174664 11 2
1482646176872 6 2
1482646178977 6 -2
1482646180713 4 -1
1482646181393 3 1
1482646185441 10 -3
1482646188480 12 1
1482646189088 9 1
1482646190184 10 2
1482646191936 10 -2
1482646192640 3 -1
1482646193720 3 1
1482646194960 11 -2
1482646195656 3 1
1482646196792 7 -4
1482646198025 3 -2
1482646198696 1 -2
1482646199912 5 -1
1482646202208 11 4
1482646203128 4 2
1482646205936 4 -2
1482646207576 3 2
1482646209344 10 1
1482646210008 6 1
1482646212032 1 1
1482646212696 10 1
1482646213696 3 -1
1482646214952 7 1
1482646215536 6 -1
1482646216025 2 1
1482646218304 10 -2
1482646219920 9 -1
1482646220664 12 -1
1482646221616 5 -1
1482646222896 1 -1
1482646223456 3 -1
1482646224568 4 3
1482646228904 2 -1
1482646230176 7 -1
1482646239008 7 1
1482646240104 2 3
1482646241032 10 -1
1482646243416 4 -2
1482646244569 1 1
1482646245360 5 1
1482646246600 12 1
1482646247512 9 1
1482646252409 R
1482646256000 4 1
1482646259944 2 -2
1482646262608 11 -2
1482646263488 4 -1
1482646265128 5 2
1482646266096 12 2
1482646267816 9 1
1482646270817 8 1
1482646271576 3 -2
1482646272768 7 -1
1482646278648 10 1
1482646280128 10 -1
1482646281192 3 2
1482646282824 3 -2
1482646284744 11 1
1482646286208 7 2
1482646286808 6 -1
1482646287768 11 -3
1482646289488 10 1
1482646290474 6 -3
1482646292696 7 -2
1482646293704 4 -2
1482646294889 1 2
1482646295568 10 1
1482646298633 7 3
1482646302680 10 -2
1482646303528 7 -2
1482646304600 3 4
1482646305392 10 2
1482646306208 7 2
1482646307664 0 2
1482646310296 8 -2
1482646311008 9 -2
1482646311664 12 -2
1482646312432 10 1
1482646312944 7 1
1482646315216 10 -1
1482646317784 7 -1
1482646318713 7 1
1482646319144 10 1
1482646319872 8 1
1482646320456 9 1
1482646323776 0 -2
1482646324704 3 -2
1482646326408 11 2
1482646327224 4 1
1482646329376 6 2
1482646331664 2 2
1482646332608 0 2
1482646333385 9 -2
1482646334473 9 -1
1482646335632 8 -3
1482646341176 11 -2
1482646342976 3 -2
1482646344008 0 -2
1482646345736 10 -2
1482646346640 7 -2
1482646347289 1 -4
1482646348088 5 -2
1482646349200 4 2
1482646350080 7 1
1482646350784 10 1
1482646352296 0 5
