1479756575489 4 1
1479756579763 2 1
1479756580757 10 -1
1479756583017 0 1
1479756584029 9 -3
1479756588834 11 -2
1479756590068 11 2
1479756591867 0 -1
1479756594992 10 1
1479756595849 2 -2
1479756604694 4 -1
1479756605808 5 1
1479756607156 12 1
1479756609356 12 -1
1479756609831 12 1
1479756611663 2 2
1479756612973 10 -1
1479756617215 11 -2
1479756618032 5 1
1479756618808 12 1
1479756619420 8 1
1479756620221 3 -2
1479756624220 10 2
1479756624926 2 -2
1479756625821 7 1
1479756626645 6 -3
1479756628358 11 -2
1479756629185 4 -2
1479756630224 7 -1
1479756631721 1 2
1479756632886 10 1
1479756634097 7 2
1479756634946 0 2
1479756639925 6 1
1479756645298 9 1
1479756646116 2 -1
1479756647430 4 1
1479756648512 6 -1
1479756649203 4 -1
1479756654522 6 1
1479756655382 2 1
1479756655974 9 -1
1479756661819 4 1
1479756662229 11 2
1479756663182 2 2
1479756664227 6 -1
1479756664805 9 1
1479756666364 0 -1
1479756667121 7 -2
1479756668126 2 -3
1479756668645 7 -1
1479756669574 4 -1
1479756671512 11 -2
1479756672627 0 1
1479756677987 1 -1
1479756679179 11 3
1479756681080 11 -2
1479756687246 11 2
1479756687971 4 1
1479756689590 11 -3
1479756690415 0 -1
1479756691163 7 2
1479756692396 2 1
1479756693221 9 -1
1479756693919 7 -1
1479756694446 4 -1
1479756699726 1 1
1479756704164 7 2
1479756704819 0 1
1479756708312 6 1
1479756712096 11 2
1479756715313 4 1
1479756715969 2 2
1479756716597 2 -2
1479756717307 4 -1
1479756718722 4 1
1479756722456 2 2
1479756726078 0 -2
1479756727124 6 -1
1479756728485 7 -2
1479756733072 7 2
1479756733917 2 -2
1479756734622 11 -2
1479756735169 4 -1
1479756736197 6 1
1479756737534 11 2
1479756738683 11 -2
1479756739979 7 -1
1479756740508 10 -1
1479756742297 1 -2
1479756745843 1 2
1479756746702 10 1
1479756747060 7 1
1479756747759 11 2
1479756748151 4 1
1479756749274 2 2
1479756749947 6 -1
1479756752560 0 1
1479756753309 9 1
1479756755439 7 -2
1479756758592 11 -1
1479756759810 1 -1
1479756760970 11 2
1479756761831 7 1
1479756762837 2 -3
1479756763721 4 -1
1479756764413 4 1
1479756764930 7 -2
1479756765596 0 1
1479756766872 4 -1
1479756772058 11 -3
1479756780795 1 1
1479756783310 11 2
1479756787500 4 1
1479756788733 U
1479756790031 R
1479756793908 2 -2
1479756795937 4 1
1479756799357 7 -1
1479756806979 7 1
1479756808298 2 3
1479756808843 10 -1
1479756811460 10 1
1479756812726 10 -1
1479756813354 0 1
1479756815262 9 -3
1479756819609 4 -1
1479756820137 4 1
