1479695945202 2 -2
1479695948116 11 -2
1479695948835 5 2
1479695949806 12 2
1479695950350 9 1
1479695950735 8 1
1479695951319 3 -2
1479695952654 10 1
1479695953166 7 1
1479695954905 2 3
1479695955633 10 -2
1479695957646 0 1
1479695959715 0 -1
1479695960752 10 2
1479695961774 6 -4
1479695962411 2 -3
1479695963682 4 -2
1479695964213 11 -1
1479695965364 1 2
1479695966116 7 -2
1479695966771 10 -1
1479695968722 3 4
1479695970659 10 2
1479695971857 0 2
1479695973467 0 -2
1479695975737 10 -2
1479695976538 8 -1
1479695976836 9 -1
1479695977361 12 -2
1479695978062 5 -2
1479695979935 1 -2
1479695980551 3 -2
1479695981368 4 3
1479695982145 11 3
1479695983901 7 1
1479695985750 4 -3
1479695986632 4 3
1479695987635 2 3
1479695989267 10 -1
1479695990949 10 1
1479695991369 2 -3
1479695991963 7 -1
1479695995418 11 -4
1479695997602 4 -3
1479695999234 3 2
1479695999881 1 2
1479696000342 5 2
1479696000936 7 3
1479696001867 7 1
1479696002415 10 3
1479696003749 3 -2
1479696004509 4 1
1479696008038 0 2
1479696008570 8 -1
1479696008919 9 -1
1479696010270 4 -1
1479696011250 3 2
1479696013341 10 -1
1479696013780 7 -1
1479696014546 5 -2
1479696019001 5 2
1479696019617 10 1
1479696020034 7 1
1479696020637 6 2
1479696021723 8 -1
1479696022126 9 -1
1479696022918 3 -4
1479696028819 10 -1
1479696029286 7 -1
1479696030384 5 -2
1479696038537 5 2
1479696039148 10 1
1479696039599 7 1
1479696045559 4 1
1479696046040 11 2
1479696046671 2 3
1479696047534 8 -1
1479696048018 9 -1
1479696049669 0 -2
1479696050564 7 -2
1479696051224 10 -2
1479696051937 1 -3
1479696053641 1 -1
1479696054300 10 2
1479696054863 7 2
1479696057742 4 1
1479696058640 11 1
1479696060239 2 -1
1479696063691 0 2
1479696064687 0 -2
1479696065969 10 -2
1479696066391 7 -2
1479696067103 5 -2
1479696067806 4 1
1479696068263 11 1
1479696069452 7 1
1479696069882 10 1
1479696070627 0 5
