1480475217620 2 -2
1480475222169 7 -1
1480475225593 4 1
1480475237064 7 1
1480475238570 2 3
1480475239976 10 -1
1480475241443 0 1
1480475242837 9 -3
1480475248522 4 -1
1480475249818 5 1
1480475251454 12 1
1480475253322 9 4
1480475255332 0 -1
1480475257122 10 1
1480475259114 2 -3
1480475260783 7 -1
1480475262807 7 1
1480475264940 2 3
1480475266000 2 -3
1480475268532 11 -2
1480475269772 5 1
1480475270859 12 1
1480475272292 8 1
1480475274798 3 -2
1480475293170 2 2
1480475294781 2 1
1480475296853 10 -1
1480475297908 7 1
1480475299232 6 -1
1480475301857 11 1
1480475303204 6 1
1480475307991 0 1
1480475309022 3 1
1480475311518 9 -4
1480475313396 9 4
1480475319902 3 -1
1480475321273 0 -1
1480475324036 7 -1
1480475325357 3 2
1480475326412 8 -1
1480475327259 12 -1
1480475328793 5 -1
1480475331156 11 1
1480475333864 10 1
1480475335935 2 -3
1480475337096 7 -1
1480475343104 R
1480475348274 4 1
1480475349338 4 -1
1480475350368 5 1
1480475352234 11 -1
1480475353518 5 1
1480475355809 12 2
1480475356826 8 1
1480475357827 9 1
1480475359383 3 -2
1480475363797 2 -2
1480475366545 7 -1
1480475368041 10 1
1480475375688 10 -1
1480475377662 3 2
1480475378723 8 -1
1480475379861 9 -1
1480475381752 12 -2
1480475383037 5 -2
1480475384332 4 1
1480475385806 11 1
1480475390162 7 1
1480475391398 2 3
1480475392378 10 -1
1480475393882 0 1
1480475394996 9 -3
1480475400586 4 -1
1480475401617 5 1
1480475402719 12 1
1480475420072 9 3
1480475423332 0 -1
1480475424727 10 1
1480475439488 2 -3
1480475445955 11 -1
1480475447336 5 1
1480475449505 12 1
1480475451044 9 1
1480475452377 8 1
1480475453674 3 -2
1480475454595 10 1
1480475455652 7 1
1480475457706 2 3
1480475460322 10 -2
1480475461963 0 1
1480475463167 3 1
1480475465151 9 -4
1480475468206 3 -1
1480475471332 9 1
1480475473828 9 -1
1480475474818 0 -1
1480475476010 10 2
1480475479779 2 -2
1480475481469 6 -3
1480475483693 11 -3
1480475485396 4 -2
1480475488264 1 2
1480475489774 7 1
1480475490966 10 1
1480475492554 0 2
1480475496093 9 1
1480475497741 2 -1
1480475499778 6 1
1480475501536 0 -1
1480475504893 0 1
1480475507087 0 -1
1480475507935 6 -1
1480475509914 7 -3
1480475511959 1 -1
1480475514032 1 1
1480475515970 7 3
1480475517279 6 1
1480475518212 2 1
1480475519523 9 -1
1480475520581 0 -1
1480475521630 10 -1
1480475522551 7 -1
1480475526951 1 -2
1480475529049 4 2
1480475530502 2 1
1480475532041 6 1
1480475534187 10 -1
1480475555441 10 1
1480475556438 2 -1
1480475557599 6 -2
1480475558907 4 -2
1480475560108 1 2
1480475562794 7 1
1480475563643 10 1
1480475565016 0 2
1480475567318 9 1
1480475568124 2 -1
1480475569464 6 1
1480475571481 6 -1
1480475573658 0 -1
1480475574846 7 -3
1480475582232 0 1
1480475587457 1 -1
1480475588948 1 1
1480475601652 1 -1
1480475603907 11 3
1480475604851 4 1
1480475606150 0 -1
1480475607280 7 2
1480475611335 2 3
1480475613336 9 -1
1480475616087 6 1
1480475619975 2 -2
1480475621188 4 -1
1480475623351 6 -1
1480475624932 7 -1
1480475625938 0 -1
1480475626944 10 -1
1480475628302 1 -1
1480475633149 4 2
1480475634870 2 2
1480475636009 7 1
1480475637354 6 3
1480475638402 10 -2
1480475639826 0 1
1480475641365 7 -1
1480475645316 7 1
1480475646866 6 -1
1480475648174 11 -2
1480475650418 3 1
1480475651847 9 4
1480475653207 0 -1
1480475655252 3 -1
1480475656403 10 2
1480475658487 2 -3
1480475659590 6 -3
1480475661565 11 -1
1480475662874 7 -2
1480475664400 4 -2
1480475665843 1 2
1480475666955 10 1
1480475668506 0 2
1480475669612 6 1
1480475678827 1 -1
1480475680424 11 3
1480475689601 R
