1482893160034 2 -1
1482893165422 11 -2
1482893166272 5 2
1482893166891 12 2
1482893167481 9 1
1482893167950 8 1
1482893168509 3 -2
1482893169164 10 1
1482893169608 7 1
1482893170367 6 -4
1482893177170 4 -2
1482893177930 1 2
1482893178459 10 1
1482893178852 7 1
1482893179494 0 2
1482893185766 R
1482893227775 11 -1
1482893228521 5 2
1482893229062 12 2
1482893229613 9 1
1482893230072 8 1
1482893230514 3 -2
1482893231061 10 1
1482893231438 7 1
1482893232237 6 -4
1482893235605 2 1
1482893236148 10 -2
1482893236710 0 1
1482893238429 7 -1
1482893240688 3 2
1482893241191 9 -2
1482893241701 8 -1
1482893242321 12 -2
1482893243130 5 -2
1482893243771 4 1
1482893245179 11 1
1482893247007 4 -2
1482893249901 5 1
1482893250693 11 -1
1482893251252 5 1
1482893251836 12 2
1482893252328 8 1
1482893252843 3 -1
1482893253382 7 1
1482893254706 4 1
1482893258401 9 2
1482893258882 0 -1
1482893259239 3 -1
1482893259825 10 2
1482893260745 6 4
1482893261679 10 -2
1482893263410 10 2
1482893263989 2 -3
1482893264841 7 -2
1482893265980 10 -1
1482893271795 7 2
1482893272221 10 1
1482893272864 6 -4
1482893273608 4 -2
1482893275707 11 -3
1482893276299 1 2
1482893276803 10 1
1482893277189 7 1
1482893277920 0 2
1482893283653 0 -1
1482893285354 7 -3
1482893286898 1 -1
1482893288390 4 1
1482893289016 7 1
1482893290006 2 2
1482893291085 11 1
1482893291694 2 1
1482893294064 0 -1
1482893294580 10 -3
1482893295210 0 1
1482893296351 1 -1
1482893296887 4 1
1482893301791 0 -1
1482893303434 10 2
1482893304139 2 -3
1482893304561 7 -1
1482893307403 R
1482893343414 5 1
1482893343992 11 -1
1482893344589 5 1
1482893345167 12 2
1482893345603 8 1
1482893346076 9 1
1482893346536 3 -2
1482893347472 7 1
1482893347902 10 1
1482893348592 6 -4
1482893350516 2 1
1482893352637 4 -1
1482893353129 11 -1
1482893353846 1 2
1482893354531 10 1
1482893354899 7 1
1482893355482 0 2
1482893357103 2 -3
1482893357586 4 -1
1482893359984 11 -2
1482893362664 0 -2
1482893363099 10 -2
1482893363598 7 -2
1482893364215 3 4
1482893364756 10 2
1482893365157 7 2
1482893365694 0 2
1482893366875 8 -2
1482893367339 9 -2
1482893367936 12 -2
1482893368545 7 1
1482893369397 10 1
1482893370213 3 -2
1482893373419 4 1
1482893376396 2 2
1482893376870 6 2
1482893377375 9 -2
1482893377790 8 -2
1482893378328 3 -2
1482893379338 10 -1
1482893379703 7 -1
1482893380341 5 -2
1482893385627 8 1
1482893386018 9 1
1482893386461 2 -2
1482893386935 4 -1
1482893389618 5 2
1482893390071 7 1
1482893390477 10 1
1482893391087 3 4
1482893391717 8 2
1482893392212 9 2
1482893392754 6 -2
1482893395710 7 -1
1482893396444 7 1
1482893402333 6 2
1482893402801 2 1
1482893403552 9 -3
1482893404078 8 -2
1482893407205 3 -4
1482893410374 3 4
1482893411227 8 2
1482893414465 9 3
1482893415081 6 -2
1482893415787 0 -2
1482893416530 10 -3
1482893417061 7 -3
1482893417801 3 -2
1482893418215 1 -2
1482893418678 5 -2
1482893419391 4 3
1482893420796 11 4
1482893422233 2 2
1482893422661 10 -1
1482893423148 0 1
1482893428229 0 -1
1482893431705 4 -2
1482893432315 11 -3
1482893433005 1 2
1482893433564 5 2
1482893434979 12 2
1482893435432 9 1
1482893435852 8 1
1482893436263 3 -2
1482893436932 7 2
1482893437518 0 2
1482893444732 3 1
1482893448070 9 -2
1482893449992 9 2
1482893450621 3 -1
1482893451768 0 -2
1482893452381 10 3
1482893452879 0 2
1482893454386 2 -3
1482893454827 4 -1
1482893455333 11 -1
1482893457954 0 -2
1482893458582 7 -3
1482893459334 1 -1
1482893460033 10 -1
1482893460524 1 -1
1482893461270 4 2
1482893462621 7 2
1482893463202 6 3
1482893464985 2 2
1482893465529 11 3
1482893466016 2 1
1482893466685 6 1
1482893467530 10 -2
1482893468154 0 1
1482893469842 7 -1
1482893472685 3 2
1482893473361 9 -4
1482893474547 3 -2
1482893478363 7 1
1482893481371 0 -1
1482893482011 10 2
1482893482582 6 -3
1482893484093 2 -2
1482893484620 4 -2
1482893485159 11 -3
1482893485736 1 2
1482893486310 10 1
1482893486657 7 1
1482893487115 0 2
1482893489946 0 -1
1482893490465 7 -2
1482893491227 1 -1
1482893492126 11 3
1482893493824 11 -2
1482893495351 0 -1
1482893496809 0 1
1482893498004 0 -1
1482893498588 10 -1
1482893499628 10 1
1482893499966 7 1
1482893501885 4 1
1482893502609 1 1
1482893503191 7 1
1482893504459 0 2
1482893505607 9 1
1482893506044 2 -1
1482893507071 0 -1
1482893507501 7 -3
1482893509022 0 1
1482893511215 4 -1
1482893512117 1 -1
1482893512657 11 2
1482893514401 4 1
