1483143905191 7 1
1483143906927 5 1
1483143910151 1 1
1483143912876 9 3
1483143914841 6 -1
1483143916840 4 1
1483143921579 0 1
1483143923629 10 -2
1483143926598 2 -1
1483143928840 11 -1
1483143935727 9 -2
1483143937435 1 -2
1483143945217 5 -2
1483143947420 11 1
1483143950236 2 1
1483143952673 3 -1
1483143954877 7 -1
1483143956539 2 -1
1483143959362 11 -1
1483143962150 4 2
1483143967068 11 1
1483143974073 11 -1
1483143975758 7 -1
1483143980438 4 -2
1483143982922 7 2
1483143985410 11 1
1483143988536 3 1
1483143991287 5 2
1483143993081 0 2
1483144006178 2 3
1483144008392 2 -3
1483144011131 11 -2
1483144013083 5 -1
1483144016755 11 2
1483144018479 5 1
1483144021459 2 3
1483144023792 11 -1
1483144026783 11 -1
1483144032227 4 -1
1483144034422 2 1
1483144037705 11 2
1483144040493 10 2
1483144044165 0 -3
1483144047330 5 -2
1483144049559 11 -2
1483144052492 8 2
1483144054298 10 1
1483144058337 3 -3
1483144063063 5 1
1483144065669 9 -1
1483144067267 1 1
1483144068822 6 2
1483144072067 11 -1
1483144076357 10 -1
1483144081121 6 -2
1483144082417 1 -1
1483144085110 5 -1
1483144089247 8 -1
1483144093860 5 2
1483144096758 2 -3
1483144098881 5 -2
1483144101231 7 -1
1483144103970 4 3
1483144106660 5 1
1483144109145 1 1
1483144110661 6 3
1483144113219 11 -1
1483144115348 0 1
1483144117118 10 -1
1483144118660 3 -1
1483144120548 8 -1
1483144124778 7 -1
1483144129096 4 -2
1483144131906 3 1
1483144133777 10 1
1483144136102 0 -1
1483144137497 11 1
1483144140901 6 -3
1483144142314 1 -1
1483144145482 5 -1
1483144147086 4 2
1483144149510 3 2
1483144151268 7 1
1483144153800 8 1
1483144156243 10 1
1483144159906 2 -1
1483144164274 3 -2
1483144166471 5 1
1483144173046 1 1
1483144175412 6 3
1483144178597 11 1
1483144183807 4 -1
1483144185898 7 1
1483144187661 5 1
1483144189667 1 1
1483144192009 6 -3
1483144194425 9 4
1483144198849 1 -2
1483144206551 5 -2
1483144208939 8 1
1483144225048 8 -1
1483144227014 5 2
1483144229192 1 2
1483144233386 1 -2
1483144236137 1 2
1483144239413 6 3
1483144240907 11 -2
1483144244138 0 1
1483144246380 2 1
1483144249153 10 -4
1483144252426 2 -1
1483144254089 3 -1
1483144256088 8 -1
1483144261043 0 -1
1483144263619 11 4
1483144270766 6 -2
1483144273079 1 -1
1483144276415 1 1
1483144279444 9 -3
1483144281244 1 -1
1483144284207 0 1
1483144288922 5 -1
1483144290691 11 -1
1483144293686 7 -2
1483144295958 4 1
1483144298539 6 1
1483144301842 6 1
1483144306110 10 1
1483144313479 6 -3
1483144314954 1 -1
1483144332524 0 3
1483144334462 0 1
