1482190685061 6 -1
1482190685843 1 -1
1482190686818 5 -1
1482190687888 3 -1
1482190689121 4 3
1482190693785 4 -3
1482190694663 3 1
1482190695433 7 1
1482190696752 5 2
1482190698783 0 3
1482190704233 2 2
1482190706090 11 -3
1482190707468 10 -1
1482190709352 2 -2
1482190713147 5 -1
1482190716336 7 -2
1482190721689 7 1
1482190722977 8 1
1482190724596 10 2
1482190725984 2 -1
1482190730475 11 2
1482190735360 0 -2
1482190736178 5 -1
1482190737027 3 -1
1482190738962 4 3
1482190743442 0 -1
1482190744280 11 -2
1482190745353 2 1
1482190746512 10 -1
1482190749002 3 -2
1482190750137 5 1
1482190754184 10 1
1482190755255 2 -1
1482190760398 11 1
1482190762946 4 -3
1482190764191 7 1
1482190765524 5 1
1482190768174 1 2
1482190769321 6 2
1482190770603 9 3
1482190771481 4 2
1482190772515 9 1
1482190773561 6 1
1482190776353 11 -2
1482190778205 1 -1
1482190780907 2 1
1482190781937 0 1
1482190783560 10 -4
1482190785765 2 -1
1482190786638 3 -1
1482190787560 8 -1
1482190789083 0 -1
1482190792977 11 3
1482190794067 5 -1
1482190795162 7 -2
1482190798419 4 1
1482190799459 0 1
1482190800526 10 1
1482190801595 6 -3
1482190802805 1 -1
1482190806677 0 4
