1481391818010 6 -1
1481391821601 9 1
1481391822490 9 -1
1481391823113 1 -1
1481391830185 4 1
1481391831561 1 1
1481391832410 6 3
1481391833553 9 1
1481391834681 9 -1
1481391837545 6 -2
1481391838802 4 -1
1481391841193 6 1
1481391842265 9 1
1481391843049 0 1
1481391843816 10 -3
1481391844633 2 -1
1481391845356 11 -1
1481391846048 8 1
1481391847264 8 -1
1481391847873 7 -1
1481391849520 7 2
1481391850904 5 1
1481391852000 1 1
1481391852953 9 2
1481391854712 0 -1
1481391855880 11 -2
1481391856681 2 1
1481391857624 8 1
1481391859648 8 -1
1481391861888 2 -1
1481391863107 11 1
1481391865799 9 -2
1481391866519 1 -1
1481391867783 5 -1
1481391868639 7 -2
1481391870439 7 2
1481391871119 5 1
1481391916190 6 -1
1481391917197 1 1
1481391918069 9 2
1481391918957 11 -1
1481391921229 11 3
1481391924710 R
1481391931053 7 1
1481391933388 5 1
1481391934180 2 3
1481391935884 2 -1
1481391936924 4 1
1481391938771 6 2
1481391940812 11 -4
1481391941867 0 1
1481391942571 10 -1
1481391943739 2 -2
1481391944795 1 1
1481391950059 1 -1
1481391951500 2 1
1481391954139 2 -1
1481391954812 5 -1
1481391956515 7 -2
1481391958827 7 2
1481391959483 5 1
1481391961403 2 1
1481391963762 2 1
1481391967266 10 1
1481391968227 0 -1
1481391970418 11 3
1481391973850 11 1
1481391974882 2 -2
1481391975754 1 1
1481391976691 0 1
1481391977450 10 -1
1481391978741 1 -1
1481391982626 6 -3
1481391983457 1 -1
1481391984370 0 2
1481391985826 9 1
1481391986442 10 -1
1481391986970 2 -1
1481391988818 11 -2
1481391990018 8 1
1481391991554 11 1
1481391993018 8 -1
1481391993617 11 1
1481391994265 2 1
1481391995489 2 1
1481391996626 2 1
1481391997385 11 -2
1481391998226 8 1
1481391999075 10 3
1481392000040 9 -1
1481392001169 11 -1
1481392002088 2 -3
1481392005808 5 -1
1481392008312 5 1
1481392009130 11 2
1481392011688 0 -2
1481392013035 1 2
1481392013657 1 -2
1481392014361 0 2
1481392018720 11 -2
1481392024432 4 -1
1481392025936 4 1
1481392028736 11 2
1481392029839 0 -2
1481392030655 5 -2
1481392031744 7 -1
1481392033727 7 1
1481392035208 5 2
1481392035919 0 2
1481392036591 11 -2
1481392037647 5 -1
1481392038799 11 2
1481392039399 0 -3
1481392040151 11 -2
1481392040558 5 1
1481392041599 5 -2
1481392042295 3 -3
1481392043239 5 2
1481392044567 2 3
1481392046655 2 -3
1481392047791 2 3
1481392049375 10 -1
1481392049974 8 -1
1481392052014 2 -2
1481392052671 5 -2
1481392053415 7 -2
1481392054102 5 1
1481392057006 5 -1
1481392057758 7 2
1481392058391 5 2
1481392060224 5 -2
1481392063911 5 2
1481392065590 5 -2
1481392066382 8 2
1481392067030 10 1
1481392067710 2 -1
1481392072309 3 2
1481392073213 11 2
1481392075397 8 -1
1481392076381 3 1
1481392077621 5 1
1481392079246 4 -1
1481392081677 5 -1
1481392082206 11 -1
1481392083925 5 1
1481392084478 11 1
1481392085965 0 3
1481392086486 4 1
1481392087957 0 -3
1481392088486 1 1
1481392089021 6 3
1481392090149 9 1
1481392090853 0 1
1481392093437 6 -2
1481392094125 4 -1
1481392095653 6 1
1481392105292 4 1
1481392107693 6 -2
1481392108420 1 -1
1481392109068 5 -1
1481392110548 3 -1
1481392111101 7 -1
1481392111619 4 2
1481392113332 4 -2
1481392114460 3 1
1481392114956 7 1
1481392115980 5 1
1481392117363 0 2
1481392117980 11 -1
1481392120051 9 -1
1481392120683 11 -1
1481392121755 2 1
1481392122451 10 -2
1481392122979 8 -1
1481392124483 5 1
1481392125259 4 -1
1481392127043 5 -1
1481392127651 7 -2
1481392130819 4 1
