1482416572643 0 1
1482416574491 0 -1
1482416577154 6 -1
1482416578883 1 -1
1482416584690 0 3
1482416585874 0 -3
1482416589986 4 1
1482416600242 5 -1
1482416601131 3 -1
1482416602226 4 2
1482416612530 4 -3
1482416614009 3 1
1482416614882 7 1
1482416615770 5 2
1482416618474 2 3
1482416620417 0 3
1482416623754 9 1
1482416625563 9 -1
1482416629209 2 -3
1482416632002 0 -1
1482416634329 0 -1
1482416635762 1 2
1482416638755 4 1
1482416641538 4 -1
1482416642290 1 -2
1482416643745 5 -2
1482416646206 3 -1
1482416646955 7 -1
1482416653739 3 1
1482416654577 7 1
1482416655881 5 2
1482416657258 2 3
1482416660763 0 2
1482416662363 11 -3
1482416664770 2 -3
1482416671930 10 -1
1482416676060 8 1
1482416679834 4 1
1482416688906 2 2
1482416689730 10 2
1482416691737 11 2
1482416697729 9 1
1482416700778 0 -2
1482416701562 1 1
1482416702817 6 3
1482416704835 0 -1
1482416705883 9 -1
1482416709675 11 -3
1482416711114 0 1
1482416713514 2 -3
1482416714946 1 1
1482416715970 1 -1
1482416722449 5 -1
1482416723506 8 1
1482416727025 2 1
1482416728090 0 -1
1482416730646 11 1
1482416731730 6 -3
1482416733034 1 -1
1482416739585 4 -1
1482416742106 5 -1
1482416743106 3 -3
1482416743923 8 -1
1482416744673 7 -1
1482416745995 4 3
1482416752348 5 1
1482416755697 1 1
1482416756377 6 3
1482416757418 11 -1
1482416763306 0 1
1482416764018 2 -1
1482416767218 0 -1
1482416767874 11 2
1482416768633 6 -3
1482416769954 1 -1
1482416770746 11 -1
1482416772905 1 1
1482416773395 1 -1
1482416774506 11 1
1482416776314 5 -1
1482416777689 5 1
1482416780978 11 -1
1482416784626 5 -1
1482416786009 5 1
1482416786729 1 1
1482416788019 6 3
1482416789306 11 -1
1482416802570 11 2
1482416804818 6 -3
1482416805929 1 -1
1482416809571 11 -1
1482416811201 5 -1
1482416812841 3 2
1482416813866 2 1
1482416817626 2 -1
1482416818257 11 2
1482416822193 11 -2
1482416822970 2 1
1482416827139 3 -2
1482416827953 5 1
1482416829320 1 1
1482416830666 6 3
1482416831673 11 -1
1482416834258 2 -1
1482416835673 11 2
1482416842929 9 1
1482416844513 6 -3
1482416846049 1 -1
1482416849930 4 -3
1482416850866 7 1
1482416851520 5 1
1482416853737 4 2
1482416858339 1 2
1482416859753 9 3
1482416862659 1 -2
1482416865905 5 -2
1482416867001 3 2
1482416868234 11 -1
1482416869106 2 1
1482416872018 3 -2
1482416872954 5 2
1482416873755 2 2
1482416874800 11 1
1482416885817 1 1
1482416888657 6 3
1482416889977 11 -2
1482416891416 0 1
1482416893152 2 -3
1482416897585 0 -1
1482416898520 11 2
1482416899472 6 -3
1482416901672 1 1
1482416902184 9 -4
1482416906072 1 -2
1482416906928 11 -1
1482416909241 4 -2
1482416911016 5 -2
1482416912017 3 3
1482416913192 11 2
1482416914080 11 -2
1482416914824 8 1
1482416917153 2 1
1482416918865 3 -3
1482416919649 8 -1
1482416920815 5 2
1482416923869 4 2
1482416924844 2 2
1482416926505 11 1
