1481843070327 6 -1
1481843077895 1 -1
1481843081222 0 2
1481843082554 9 1
1481843096886 0 -1
1481843102846 0 1
1481843108285 0 -1
1481843112901 10 -2
1481843114355 2 -1
1481843117798 11 -1
1481843122142 5 -1
1481843127134 7 1
1481843139416 5 2
1481843142149 11 1
1481843154821 2 4
1481843157845 11 -1
1481843160773 5 -1
1481843162485 8 2
1481843164152 10 3
1481843168783 9 -1
1481843170229 0 -1
1481843173141 11 -2
1481843174573 5 -1
1481843179445 3 -3
1481843180955 8 -1
1481843191605 5 1
1481843196259 5 1
1481843197840 2 -4
1481843208693 1 2
1481843209605 6 2
1481843214910 1 -1
1481843215907 5 -1
1481843216829 7 -1
1481843218541 4 3
1481843219886 6 -2
1481843222014 6 3
1481843225702 11 -1
1481843228237 0 1
1481843229361 2 1
1481843231846 0 -1
1481843232821 11 1
1481843234038 6 -3
1481843239709 1 -1
1481843241893 2 -1
1481843245103 5 -1
1481843251237 3 2
1481843257326 11 2
1481843259621 0 1
1481843261277 9 1
1481843263853 0 -1
1481843264605 9 -1
1481843265931 11 -2
1481843266992 3 -2
1481843268207 5 1
1481843275544 2 1
1481843276814 10 -1
1481843277665 8 -1
1481843279315 7 -1
1481843286102 4 -3
1481843287486 7 2
1481843289758 5 1
1481843307158 2 1
1481843308614 2 1
1481843316271 11 1
1481843327022 11 -1
1481843328592 2 -2
1481843334385 8 1
1481843335558 10 1
1481843336398 2 -1
1481843346606 5 -1
1481843347661 7 -1
1481843351629 4 3
1481843354352 1 1
1481843355328 6 3
1481843357844 11 -1
1481843362149 0 1
1481843363389 2 1
1481843364695 10 -2
1481843366353 3 -1
1481843367365 8 -1
1481843368982 7 -1
1481843371734 4 -2
1481843373072 7 1
1481843374789 7 1
1481843379582 5 1
1481843394575 U
1481843397182 U
1481843397670 U
1481843397899 U
1481843398373 U
1481843398678 U
1481843398978 U
1481843399205 U
1481843399469 U
1481843403085 U
1481843412349 4 -2
1481843414096 7 1
1481843417294 5 1
1481843427455 1 1
1481843465061 1 -1
1481843479233 11 2
1481843481472 6 -3
1481843482862 1 -1
1481843486586 5 -1
1481843487544 7 -1
1481843488548 4 1
1481843488873 4 1
1481843496069 4 -3
1481843498838 5 -1
1481843504038 3 3
1481843507678 11 1
1481843510799 0 1
1481843516006 5 1
1481843519374 0 2
1481843521750 11 -2
1481843523421 2 1
1481843527935 10 -2
1481843534095 8 -1
1481843539471 7 -1
1481843546279 10 1
1481843547350 7 1
1481843548586 8 1
1481843549375 10 1
1481843550432 2 -1
1481843551817 11 2
1481843564080 0 -2
1481843566503 7 1
1481843574927 5 1
1481843589934 0 2
1481843593686 11 -2
1481843595977 2 4
1481843606502 11 1
1481843609301 10 -2
1481843611334 8 -1
1481843617517 11 -1
1481843620456 2 -3
1481843623070 5 -1
1481843625013 7 -2
1481843627054 4 1
1481843636486 7 1
1481843637242 8 1
1481843638107 10 2
1481843639025 2 -1
1481843639808 11 2
1481843641598 0 -1
1481843651718 0 -2
1481843652137 11 -2
1481843652734 5 -1
1481843653668 3 -3
1481843655119 4 2
1481843658622 5 1
1481843660142 5 -1
1481843661189 3 2
1481843661869 11 2
1481843662662 0 1
1481843665951 0 -1
1481843666761 11 -2
1481843668177 3 -2
1481843669051 2 1
1481843669788 10 -1
1481843671071 8 -1
1481843672681 7 -1
1481843674570 5 1
1481843677455 7 1
1481843679198 5 -1
1481843683054 3 2
1481843684437 8 1
1481843685898 10 1
1481843687457 2 -1
1481843689539 11 2
1481843697325 0 1
1481843710142 0 -1
1481843711725 11 -2
1481843712893 2 1
1481843713994 10 -1
1481843715722 8 -1
1481843717630 7 -1
1481843719186 3 -2
1481843721418 5 1
1481843722800 1 1
1481843724831 6 3
1481843728686 11 -1
1481843734214 0 1
1481843735665 10 -1
1481843737813 3 -1
1481843740573 7 1
1481843741741 8 1
1481843747294 3 1
1481843748954 10 2
1481843753050 10 -2
1481843757174 4 -1
1481843759157 7 1
1481843761330 8 -1
1481843762887 3 -1
1481843764749 5 1
1481843772390 2 2
