1482409848423 6 -1
1482409849151 1 -1
1482409853478 5 -1
1482409854439 7 1
1482409855239 5 2
1482409856126 2 3
1482409857199 11 -3
1482409859783 5 -2
1482409862702 8 1
1482409863407 8 1
1482409865095 8 -1
1482409866118 5 2
1482409866967 10 1
1482409868207 2 -4
1482409869294 5 -2
1482409870391 3 -3
1482409874110 11 1
1482409876191 7 -1
1482409877423 4 3
1482409882399 5 1
1482409883015 1 1
1482409883879 6 3
1482409884782 11 -2
1482409886431 2 1
1482409887575 10 -1
1482409888303 8 -1
1482409889903 7 -1
1482409891711 11 1
1482409892912 6 -3
1482409894207 1 -1
1482409895135 5 -1
1482409896056 7 1
1482409898055 8 1
1482409901039 5 1
1482409902238 1 1
1482409903048 6 3
1482409904199 11 -1
1482409905078 0 1
1482409906023 10 -1
1482409906799 3 -1
1482409907407 8 -1
1482409909704 7 -1
1482409914598 4 -2
1482409915423 7 2
1482409916319 5 1
1482409923247 4 1
1482409924152 1 1
1482409926071 1 -1
1482409926886 2 2
1482409927831 3 1
1482409928343 8 1
1482409929135 10 2
1482409929783 2 -3
1482409933487 1 1
1482409935574 4 -1
1482409936726 1 -1
1482409938710 5 -1
1482409939622 8 1
1482409940583 8 -1
1482409941167 5 1
1482409942351 2 1
1482409942951 0 -1
1482409943831 11 1
1482409945767 6 -3
1482409946831 1 -1
1482409948031 2 2
1482409950375 10 -1
1482409951183 8 -1
1482409952567 2 -2
1482409954846 5 -1
1482409956399 7 -2
1482409957255 4 2
1482409959342 1 1
1482409959895 6 3
1482409961519 11 -1
1482409962311 0 1
1482409963127 10 -1
1482409963959 3 -1
1482409966287 7 1
1482409968007 8 1
1482409968415 3 1
1482409969047 10 2
1482409971182 0 -1
1482409971984 11 1
1482409972848 6 -3
1482409973967 1 -1
1482409975887 2 -1
1482409976550 11 1
1482409977526 11 -1
1482409978198 5 -1
1482409978863 3 2
1482409979735 11 2
1482409980790 0 1
1482409982903 9 1
1482409986327 4 -3
1482409987550 3 1
1482409988591 7 1
1482409989431 5 2
1482409990295 0 2
1482409993175 9 -1
1482409993991 11 -2
1482409999287 2 4
1482410000647 10 -2
1482410002783 8 -1
1482410003703 5 -1
1482410004999 7 -2
1482410007039 7 2
1482410007735 5 1
1482410008527 2 -3
1482410009814 5 -1
1482410011007 7 -2
1482410014215 10 1
1482410019047 7 2
1482410019831 5 1
1482410026527 2 2
1482410027400 11 3
1482410028695 2 -2
1482410031895 2 2
1482410032831 11 -3
1482410033895 2 -2
1482410035975 10 -1
1482410037415 8 1
1482410038079 8 -1
1482410038896 5 -1
1482410039999 7 -2
1482410042078 10 1
1482410053263 10 -1
1482410054847 7 2
1482410056287 5 1
1482410057831 2 3
1482410059695 11 2
1482410060936 0 -2
1482410062287 5 -2
1482410063927 7 -2
1482410064831 3 -1
1482410068991 10 1
1482410070719 0 -1
1482410071495 11 -2
1482410072719 3 -2
1482410074311 7 1
1482410077071 3 2
1482410078239 11 3
1482410086375 11 -2
1482410089303 7 -1
1482410092431 7 2
1482410093535 3 -1
1482410095503 3 -1
1482410097094 5 2
1482410099031 11 -1
1482410100799 11 1
1482410101768 1 2
1482410102703 6 2
1482410103831 6 -2
1482410106391 1 -1
1482410107415 11 -1
1482410108600 2 -3
1482410110335 4 2
1482410111320 4 -2
1482410112143 5 -1
1482410112918 7 -2
1482410113944 4 3
1482410115407 1 -1
1482410116855 5 -1
1482410119191 7 1
1482410120671 7 -1
1482410121551 5 1
1482410123463 5 -1
1482410124303 7 1
1482410125872 3 2
1482410126695 8 1
1482410127303 10 1
1482410128151 2 -1
1482410129727 11 2
1482410133672 9 1
1482410134815 0 1
