1482783128766 4 1
1482783137616 6 2
1482783143256 9 1
1482783146512 0 1
1482783147521 10 -3
1482783151240 2 -1
1482783152449 11 -1
1482783153714 7 -1
1482783171068 R
1482783177628 7 1
1482783178893 5 1
1482783192894 6 -1
1482783194102 1 -1
1482783196150 5 -2
1482783197294 3 -1
1482783198199 7 -1
1482783199680 4 3
1482783205201 0 1
1482783206112 10 -1
1482783216905 10 1
1482783226371 9 1
1482783227515 10 -2
1482783229691 2 -1
1482783230845 11 -1
1482783232163 7 -1
1482783235820 4 -3
1482783243621 7 1
1482783244638 11 1
1482783245606 2 1
1482783247989 2 -1
1482783248502 2 1
1482783249581 10 2
1482783252414 9 -1
1482783261471 10 -1
1482783265904 10 1
1482783266672 7 1
1482783267240 3 1
1482783341641 9 1
1482783343227 10 -2
1482783344826 2 -1
1482783347651 11 -1
1482783351748 5 2
1482783354709 4 1
1482783355948 1 2
1482783358021 9 2
1482783363550 11 1
1482783367382 9 -2
1482783368534 4 -1
1482783369517 1 -2
1482783370558 11 -1
1482783371542 5 -1
1482783372918 7 -2
1482783374695 5 -1
1482783375623 3 -1
1482783376974 4 3
1482783381320 U
1482783387824 3 1
1482783389032 5 1
1482783393025 7 2
1482783395153 11 1
1482783395826 5 1
1482783398066 1 2
1482783398905 9 2
1482783399938 6 2
1482783400937 10 -1
1482783402282 0 -1
1482783403578 11 -3
1482783407888 6 -1
1482783410058 11 1
1482783411043 9 -2
1482783412123 1 -1
1482783413595 5 -1
1482783414852 7 -2
1482783416756 11 1
