1481404150786 6 -1
1481404152370 1 -1
1481404156548 0 3
1481404158720 10 -1
1481404161650 9 1
1481404163064 10 -1
1481404164820 2 -1
1481404166578 11 -2
1481404168153 7 -1
1481404176701 11 1
1481404177693 0 -2
1481404180550 5 -1
1481404182229 3 -1
1481404183838 4 2
1481404185540 4 1
1481404192677 4 -3
1481404194343 3 1
1481404195366 5 1
1481404199254 0 2
1481404208269 0 -2
1481404213704 5 -1
1481404219391 7 2
1481404220328 5 2
1481404221913 11 1
1481404223390 2 4
1481404225952 5 -1
1481404228926 10 2
1481404230557 0 -1
1481404232410 0 3
1481404233612 9 -1
1481404237536 11 -3
1481404238978 5 1
1481404240830 2 -3
1481404243039 2 3
1481404244274 11 3
1481404246054 2 -3
1481404256629 2 3
1481404258120 5 -1
1481404259518 11 -3
1481404260767 7 -2
1481404263112 10 -1
1481404266750 11 2
1481404267938 10 1
1481404268671 0 -3
1481404270287 5 -1
1481404271272 3 -1
1481404272904 11 -2
1481404274965 3 -2
1481404276200 5 1
1481404285454 5 -1
1481404286717 3 3
1481404287773 5 1
1481404587493 5 -1
1481404588634 3 -3
1481404589953 5 1
1481404591490 7 2
1481404592343 5 1
1481404593396 2 -3
1481404597691 1 2
1481404599165 6 2
1481404602658 1 -1
1481404603923 2 3
1481404604798 11 1
1481404605652 1 1
1481404606786 9 3
1481404610283 11 -1
1481404614515 6 -2
1481404620511 6 2
1481404622440 11 1
1481404623923 9 -2
1481404624899 1 -1
1481404626085 2 -1
1481404626866 4 2
1481404627778 6 1
1481404630630 9 -1
1481404634557 6 -3
1481404635291 1 -1
1481404640335 11 -1
1481404641225 2 -2
1481404645848 1 2
1481404646940 6 3
1481404652275 1 -1
1481404653329 2 2
1481404654197 11 1
1481404657334 11 -2
1481404658419 0 1
1481404660261 2 -2
1481404670943 10 -1
1481404671731 3 -1
1481404679985 2 2
1481404680844 2 -2
1481404681608 1 1
1481404687950 1 -1
1481404689254 2 2
1481404696310 2 -2
1481404697066 5 -1
1481404698067 7 -2
1481404699269 4 1
1481404709052 3 1
1481404709990 10 1
1481404711307 0 -1
1481404719542 11 1
1481404720558 6 -3
1481404722371 1 -1
1481404723721 5 -1
1481404725985 3 2
1481404732113 4 -2
1481404733348 3 1
1481404735151 5 1
1481404737000 1 1
1481404738112 6 3
1481404745909 7 2
1481404746791 5 1
1481404753254 2 2
1481404756713 11 3
1481404759422 0 1
1481404764640 9 1
1481404766004 10 -3
1481404768026 2 -3
1481404775724 1 1
1481404779213 6 -2
1481404780719 1 -1
1481404787505 6 2
1481404789699 10 1
1481404790573 6 -3
1481404791658 1 -1
1481404792978 0 1
1481404794463 0 1
1481404798616 11 -2
1481404809270 11 1
1481404810683 0 -2
1481404812027 5 -2
1481404812989 3 -1
1481404827987 4 1
1481404829000 7 -2
1481404832249 4 1
1481404835379 4 -3
1481404836604 3 1
1481404838010 5 1
1481404838908 0 2
1481404840000 11 -1
1481404849593 4 1
1481404852172 11 1
1481404853241 0 -2
1481404854318 1 1
1481404855159 6 3
1481404856861 10 -1
1481404860914 6 -2
1481404862274 4 -1
1481404865958 7 1
1481404867476 11 1
1481404868343 2 1
1481404869355 10 3
1481404870737 9 -1
1481404872945 0 -1
1481404874311 6 -1
1481404875795 1 -1
1481404878589 0 3
1481404883243 9 1
1481404888959 10 -2
1481404889779 2 -1
1481404890732 11 -2
1481404894362 7 1
1481404895340 5 1
1481404901545 11 2
1481404904957 0 -2
1481404907517 1 1
1481404908236 4 1
1481404909197 6 3
1481404911899 1 1
1481404912943 10 -1
1481404914591 9 2
1481404918027 0 -1
1481404919594 11 -4
1481404924319 0 1
1481404925297 2 1
1481404926530 10 3
1481404931915 0 -1
1481404933460 0 1
1481404934243 10 -2
1481404935303 2 -1
1481404936484 10 -1
1481404937240 0 -1
1481404938358 11 4
1481404939661 0 1
1481404940320 2 1
1481404941879 10 3
1481404944509 9 -3
1481404947327 6 -3
1481404948733 1 -2
1481404952167 0 2
1481404954135 2 2
1481404955812 11 -3
1481404963831 11 1
1481404964824 9 1
1481404965962 10 -2
1481404972504 4 -1
1481404973456 2 1
1481404976651 5 -1
1481404977549 7 -2
1481404986924 7 2
1481404987644 5 1
1481404988398 2 -1
1481404990092 4 1
1481404996080 11 1
1481404997205 0 -2
1481405001025 1 1
1481405001864 6 3
1481405004949 10 -1
1481405008315 11 1
1481405009523 2 -3
1481405016401 11 -1
1481405018159 5 -1
1481405019549 7 -2
1481405029419 7 2
1481405030269 5 1
1481405031098 11 1
1481405032541 6 -2
1481405033721 1 1
1481405034858 9 2
1481405036959 10 1
1481405038012 6 -1
1481405038972 9 -2
1481405040010 1 -2
1481405040978 0 2
1481405047471 4 -1
1481405057436 2 3
1481405059744 11 -2
1481405065045 11 2
1481405066045 2 -3
1481405066917 11 -2
1481405069860 4 1
1481405085375 11 1
1481405086608 0 -2
1481405088608 5 -2
1481405089966 4 -1
1481405090948 3 -1
1481405091563 7 -2
1481405092579 4 3
1481405094406 7 1
1481405095468 11 1
1481405099237 2 1
1481405100346 10 2
1481405105038 0 -1
1481405106858 9 -1
1481405116935 4 -3
1481405118309 3 1
1481405119332 5 1
1481405123838 7 1
1481405124615 5 1
1481405125514 1 2
1481405127692 9 3
1481405132547 9 -2
1481405133643 1 -2
1481405136605 0 3
1481405142460 10 -2
1481405152147 2 3
1481405153785 11 -2
1481405163731 11 1
1481405164958 0 -2
1481405166041 5 -2
1481405167188 3 -1
1481405173701 11 1
1481405176453 10 2
1481405177868 0 -1
1481405179521 11 -2
1481405180833 3 -2
1481405182324 5 2
1481405196757 1 2
1481405197739 9 2
1481405198793 11 -1
1481405201205 6 2
1481405204920 6 -2
1481405205973 11 1
1481405206824 9 -1
1481405208823 9 -1
1481405209821 1 -2
1481405214183 9 -1
1481405214916 11 -1
1481405216207 2 -3
1481405222449 5 -1
1481405223433 7 -2
1481405224267 4 3
1481405229701 1 1
1481405231260 6 3
1481405240585 11 -1
1481405243048 11 1
1481405245943 7 1
1481405247463 8 1
1481405248352 10 1
1481405249227 2 -1
1481405250490 11 1
1481405251520 9 1
1481405252567 6 -3
1481405254588 1 -1
1481405258327 5 -1
1481405259311 3 2
1481405260277 11 1
1481405261384 0 1
1481405266943 9 -1
1481405267518 0 -1
1481405268322 11 -2
1481405270530 3 -2
1481405271951 2 1
1481405273138 10 -1
1481405274314 5 1
1481405276759 8 -1
1481405277624 7 -1
1481405280147 1 1
1481405281278 6 3
1481405282300 11 -1
1481405283269 0 1
1481405285928 10 -1
1481405286898 3 -1
1481405296890 7 1
1481405298222 4 -1
1481405299199 7 1
1481405299972 5 1
1481405301398 1 1
1481405310812 1 -1
1481405311896 3 1
1481405312771 8 1
1481405313723 10 1
1481405315626 2 2
1481405316953 0 -1
1481405318039 11 2
1481405319974 6 -2
1481405321331 11 -1
1481405323330 2 -2
1481405325539 8 -1
1481405326958 5 -1
1481405327754 7 -2
1481405328715 4 1
1481405329775 6 -1
1481405330556 1 -1
1481405332803 5 -1
1481405333570 3 2
1481405336238 7 1
1481405339454 8 1
1481405340148 10 1
1481405344293 3 -2
1481405345001 5 1
1481405347750 1 1
1481405348395 6 3
1481405350200 11 -1
1481405353962 0 1
1481405355076 10 -2
1481405356278 3 -1
1481405357442 8 -1
1481405369586 7 -1
