1481397313957 4 1
1481397315975 6 2
1481397319723 0 1
1481397321185 9 1
1481397323335 10 -3
1481397329345 7 1
1481397330903 5 1
1481397334005 2 -1
1481397338227 1 1
1481397341681 6 -2
1481397343424 9 2
1481397348520 10 1
1481397350181 R
1481397360764 7 1
1481397362702 5 1
1481397366868 1 1
1481397369214 6 1
1481397372751 9 3
1481397377381 0 1
1481397379512 10 -3
1481397383673 2 -1
1481397393613 4 1
1481397395303 6 1
1481397402946 10 1
1481397404269 2 1
1481397406092 10 2
1481397407931 9 -3
1481397409599 6 -3
1481397412307 1 -2
1481397414021 0 2
1481397423180 9 1
1481397424870 10 -2
1481397428788 2 -1
1481397430750 11 -2
1481397434774 5 -1
1481397442851 7 -2
1481397450812 4 -1
1481397453086 R
1481397462649 6 1
1481397476617 R
1481397481083 0 1
1481397482694 10 -1
1481397487737 6 -1
1481397489413 1 -1
1481397491847 0 2
1481397507220 9 1
1481397508520 10 -1
1481397511564 2 -1
1481397519494 11 -2
1481397523266 7 1
1481397524916 5 1
1481397528685 8 1
1481397530804 4 1
1481397536347 8 -1
1481397539631 5 -1
1481397545360 R
1481397561711 9 1
1481397562900 0 1
1481397565059 10 -3
1481397567854 0 -1
1481397570712 2 -1
1481397573736 11 -2
1481397578386 7 -1
1481397583690 6 1
1481397593546 R
1481397597982 4 1
1481397601424 6 2
1481397615741 6 -1
