1480961012953 6 -1
1480961014401 1 -1
1480961016283 0 3
1480961019612 7 1
1480961020739 5 1
1480961021852 2 3
1480961024885 11 -3
1480961026618 2 -3
1480961029044 5 -1
1480961045940 8 1
1480961047524 10 1
1480961048651 2 -1
1480961050049 11 2
1480961051672 0 -2
1480961053639 5 1
1480961056882 0 -1
1480961058032 1 2
1480961060965 9 3
1480961062872 11 -2
1480961066053 2 1
1480961072206 R
1480961080519 6 -1
1480961083242 1 -1
1480961084604 5 -1
1480961089629 7 1
1480961090557 5 2
1480961091474 2 3
1480961094085 5 -2
1480961095211 11 -3
1480961097401 3 -3
1480961098874 8 1
1480961100249 10 1
1480961108267 5 2
1480961109665 2 -4
1480961113555 5 -2
1480961114963 3 3
1480961116622 11 2
1480961118231 5 2
1480961124953 0 3
1480961126191 11 -2
1480961129174 2 1
1480961130498 10 -2
1480961131798 8 -1
1480961135190 5 -1
1480961136180 7 -2
1480961147903 R
1480961152089 0 1
1480961153005 9 1
1480961154343 10 -3
1480961156310 2 -1
1480961157499 0 -1
1480961159206 11 -2
1480961163973 4 1
1480961165507 6 2
1480961170563 7 -1
1480961176606 R
1480961180355 7 1
1480961181530 5 1
1480961182868 2 3
1480961185454 6 -1
1480961186717 1 -1
1480961188314 5 -2
1480961189811 11 -3
1480961193884 3 -3
1480961197735 5 2
1480961199133 2 -3
1480961204556 5 -1
1480961205879 8 2
1480961206983 10 1
1480961208665 2 -1
1480961211525 11 1
1480961212490 1 1
1480961220203 4 2
1480961221738 8 -1
1480961222814 7 -1
1480961223941 4 1
1480961225340 6 3
1480961227098 11 -2
1480961230860 0 1
1480961231777 2 1
1480961232978 10 -2
1480961241148 8 -1
1480961242362 3 -1
1480961244516 4 -1
1480961245630 7 1
1480961246818 5 1
1480961249257 2 2
1480961253954 3 1
1480961254770 8 1
1480961255773 10 2
1480961256740 0 -1
1480961258064 11 2
1480961259762 10 -1
1480961263474 6 -3
1480961264912 1 -1
1480961266088 4 -2
1480961268317 2 1
1480961269753 5 -2
1480961271102 3 3
1480961272576 8 -1
1480961274643 11 2
1480961276154 0 1
1480961280385 5 2
1480961281710 0 2
1480961282898 11 -3
1480961284967 5 -1
1480961287802 10 -1
1480961289485 7 -2
1480961294463 11 1
1480961298105 11 -1
1480961299440 11 2
1480961304269 7 2
1480961305358 5 1
1480961306251 11 1
1480961308280 9 1
1480961309196 10 -1
1480961311203 2 -4
1480961313530 5 -1
1480961314335 11 -2
1480961315932 7 -2
1480961328624 4 1
1480961330370 4 -1
1480961334616 R
1480961338574 4 1
1480961339650 6 2
1480961342597 6 -3
1480961347872 1 -1
1480961348924 5 -1
1480961352343 0 1
1480961353123 9 1
1480961354112 10 -2
1480961355870 2 -1
1480961357481 11 -1
1480961360006 5 1
1480961363770 0 2
1480961370638 11 -1
1480961374401 7 1
1480961375911 5 1
1480961377917 11 2
1480961380827 0 -2
1480961382821 4 -1
1480961384764 2 4
1480961386720 5 -2
1480961388020 3 -1
1480961389321 11 -1
1480961394835 7 -2
1480961396482 3 1
1480961398165 5 1
1480961399415 0 2
1480961402565 11 -1
1480961405760 R
1480961410020 7 1
1480961412645 6 -1
1480961413587 1 -1
1480961414578 5 -1
1480961416918 5 2
1480961417873 2 3
1480961419370 5 -2
1480961420646 11 -3
1480961422849 8 1
1480961423854 10 1
1480961426081 3 -3
1480961429165 5 2
1480961431444 2 -3
1480961438153 5 -2
1480961440160 7 -1
1480961441931 4 3
1480961444704 5 1
1480961447651 10 -1
1480961448654 8 -1
1480961449585 7 -1
1480961452134 4 -1
1480961453298 7 2
1480961454387 5 1
1480961455922 1 2
1480961457015 6 3
1480961458499 11 -1
1480961460467 0 1
1480961463541 0 -1
1480961465198 1 -1
1480961466212 2 2
1480961469422 2 -2
1480961473463 1 1
1480961475632 1 -1
1480961476881 5 -1
1480961478144 7 -2
1480961480758 7 2
1480961483882 0 1
1480961484895 10 -1
1480961485973 3 -1
1480961488076 5 1
1480961491402 2 2
1480961497443 3 1
1480961498370 8 1
1480961499140 10 2
1480961500240 0 -1
1480961501330 11 2
1480961505356 6 -3
1480961506409 1 -1
1480961510062 4 -2
1480961511770 2 1
1480961513740 5 -2
1480961516724 3 2
1480961518012 11 1
1480961519251 10 -1
1480961520155 0 1
1480961521071 10 -1
1480961522063 8 -1
1480961523536 11 1
1480961524762 3 1
1480961525766 5 2
1480961527138 0 2
1480961530976 2 -3
1480961541179 2 2
1480961542369 11 -3
1480961543682 2 -2
1480961547533 5 -1
1480961553735 7 -2
1480961555532 7 2
1480961556423 5 1
1480961558974 2 3
1480961560236 11 3
1480961561982 0 -2
1480961563617 5 -2
1480961568967 11 -1
1480961570862 R
1480961573697 4 1
1480961576198 6 -1
1480961580087 7 1
1480961580845 5 1
1480961581908 1 1
1480961583098 9 3
1480961589020 9 -2
1480961593826 1 -2
1480961596656 2 2
1480961598713 0 3
1480961601177 9 -1
1480961602341 11 -3
1480961607716 8 1
1480961608448 10 1
1480961610491 2 -3
1480961613658 11 2
1480961614823 0 -2
1480961616098 5 -2
1480961626960 5 2
1480961628904 0 2
1480961630628 11 -2
1480961632297 2 3
1480961633524 11 2
1480961634416 9 1
1480961637684 10 -3
1480961639642 8 -1
1480961640595 11 1
1480961642130 2 -3
1480961644629 0 -2
1480961646327 1 2
1480961648171 6 3
1480961649409 10 -1
1480961656698 1 -1
1480961657503 10 1
1480961658542 6 -3
1480961659967 1 -1
1480961661255 5 -2
1480961665145 4 -1
1480961668573 11 -1
1480961670753 7 -2
1480961671510 3 -1
1480961675309 4 3
1480961676535 R
1480961678504 6 -1
1480961680015 1 -1
1480961682257 0 3
1480961684325 9 1
1480961685551 10 -2
1480961686703 2 -1
1480961688089 11 -2
1480961689550 7 -1
1480961691545 7 2
1480961693315 5 1
1480961703216 11 2
1480961704234 2 4
1480961710833 11 -2
1480961711774 5 -1
1480961712876 5 1
1480961716094 11 2
1480961720094 10 2
1480961722348 10 -2
1480961723525 0 -2
1480961724688 1 2
1480961726435 6 2
1480961727364 9 2
1480961730447 9 -2
1480961732305 6 -2
1480961734075 1 -2
1480961735549 2 -4
1480961738078 4 1
1480961738932 1 2
1480961740144 6 3
1480961741542 10 -1
1480961743078 9 2
1480961744478 0 -1
1480961745520 11 -4
1480961747922 0 1
1480961757635 0 -1
1480961761448 11 1
1480961762562 6 -2
1480961764221 4 -1
1480961765683 R
1480961769584 7 1
1480961771469 5 1
1480961772879 1 1
1480961775430 1 -1
1480961778651 2 3
1480961782376 11 -3
1480961783379 6 -1
1480961784890 1 -1
1480961786092 5 -2
1480961789001 3 -3
1480961793621 5 2
1480961795280 2 -3
1480961799776 4 2
1480961801584 1 2
1480961802774 6 3
1480961806615 1 -1
1480961807863 2 2
1480961809225 11 1
1480961814748 8 1
1480961815677 10 1
1480961816819 11 -1
1480961818042 2 -3
1480961819355 11 1
1480961820507 1 1
1480961821547 9 4
1480961822662 6 -3
1480961824506 1 -2
1480961826364 11 -1
1480961832255 5 -1
1480961833369 7 -1
1480961834830 4 1
1480961838249 1 1
1480961839068 6 3
1480961840689 11 -1
1480961841843 0 1
1480961842719 2 1
1480961843834 10 -4
1480961845470 8 -1
1480961846498 3 -1
1480961847810 2 -1
1480961854235 0 -1
1480961855400 11 4
1480961856948 0 1
1480961858395 6 -2
1480961859202 10 1
1480961860068 6 -1
1480961860996 1 -1
1480961861925 0 3
1480961864018 0 1
