1480415780540 6 -1
1480415781643 1 -1
1480415784642 0 1
1480415789666 0 2
1480415793915 0 -3
1480415794842 1 1
1480415796938 1 -1
1480415800242 5 -1
1480415801002 9 1
1480415802033 0 1
1480415802563 9 -1
1480415803538 5 1
1480415806354 9 1
1480415806938 1 1
1480415807810 6 2
1480415809386 9 -1
1480415810770 6 -2
1480415812834 0 -1
1480415813378 9 1
1480415814234 6 2
1480415815466 4 1
1480415816298 6 1
1480415818402 9 -1
1480415820578 6 -3
1480415822044 7 1
1480415823106 5 1
1480415824451 1 1
1480415825427 6 3
1480415826450 9 3
1480415828154 0 1
1480415833402 10 -3
1480415835082 9 -2
1480415836058 6 -2
1480415838946 2 -1
1480415840507 11 -1
1480415843730 1 -1
1480415844810 5 -1
1480415847642 7 -2
1480415850570 4 -1
1480415853922 7 2
1480415854610 8 2
1480415855674 8 -2
1480415856490 11 1
1480415857154 5 1
1480415861098 2 4
1480415863010 10 3
1480415863746 0 -1
1480415864370 9 -1
1480415865114 1 1
1480415866010 6 -1
1480415867970 1 -2
1480415869802 2 -3
1480415871265 2 3
1480415875233 9 1
1480415877130 0 1
1480415878201 10 -2
1480415879449 2 -4
1480415884081 11 -1
1480415886145 5 -2
1480415887017 3 -1
1480415888745 7 -2
1480415891137 4 3
1480415897145 7 1
1480415898305 11 1
1480415903129 2 1
1480415904168 10 2
1480415905289 9 -1
1480415908273 4 -3
1480415910345 3 1
1480415911273 7 1
1480415912281 5 2
1480415913689 0 2
1480415918825 10 -1
1480415922297 10 1
1480415924345 0 -3
1480415925322 2 3
1480415926473 11 -3
1480415928169 2 -3
1480415930361 5 -2
1480415931449 3 -3
1480415932449 7 -2
1480415934193 4 3
1480415935329 5 1
1480415939555 4 -3
1480415940721 5 -1
1480415941657 7 2
1480415944281 3 3
1480415946705 5 2
1480415947657 2 3
1480415948809 11 3
1480415950866 0 3
1480415952578 10 -1
1480415954185 11 -3
1480415956097 5 -1
1480415957265 7 -2
1480415958729 10 1
1480415959673 11 2
1480415960729 9 1
1480415961985 0 -3
1480415963330 11 -1
1480415963894 5 -1
1480415964770 3 -3
1480415967185 3 3
1480415969225 3 -3
1480415969961 5 1
1480415972609 7 2
1480415973329 5 1
1480415974201 2 -1
1480415975337 4 2
1480415989722 R
1480415993825 6 -1
1480415994658 1 -1
1480415996137 0 3
1480415997113 9 1
1480415998458 10 -2
1480416000168 2 -1
1480416001241 11 -2
1480416002745 7 -1
1480416007497 7 2
1480416008488 11 2
1480416010689 2 1
1480416011697 10 2
1480416014225 9 -1
1480416016209 10 -1
1480416021089 7 -1
1480416024465 10 1
1480416025889 7 1
1480416027969 9 1
1480416029537 0 -3
1480416030617 5 -1
1480416032432 5 2
1480416033946 2 3
1480416036746 0 3
1480416038193 9 -1
1480416039145 10 -1
1480416040985 11 -3
1480416045947 11 3
1480416047417 0 -2
1480416049257 1 2
1480416051129 1 -2
1480416052129 2 -3
1480416054097 1 2
1480416056537 1 -2
1480416057673 5 -2
1480416060857 5 2
1480416066057 0 2
1480416067185 2 3
1480416069713 11 -3
1480416071353 11 3
1480416072264 0 -2
1480416073705 5 -2
1480416076697 10 1
1480416077449 0 -1
1480416078505 11 -3
1480416079857 3 -3
1480416081033 5 2
1480416085801 1 2
1480416088705 6 2
1480416091017 11 1
1480416091905 9 3
1480416093496 11 -1
1480416099073 6 -2
1480416103225 6 2
1480416109049 R
1480416113921 6 -1
1480416118338 1 -1
1480416137369 5 -1
1480416139441 3 -1
1480416141361 4 3
1480416145321 9 1
1480416145873 0 1
1480416146841 10 -2
1480416149033 2 -1
1480416155025 4 -3
1480416155641 7 1
1480416156193 3 1
1480416157096 5 2
1480416160601 1 2
1480416161712 6 2
1480416162608 9 2
1480416163673 10 -1
1480416165025 0 -1
1480416166793 11 -3
1480416175992 2 1
1480416179409 2 -1
1480416180369 11 3
1480416181393 0 1
1480416182440 2 1
1480416183961 10 3
1480416188104 10 -3
1480416189376 0 -1
1480416190257 2 -1
1480416191025 6 -1
1480416191952 9 -2
1480416193313 11 -2
1480416194097 1 -1
1480416195664 5 -1
1480416197697 7 -2
1480416201649 7 2
1480416211025 5 1
1480416211793 1 1
1480416212841 9 2
1480416214024 9 -2
1480416214841 11 2
1480416215617 0 1
1480416216393 2 1
1480416220745 10 1
1480416221785 6 -1
1480416222905 1 -2
1480416225001 5 -2
1480416226697 3 -1
1480416227649 7 -1
1480416229233 2 -1
1480416230720 11 -1
1480416233568 7 -1
1480416247768 3 1
1480416248577 7 2
1480416249385 11 1
1480416250104 2 1
1480416251409 10 2
1480416252161 9 -1
1480416252952 0 -1
1480416254392 0 1
1480416255256 9 1
1480416257584 10 -2
1480416258769 2 -1
1480416263033 11 -1
1480416264929 5 2
1480416266160 1 2
1480416269016 6 1
1480416273369 6 1
1480416274049 1 -1
1480416274824 5 -1
1480416276120 7 -2
1480416278921 6 -2
1480416280152 1 -1
1480416281248 5 -1
1480416282512 3 -1
1480416284953 7 2
1480416286569 11 1
1480416287929 2 1
1480416289257 10 2
1480416290224 9 -1
1480416291288 0 -1
1480416293201 3 1
1480416294848 5 2
1480416296041 2 3
1480416297456 11 -3
1480416298889 5 -2
1480416300584 3 -3
1480416302776 5 2
1480416304024 2 -3
1480416304952 5 -2
1480416305960 7 -2
1480416307577 5 1
1480416309008 4 3
1480416311145 1 1
1480416312544 6 3
1480416314519 6 -3
1480416315528 1 -1
1480416321137 5 -1
1480416324073 3 2
1480416325648 3 -2
1480416326776 5 1
1480416327672 5 -1
1480416328880 4 -3
1480416329912 7 2
1480416334217 3 3
1480416337033 5 2
1480416338136 2 3
1480416339288 11 3
1480416340512 0 3
1480416342200 11 -3
1480416343520 2 -3
1480416346152 5 -1
1480416354816 5 1
1480416355624 2 3
1480416357176 11 3
1480416358848 2 -3
1480416359936 5 -1
1480416360921 7 -1
1480416366856 0 -3
1480416367824 5 -1
1480416368833 3 -1
1480416369992 4 3
1480416373712 4 -3
1480416374600 3 1
1480416375657 5 1
1480416377456 0 3
1480416379744 10 -1
1480416382281 10 1
1480416383593 0 -3
1480416384632 5 -1
1480416385480 3 -1
1480416388272 3 1
1480416388856 7 1
1480416389664 5 2
1480416390560 2 3
1480416391624 11 -3
1480416394152 5 -2
1480416394976 3 -3
1480416395799 7 -2
1480416396824 7 2
1480416397648 5 2
1480416398576 2 -3
1480416399480 5 -2
1480416400408 7 -2
1480416402057 7 2
1480416402936 5 2
1480416405736 1 2
1480416409480 1 -2
1480416412176 5 -2
1480416413696 3 3
1480416414920 5 2
1480416419272 2 3
1480416421224 11 3
1480416423336 2 -3
1480416425616 0 3
1480416426951 10 -1
1480416428280 10 1
1480416429768 2 2
1480416431312 11 -3
1480416433112 10 -1
1480416434800 2 -2
1480416438288 5 -1
1480416439528 7 -2
1480416444944 7 2
1480416446384 5 1
1480416452328 8 1
1480416453176 10 2
1480416454440 2 -1
1480416455696 2 4
1480416456680 11 2
1480416457720 0 -3
1480416459224 5 -2
1480416460224 11 -2
1480416461432 3 -3
1480416462448 5 2
1480416465513 10 -1
1480416466488 8 -1
1480416467464 5 -2
1480416470121 3 3
1480416471247 11 3
1480416472176 0 1
1480416474520 5 2
1480416478312 0 2
1480416479208 10 -1
1480416480248 11 -3
1480416481569 2 -3
1480416484007 5 -1
1480416484960 7 -2
1480416485824 7 2
1480416488048 5 1
1480416489369 2 3
1480416490232 11 3
1480416490968 10 1
1480416492984 11 -3
1480416494104 2 -3
1480416495000 10 -1
1480416496583 5 -1
1480416498904 5 1
1480416500624 8 1
1480416501328 10 2
1480416502296 2 -1
1480416504464 11 2
1480416505256 0 -3
1480416506224 5 -2
1480416507240 3 -1
1480416507992 11 -2
1480416508952 3 -2
1480416509944 5 2
1480416511408 2 4
1480416515144 1 2
1480416515992 6 2
1480416518920 6 -2
1480416519808 1 -2
1480416520584 2 -4
1480416521720 4 2
1480416522512 1 2
1480416523512 6 3
1480416524400 11 -1
1480416525343 0 1
1480416526224 1 -1
1480416529528 4 -1
1480416533840 5 -1
1480416535368 2 1
1480416536376 10 -2
1480416537048 3 -1
1480416537840 8 -1
1480416539440 5 1
1480416541704 5 -1
1480416546640 5 1
1480416549630 3 1
1480416550264 8 1
1480416551168 10 2
1480416553576 0 -1
1480416554143 2 -1
1480416554912 11 2
1480416555912 6 -3
1480416556792 1 -1
1480416557600 11 -1
1480416564176 5 -2
1480416565320 3 3
1480416567488 11 2
1480416570568 11 -2
1480416573272 3 -3
1480416577880 2 1
1480416579184 2 -1
1480416580184 3 3
1480416581536 5 2
1480416582960 11 2
1480416583936 9 1
1480416584824 0 1
1480416586424 0 -1
1480416587536 9 -1
1480416588376 11 -2
1480416591752 2 1
1480416592512 10 -1
1480416593720 8 -1
1480416594544 8 1
1480416595096 10 1
1480416596088 2 2
1480416597186 10 -1
1480416598136 11 2
1480416599256 0 1
1480416600104 9 1
1480416600960 10 -2
1480416602504 8 -1
1480416603368 11 1
1480416603976 2 -3
1480416605440 11 -1
1480416606744 5 -2
1480416607736 7 -2
1480416608752 3 -1
1480416611568 4 -1
1480416618344 7 2
1480416619408 11 1
1480416621104 2 1
1480416622655 10 2
1480416624120 0 -1
1480416624704 9 -1
1480416630656 9 1
1480416631136 0 1
1480416631664 10 -2
1480416632504 2 -1
1480416633232 11 -1
1480416634800 7 -2
1480416654696 7 2
1480416655584 3 1
1480416656920 5 2
1480416657920 1 2
1480416660560 6 1
1480416661464 10 -1
1480416663648 1 -1
1480416665104 5 -1
1480416666432 7 -2
1480416669728 7 2
1480416670984 11 1
1480416671712 2 1
1480416675472 0 -1
1480416676111 2 -1
1480416676913 11 -1
1480416677719 11 -1
1480416681592 5 1
1480416684481 5 -1
1480416685504 7 -2
1480416688992 7 2
1480416690127 5 1
1480416692624 5 -1
1480416695880 11 2
1480416696448 2 1
1480416696984 0 1
1480416698016 10 3
1480416700871 6 1
1480416703592 10 -3
1480416711080 10 3
1480416712064 6 -2
1480416713016 1 -1
1480416713952 5 -1
1480416715136 3 -1
1480416716104 10 -2
1480416717199 7 -1
1480416718743 2 -1
1480416720680 11 -1
1480416721776 7 -1
1480416731400 4 3
1480416733080 4 -3
1480416735184 7 2
1480416735864 11 1
1480416737775 2 1
1480416738552 10 2
1480416739296 9 -1
1480416739836 0 -1
1480416743328 3 1
1480416744592 5 2
1480416745144 2 3
1480416746615 11 -3
1480416747928 5 -2
1480416749223 3 -3
1480416751840 5 2
1480416753071 2 -3
1480416755160 1 2
1480416759016 4 2
1480416759856 6 3
1480416762576 11 -1
1480416771648 11 1
1480416772583 6 -3
1480416773672 1 -2
1480416781119 5 -2
1480416782064 7 -2
1480416783424 4 -2
1480416793071 7 2
1480416794071 5 2
1480416795159 1 2
1480416796327 6 2
1480416798423 1 -1
1480416805103 2 3
1480416805968 1 1
1480416806944 11 1
1480416811608 9 3
1480416813039 11 -1
1480416814680 11 1
1480416821111 9 -3
1480416822088 11 -1
1480416823800 11 1
1480416826728 11 -1
1480416830056 1 -1
1480416831271 2 -3
1480416832135 4 2
1480416832840 6 1
1480416834175 11 -1
1480416836704 0 1
1480416839295 1 1
1480416841528 0 -1
1480416842160 11 1
1480416843325 6 -3
1480416844753 1 -2
1480416849608 1 2
1480416851176 6 3
1480416851895 11 -1
1480416853304 0 1
1480416854448 0 -1
1480416859721 11 1
1480416860480 6 -3
1480416865264 1 -2
1480416866608 2 2
1480416867656 11 1
1480416870712 11 -1
1480416872688 2 -2
1480416874696 5 -2
1480416875504 4 -2
1480416876520 7 -2
1480416877449 5 1
1480416879784 5 -1
1480416880477 3 3
1480416881376 7 2
1480416883416 5 2
1480416884600 2 3
1480416885584 11 3
1480416886817 1 2
1480416888193 9 3
1480416896544 9 -3
1480416898705 9 1
1480416900321 0 1
1480416902951 10 -2
1480416906879 1 -2
1480416907727 2 -4
1480416909615 11 -1
1480416910687 5 -2
1480416912079 3 -1
1480416914031 3 1
1480416914791 5 2
1480416915776 1 2
1480416917631 6 1
1480416919088 10 -1
1480416922303 10 1
1480416924007 6 -1
1480416925287 1 -2
1480416927400 5 -2
1480416932856 5 1
1480416935239 0 2
1480416936399 11 -1
1480416940831 7 -2
1480416949279 7 2
1480416950078 5 1
1480416951415 11 2
1480416952871 0 -2
1480416953735 4 1
1480416954639 5 -2
1480416955471 3 -1
1480416956087 7 -1
1480416960119 4 -1
1480416961064 3 1
1480416961959 7 1
1480416965543 5 1
1480416966703 5 -1
1480416967535 3 -1
1480416969383 11 -1
1480416970928 3 1
1480416973560 5 1
1480416980215 0 1
1480416985743 7 -2
1480416989215 4 1
1480416990959 0 1
1480416994359 0 -2
1480416995311 5 -1
1480416996479 3 -1
1480417000903 4 -1
1480417003895 3 1
1480417005447 5 1
1480417013255 0 1
1480417020464 7 2
1480417022735 11 1
1480417023231 5 1
1480417023896 2 4
1480417025223 10 2
1480417026551 0 -2
1480417027455 11 -2
1480417028031 5 -2
1480417028879 3 -3
1480417029823 7 -2
1480417031167 7 2
1480417032647 5 2
1480417034951 9 -1
1480417035887 11 -1
1480417036943 2 -3
1480417037903 5 -2
1480417038647 7 -2
1480417040255 4 3
1480417043071 5 1
1480417047951 4 -3
1480417051423 7 2
1480417053407 5 -1
1480417054551 3 3
1480417056135 5 2
1480417057175 2 3
1480417058535 11 3
1480417059935 0 3
1480417060887 10 -1
1480417062680 11 -3
1480417064047 2 -3
1480417067727 5 -1
1480417070319 5 1
1480417072423 10 1
1480417075215 2 3
1480417076047 11 3
1480417077407 2 -3
1480417078215 10 -1
1480417079175 0 -2
1480417081199 0 2
1480417081855 2 3
1480417083143 11 -3
1480417084815 11 3
1480417085870 0 -2
1480417088671 2 -3
1480417090199 5 -2
1480417090900 3 -1
1480417091487 7 -1
1480417092159 4 3
1480417100518 4 -3
1480417101143 3 1
1480417101863 7 1
1480417102751 5 2
1480417104215 0 2
1480417105087 2 3
1480417107735 10 1
1480417108695 0 -3
1480417109543 11 -3
1480417110575 5 -2
1480417112583 5 2
1480417113351 2 -3
1480417114135 5 -2
1480417114799 3 -3
1480417115775 7 -2
1480417116671 4 3
1480417120983 5 1
1480417123175 1 1
1480417124455 6 3
1480417125383 11 -1
1480417126775 11 1
1480417128039 11 -1
1480417132399 4 -2
1480417134007 7 2
1480417135038 5 1
1480417136551 2 2
1480417139783 0 1
1480417140943 10 -1
1480417141879 2 -2
1480417142815 3 -1
1480417144407 5 -1
1480417145895 7 -2
1480417148519 7 2
1480417149382 5 1
1480417150727 2 2
1480417152311 3 1
1480417152943 8 1
1480417153751 10 2
1480417154511 2 -3
1480417155343 0 -1
1480417156199 11 2
1480417157174 6 -3
1480417157991 1 -1
1480417158559 11 -1
1480417161727 4 -1
1480417166479 5 -2
1480417169415 5 2
1480417173695 5 -2
1480417174575 3 3
1480417175471 5 2
1480417176159 5 -2
1480417176902 3 -3
1480417177887 5 2
1480417185815 1 2
1480417186569 6 2
1480417188303 11 1
1480417189167 9 3
1480417190479 11 -1
1480417193119 4 2
1480417193898 9 1
1480417194471 6 1
1480417195055 11 -1
1480417195791 1 -1
1480417196991 0 1
1480417198719 2 1
1480417199934 10 -4
1480417201031 0 -1
1480417201559 2 -1
1480417202087 3 -1
1480417202719 8 -1
1480417203575 11 4
1480417205743 6 -2
1480417207734 1 1
1480417209031 9 -3
1480417209727 1 -1
1480417211151 4 -2
1480417216655 11 -2
1480417217383 5 -1
1480417218591 7 -2
1480417220183 4 3
1480417225023 11 1
1480417226719 0 1
1480417227615 10 1
1480417228417 6 -1
1480417230030 1 -1
1480417230774 0 4
