1482782268827 6 -1
1482782269441 1 -1
1482782272333 0 3
1482782273218 10 -1
1482782275099 9 1
1482782275640 10 -1
1482782276378 2 -1
1482782277623 11 -2
1482782285800 11 2
1482782286601 0 -2
1482782287464 5 -1
1482782288124 3 -1
1482782288966 4 3
1482782291090 2 1
1482782292694 10 2
1482782293474 0 -1
1482782294567 9 -1
1482782302852 4 -2
1482782303555 3 1
1482782304118 7 1
1482782304977 5 2
1482782307909 0 3
1482782308584 10 -1
1482782310648 2 2
1482782311351 11 -3
1482782312111 2 -2
1482782313013 5 -1
1482782313755 7 -2
1482782321233 7 2
1482782321849 5 1
1482782323651 10 1
1482782327778 2 2
1482782328379 11 2
1482782329582 0 -2
1482782330143 1 1
1482782330736 6 3
1482782332150 9 1
1482782332980 10 -3
1482782334173 0 -1
1482782335273 11 -1
1482782338365 11 2
1482782341850 0 1
1482782342470 10 2
1482782343268 9 -1
1482782346637 2 -2
1482782351247 5 -1
1482782353187 5 1
1482782355953 6 -3
1482782356560 1 -1
1482782357536 0 2
1482782358558 4 -1
1482782360862 9 1
1482782361443 10 -1
1482782362244 2 -1
1482782363407 11 -2
1482782365051 5 -1
1482782365752 7 -2
1482782369518 11 1
1482782374008 R
1482782381703 6 -1
1482782382522 1 -1
1482782383664 0 3
1482782385572 10 -1
1482782387151 9 1
1482782387635 10 -1
1482782388393 2 -1
1482782389235 11 -2
1482782390737 7 -1
1482782392821 7 2
1482782394464 8 2
1482782395967 8 -2
1482782397373 11 2
1482782398011 5 1
1482782400433 2 4
1482782401678 10 2
1482782402471 9 -1
1482782403581 0 -3
1482782405164 1 2
1482782405985 6 2
1482782410333 1 -1
1482782411215 2 -3
1482782412598 5 -1
1482782413459 7 -1
1482782414757 6 -2
1482782415883 1 -1
1482782417146 5 -1
1482782417848 3 -1
1482782418648 4 3
1482782427487 0 1
1482782428045 9 1
1482782428790 10 -2
1482782429708 2 -1
1482782430489 11 -1
1482782431491 7 -1
1482782436681 4 -3
1482782437272 3 1
1482782438668 5 1
1482782439406 0 2
1482782440972 11 -1
1482782442583 7 2
1482782443378 5 1
1482782446540 11 2
1482782447582 0 -2
1482782450287 2 4
1482782451751 10 2
1482782452713 0 2
1482782454215 9 -1
1482782455236 0 -3
1482782456379 1 2
1482782457040 6 2
1482782457761 9 3
1482782458983 0 1
1482782459744 10 -3
1482782460466 0 -1
1482782461569 11 -3
1482782463844 6 -1
1482782466820 11 2
1482782467560 0 1
1482782469164 10 1
1482782470165 6 -1
1482782471135 9 -2
1482782471837 1 -2
1482782474736 5 -1
1482782475597 7 -2
1482782478122 0 2
1482782478884 11 -1
1482782479965 7 2
1482782481954 11 2
1482782482571 5 1
1482782483124 2 -4
1482782485596 5 -1
1482782486160 11 -1
1482782486819 7 -2
1482782489042 4 1
1482782492254 7 2
1482782492952 8 2
1482782494952 11 -1
1482782497297 11 1
1482782497877 0 -2
1482782498559 5 -1
1482782501243 5 1
1482782501909 1 1
1482782502395 6 3
1482782503327 10 -1
1482782506753 8 -2
1482782507796 11 1
1482782508317 5 1
1482782510481 1 1
1482782511161 9 2
1482782512664 2 1
1482782513807 10 3
1482782514570 0 -1
1482782519556 6 -3
1482782520490 4 -1
1482782521763 9 -3
1482782522564 1 -2
1482782523395 0 3
1482782524866 10 -1
1482782526535 2 3
1482782527552 11 -3
1482782528560 5 -1
1482782529294 7 -2
1482782531639 11 2
1482782532681 0 -2
1482782535807 7 2
1482782536628 11 1
1482782537092 5 1
1482782537672 2 -3
1482782539233 0 2
1482782541538 0 -1
1482782544124 0 -1
1482782546889 0 2
1482782547589 2 3
1482782548571 11 -3
1482782549653 5 -1
1482782551457 8 2
1482782552238 10 2
1482782554182 11 2
1482782555284 9 1
1482782556185 10 -3
1482782556827 11 -1
1482782557929 8 -2
1482782559371 5 1
1482782560676 2 -1
1482782561897 2 1
1482782565267 11 2
1482782565985 0 -2
