1480408942869 6 1
1480408944387 9 1
1480408945115 0 1
1480408946555 10 -3
1480408949811 7 1
1480408971891 10 3
1480408973211 9 -1
1480408976163 5 1
1480408976802 1 1
1480408977898 9 3
1480408979018 0 -1
1480408993764 6 -2
1480408994787 9 -3
1480408996404 4 1
1480408997331 1 -2
1480408998395 2 2
1480408999540 11 -3
1480409000667 2 -2
1480409002716 4 -1
1480409004539 5 -2
1480409005460 3 -3
1480409007075 7 -2
1480409008139 4 3
1480409022460 5 1
1480409024739 1 1
1480409025411 6 3
1480409026339 11 -1
1480409029075 7 1
1480409030595 8 1
1480409031331 10 1
1480409032067 2 -1
1480409034739 0 1
1480409036299 0 -1
1480409042062 R
1480409045051 6 -1
1480409046043 1 -1
1480409048027 0 3
1480409049883 10 -1
1480409052083 7 1
1480409054347 5 1
1480409057812 10 1
1480409059707 2 3
1480409061251 0 -3
1480409063804 2 -3
1480409065875 5 -2
1480409066659 7 -1
1480409068323 3 -1
1480409069076 4 3
1480409074523 9 1
1480409077284 4 -3
1480409078004 3 1
1480409078712 7 1
1480409079932 5 2
1480409081203 0 3
1480409082619 9 -1
1480409083964 10 -1
1480409087660 0 -2
1480409089699 0 2
1480409093457 R
1480409096027 7 1
1480409097611 5 1
1480409098435 2 3
1480409100348 0 1
1480409101619 10 -1
1480409107435 10 1
1480409108395 0 -1
1480409110523 1 1
1480409111571 9 3
1480409113132 0 1
1480409114027 10 -3
1480409115940 11 -1
1480409119346 R
1480409124955 7 1
1480409126395 5 1
1480409128347 1 1
1480409129387 6 -1
1480409130563 1 -2
1480409133499 0 3
1480409135020 10 -1
1480409136296 10 1
1480409137547 0 -2
1480409138524 5 -2
1480409139371 7 -1
1480409140155 3 -1
1480409141051 4 3
1480409145796 4 -3
1480409146700 3 1
1480409147196 7 1
1480409148379 5 2
1480409149659 0 2
1480409151147 10 -1
1480409153435 2 3
1480409155987 11 -3
1480409157899 5 -1
1480409160307 8 2
1480409161195 10 2
1480409163755 8 -1
1480409165243 7 -1
1480409167420 7 1
1480409169013 8 1
1480409170299 10 -2
1480409170772 8 -2
1480409171820 5 1
1480409173115 11 3
1480409174716 11 -3
1480409178243 5 -1
1480409179532 7 -2
1480409183987 11 2
1480409184627 9 1
1480409185292 10 -1
1480409186259 11 -1
1480409188651 7 2
1480409190147 11 2
1480409191354 0 -2
1480409192002 5 -1
1480409192738 7 -1
1480409193298 3 -1
1480409196115 11 -1
1480409196778 7 -1
1480409201330 U
1480409202535 R
1480409206115 6 -1
1480409209418 1 -1
1480409211339 7 1
1480409213283 5 1
1480409215458 1 2
1480409216290 9 3
1480409216956 6 2
1480409218906 0 1
1480409221434 10 -3
1480409222987 2 -1
1480409223971 9 -2
1480409224842 6 -1
1480409226467 1 -1
1480409227330 2 3
1480409228330 0 -1
1480409229306 2 1
1480409230211 1 1
1480409230834 9 2
1480409231555 0 1
1480409232971 10 3
1480409233810 0 -1
1480409235402 0 1
1480409235842 9 -3
1480409236987 1 -1
