1482416184919 6 -1
1482416185945 1 -1
1482416187267 0 3
1482416189196 0 -1
1482416193820 7 1
1482416194612 5 1
1482416196726 0 1
1482416199519 0 -3
1482416200423 1 2
1482416201918 9 3
1482416206257 9 -3
1482416208211 1 -2
1482416209324 2 3
1482416211821 11 -3
1482416215034 8 1
1482416215937 10 1
1482416218150 11 2
1482416220054 0 3
1482416222674 0 -3
1482416225555 5 -2
1482416226953 8 1
1482416228683 11 -2
1482416234135 8 -1
1482416236583 5 2
1482416237634 5 -2
1482416238907 3 -3
1482416240266 5 2
1482416241503 2 -2
1482416242616 4 2
1482416246313 4 -2
1482416247796 2 2
1482416248748 5 -2
1482416249589 7 -1
1482416250726 5 1
1482416252322 5 -1
1482416253348 3 3
1482416254817 10 -1
1482416255646 8 -1
1482416256562 7 -1
1482416257625 3 -3
1482416259294 5 1
1482416260542 5 -1
1482416334256 5 1
1482416335899 5 -1
1482416337050 3 3
1482416338249 11 2
1482416339461 9 1
1482416340326 0 1
1482416341128 10 -2
1482416343427 5 1
1482416344255 0 2
1482416345294 11 -1
1482416347061 11 1
1482416348087 10 2
1482416348854 9 -1
1482416349719 11 -2
1482416351473 10 -1
1482416352301 7 1
1482416353945 8 1
1482416355762 10 2
1482416356985 11 2
1482416359619 0 -3
1482416360385 1 1
1482416361323 6 2
1482416362424 9 1
1482416363277 0 1
1482416364464 10 -4
1482416365935 0 -1
1482416367689 11 -1
1482416368530 8 -1
1482416369506 11 2
1482416374574 11 -2
1482416376106 7 -1
1482416378653 7 2
1482416379443 5 1
1482416380481 2 -1
1482416381322 4 1
1482416382861 6 1
1482416386748 11 2
1482416388973 2 -3
1482416390135 11 -2
1482416391765 5 -1
1482416394868 8 2
1482416395820 11 1
1482416397426 0 1
1482416398391 10 1
1482416400553 6 -3
1482416401381 1 -1
1482416403013 0 2
1482416405114 11 -1
1482416406647 8 -2
1482416407612 5 1
1482416409193 11 2
1482416410960 2 3
1482416414706 10 2
1482416416189 9 -1
1482416417499 11 -3
1482416418959 2 -2
1482416420750 5 -1
1482416422271 7 -2
1482416427833 4 -1
1482416436896 7 2
1482416438962 5 1
1482416444055 2 3
1482416445921 11 3
1482416446946 0 -2
1482416447985 5 -2
1482416450409 11 -1
1482416451620 11 1
1482416454068 0 -1
1482416455095 11 -3
1482416460572 3 -3
1482416462043 5 2
1482416466321 5 -1
1482416467260 7 -2
1482416468644 7 2
1482416474058 5 1
1482416476148 8 1
1482416477311 10 1
1482416480006 11 1
1482416481452 11 -1
1482416483207 2 -3
1482416484839 4 2
1482416486311 4 -2
1482416487090 5 -2
1482416487968 7 -1
1482416489625 4 3
1482416490799 5 1
1482416492072 1 1
1482416493445 6 3
1482416494409 11 -1
1482416495311 0 1
1482416499465 10 -2
1482416500603 3 -1
1482416501432 8 -1
1482416502866 7 -1
1482416521050 3 1
1482416522014 10 1
1482416523189 0 -1
1482416524079 11 1
1482416525872 6 -3
1482416526750 1 -1
1482416527887 5 -1
1482416532596 7 1
1482416533821 8 1
1482416534871 10 1
1482416535762 2 -1
1482416536615 11 1
1482416537654 9 1
1482416538618 9 -1
1482416539483 11 -1
1482416541548 5 1
1482416543996 11 1
1482416544874 11 -1
1482416545604 5 -1
1482416546667 3 2
1482416547646 11 2
1482416548893 0 1
