1482416684036 7 1
1482416684939 5 1
1482416687447 2 2
1482416690190 11 -3
1482416694265 8 1
1482416695188 10 1
1482416696495 2 -3
1482416698853 11 2
1482416700462 9 1
1482416702310 5 -1
1482416703421 7 -1
1482416704139 4 1
1482416704942 6 2
1482416706076 9 -1
1482416707348 11 -3
1482416709227 0 1
1482416710302 2 1
1482416711286 10 -2
1482416712161 8 -1
1482416713025 7 1
1482416713858 5 1
1482416715708 5 -1
1482416718211 5 1
1482416719397 1 1
1482416721066 1 -1
1482416721985 2 2
1482416722925 10 1
1482416723618 0 -1
1482416724627 11 4
1482416725922 0 1
1482416726861 10 -1
1482416727804 2 -2
1482416728646 1 1
1482416729296 6 -3
1482416730362 1 -2
1482416731375 0 2
1482416732716 9 1
1482416733555 10 -1
1482416734333 2 -1
1482416735159 11 -1
1482416736766 11 -1
1482416737538 5 -1
1482416738579 7 -2
1482416740821 11 1
1482416741680 0 -2
1482416742644 5 -1
1482416743344 3 -1
1482416744843 4 2
1482416745720 7 1
1482416746510 11 1
1482416747561 2 1
1482416748750 10 2
1482416750532 9 -1
1482416752568 4 -3
1482416753104 3 1
1482416753679 7 1
1482416754464 5 2
1482416755475 0 2
1482416756956 2 2
1482416758905 11 -3
1482416761195 10 -1
1482416763057 11 3
1482416763893 9 1
1482416764641 10 -1
1482416765633 2 -3
1482416766706 11 -2
1482416768508 5 -1
1482416769544 7 -2
1482416770997 4 1
1482416772670 7 2
1482416773637 5 1
1482416774916 11 1
1482416775926 0 -2
1482416776540 1 2
1482416777399 6 3
1482416778781 1 -1
1482416779628 10 -1
1482416780622 11 1
1482416783774 11 -1
1482416784269 5 -1
1482416785252 7 -2
1482416786584 6 -2
1482416787271 4 -1
1482416788941 7 2
1482416789660 5 1
1482416790502 11 1
1482416791497 2 4
1482416792600 10 3
1482416793421 0 -1
1482416797296 9 -1
1482416797876 6 -1
1482416798946 1 -1
1482416800078 0 3
1482416805027 9 1
1482416806408 10 -2
1482416807241 2 -4
1482416808834 11 -2
1482416810474 5 -1
1482416811174 7 -2
1482416812810 4 1
1482416813708 7 2
1482416814822 5 1
1482416818022 8 1
1482416819178 8 -1
1482416819768 11 2
1482416820460 2 3
1482416821348 10 2
1482416822144 9 -1
1482416824326 11 -3
1482416824971 2 -2
1482416826009 5 -1
1482416827653 7 -2
1482416828764 4 -1
1482416832496 7 2
1482416833059 5 1
1482416833486 2 3
1482416834311 11 3
1482416835083 0 -3
1482416841925 2 -3
1482416845697 5 -2
1482416846332 7 -1
1482416846861 3 -1
1482416847478 4 3
1482416850847 0 1
1482416851406 9 1
1482416852269 10 -2
1482416853091 2 -1
1482416854054 11 -1
1482416854982 7 -1
1482416857256 7 1
1482416858190 11 1
1482416859934 11 -1
1482416860838 4 -3
1482416861481 3 1
1482416862092 7 1
1482416862833 5 2
1482416864286 0 2
1482416865175 11 -1
1482416866315 11 2
1482416869485 0 -2
1482416870220 1 2
1482416871006 6 2
1482416871792 10 -1
1482416872494 9 2
1482416873267 0 -1
1482416874394 11 -3
1482416876827 2 1
1482416880273 4 1
1482416882356 4 -1
1482416884073 2 -1
1482416886031 11 3
1482416887347 9 -2
1482416888765 1 -1
1482416890601 1 1
1482416891512 4 1
1482416892797 6 -1
1482416893364 9 2
1482416893961 0 1
1482416894373 2 1
1482416895165 10 3
1482416895817 9 -3
1482416896462 6 -1
1482416897424 1 -2
1482416898591 0 2
1482416899588 2 2
1482416900400 11 -3
1482416901557 2 -2
1482416903114 2 2
1482416903833 11 3
1482416904585 0 -3
1482416905533 11 -3
1482416906173 2 -2
1482416907046 5 -2
1482416908123 3 -3
1482416909312 5 2
1482416910164 2 2
1482416911865 8 1
1482416913024 11 1
1482416913607 1 1
1482416914111 6 3
1482416914836 9 1
1482416915711 9 -1
1482416916646 11 -2
1482416917423 0 1
1482416918135 10 -1
1482416918854 3 -1
1482416919454 8 -1
1482416920776 2 -2
1482416922416 5 -1
1482416922981 7 -2
1482416924525 4 2
1482416926029 4 -2
1482416926554 7 2
1482416927366 5 1
1482416928140 1 1
1482416930851 3 1
1482416931398 8 1
1482416932720 10 2
1482416935818 0 -1
1482416936979 11 1
1482416937585 6 -3
1482416939119 2 -1
1482416940411 1 -2
1482416941250 4 -1
1482416942348 5 -2
1482416943008 3 2
1482416943687 8 1
1482416944629 11 2
1482416945451 0 1
1482416946258 3 1
1482416947062 5 1
1482416947701 0 2
1482416948737 11 -2
1482416950487 8 -1
1482416951524 7 -1
1482416953118 11 2
1482416953960 9 1
1482416955276 11 -1
1482416955972 7 1
1482416956537 8 1
1482416957172 11 1
1482416957819 8 -1
1482416958717 5 1
1482416960162 9 -1
1482416961208 11 -2
1482416962337 2 4
1482416963437 10 -2
1482416964163 8 -1
1482416965060 11 3
1482416966181 2 -3
1482416967618 5 -1
1482416968274 7 -1
1482416969050 4 1
1482416969902 9 1
1482416970554 10 -1
1482416971129 2 -1
1482416972182 11 -2
1482416973054 7 1
1482416973809 5 1
1482416977495 4 -1
1482416978473 5 -1
1482416979792 7 -2
1482416980973 11 1
