1481956715220 6 -1
1481956716480 1 -1
1481956722381 1 1
1481956723379 6 2
1481956725231 9 1
1481956726413 0 1
1481956727467 10 -3
1481956728981 2 -1
1481956730645 11 -1
1481956731823 7 -1
1481956736036 6 -1
1481956740475 0 -1
1481956742359 11 -1
1481956749840 4 1
1481956753018 6 2
1481956762399 7 2
1481956764018 5 1
1481956765640 11 2
1481956773327 0 1
1481956774210 2 2
1481956775737 10 3
1481956776946 9 -1
1481956778019 0 -1
1481956780643 6 -3
1481956781890 1 -1
1481956785465 0 3
1481956793692 2 1
1481956796903 11 -3
1481956803249 2 -2
1481956805558 4 -1
1481956807228 2 3
1481956809210 11 3
1481956813175 11 -3
1481956816227 2 -3
1481956818091 5 -1
1481956819543 7 -2
1481956822355 10 -1
1481956826075 4 1
1481956829140 7 2
1481956830443 5 1
1481956831766 2 2
1481956833275 10 1
1481956835332 11 3
1481956836718 2 -2
1481956838148 5 -1
1481956839438 7 -1
1481956845611 10 -1
1481956847412 7 1
1481956848441 5 1
1481956849555 2 2
1481956851087 11 -3
1481956854108 2 -2
1481956855743 5 -1
1481956856806 7 -2
1481956858828 4 -1
1481956860851 10 1
1481956864485 7 2
1481956868473 5 1
1481956882004 5 -1
1481956883070 7 -2
1481956885301 10 -1
1481956886629 7 2
1481956887952 5 1
1481956889915 2 3
1481956894563 11 3
1481956896366 0 -2
1481956897769 2 -3
1481956899903 5 -2
1481956900908 7 -1
1481956901861 3 -1
1481956903490 4 3
1481956916640 4 -3
1481956917805 3 1
1481956918708 7 1
1481956920149 5 2
1481956926553 0 2
1481956928731 2 2
1481956930462 11 -3
1481956933532 2 -2
1481956934871 5 -1
1481956936302 7 -2
1481956938644 7 2
1481956940048 5 1
1481956942083 4 1
1481956944604 8 1
1481956945722 10 2
1481956946572 2 -1
1481956948068 11 2
1481956952240 0 -2
1481956953752 5 -2
1481956954956 3 -1
1481956956054 7 -1
1481956957569 4 2
1481956959529 0 -1
1481956960903 11 -2
1481956962347 2 1
1481956963540 10 -1
1481956964292 8 -1
1481956965251 7 -1
1481956966030 3 -2
1481956968118 5 1
1481956971250 1 1
1481956972172 6 3
1481956973570 11 -1
1481956975299 11 1
1481956976643 11 -1
1481956978203 0 1
1481956979354 10 -1
1481956980532 3 -1
1481956987064 7 1
1481956989516 8 1
1481956990339 3 1
1481956991211 10 2
1481956994036 2 -1
1481956996897 2 1
1481957005380 10 -2
1481957006011 8 -1
1481957010179 4 -1
1481957011067 7 1
1481957012480 5 1
1481957016235 4 -1
1481957017120 1 1
1481957018779 1 -1
1481957020948 5 -1
1481957021968 7 -2
1481957025002 4 2
1481957026902 10 1
1481957028483 7 1
1481957030601 10 -1
1481957031386 3 -1
1481957035362 7 -1
1481957039017 3 1
1481957039784 10 1
1481957042107 4 -2
1481957043082 7 2
1481957044378 5 1
1481957048444 R
1481957054939 6 -1
1481957057427 1 -1
1481957061331 5 -1
1481957062449 3 -1
1481957065024 4 3
1481957069620 4 -3
1481957072498 3 1
1481957073356 7 1
1481957074926 5 2
1481957076212 1 2
1481957077911 0 1
1481957078915 6 2
1481957080236 9 3
1481957081650 10 -3
1481957082915 2 -1
1481957084276 11 -1
1481957086014 11 1
1481957088941 9 -2
1481957090234 6 -1
1481957092080 1 -1
1481957094091 5 -1
1481957095084 11 -1
1481957096313 7 -2
1481957099130 10 1
1481957100259 6 -1
1481957101443 1 -1
1481957103803 0 2
1481957105681 11 -1
1481957106980 7 2
1481957109082 5 1
1481957114360 11 2
1481957118559 2 4
1481957120114 11 -2
1481957121930 8 1
1481957122899 10 3
1481957123843 9 -1
1481957125196 11 -1
1481957127458 2 -4
1481957129555 5 -1
1481957132540 11 2
1481957136464 11 -2
1481957139640 5 1
1481957143234 11 2
1481957145114 9 1
1481957146468 9 -1
1481957147724 4 1
1481957149283 5 -1
1481957150345 7 -1
1481957152130 11 -2
1481957153197 2 1
1481957154313 10 -2
1481957155076 8 -1
1481957156198 7 -1
1481957158587 4 -1
1481957160852 7 2
1481957162028 5 1
1481957163180 2 3
1481957165280 11 3
1481957169787 0 -2
1481957171125 5 -2
1481957172500 7 -1
1481957173348 3 -1
1481957177029 10 1
1481957177908 0 -1
1481957179458 11 -3
1481957180403 7 -1
1481957181339 3 -2
1481957183461 5 1
1481957184643 11 1
1481957187276 5 -1
1481957188155 7 2
1481957189726 5 2
1481957190910 2 -1
1481957193092 4 2
1481957194396 11 -1
1481957195943 8 1
1481957196762 10 1
1481957198076 2 -3
1481957200460 5 -2
1481957201856 7 -1
1481957203348 4 1
1481957205223 5 1
1481957206156 11 1
1481957207960 1 1
1481957208803 6 3
1481957210638 11 -2
1481957211966 0 1
1481957221150 2 1
1481957222155 10 -2
1481957223187 8 -1
1481957225654 7 -1
1481957229515 7 1
1481957231322 3 -1
1481957233044 7 -1
1481957236201 4 -2
1481957237635 7 2
1481957238775 5 1
1481957241144 3 1
1481957241884 8 1
1481957243043 10 2
1481957244515 2 -1
1481957247526 0 -1
1481957248840 11 2
1481957250293 1 1
1481957251347 6 -3
1481957253332 4 -1
1481957254835 1 -2
1481957255844 1 2
1481957257748 1 -2
1481957259224 5 -2
1481957260132 3 3
1481957262285 8 1
1481957264213 8 -1
1481957265490 5 2
1481957266832 11 1
1481957270216 0 3
1481957271942 5 -1
1481957274267 9 1
1481957276005 4 1
1481957280830 0 -2
1481957282495 5 1
1481957285427 0 2
1481957286825 11 -1
1481957291390 5 -1
1481957292519 7 -1
1481957297039 4 -1
1481957299332 7 1
1481957300408 5 1
1481957301772 11 1
1481957307625 5 -1
1481957308488 8 1
1481957310844 9 -1
1481957312396 0 -3
1481957313489 1 1
1481957314839 4 1
1481957327773 1 -1
1481957332844 11 -2
1481957333812 8 -1
1481957335218 5 1
1481957336670 5 -2
1481957337492 7 -1
1481957338852 3 -3
1481957339983 4 2
1481957343368 3 2
1481957345267 2 1
1481957346315 10 -1
1481957347148 8 -1
1481957349039 7 -1
1481957350318 3 -2
1481957351831 5 1
1481957356321 7 1
1481957357386 8 1
1481957358270 10 1
1481957359723 2 -1
1481957361097 11 1
1481957362654 1 1
1481957363411 6 3
1481957365012 11 -2
1481957370094 2 1
1481957371309 10 -1
1481957372157 8 -1
1481957374380 4 -2
1481957375267 7 1
1481957376835 5 1
1481957378043 2 2
1481957379914 0 1
1481957381156 10 -1
1481957382140 3 -1
1481957384094 2 -2
1481957389838 5 -1
1481957390977 7 -2
1481957392355 4 2
1481957396821 4 -2
1481957397589 7 2
1481957399095 5 1
1481957401617 1 1
1481957403337 4 1
1481957407853 3 1
1481957408676 8 1
1481957410018 10 2
1481957412411 2 -1
1481957414438 1 -1
1481957416110 2 3
1481957417845 10 -2
1481957418827 3 -1
1481957419883 8 -1
1481957421130 2 -2
1481957425362 1 1
1481957426532 1 -1
1481957427985 5 -1
1481957428698 7 -2
1481957430784 4 1
1481957433978 7 1
1481957435747 3 1
1481957436442 8 1
1481957437333 10 2
1481957438738 0 -1
1481957440100 11 1
1481957441138 6 -3
1481957443715 2 -1
1481957445162 1 -1
1481957446319 5 -1
1481957447535 3 2
1481957448676 11 2
1481957453397 4 -3
1481957455251 3 1
1481957456426 7 1
1481957457667 5 2
1481957459205 0 3
1481957461563 11 -2
1481957466147 2 4
1481957467323 10 -2
1481957468082 8 -1
1481957469227 5 -1
1481957469995 7 -2
1481957471763 7 2
1481957473000 5 1
1481957473896 2 -3
1481957476767 5 -1
1481957478008 7 -2
1481957479867 4 1
1481957484081 10 1
1481957486909 4 -1
1481957489740 7 2
1481957491226 5 1
1481957493340 2 3
1481957495775 11 3
1481957498036 10 -1
1481957501500 11 -3
1481957507034 5 -1
1481957508266 7 -2
1481957510323 7 2
1481957511349 5 1
1481957512523 2 -3
1481957514883 5 -1
1481957515982 7 -2
1481957518612 4 1
1481957522324 7 2
1481957523713 5 1
1481957525435 2 2
1481957526865 8 1
1481957527898 10 2
1481957529013 11 2
1481957530916 9 1
1481957531884 9 -1
1481957533221 11 -2
1481957534270 2 -3
1481957535660 5 -1
1481957538313 7 -1
1481957542371 2 1
1481957543379 10 -2
1481957544298 8 -1
1481957545338 7 -1
1481957549306 4 -1
1481957553355 10 1
1481957558506 7 2
1481957559672 5 1
1481957560867 4 1
1481957562275 5 -1
1481957563315 7 -2
1481957564779 7 2
1481957566109 5 1
1481957567316 10 -1
1481957570158 R
1481957573538 6 -1
1481957574879 1 -1
1481957579150 0 1
1481957583058 5 -1
1481957584514 7 1
1481957586504 5 2
1481957588667 2 3
1481957590027 5 -2
1481957591123 11 -1
1481957592133 7 -2
1481957593546 3 -1
1481957594674 3 1
1481957596964 10 -1
1481957598213 7 2
1481957600512 8 2
1481957601332 10 2
1481957602619 0 -1
1481957604761 11 -2
1481957606259 8 -1
1481957607578 5 2
1481957608839 11 2
1481957612343 5 -2
1481957613203 3 -1
1481957614446 7 -1
1481957616395 11 -2
1481957617388 3 -2
1481957618957 5 1
1481957621397 5 -1
1481957625680 7 1
1481957627040 5 2
1481957628412 2 -4
1481957633205 5 -2
1481957634425 7 -1
1481957635866 4 3
1481957641488 11 1
1481957642411 5 1
1481957643224 1 1
1481957644123 6 3
1481957645835 11 -2
1481957650723 0 1
1481957657845 0 -1
1481957659413 11 2
1481957660502 6 -3
1481957661779 1 -1
1481957664399 11 -1
1481957667607 11 1
1481957671666 5 -1
1481957673157 3 2
1481957674075 11 1
1481957676193 0 1
1481957678234 9 1
1481957681956 4 -3
1481957682852 3 1
1481957683636 7 1
1481957685108 5 2
1481957686674 0 2
1481957687874 11 -1
1481957693827 5 -1
1481957695375 7 -1
1481957696644 7 1
1481957698971 9 -1
1481957700273 11 -1
1481957701493 2 1
1481957702492 10 -2
1481957703403 8 -1
1481957708323 7 -2
1481957710238 7 2
1481957711449 5 1
1481957714827 2 3
1481957717823 8 1
1481957718838 10 2
1481957719870 11 2
1481957722906 11 -2
1481957723698 5 -1
1481957725474 5 1
1481957729041 5 -1
1481957732586 10 -2
1481957733507 8 -1
1481957735197 7 -2
1481957739532 11 2
1481957741194 0 -2
1481957742937 5 -1
1481957744003 3 -1
1481957746090 7 2
1481957747518 11 1
1481957748740 3 1
1481957750666 5 2
1481957751913 2 -3
1481957755030 5 -2
1481957756120 3 -1
1481957757287 7 -1
1481957760946 3 1
1481957761850 7 1
1481957774103 3 -1
1481957775004 7 -1
1481957776512 4 3
1481957783814 9 1
1481957784937 10 -1
1481957785883 2 -1
1481957787555 11 -1
1481957788835 7 -1
1481957791348 4 -3
1481957792141 3 1
1481957793353 5 1
1481957794612 0 2
1481957795854 11 -1
1481957798715 7 2
1481957800148 5 1
1481957801444 8 1
1481957802363 11 1
1481957804788 8 -1
1481957806171 5 -1
1481957807205 7 -2
1481957808836 11 -1
1481957813492 4 1
1481957816428 4 -1
1481957817635 7 2
1481957818950 5 1
1481957820203 5 -1
1481957822412 8 2
1481957824065 8 -2
1481957825435 11 2
1481957826934 2 1
1481957827851 10 2
1481957828788 9 -1
1481957834053 10 -1
1481957835687 10 1
1481957837099 4 1
1481957838474 5 1
1481957840600 2 2
1481957841950 11 -3
1481957843398 2 -2
1481957844884 5 -1
1481957852552 5 1
1481957853950 5 -1
1481957856300 7 -2
1481957860018 10 -1
1481957862302 7 2
1481957864582 8 2
1481957866095 10 2
1481957867172 2 -1
1481957870260 8 -1
1481957871788 5 1
1481957873367 5 -1
1481957874692 8 1
1481957876093 2 1
1481957877200 10 -2
1481957878115 8 -2
1481957879163 7 -2
1481957883507 4 -1
1481957884956 7 2
1481957886457 5 1
1481957888929 2 3
1481957890468 5 -1
1481957894146 11 3
1481957896229 5 1
1481957897593 2 -3
1481957899450 5 -1
1481957901802 9 1
1481957902787 10 -1
1481957903938 2 -1
1481957905537 11 -2
1481957908991 7 -2
1481957913820 4 1
1481957916299 4 -1
1481957917442 7 2
1481957918730 5 1
1481957920509 11 2
1481957923543 5 -1
1481957924792 11 -2
1481957926142 11 2
1481957928387 11 -2
1481957930770 7 -2
1481957932323 7 2
1481957933526 5 1
1481957937997 11 2
1481957939619 0 -2
1481957941645 5 -2
1481957943276 7 -1
1481957944381 3 -1
1481957945594 4 3
1481957947935 2 1
1481957948995 10 2
1481957955442 4 -3
1481957964875 3 1
1481957966556 7 1
1481957967794 5 2
1481957972504 2 2
1481957975555 10 -2
1481957979891 2 -3
1481957983155 0 2
1481957984451 0 -2
1481957986193 5 -2
1481957987396 3 -1
1481957988775 7 -1
1481957990084 4 3
1481957991925 2 1
1481957993077 10 2
1481957994163 9 -1
1481957996819 4 -3
1481958012393 9 1
1481958013645 10 -2
1481958014628 2 -1
1481958016371 11 -1
1481958019036 7 -1
1481958021568 3 1
1481958023803 7 2
1481958025673 5 2
1481958027558 11 1
1481958030240 4 1
1481958032189 5 -2
1481958033422 11 -1
1481958034429 7 -2
1481958035708 3 -1
1481958037859 4 2
1481958045278 7 1
1481958046575 11 1
1481958047792 2 1
1481958048924 10 2
1481958049612 9 -1
1481958052891 10 -1
1481958056561 9 1
1481958057460 10 -1
1481958058331 2 -1
1481958060157 11 -1
1481958061911 7 -1
1481958064527 7 1
1481958066077 11 1
1481958067055 2 1
1481958068841 10 2
1481958069732 9 -1
1481958073157 10 -1
1481958080575 9 1
1481958082315 10 -1
1481958083203 2 -1
1481958086004 11 -1
1481958087994 8 1
1481958096276 4 -3
1481958097156 3 1
1481958097909 7 1
1481958099525 5 2
1481958100924 0 2
1481958102179 11 -1
1481958103516 8 -1
1481958105041 5 -1
1481958106175 7 -2
1481958107868 7 2
1481958109351 5 1
1481958111134 11 2
1481958115183 0 -1
1481958119775 5 -1
1481958120873 11 -1
1481958122304 7 -2
1481958125938 0 1
1481958126970 11 -1
1481958128809 7 2
1481958129821 5 1
1481958131924 11 2
1481958133132 2 4
1481958134742 11 -2
1481958136308 8 1
1481958137307 10 3
1481958137971 9 -1
1481958139989 11 -1
1481958144608 2 -4
1481958147254 5 -1
1481958148108 7 -1
1481958149563 7 1
1481958150607 5 1
1481958153514 4 1
1481958156420 11 2
1481958157740 9 1
1481958158891 11 -1
1481958159992 5 -1
1481958162740 7 -1
1481958165044 9 -1
1481958166468 11 -1
1481958167690 2 1
1481958168674 10 -2
1481958169716 8 -1
1481958171323 7 -1
1481958176089 10 1
1481958178213 10 -1
1481958180892 4 -1
1481958183455 4 1
1481958189794 7 2
1481958190605 5 1
1481958191421 8 1
1481958192398 2 2
1481958194015 11 2
1481958195015 10 2
1481958196296 9 1
1481958197675 9 -1
1481958200884 10 -2
1481958201779 8 -1
1481958204263 11 -2
1481958205858 2 -2
1481958207646 5 -1
1481958212430 5 1
1481958215972 2 2
1481958217029 11 3
1481958218278 0 -2
1481958220221 11 -1
1481958222619 11 1
1481958223899 2 -2
1481958225579 5 -2
1481958226811 3 -1
1481958227844 7 -1
1481958229500 4 2
1481958233851 9 1
1481958234920 10 -1
1481958235892 2 -1
1481958237649 11 -1
1481958245196 7 -1
1481958246787 4 -3
1481958247611 3 1
1481958248853 5 1
1481958249986 0 2
1481958251104 11 -1
1481958252363 7 2
1481958253997 5 1
1481958256519 5 -1
1481958257395 7 -2
1481958259347 7 2
1481958260619 11 2
1481958261516 2 1
1481958262853 10 2
1481958263459 9 -1
1481958265956 10 -1
1481958267332 5 1
1481958270515 4 1
1481958271603 5 -1
1481958272826 7 -1
1481958274747 10 1
1481958275708 9 1
1481958278066 7 1
1481958279572 10 -2
1481958280507 2 -1
1481958282301 11 -2
1481958283965 8 2
1481958286970 8 -2
1481958290347 4 -1
1481958292068 7 -2
1481958294608 11 1
1481958296050 11 -1
1481958298345 11 1
1481958301383 4 1
1481958305002 0 -2
1481958306278 1 1
1481958307290 6 3
1481958308595 10 -1
1481958319377 0 -1
1481958322555 11 -1
1481958324852 6 -2
1481958326851 7 2
1481958328211 5 1
1481958329526 11 2
1481958334295 0 1
1481958341476 5 -1
1481958342367 11 -1
1481958343427 7 -2
1481958345228 7 2
1481958346438 5 1
1481958347282 11 1
1481958350388 6 2
1481958359595 6 -2
1481958362063 10 1
1481958362636 6 -1
1481958363828 1 -1
1481958371527 5 -2
1481958373043 11 -1
1481958374538 7 -2
1481958376010 3 -1
1481958377321 4 2
1481958379580 7 1
1481958380979 11 1
1481958384380 2 1
1481958385203 10 2
1481958386147 9 -1
1481958393368 9 1
1481958397010 10 -2
1481958397722 2 -1
1481958399090 11 -1
1481958400147 7 -1
1481958401507 4 -3
1481958402691 3 1
1481958403729 5 1
1481958404995 0 2
1481958406346 11 -1
1481958407380 7 2
1481958408459 5 1
1481958414113 8 1
1481958415411 11 1
1481958415875 8 -1
1481958417175 11 1
1481958419521 2 4
1481958420387 5 -1
1481958421341 11 -2
1481958422306 7 -2
1481958424187 11 1
1481958426280 0 -2
1481958428170 5 -1
1481958429267 7 2
1481958430147 5 2
1481958431344 11 1
1481958433860 5 -1
1481958435424 11 -1
1481958437142 7 -2
1481958440339 7 2
1481958441970 11 1
1481958443128 1 1
1481958444154 1 -1
1481958445855 0 2
1481958447245 11 -2
1481958450380 10 2
1481958451229 9 -1
1481958454053 11 -1
1481958455488 5 1
1481958460113 2 -3
1481958461491 5 -1
1481958462390 7 -2
1481958466668 10 -1
1481958468310 7 2
1481958469590 5 1
1481958478090 5 -1
1481958480912 7 -2
1481958482587 7 2
1481958483831 5 1
1481958485894 2 3
1481958487084 11 3
1481958489693 0 -1
1481958490756 5 -1
1481958491540 11 -1
1481958492608 7 -2
1481958495939 10 1
1481958497026 9 1
1481958498029 10 -2
1481958504586 0 -1
1481958507428 5 -1
1481958508360 3 -1
1481958509636 7 2
1481958510709 8 2
1481958511699 8 -2
1481958512787 7 -2
1481958514444 3 1
1481958515769 5 1
1481958518389 0 2
1481958519575 11 -1
1481958522340 7 2
1481958526156 5 1
1481958527140 2 -1
1481958529051 11 2
1481958529844 2 -3
1481958532739 4 1
1481958534635 0 -2
1481958535792 1 2
1481958537636 11 -1
1481958538995 8 1
1481958541586 R
1481958544708 7 1
1481958546154 5 1
1481958549028 6 -1
1481958550252 1 -1
1481958553280 0 3
1481958555140 2 3
1481958556705 5 -1
1481958557541 11 -2
1481958558655 11 -1
1481958561391 5 1
1481958562505 2 -3
1481958563772 5 -1
1481958564709 7 -2
1481958566754 7 2
1481958568506 5 1
1481958572291 2 3
1481958577398 11 3
1481958579070 9 1
1481958580354 10 -2
1481958582517 2 -4
1481958583803 11 -2
1481958585352 5 -1
1481958587442 7 -2
1481958589323 7 2
1481958591652 5 1
1481958592849 8 1
1481958594140 11 1
1481958596752 4 1
1481958598508 5 -1
1481958599488 7 -1
1481958600731 11 -1
1481958601490 8 -1
1481958602323 7 -1
1481958605451 11 1
1481958607902 0 -2
1481958609687 4 -1
1481958611115 5 -1
1481958612216 3 -1
1481958614090 4 3
1481958615819 7 1
1481958617684 11 1
1481958620417 2 1
1481958621251 10 2
1481958621899 9 -1
1481958630347 10 -1
1481958632293 4 -3
1481958633251 3 1
1481958634099 7 1
1481958635084 5 2
1481958637196 5 -2
1481958638411 3 -1
1481958639267 7 -1
1481958640306 4 3
1481958649866 4 -3
1481958651291 3 1
1481958651994 7 1
1481958652947 5 2
1481958653946 2 3
1481958655412 11 -1
1481958656164 5 -2
1481958657748 8 2
1481958659351 10 2
1481958660339 0 -1
1481958662280 11 -2
1481958665011 3 -3
1481958666055 8 -1
1481958667781 5 2
1481958673021 2 -4
1481958677322 5 -2
1481958678793 7 -1
1481958680728 5 1
1481958683123 4 3
1481958685203 1 1
1481958685947 6 3
1481958687483 11 -1
1481958688754 0 1
1481958691318 2 1
1481958692300 2 -1
1481958698549 2 1
1481958700920 10 -2
1481958703296 8 -1
1481958704908 7 -1
1481958710259 10 1
1481958714981 7 1
1481958716684 7 -1
1481958718430 0 -1
1481958719632 11 1
1481958720828 6 -3
1481958722811 1 -1
1481958724560 5 -1
1481958726040 3 2
1481958727496 3 -2
1481958731154 7 1
1481958732540 3 2
1481958735232 8 1
1481958736332 10 1
1481958737349 2 -1
1481958738628 11 2
1481958742732 11 -2
1481958743916 2 1
1481958744893 10 -1
1481958746043 3 -2
1481958747349 5 1
1481958751012 1 1
1481958751763 6 3
1481958752891 11 -1
1481958754175 0 1
1481958756216 10 -1
1481958757090 3 -1
1481958758101 8 -1
1481958759425 7 -1
1481958765339 7 1
1481958766931 8 1
1481958768080 3 1
1481958769064 10 2
1481958771011 2 -1
1481958776890 0 -1
1481958778131 11 2
1481958779371 6 -3
1481958780618 1 -1
1481958783078 11 -1
1481958786120 5 -1
1481958788429 3 2
1481958791643 3 -2
1481958792854 2 1
1481958793843 10 -1
1481958794810 8 -1
1481958796860 7 -1
1481958800947 5 1
1481958802428 1 1
1481958803498 6 3
1481958804859 11 -1
1481958806286 0 1
1481958807965 10 -1
1481958808701 3 -1
1481958810129 7 1
1481958814108 7 -1
1481958816525 3 1
1481958817545 10 1
1481958819852 0 -1
1481958822355 11 1
1481958823324 6 -3
1481958824740 1 -1
1481958832301 7 1
1481958833910 8 1
1481958835147 10 1
1481958835907 2 -1
1481958837140 11 1
1481958841604 1 1
1481958842355 6 3
1481958847508 11 -2
1481958851821 0 1
1481958856277 2 1
1481958857428 10 -2
1481958858524 3 -1
1481958860004 8 -1
1481958863901 7 -1
1481958867557 7 1
1481958872495 3 1
1481958873236 8 1
1481958874019 10 2
1481958876123 2 -1
1481958885674 2 1
1481958887193 10 -2
1481958887955 3 -1
1481958888900 8 -1
1481958891375 7 -1
1481958902868 3 1
1481958904005 10 1
1481958907183 0 -1
1481958909440 11 1
1481958910483 6 -3
1481958911604 1 -1
1481958915102 7 1
1481958917089 8 1
1481958918180 10 1
1481958918955 2 -1
1481958922659 11 1
1481958924118 5 -1
1481958927486 3 2
1481958928454 11 1
1481958929902 0 1
1481958934709 0 -1
1481958935743 11 -2
1481958936915 3 -2
1481958938921 5 1
1481958941391 1 1
1481958942148 6 3
1481958943628 11 -1
1481958944855 0 1
1481958948923 2 1
1481958950708 10 -2
1481958951884 8 -1
1481958952627 3 -1
1481958955749 4 -1
1481958956770 7 1
1481958957707 5 1
1481958959967 2 2
1481958962892 3 1
1481958963771 8 1
1481958964774 10 2
1481958965899 2 -3
1481958969052 1 1
1481958971099 1 -1
1481958972428 0 -1
1481958974733 11 2
1481958975540 1 1
1481958978084 6 -3
1481958984003 1 -2
1481958985119 5 -2
1481958985990 7 -1
1481958986838 4 1
1481958988142 5 1
1481958990811 1 1
1481958991492 6 3
1481958992901 11 -2
1481958997335 2 1
1481958998724 2 -1
1481959002619 4 -2
1481959003515 7 1
1481959004461 5 1
1481959007015 1 1
1481959009320 4 1
1481959011319 2 1
1481959012324 10 -1
1481959013124 8 -1
1481959016222 1 -1
1481959017039 5 -1
1481959018050 7 -2
1481959022020 11 1
1481959022740 6 -3
1481959025954 1 -1
1481959027202 4 1
1481959035508 7 1
1481959036966 5 -1
1481959037980 3 2
1481959039880 8 1
1481959043205 3 -2
1481959044175 8 -1
1481959045015 7 -1
1481959046138 5 1
1481959048452 1 1
1481959049215 6 3
1481959050379 11 -1
1481959052806 0 1
1481959055352 0 -1
1481959056305 11 1
1481959056973 6 -3
1481959058084 1 -1
1481959059921 5 -1
1481959061250 7 1
1481959062332 5 1
1481959063354 5 -1
1481959064451 3 2
1481959065838 8 1
1481959066821 10 1
1481959067563 2 -1
1481959069311 11 2
1481959073543 0 1
1481959075139 0 -1
1481959076781 9 1
1481959077747 0 1
1481959086603 0 -1
1481959088884 0 1
1481959089395 9 -1
1481959091052 9 1
1481959097652 4 -3
1481959100834 3 1
1481959101783 7 1
1481959102700 5 2
1481959104161 0 2
1481959105218 5 -1
1481959107885 7 -1
1481959109684 11 -1
1481959113300 9 -1
1481959114967 11 -1
1481959116732 7 1
1481959118391 5 1
1481959119880 4 1
1481959121353 5 -1
1481959122713 2 1
1481959123892 7 -1
1481959126702 10 -2
1481959127620 8 -1
1481959128844 7 -1
1481959131181 4 -1
1481959133955 10 1
1481959136379 4 1
1481959139651 7 2
1481959140818 5 1
1481959142480 2 2
1481959143573 10 -1
1481959145452 2 -2
1481959147764 5 -1
1481959148820 7 -2
1481959150923 4 -1
1481959153372 7 2
1481959154831 5 1
1481959158101 5 -1
1481959160439 8 2
1481959161540 10 2
1481959162343 2 -1
1481959164715 11 2
1481959166151 0 -2
1481959168232 5 -1
1481959169330 3 -1
1481959171415 4 2
1481959172533 8 -1
1481959173316 7 -1
1481959174961 4 1
1481959177357 9 1
1481959179194 9 -1
1481959184078 9 1
1481959185446 0 -1
1481959186481 11 -1
1481959188313 3 -2
1481959192726 5 1
1481959194090 9 -1
1481959195894 11 -1
1481959198144 5 -1
1481959201142 3 2
1481959202376 11 2
1481959204795 11 -2
1481959205939 3 -2
1481959206945 5 1
1481959210891 11 1
1481959212338 9 1
1481959213435 9 -1
1481959215387 5 -1
1481959217830 4 -3
1481959218674 7 1
1481959219618 5 2
1481959221623 5 -2
1481959222779 11 -1
1481959223925 5 2
1481959225485 2 4
1481959227695 11 1
1481959228926 5 -2
1481959230348 10 -1
1481959231099 8 -1
1481959232883 3 3
1481959234027 11 2
1481959234724 5 2
1481959236581 0 3
1481959238620 2 -3
1481959245956 2 2
1481959247393 11 -3
1481959252812 2 -2
1481959255916 2 3
1481959258438 2 -3
1481959259596 10 -1
1481959261301 5 -1
1481959262261 7 -2
