1480130182340 6 1
1480130191675 7 1
1480130192455 5 1
1480130203943 1 1
1480130209948 4 1
1480130211329 6 1
1480130217138 0 1
1480130221192 1 -1
1480130223735 10 -1
1480130229536 9 1
1480130230645 10 -2
1480130231807 2 -1
1480130234536 2 3
1480130249760 2 -3
1480130254134 11 -1
1480130255125 5 -1
1480130256341 8 2
1480130264594 8 -2
1480130267183 5 1
1480130271629 11 1
1480130275178 1 1
1480130277267 6 -2
1480130282157 1 -1
1480130284323 5 -1
1480130285917 5 1
1480130291421 4 -1
1480130293137 10 1
1480130293965 1 1
1480130295423 9 2
1480130297786 4 1
1480130301615 2 1
1480130303743 2 -1
1480130306621 6 -1
1480130308697 4 -1
1480130309333 9 -2
1480130311018 1 -2
1480130314544 5 -2
1480130323350 3 -1
1480130323926 7 -1
1480130329654 11 -1
1480130332290 4 3
1480130340234 7 -1
1480130344784 R
1480130360413 6 -1
1480130361893 1 -1
1480130363493 0 3
1480130380551 10 -1
1480130385543 10 1
1480130396267 7 1
1480130398028 5 1
1480130405682 2 2
1480130436143 10 -1
1480130457363 9 1
1480130458407 10 -1
1480130463171 2 1
1480130470713 11 -2
1480130473075 5 -1
1480130474455 7 -2
1480130477339 7 2
1480130483493 11 1
1480130489467 5 1
1480130490449 11 1
1480130493529 2 -4
1480130496743 5 -1
1480130502248 4 1
1480130504251 5 1
1480130506448 0 -2
1480130507820 1 2
1480130509686 6 3
1480130510910 1 -1
1480130512476 10 -1
1480130519596 5 -1
1480130520490 11 -1
1480130522572 11 1
1480130524982 5 1
1480130534940 0 -1
1480130537816 1 1
1480130545973 0 1
1480130548281 1 -1
1480130549115 5 -1
1480130550760 7 -1
1480130556313 7 1
1480130558675 5 1
1480130563547 1 1
1480130565545 9 2
1480130570073 0 -1
1480130571531 11 -4
1480130572545 0 1
1480130588150 2 1
1480130596082 0 -1
1480130596940 2 -1
1480130606460 11 4
1480130608279 2 1
1480130608916 0 1
1480130610580 10 3
1480130611726 6 -3
1480130613560 9 -3
1480130615477 4 -1
1480130626780 1 -2
1480130627810 5 -2
1480130629168 7 -1
1480130629822 3 -1
1480130630810 4 3
1480130635529 10 -1
1480130704450 10 1
1480130707110 0 -1
1480130710236 4 -3
1480130712787 3 1
1480130713970 5 1
1480130717836 0 2
1480130727629 0 -1
1480130733110 5 -1
1480130734420 3 -1
1480130737171 4 2
1480130740844 4 1
1480130745427 4 -3
1480130747122 3 1
1480130747773 7 1
1480130749227 5 2
1480130759228 0 2
1480130761201 10 -1
1480130763299 9 1
1480130764419 10 -1
1480130765301 2 -1
1480130768201 11 -2
1480130769067 5 -1
1480130774174 4 1
1480130781573 7 -2
1480130783203 7 2
1480130783982 5 1
1480130785196 11 2
1480130788822 11 -1
1480130789587 5 -1
1480130792034 5 1
1480130792809 11 1
1480130796532 0 -2
1480130802278 0 2
1480130803494 4 -1
1480130805576 5 -1
1480130808484 0 -2
1480130809552 5 -1
1480130811562 5 1
1480130812312 7 -1
1480130813404 4 1
1480130817620 4 -1
1480130818915 7 1
1480130819823 5 1
1480130820973 0 2
1480130823267 2 4
1480130824771 10 2
1480130825759 9 -1
1480130829821 11 -3
1480130833877 5 -1
1480130835467 7 -2
1480130837525 10 -1
1480130839475 7 2
1480130840349 5 1
1480130842586 2 -3
1480130849939 2 2
1480130852097 11 1
1480130853119 9 1
1480130854701 10 -1
1480130856907 11 2
1480130859924 2 -3
1480130861368 11 -2
1480130862287 5 -1
1480130863995 7 -2
1480130870910 7 2
1480130872439 11 2
1480130873676 0 -2
1480130876202 5 1
1480130876888 1 2
1480130878808 6 2
1480130880194 10 -1
1480130885701 2 1
1480130886526 1 -1
1480130889488 2 2
1480130892732 2 1
1480130900608 10 1
1480130901386 11 -1
1480130902112 5 -1
1480130904240 8 2
1480130912730 8 -2
1480130916494 5 1
1480130919160 5 -1
1480130941862 5 1
1480130944965 2 -1
1480130946401 4 1
1480130950673 6 -2
1480130951919 1 -1
1480130953471 0 2
1480130956115 10 2
1480130957135 9 -1
1480130958624 11 -2
1480130960769 2 -2
1480130962353 4 -1
1480130967554 10 -1
1480130994164 10 1
1480130995302 10 -1
1480131003813 2 3
1480131005735 11 2
