1482871987531 4 1
1482871988747 4 -1
1482871991569 4 1
1482871994760 6 -1
1482871996463 1 -1
1482871999452 7 1
1482872000975 5 1
1482872003412 5 -2
1482872004915 3 -1
1482872006264 7 -1
1482872007531 4 2
1482872010725 4 -2
1482872014844 4 -1
1482872018546 7 1
1482872019610 3 1
1482872021119 5 2
1482872023052 0 3
1482872025068 5 -1
1482872026520 7 -1
1482872027573 4 1
1482872031730 10 -1
1482872033622 9 1
1482872034859 10 -1
1482872036294 2 -1
1482872039084 11 -2
1482872042072 7 1
1482872044078 5 1
1482872045575 4 -1
1482872052672 5 -1
1482872055872 R
1482872064451 6 -1
1482872066641 1 -1
1482872069976 7 1
1482872075633 5 1
1482872077178 0 3
1482872079400 5 -1
1482872081142 7 -1
1482872084519 9 1
1482872085925 10 -2
1482872087180 2 -1
1482872088811 11 -2
1482872090529 7 -1
1482872092103 7 2
1482872099572 7 -2
1482872105645 11 1
1482872110250 R
1482872112974 6 1
1482872118691 9 1
1482872119709 0 1
1482872121376 10 -3
1482872124494 6 -1
1482872126705 7 1
1482872128585 5 1
1482872131078 6 1
1482872133623 10 3
1482872135283 6 -2
1482872136351 1 -1
1482872138837 0 2
1482872145853 10 -2
1482872146939 2 -1
1482872151734 0 -2
1482872152981 11 -1
1482872155371 5 -1
1482872156754 7 -2
1482872163490 1 1
1482872164936 6 2
1482872166047 10 -1
1482872167291 0 -1
1482872169716 6 -1
1482872172083 4 1
1482872173623 6 2
1482872175741 0 1
1482872178349 0 -1
1482872182303 6 -2
1482872187472 6 2
1482872191180 0 1
1482872192245 10 1
1482872193651 6 -3
1482872195653 1 -1
1482872197152 5 -1
1482872200133 7 2
1482872205411 5 2
1482872206753 0 2
1482872211344 11 -1
1482872213756 5 -1
1482872215510 7 -2
1482872221709 R
1482872227343 6 -1
1482872230006 1 -1
1482872232334 5 -1
1482872234104 3 -1
1482872235383 4 3
1482872241043 0 1
1482872242571 10 -1
1482872248908 4 -3
1482872250599 7 1
1482872252165 3 1
1482872254330 5 2
1482872256563 2 3
1482872258243 0 2
1482872260228 11 -3
1482872268899 11 3
1482872272400 0 -2
1482872273807 2 -3
1482872277325 0 2
1482872279107 9 1
1482872280403 10 -1
1482872281813 2 -1
1482872283517 11 -2
1482872287249 5 -1
1482872288702 7 -2
