1480208321545 6 -1
1480208322968 1 -1
1480208324441 5 -1
1480208325682 3 -1
1480208328359 4 3
1480208333277 4 -2
1480208335542 3 1
1480208337086 7 1
1480208338803 5 2
1480208343182 0 3
1480208344621 4 -1
1480208349467 2 3
1480208351652 11 -3
1480208353974 10 -1
1480208355855 5 -1
1480208357455 7 -2
1480208361182 11 2
1480208363477 10 1
1480208366202 0 -2
1480208368233 5 -1
1480208369645 3 -1
1480208372237 7 2
1480208373338 11 1
1480208380332 10 -1
1480208383634 11 -1
1480208385433 7 -2
1480208387277 3 1
1480208389052 5 1
1480208392911 10 1
1480208394402 0 -1
1480208396436 11 -2
1480208398147 5 -1
1480208399761 3 -3
1480208403160 5 1
1480208404897 7 2
1480208406623 5 1
1480208408008 2 -3
1480208411569 5 -2
1480208413219 7 -2
1480208415212 4 3
1480208416853 5 1
1480208423338 5 -1
1480208424507 7 1
1480208426038 3 2
1480208427941 8 1
1480208429263 10 1
1480208430738 2 -1
1480208432135 11 2
1480208434097 0 1
1480208435768 9 1
1480208438439 4 -3
1480208440861 3 1
1480208442074 5 1
1480208443591 0 2
1480208445437 11 -1
1480208450264 7 1
1480208451541 5 1
1480208453114 11 1
1480208457833 9 -1
1480208459435 11 -2
1480208461387 2 4
1480208463358 10 -2
1480208464865 8 -1
1480208466825 5 -1
1480208468452 7 -2
1480208471686 10 1
1480208473545 11 2
1480208475625 0 -3
1480208477348 11 -2
1480208480881 5 -1
1480208482457 3 -3
1480208485307 7 2
1480208486826 5 2
1480208489213 2 -3
1480208495418 1 2
1480208497642 6 2
1480208499870 4 2
1480208501193 6 1
1480208503047 11 -1
1480208504833 1 -1
1480208506217 5 -1
1480208507667 7 -2
1480208509419 4 1
1480208511967 7 1
1480208513598 8 1
1480208514766 10 1
1480208516459 2 -1
1480208525057 4 -1
1480208526247 7 1
1480208527938 8 1
1480208529380 8 -1
1480208530683 5 1
1480208532469 2 3
1480208534557 11 2
1480208536160 9 1
1480208539721 6 -3
1480208541772 4 -2
1480208543096 1 -1
1480208544624 2 1
1480208546568 5 -2
1480208548119 8 1
1480208549457 3 3
1480208575500 8 -1
1480208576884 5 2
1480208580644 11 1
1480208582062 0 3
1480208584298 11 -1
1480208585672 5 -1
1480208587499 10 -3
1480208590853 8 -1
1480208592889 7 -2
1480208597884 11 1
1480208599556 10 2
1480208601903 10 -2
1480208603446 11 -1
1480208605056 11 1
1480208606747 0 -2
1480208608594 5 -1
1480208610422 3 -1
1480208612108 7 2
1480208613720 11 1
1480208620889 11 -1
1480208622132 8 2
1480208624755 3 1
1480208626269 5 1
1480208628345 0 2
1480208630577 8 -2
1480208632420 11 -1
1480208634282 7 -2
1480208636911 11 1
1480208639799 10 2
1480208641538 9 -1
1480208643272 11 -2
1480208645654 10 -1
1480208647476 7 2
1480208648749 5 1
1480208650813 2 -3
1480208653857 5 -1
1480208655576 7 -2
1480208658839 10 1
1480208662151 7 2
1480208663886 5 1
1480208665433 2 3
1480208668109 11 3
1480208671046 2 -3
1480208674255 5 -1
1480208675697 7 -1
1480208677616 4 1
1480208680566 0 -2
1480208681980 5 -1
1480208683165 3 -1
1480208684872 4 2
1480208691767 4 -3
1480208694381 3 1
1480208696000 5 1
1480208697714 0 2
1480208700924 9 1
1480208702902 10 -2
1480208704179 2 -1
1480208705430 11 -2
1480208707047 7 -1
1480208709707 11 1
1480208711699 0 -2
1480208713241 5 -1
1480208714402 3 -1
1480208715958 4 3
1480208718109 7 1
1480208719740 11 1
1480208724571 2 1
1480208728982 10 2
1480208730486 9 -1
1480208731743 0 -1
1480208733960 4 -3
1480208735606 3 1
1480208736969 5 1
1480208738668 1 1
1480208744589 4 1
1480208745911 1 -1
1480208747113 5 -1
1480208748367 3 -1
1480208749725 4 2
1480208757286 4 -3
1480208758857 3 1
1480208759822 7 1
1480208761474 5 2
1480208763005 1 2
1480208764283 6 1
1480208765908 4 1
1480208767238 6 2
1480208769261 9 3
1480208772143 0 1
1480208773993 10 -3
1480208776171 0 -1
1480208777138 2 -1
1480208779621 11 -4
1480208784704 8 1
1480208788321 11 3
1480208789800 0 1
1480208791283 10 1
1480208793875 9 -2
1480208795196 1 -1
1480208796629 5 -1
1480208797793 8 -1
1480208799935 7 -2
1480208803401 10 -1
1480208805131 0 -1
1480208807395 7 1
1480208809190 11 1
1480208813635 6 -2
1480208816659 4 -1
1480208820038 7 1
1480208821560 5 1
1480208824184 2 4
1480208826708 11 -2
1480208829814 11 2
1480208832462 2 -4
1480208837188 1 1
1480208838590 9 2
1480208840181 0 1
1480208841792 10 1
1480208843258 6 -1
1480208845224 9 -2
1480208846733 1 -2
1480208850324 0 2
1480208852291 2 4
1480208854606 11 -2
1480208856153 5 -1
1480208857499 7 -2
1480208861045 11 1
1480208862652 10 2
1480208864423 9 -1
1480208865953 11 -2
1480208867843 7 2
1480208869193 5 1
1480208871314 2 -3
1480208872710 5 -1
1480208873958 7 -2
1480208886379 4 1
1480208892160 7 2
1480208894288 5 1
1480208895919 2 2
1480208897901 11 3
1480208899665 10 -1
1480208901889 11 -3
1480208904284 2 -2
1480208905770 5 -1
1480208907520 7 -2
1480208909903 4 -1
1480208914665 10 1
1480208916231 7 2
1480208917458 5 1
1480208919150 2 3
1480208925461 8 1
1480208926867 10 1
1480208928573 11 2
1480208934846 9 1
1480208936646 10 -3
1480208938471 11 -1
1480208941105 8 -1
1480208942963 5 -1
1480208944230 7 -2
1480208948334 11 1
1480208950993 0 -2
1480208953858 5 -1
1480208955483 3 -1
1480208957707 7 2
1480208958844 3 1
1480208960987 5 2
1480208962825 11 1
1480208968604 0 2
1480208970029 10 2
1480208971479 9 -1
1480208974488 11 -3
1480208980941 2 -3
1480208984575 5 -1
1480208985736 7 -2
1480208988097 4 1
1480208990921 10 -1
1480208995922 4 -1
1480209002608 10 1
1480209005071 7 2
1480209006605 8 2
1480209008416 10 1
1480209009577 2 -1
1480209011414 11 2
1480209015006 0 -3
1480209018446 1 1
1480209020749 4 1
1480209027115 6 3
1480209030515 11 -2
1480209032482 11 -1
1480209042685 8 -1
1480209044371 5 1
1480209047290 11 3
1480209051757 6 -3
1480209053239 1 -1
1480209055333 4 -1
1480209058163 0 3
1480209060034 11 -2
1480209061660 2 4
1480209063346 10 -2
1480209064901 8 -1
1480209069467 11 3
1480209070852 9 1
1480209072179 10 -1
1480209075524 2 -4
1480209077045 11 -2
1480209078516 5 -1
1480209080666 7 -2
1480209084178 11 1
1480209086412 0 -2
1480209089695 7 2
1480209090986 11 1
1480209092694 5 1
1480209096952 0 2
1480209099054 2 4
1480209100864 11 -2
1480209102061 5 -1
1480209103487 7 -2
1480209108423 10 2
1480209109450 9 -1
1480209110936 11 -1
1480209117583 11 2
1480209119774 0 -2
1480209124554 7 2
1480209126152 5 1
1480209128291 1 2
1480209129617 11 1
1480209136822 1 -2
1480209138180 2 -3
1480209140143 5 -2
1480209142487 3 -1
1480209143972 7 -1
1480209145630 4 3
1480209155556 4 -1
1480209156817 7 1
1480209158596 4 -2
1480209159827 3 1
1480209161561 5 2
1480209163708 2 2
1480209166402 0 2
1480209168448 11 -3
1480209171264 2 -2
1480209172618 5 -1
1480209174055 7 -2
1480209177753 10 -1
1480209181658 7 2
1480209182884 5 1
1480209184818 2 3
1480209188244 11 3
1480209190425 2 -3
1480209192864 5 -1
1480209194050 7 -1
1480209197146 4 1
1480209198953 4 -1
1480209201832 9 1
1480209203058 10 -1
1480209204631 2 -1
1480209205996 11 -2
1480209207762 7 -1
1480209212451 11 1
1480209214001 0 -2
1480209215940 5 -1
1480209217147 3 -1
1480209218255 4 3
1480209223770 7 1
1480209225220 11 1
1480209227827 4 -3
1480209229082 3 1
1480209230279 7 1
1480209232499 5 2
1480209233932 0 2
1480209236116 2 4
1480209238314 11 -2
1480209239556 5 -1
1480209241066 7 -2
1480209244347 10 2
1480209245678 9 -1
1480209246970 11 -1
1480209252333 7 2
1480209253573 5 1
1480209255459 2 -3
1480209257484 5 -1
1480209259082 7 -2
1480209260926 10 -1
1480209262795 7 1
1480209263788 7 1
1480209265507 5 1
1480209269258 2 3
1480209271738 11 3
1480209274948 0 -1
1480209277641 2 -3
1480209279347 5 -1
1480209280378 7 -1
1480209286019 0 1
1480209291634 10 1
1480209298173 9 1
1480209299796 10 -2
1480209300909 2 -1
1480209302116 11 -2
1480209303478 7 -1
1480209307937 4 1
1480209310978 7 1
1480209312033 7 1
1480209313772 11 1
1480209315618 5 1
1480209316919 11 1
1480209318826 2 3
1480209320536 10 2
1480209322395 9 -1
1480209323672 0 -2
1480209324889 2 -2
1480209326519 1 2
1480209329712 6 3
1480209331562 9 3
1480209333895 10 -3
1480209336239 2 -1
1480209337473 11 -1
1480209339168 6 -2
1480209340898 9 -2
1480209342711 1 -1
1480209344338 5 -1
1480209345839 7 -2
1480209352442 4 -1
1480209355796 7 2
1480209358550 11 1
1480209360337 5 1
1480209363063 2 4
1480209368469 0 -1
1480209370128 5 -1
1480209371461 11 -2
1480209375142 7 -2
1480209377581 11 1
1480209389989 0 1
1480209391686 10 3
1480209394798 6 -1
1480209396364 1 -1
1480209397838 0 2
1480209399156 9 -1
1480209400902 11 -2
1480209402320 10 -1
1480209406626 7 2
1480209408062 5 1
1480209409826 2 -3
1480209411166 5 -1
1480209412410 7 -2
1480209419943 7 2
1480209421605 5 1
1480209425311 2 2
1480209427656 11 3
1480209438717 11 -3
1480209440279 8 1
1480209441965 2 -2
1480209443648 5 -1
1480209444994 8 -1
1480209446776 7 -2
1480209450313 4 1
1480209452900 10 1
1480209461506 7 2
1480209462973 5 1
1480209466557 2 2
1480209468793 11 3
1480209470627 2 -2
1480209474188 4 -1
1480209475737 5 -1
1480209478132 7 -1
1480209481146 9 1
1480209482571 10 -2
1480209483760 2 -1
1480209484858 11 -2
1480209487635 7 -1
1480209491967 7 2
1480209493625 5 1
1480209498352 11 2
1480209500258 2 4
1480209501916 11 -2
1480209504851 10 2
1480209507794 9 -1
1480209508925 11 -1
1480209511267 2 -3
1480209513862 5 -1
1480209518860 7 -2
1480209521688 4 1
1480209526428 7 2
1480209527561 5 1
1480209529076 2 2
1480209530694 11 3
1480209532220 9 1
1480209534495 10 -2
1480209535726 11 -2
1480209538320 8 1
1480209539949 10 3
1480209541102 9 -1
1480209542688 11 -1
1480209543866 2 -3
1480209546360 5 -1
1480209548223 7 -1
1480209551587 11 2
1480209552857 0 -2
1480209554330 5 -1
1480209555931 3 -1
1480209557385 4 2
1480209566915 4 -2
1480209568858 3 1
1480209570114 5 1
1480209571548 0 2
1480209572841 11 -2
1480209574245 2 1
1480209575597 10 -2
1480209577026 8 -1
1480209578415 7 -1
1480209581181 7 2
1480209582342 5 1
1480209584979 2 2
1480209588754 11 3
1480209594213 2 -1
1480209595175 10 1
1480209596445 2 -1
1480209598629 9 1
1480209600039 10 -2
1480209602033 2 -1
1480209603240 11 -2
1480209604496 5 -1
1480209605729 7 -2
1480209608761 11 1
1480209613114 11 -1
1480209617180 7 2
1480209618371 5 1
1480209619738 11 2
1480209622525 0 -2
1480209623874 1 2
1480209625217 6 3
1480209626446 9 2
1480209627890 10 -1
1480209631164 11 -1
1480209633650 0 -1
1480209634907 11 -3
1480209644034 0 1
1480209645359 2 1
1480209646856 8 1
1480209649827 10 4
1480209651105 2 -1
1480209652282 0 -1
1480209655994 11 3
1480209658044 6 -3
1480209659332 9 -3
1480209660796 1 -2
1480209662029 11 -2
1480209664172 5 -2
1480209666031 3 -3
1480209667298 7 -1
1480209668957 4 2
1480209670575 3 2
1480209673294 4 -3
1480209674369 3 1
1480209675567 7 1
1480209677230 5 2
1480209678850 2 4
1480209681623 10 -1
1480209683217 8 -1
1480209684533 5 -2
1480209686048 7 -2
1480209688582 3 -3
1480209691178 5 1
1480209693810 11 1
1480209695283 9 1
1480209697874 1 1
1480209699350 6 2
1480209709841 6 -2
1480209710926 1 -1
1480209712192 5 -1
1480209715944 7 2
1480209718130 3 3
1480209719712 11 2
1480209721457 5 2
1480209724545 2 -3
1480209726419 0 3
1480209727642 10 -2
1480209732762 2 -1
1480209733812 11 -2
1480209737235 5 -1
1480209739332 7 -2
1480209742411 11 1
1480209744085 0 -2
1480209745355 5 -1
1480209746444 3 -1
1480209747997 4 3
1480209755458 7 1
1480209756719 11 1
1480209758563 2 1
1480209761127 4 -1
1480209762356 7 1
1480209766525 4 -2
1480209767511 3 1
1480209768817 5 2
1480209770375 2 -1
1480209774536 0 2
1480209778461 11 -2
1480209780204 5 -1
1480209782638 7 -2
1480209785501 11 1
1480209787419 7 2
1480209788613 11 1
1480209790039 2 1
1480209792453 10 2
1480209795290 9 -1
1480209799146 5 1
1480209800265 2 3
1480209802017 11 -3
1480209803659 8 1
1480209806563 10 1
1480209811463 11 2
1480209812799 0 -3
1480209814525 11 -2
1480209816462 5 -2
1480209818080 7 -1
1480209820278 3 -3
1480209822680 7 1
1480209824423 5 2
1480209826393 2 -4
1480209832543 5 -2
1480209833920 7 -1
1480209835368 4 3
1480209839364 5 1
1480209842228 4 -3
1480209844288 7 1
1480209845541 5 1
1480209849429 1 2
1480209850606 11 1
1480209853638 6 2
1480209854927 9 3
1480209856497 11 -1
1480209860707 4 2
1480209862248 6 1
1480209863137 9 1
1480209864485 11 -1
1480209870360 1 -1
1480209873402 5 -1
1480209874477 7 -1
1480209876093 4 1
1480209879672 0 1
1480209880727 2 1
1480209882239 10 -4
1480209883775 2 -1
1480209884804 3 -1
1480209885866 8 -1
1480209887302 7 -1
1480209892364 0 -1
1480209894155 11 3
1480209896042 6 -2
1480209901204 7 1
1480209902357 11 1
1480209904628 0 1
1480209905782 10 1
1480209907221 6 -1
1480209908377 1 -1
1480209909704 0 4
