1480956395554 4 1
1480956397613 4 -1
1480956399742 6 -1
1480956401878 1 -1
1480956405878 0 3
1480956407771 0 -1
1480956418799 4 1
1480956420755 7 1
1480956422762 5 1
1480956426236 4 -1
1480956428364 0 1
1480956430660 4 1
1480956433749 2 2
1480956439941 10 -1
1480956443224 11 -3
1480956446134 2 -2
1480956450692 2 2
1480956455672 8 1
1480956458801 2 -2
1480956467198 8 -1
1480956470543 5 -1
1480956472489 7 -2
1480956480917 4 -1
1480956495456 10 1
1480956516205 R
1480956533998 9 1
1480956537669 9 -1
1480956541174 9 1
1480956544677 0 1
1480956546878 10 -3
1480956556097 2 -1
1480956567834 4 1
1480956570254 4 -1
1480956574280 7 1
1480956577171 5 1
1480956584211 2 4
1480956590346 1 1
1480956592840 9 2
1480956611450 0 -1
1480956614372 11 -3
1480956621000 8 1
1480956624828 11 2
1480956628798 9 -2
1480956635077 1 -1
1480956641879 2 -1
1480956643730 4 1
1480956646694 8 -1
1480956650996 11 1
1480956654136 2 -3
1480956668705 6 2
1480956674876 1 1
1480956676453 9 2
1480956682042 2 1
1480956684055 2 -1
1480956687257 0 1
1480956698789 10 1
1480956704791 6 -3
1480956708138 4 -1
1480956712350 9 -2
1480956730396 2 1
1480956747266 1 -2
1480956749625 5 -2
1480956752412 3 -1
1480956754159 7 -1
1480956756229 4 3
1480956765402 2 -1
1480956770467 2 1
1480956782618 10 2
1480956788574 9 -1
1480956817106 R
1480956828302 4 1
1480956834574 6 -1
1480956836254 1 -1
1480956841289 0 3
1480956844557 10 -1
1480956853244 7 1
1480956863616 9 1
1480956865641 10 -1
1480956902052 4 -1
1480956905765 5 1
1480956911596 2 3
1480956917455 11 -2
1480956922512 5 -1
1480956924591 7 -2
1480956927489 7 2
1480956932653 8 2
1480956934938 10 3
1480956938066 11 1
1480956943827 9 -1
1480956949240 0 -3
1480956951842 1 1
1480956953191 6 2
1480956966096 9 1
1480956970334 0 1
1480956972981 10 -4
1480956975686 8 -2
1480956987097 11 1
1480956998843 5 1
1480957002976 2 -4
1480957019254 5 -1
1480957020886 4 1
1480957023701 7 -1
1480957030918 0 -1
1480957032796 11 -2
1480957035257 7 -1
1480957049868 6 1
1480957056582 11 1
1480957058420 0 1
1480957062590 10 1
