1480961385529 6 -1
1480961386652 1 -1
1480961396634 7 1
1480961397729 5 1
1480961410947 5 -2
1480961411681 3 -1
1480961412457 7 -1
1480961413594 4 3
1480961420081 4 -3
1480961421008 3 1
1480961422594 7 1
1480961426706 5 1
1480961434337 7 -1
1480961436033 5 -1
1480961436874 7 1
1480961437826 5 2
1480961441146 2 2
1480961445442 0 2
1480961449457 2 -2
1480961451514 0 1
1480961453610 10 -1
1480961456283 2 2
1480961534963 R
1480961540268 6 -1
1480961542563 1 -1
1480961547907 7 1
1480961549397 5 1
1480961551996 5 -2
1480961553174 3 -1
1480961553980 7 -1
1480961555004 4 3
1480961557132 4 -3
1480961558516 3 1
1480961559148 7 1
1480961560228 5 2
1480961565868 2 1
1480961569277 2 1
1480961571491 11 -1
1480961575020 11 -2
1480961577309 8 1
1480961578324 10 1
1480961580205 11 2
1480961581556 0 2
1480961583883 0 1
1480961585055 11 -2
1480961586295 2 -3
1480961590309 5 -1
1480961592939 8 1
1480961600341 8 -1
1480961601285 7 -1
1480961603476 11 2
1480961604340 4 1
