1482783135425 7 1
1482783136537 5 1
1482783141985 2 3
1482783195585 0 1
1482783200424 6 -1
1482783203093 10 -1
1482783207513 11 -1
1482783211529 1 -1
1482783220709 0 2
1482783222781 11 -2
1482783225449 2 -3
1482783234485 4 1
1482783240437 5 -1
1482783241989 7 -2
1482783249061 4 -1
1482783257765 7 2
1482783262368 5 1
1482783265321 2 1
1482783266442 10 1
1482783271201 2 -1
1482783277861 2 2
1482783279052 11 3
1482783281688 2 -2
1482783286272 5 -1
1482783287241 7 -1
1482783298954 R
1482783306089 6 -1
1482783307096 1 -1
1482783308012 5 -1
1482783309133 3 -1
1482783313917 4 3
1482783317056 0 1
1482783318273 10 -1
1482783335333 10 1
1482783337577 0 -1
1482783340536 4 -3
1482783345421 3 1
1482783346360 7 1
1482783347877 5 2
1482783352773 1 2
1482783354269 6 2
1482783355680 9 3
1482783356869 0 1
1482783358256 10 -3
1482783359557 2 -1
1482783366588 9 -2
1482783367988 1 -1
1482783371536 2 4
1482783375217 11 -1
1482783376048 5 -1
1482783377048 7 -2
1482783381809 R
1482784486154 R
