1482783401263 6 -1
1482783402462 1 -1
1482783405510 0 2
1482783409982 0 1
1482783411262 0 -3
1482783411910 5 -1
1482783412798 3 -1
1482783419198 3 1
1482783419999 7 1
1482783421038 5 2
1482783421818 2 3
1482783425014 5 -2
1482783426766 11 -3
1482783427782 3 -3
1482783428998 7 -2
1482783431462 5 1
1482783432238 11 1
1482783434510 11 -1
1482783435702 1 1
1482783436662 6 2
1482783438878 6 -2
1482783439590 1 -1
1482783440823 7 2
1482783441414 5 1
1482783442590 2 -3
1482783443703 5 -2
1482783444614 7 -2
1482783445790 4 2
1482783447621 7 2
1482783448294 5 2
1482783451487 1 1
1482783452470 6 2
1482783454494 2 1
1482783456870 8 1
1482783459774 6 1
1482783460633 11 -1
1482783462854 0 1
1482783464046 10 -1
1482783464790 2 -1
1482783466646 3 -1
1482783467406 8 -1
1482783469870 1 1
1482783474925 1 -1
1482783476278 2 2
1482783477742 2 -2
1482783479206 4 -1
1482783482102 2 2
1482783482902 3 1
1482783483662 10 1
1482783484280 0 -1
1482783485478 11 2
1482783487078 8 1
1482783488686 9 1
1482783489854 6 -3
1482783490670 9 -1
1482783491478 11 -1
1482783492199 2 -2
1482783494606 1 1
1482783496294 6 3
1482783499008 10 1
1482783499687 2 -1
1482783500958 11 1
1482783502534 9 3
1482783503990 11 -2
1482783505206 0 1
1482783506574 2 1
1482783508022 10 -4
1482783511166 2 -1
1482783511790 3 -1
1482783513350 8 -1
1482783514479 0 -1
1482783515973 11 4
1482783517630 9 -2
1482783518525 6 -2
1482783519734 1 -1
1482783520175 6 2
1482783523553 0 1
1482783524214 10 1
1482783525678 2 1
1482783526342 10 1
1482783527790 9 -1
1482783528670 6 -3
1482783529662 1 -1
1482783531798 0 2
1482783533350 5 -1
1482783534046 7 -1
1482783535101 4 2
1482783537774 0 2
