1480961286415 6 -1
1480961288823 1 -1
1480961290095 5 -1
1480961292415 5 1
1480961293575 1 1
1480961294976 0 1
1480961296215 9 1
1480961297224 6 2
1480961300776 9 -1
1480961301817 0 -1
1480961305361 7 1
1480961310594 6 -2
1480961312962 1 -1
1480961315538 5 1
1480961317491 5 -2
1480961321563 5 2
1480961322891 1 2
1480961323795 6 2
1480961324900 9 3
1480961327500 0 1
1480961328540 10 -3
1480961332556 2 -1
1480961333396 0 -1
1480961336021 6 -1
1480961336965 9 -2
1480961338349 1 -1
1480961339221 5 -1
1480961339989 11 -2
1480961342365 7 -2
1480961343905 7 2
1480961345513 8 2
1480961347856 11 1
1480961348904 0 1
1480961350034 6 1
1480961352874 10 1
1480961357603 8 -2
1480961358755 5 1
1480961359723 11 1
1480961360867 2 4
1480961362059 1 1
1480961364291 10 2
1480961365098 9 -1
1480961365699 6 -2
1480961367437 1 -2
1480961369500 0 2
1480961370540 9 1
1480961373160 11 -2
1480961373848 5 -1
1480961375593 8 2
1480961376897 10 -2
1480961380914 11 1
1480961382865 10 3
1480961385171 8 -1
1480961386722 11 -1
1480961387986 7 -1
1480961392299 11 1
1480961395235 0 -3
1480961396691 1 1
1480961397595 6 2
1480961399508 10 -1
1480961400700 11 -1
1480961401932 9 -1
1480961402967 6 -2
1480961403846 1 -1
1480961405199 5 -1
1480961408599 5 1
1480961410263 1 1
1480961411015 11 1
1480961411824 6 2
1480961413399 9 1
1480961414423 0 1
1480961415544 10 -3
1480961417328 8 -1
1480961418199 11 1
1480961420601 10 3
1480961421353 0 -1
1480961422089 9 -1
1480961423960 6 -2
1480961425361 1 -1
1480961426322 0 3
1480961428706 11 -3
1480961429970 7 -1
1480961431834 11 2
1480961435722 0 -3
1480961437025 1 1
1480961437883 6 2
1480961438780 9 1
1480961441747 11 -1
1480961443116 6 -2
1480961444115 9 -1
1480961445108 1 -1
1480961465969 1 1
1480961466762 6 2
1480961468505 11 -1
1480961472196 7 2
1480961473490 11 3
1480961476675 0 1
1480961478803 11 -1
1480961479843 7 -2
1480961484211 0 -1
1480961487396 11 -2
1480961490925 7 2
1480961491710 R
1480961497085 6 1
1480961498862 9 1
1480961499685 0 1
1480961501013 10 -3
1480961506094 7 1
1480961506967 5 1
1480961507799 2 3
1480961510511 1 1
1480961511615 9 2
1480961515464 9 -2
1480961517023 6 -1
1480961518088 1 -1
1480961519056 2 -4
1480961520336 1 1
1480961521768 9 2
1480961522768 6 1
1480961526188 11 -1
1480961528124 11 1
1480961529301 2 1
1480961530308 10 3
1480961531260 6 -2
1480961532004 9 -3
1480961533205 1 -2
1480961534317 0 2
1480961535605 4 1
1480961543438 10 -1
1480961546111 5 -1
1480961547616 4 -1
1480961549943 7 -1
1480961553687 9 1
1480961554575 10 -1
1480961555343 2 -1
1480961556328 11 -2
1480961557095 7 -1
1480961560824 4 1
1480961614177 R
1480961616969 6 -1
1480961618106 1 -1
1480961620323 9 1
1480961621882 4 1
1480961623082 4 -1
1480961625250 1 1
1480961627874 1 -1
1480961628571 5 -1
1480961629299 3 -1
1480961630491 4 3
1480961634419 4 -3
1480961635388 3 1
1480961636747 R
