1480956709790 7 1
1480956711686 5 1
1480956717900 2 3
1480956725733 0 1
1480956727477 10 -1
1480956743213 6 1
1480956763189 6 -2
1480956765701 1 -1
1480956772397 2 -3
1480956776893 0 2
1480956783429 10 1
1480956787365 10 -1
1480956797981 2 3
1480956803205 11 -3
1480956804876 5 -1
1480956806085 7 -2
1480956812725 11 2
1480956814133 0 -2
1480956815631 5 -1
1480956817356 3 -1
1480956821460 3 1
1480956822820 5 1
1480956825013 0 2
1480956830588 7 2
1480956831677 8 2
1480956834316 10 2
1480956840045 9 1
1480956842032 10 -3
1480956844612 11 -1
1480956846908 8 -2
1480956849212 5 1
1480956850980 2 -1
1480956854820 2 1
1480956856964 11 2
1480956858500 0 -2
1480956859804 5 -2
1480956863125 5 2
1480956863987 2 -4
1480956867084 5 -2
1480956869660 3 -1
1480956870485 7 -1
1480956875931 4 3
1480956882108 4 -3
1480956883628 3 1
1480956884700 5 1
1480956887820 0 2
1480956889436 4 1
1480956896716 0 -2
1480956897703 5 -1
1480956899492 3 -1
1480956906052 7 1
1480956907796 4 1
1480956913220 2 1
1480956914168 10 2
1480956915484 9 -1
1480956920996 0 -1
1480956924373 4 -2
1480956925095 3 1
1480956925958 5 2
1480956928196 0 3
1480956931228 0 -2
1480956932724 1 2
1480956938676 9 3
1480956941188 6 2
1480956942253 10 -3
1480956943012 2 -1
1480956948076 9 -2
1480956952876 6 -1
1480956954436 10 1
1480956955412 6 -1
1480956957173 1 -2
1480956959628 0 1
1480956961734 11 -1
1480956962667 5 -1
1480956964356 7 -2
1480956967268 0 1
1480956968190 11 -1
1480956971436 11 1
1480956975509 0 -2
1480956979430 R
1480956991443 6 -1
1480956992413 1 -1
1480956998779 0 1
1480957000174 10 -1
1480957002739 10 1
1480957004717 7 1
1480957005979 5 1
1480957007067 2 3
1480957017299 11 -1
1480957024435 5 -1
1480957030387 8 2
1480957032268 10 1
1480957034747 0 2
1480957046163 11 -2
1480957049851 8 -1
1480957051251 5 1
1480957055091 2 -4
1480957058382 5 -1
1480957062099 7 -1
1480957065371 7 1
1480957066435 5 1
1480957067467 4 1
1480957078507 2 3
1480957079779 11 2
1480957085939 11 -2
1480957086762 2 -3
1480957088387 11 2
1480957095107 0 -3
1480957096795 1 2
1480957099691 9 3
1480957101755 9 -2
1480957103379 9 2
1480957104671 6 3
1480957109092 11 -3
1480957116042 2 1
1480957117315 0 1
1480957118341 10 -4
1480957120226 0 -1
1480957128245 8 -1
1480957130220 2 -1
1480957135056 11 1
1480957138442 11 3
1480957140771 9 -2
1480957142162 6 -2
1480957145594 1 -1
1480957147526 5 -1
1480957149954 5 1
1480957152629 4 -1
1480957160310 5 -1
1480957161250 5 1
1480957162019 11 -2
1480957162917 5 -1
1480957164651 7 -2
1480957167909 11 1
1480957175930 4 1
1480957176658 6 2
1480957180660 11 -1
1480957185346 R
1480957203373 6 -1
1480957204317 1 -1
1480957204980 5 -1
1480957210681 5 1
1480957218056 0 3
1480957222058 10 -1
1480957225346 10 1
1480957227043 7 1
1480957228842 5 1
1480957232898 2 2
1480957234202 4 1
1480957240130 11 -1
1480957241690 8 1
1480957249322 10 -1
1480957252322 8 -1
1480957255499 11 -2
1480957258930 2 -2
1480957263109 5 -1
1480957266162 7 -2
1480957276082 7 2
1480957277169 5 1
1480957284074 8 1
1480957287506 2 2
1480957288369 11 2
1480957289674 0 -2
1480957291593 1 1
1480957294989 8 -1
1480957296490 11 1
1480957297185 2 -2
1480957300834 5 -1
1480957302721 7 -1
1480957303713 1 -1
1480957304690 5 -1
1480957305890 3 -1
1480957307345 4 2
1480957313305 10 1
1480957315449 9 1
1480957316825 10 -2
1480957317816 2 -1
1480957319513 11 -1
1480957321481 7 -1
1480957326978 4 -2
1480957328009 3 1
1480957328937 5 1
1480957330873 0 2
1480957334777 4 -1
1480957337665 0 -1
1480957338833 4 1
1480957340697 0 -1
1480957341849 5 -1
1480957343337 3 -1
1480957348881 3 1
1480957349753 5 1
1480957350409 0 2
1480957351585 11 -1
1480957359833 11 1
1480957361121 0 -2
1480957365417 1 1
1480957366320 6 3
1480957367435 10 -1
1480957375897 6 -1
1480957377105 4 -1
1480957383281 7 2
1480957384393 5 1
1480957387529 11 1
1480957395192 11 -1
1480957396729 5 -1
1480957403033 7 -2
1480957404668 10 1
1480957406060 6 -2
1480957408665 1 -1
1480957416329 0 2
1480957418084 11 -1
1480957423193 11 1
1480957426825 0 -2
1480957428408 7 2
1480957429233 5 1
1480957430418 1 2
1480957433648 9 2
1480957437081 6 2
1480957438768 10 -1
1480957444040 11 1
1480957445376 2 1
1480957446688 9 -2
1480957447704 1 -1
1480957449232 2 3
1480957457704 2 -4
1480957461475 11 -1
1480957464280 1 1
1480957465152 6 -1
1480957467744 1 -1
1480957470432 11 1
1480957479040 11 -1
1480957479589 5 -1
1480957481344 7 -2
1480957485640 6 1
1480957486312 4 1
1480957487464 6 1
1480957490760 10 1
1480957492688 7 2
1480957493793 5 1
1480957494471 1 1
1480957495176 9 2
1480957501200 6 -3
1480957503200 4 -1
1480957504947 4 1
1480957506067 11 1
1480957508800 9 -2
1480957509529 1 -2
1480957511952 5 -2
1480957513344 3 -1
1480957514208 4 1
1480957515664 7 -1
1480957516552 4 1
1480957520152 2 1
1480957521328 10 2
1480957522664 9 -1
1480957528808 0 -1
