1481837505639 0 1
1481837506552 9 1
1481837508168 10 -3
1481837512463 4 1
1481837513440 6 2
1481837521995 2 -1
1481837522864 0 -1
1481837524292 11 -2
1481837526088 7 -1
1481837529961 6 -2
1481837531192 4 -1
1481837537833 U
1481837538048 U
1481837538264 U
1481837538464 U
1481837538656 U
1481837538840 U
1481837539184 U
1481837540303 U
1481837540919 U
1481837541144 U
1481837541368 U
1481837543608 0 1
1481837544600 9 1
1481837551903 10 -2
1481837552872 2 -1
1481837553951 11 -1
1481837558682 7 1
1481837561160 5 1
1481837562335 6 -1
1481837563954 1 -1
1481837569703 5 -2
1481837570864 7 -2
1481837571726 3 -1
1481837573126 4 3
1481837574370 7 1
1481837576831 11 1
1481837578662 2 1
1481837580087 10 2
1481837588647 10 -2
1481837589758 2 -1
1481837593046 11 -1
1481837594431 7 -1
1481837602559 7 1
1481837603494 11 1
1481837604294 2 1
1481837605038 10 2
1481837608263 0 -1
1481837610950 9 -1
1481837617639 4 -3
1481837618863 3 1
1481837621451 7 1
1481837622471 5 2
1481837627166 0 3
1481837629839 9 1
1481837630975 10 -2
1481837632711 2 -1
1481837634016 11 -2
1481837636976 5 -1
1481837638112 7 -2
1481837645064 11 1
1481837661885 7 1
1481837662736 11 1
1481837664680 2 1
1481837665624 10 2
1481837668560 9 -1
1481837671679 10 -1
1481837680506 7 1
1481837681400 5 1
1481837682728 2 3
1481837695072 11 -3
1481837699399 2 -3
1481837703136 5 -1
1481837704528 7 -2
1481837713600 U
1481837713816 U
1481837713995 U
1481837714162 U
1481837714359 U
1481837714536 U
1481837714736 U
1481837714960 U
1481837715176 U
1481837715368 U
1481837715544 U
1481837715736 U
1481837715928 U
1481837716304 U
1481837716528 U
1481837716736 U
1481837717200 U
1481837717544 U
1481837717769 U
1481837718015 U
1481837718224 U
1481837718416 U
1481837718600 U
1481837718784 U
1481837718976 U
1481837719184 U
1481837719352 U
1481837719719 U
1481837719952 U
1481837720480 U
1481837720704 U
1481837720936 U
1481837721152 U
1481837721552 U
1481837721744 U
1481837721984 U
1481837722152 U
1481837722344 U
1481837722592 U
1481837722816 U
1481837723200 U
1481837723448 U
1481837723680 U
1481837723887 U
1481837724079 U
1481837724277 U
1481837724448 U
1481837725047 U
1481837725312 U
1481837725591 U
1481837725872 U
1481837726208 U
1481837748912 6 -1
1481837750319 1 -1
1481837751369 5 -1
1481837752224 3 -1
1481837753640 4 3
1481837760319 9 1
1481837760951 0 1
1481837762175 10 -2
1481837763431 2 -1
1481837766094 11 -1
1481837777222 7 -1
1481837779358 4 -2
1481837780663 3 1
1481837782737 7 2
1481837784951 5 2
1481837785967 11 1
1481837792175 1 1
1481837793879 6 3
1481837795775 10 -1
1481837797415 6 -2
1481837802319 1 1
1481837803855 6 2
1481837805747 10 1
1481837806566 6 -3
1481837807759 1 -2
1481837808903 0 2
1481837810783 4 -1
1481837812038 4 1
1481837814862 2 3
1481837819614 2 -3
1481837821327 11 -2
1481837828991 5 -1
1481837830271 7 -2
