1482872110527 7 1
1482872110886 5 1
1482872111201 2 3
1482872111613 11 -3
1482872116958 11 3
1482872117385 0 1
1482872117659 9 1
1482872118560 10 -3
1482872119375 2 -4
1482872119833 0 -1
1482872121310 11 -2
1482872123206 1 1
1482872123473 4 1
1482872123877 6 2
1482872124435 9 2
1482872124830 11 -2
1482872125209 0 1
1482872125510 2 1
1482872127006 8 1
1482872127487 10 4
1482872127825 2 -1
1482872128078 0 -1
1482872128408 11 3
1482872128798 6 -3
1482872129253 9 -3
1482872129727 1 -2
1482872130661 0 3
1482872132304 11 -2
1482872133522 2 3
1482872134389 10 -2
1482872135497 8 -1
1482872135910 11 3
1482872136700 0 -2
1482872137006 2 -2
1482872145131 2 2
1482872145480 0 2
1482872145995 11 -3
1482872147392 8 1
1482872147793 10 2
1482872148123 2 -3
1482872149640 11 2
1482872149975 0 -3
1482872150404 5 -2
1482872151053 11 -2
1482872151584 3 -3
1482872153539 5 2
1482872153892 11 1
1482872154209 1 2
1482872154496 4 1
1482872154934 6 3
1482872155317 9 4
1482872155788 11 -2
1482872156104 0 1
1482872156373 2 1
1482872156769 10 -4
1482872157218 8 -1
1482872157528 3 -1
1482872157824 2 -1
1482872158982 0 -1
1482872159337 11 4
1482872159666 2 1
1482872159941 0 1
1482872160310 10 2
1482872160692 9 -4
1482872161041 6 -3
1482872161523 1 -2
1482872163203 0 2
1482872163583 5 -1
1482872165446 7 -1
1482872165785 4 1
1482872166166 0 3
