1482416862961 6 -1
1482416863962 1 -1
1482416867681 0 3
1482416869131 10 -1
1482416873557 9 1
1482416874245 10 -1
1482416874931 2 -1
1482416875698 11 -2
1482416878338 7 1
1482416879393 8 2
1482416880850 8 -2
1482416882553 7 -2
1482416886594 R
1482416890658 6 -1
1482416891875 1 -1
1482416892898 5 -1
1482416893733 3 -1
1482416894634 7 1
1482416899235 9 1
1482416899803 0 1
1482416900716 10 -2
1482416901306 2 -1
1482416902403 11 -1
1482416904329 7 -2
1482416907785 4 3
1482416912650 7 1
1482416913802 8 1
1482416914869 8 -1
1482416915426 11 1
1482416916242 2 1
1482416916905 10 2
1482416917641 9 -1
1482416924329 10 -1
1482416931602 10 1
1482416933146 9 1
1482416933963 0 -1
1482416936802 9 -1
1482416941306 R
1482416943978 6 -1
1482416945290 1 -1
1482416948578 0 3
1482416953625 10 -1
1482416957841 10 1
1482416959847 7 1
1482416960818 5 1
1482416962010 2 3
1482416964418 2 -3
1482416964978 2 3
1482416966426 11 -3
1482416969650 2 -3
1482416971314 5 -1
1482416975489 10 -1
1482416977163 8 2
1482416978532 10 2
1482416979411 2 -1
1482416980467 8 -1
1482416983555 11 2
1482416985019 9 1
1482416986395 0 -3
1482416987426 11 -1
1482416988347 5 -1
1482416989442 3 -3
1482416996291 5 1
1482416997132 7 -1
1482416998275 9 -1
1482417000707 11 -1
1482417001955 5 -1
1482417004898 3 2
1482417006090 11 2
1482417009186 0 1
1482417011226 9 1
1482417012892 9 -1
1482417016389 4 3
1482417021291 0 -1
1482417022762 11 -2
1482417024427 2 1
1482417025466 10 -1
1482417026746 8 -1
1482417027746 3 -2
1482417029754 5 1
1482417032723 7 -1
1482417034539 1 1
1482417035915 1 -1
1482417037690 5 -1
1482417038554 7 1
1482417042801 5 1
1482417044001 1 1
1482417044657 6 3
1482417045913 11 -1
1482417046817 0 1
1482417050674 4 -2
1482417051250 7 1
1482417052578 5 1
1482417056041 1 1
1482417058634 10 -1
1482417059874 3 -1
1482417061769 1 -1
1482417062409 R
1482417175555 7 1
1482417178370 6 -1
1482417179234 1 -1
1482417182769 0 1
1482417183817 5 -1
1482417188090 10 -1
1482417191498 10 1
1482417192922 5 2
1482417194386 2 3
1482417196945 11 -1
1482417201882 10 -1
1482417204849 2 -1
1482417207203 8 1
1482417208186 10 2
1482417212539 0 2
1482417213642 11 -2
1482417218041 11 2
1482417219185 0 -3
1482417221281 2 1
1482417222393 5 -2
1482417226058 10 -1
1482417226594 8 -1
1482417227602 7 -2
1482417229266 11 -2
1482417230610 3 -3
1482417231714 5 1
1482417233746 1 1
1482417234561 6 2
1482417235938 11 1
1482417236842 9 1
1482417242035 R
1482417254826 7 1
1482417256106 5 1
1482417258315 2 3
1482417260051 1 1
1482417260806 11 -3
1482417262899 1 -1
1482417267541 6 -1
1482417268242 1 -1
1482417270882 1 2
1482417278542 8 1
1482417279315 10 1
1482417280307 11 2
1482417281219 10 -1
1482417282227 8 -1
1482417283971 1 -2
1482417285090 0 3
1482417287618 9 1
1482417289194 10 -2
1482417290114 11 -1
1482417291118 5 -1
1482417292250 7 -2
1482417295635 11 1
1482417327394 10 2
1482417328124 9 -1
1482417328907 11 -2
1482417331075 7 2
1482417332107 5 1
1482417332971 2 -3
1482417334139 10 -1
1482417336587 5 -1
1482417337595 7 -2
1482417369027 R
1482417371451 7 1
1482417377915 6 -1
1482417379698 1 -1
1482417381963 9 1
1482417382878 0 2
1482417383693 10 -2
1482417384403 0 -1
1482417385028 2 -1
1482417386370 11 -1
1482417388674 11 1
1482417389537 5 -1
1482417391793 4 1
1482417393761 5 2
1482417398428 0 2
1482417400138 2 3
1482417401285 10 2
1482417401754 9 -1
1482417403234 11 -3
1482417405066 2 -2
1482417407105 5 -1
1482417408201 7 -2
1482417449786 4 -1
1482417464835 R
