1480553638461 4 -3
1480553640388 8 -1
1480553641180 5 -1
1480553643162 9 -1
1480553644202 1 2
1480553645492 0 2
1480553646907 10 -1
1480553654181 6 -1
1480553655435 3 -3
1480553663013 2 1
1480553664865 7 1
1480553665713 10 1
1480553666379 0 -2
1480553667524 8 4
1480553669414 0 2
1480553673115 0 -2
1480553676175 8 -4
1480553678550 8 3
1480553679150 6 1
1480553679720 3 1
1480553680469 4 3
1480553681771 8 -2
1480553682645 1 -4
1480553684324 2 -2
1480553685737 7 -2
1480553686663 3 2
1480553687820 6 2
1480553690447 6 -2
1480553691053 3 -2
1480553692041 2 2
1480553692716 7 2
1480553693769 9 2
1480553694699 10 1
1480553696244 1 3
1480553697939 8 2
1480553698812 5 2
1480553699871 0 2
1480553700863 10 -4
1480553703517 0 -2
1480553706622 9 -2
1480553709815 1 -1
1480553710418 8 -1
1480553711095 2 -4
1480553712217 7 -2
1480553715771 1 1
1480553716291 8 1
1480553717032 0 2
1480553719100 10 2
1480553720202 5 -2
1480553721356 4 -3
1480553725300 6 2
1480553725986 3 2
1480553726750 0 4
