1481145584120 1 1
1481145585983 0 1
1481145586792 9 -1
1481145587648 7 -1
1481145590008 3 -2
1481145599129 R
1481145610713 3 -2
1481145611696 2 1
1481145612425 7 1
1481145615624 8 3
1481145620105 1 1
1481145622152 0 2
1481145623057 10 -1
1481145623752 5 -1
1481145626752 9 -1
1481145634305 4 -3
1481145635360 6 -1
1481145637969 8 -1
1481145639736 7 -2
1481145641528 5 2
1481145643601 10 -1
1481145650160 4 1
1481145651393 3 -1
1481145661049 3 1
1481145661857 6 1
1481145663416 4 2
1481145665344 10 -1
1481145669065 0 -2
1481145673344 8 -1
1481145674440 1 -1
1481145676473 2 -2
1481145677992 3 2
1481145679473 6 2
1481145682713 2 -2
1481145683721 1 1
1481145684681 8 1
1481145685472 0 4
1481145687024 0 1
