1482099256283 9 -1
1482099257268 1 2
1482099259187 4 -3
1482099266367 8 -1
1482099269027 3 -3
1482099271607 3 3
1482099273180 1 -2
1482099273895 2 -1
1482099274658 7 -1
1482099275326 6 2
1482099279232 8 2
1482099279985 5 3
1482099280500 4 3
1482099281429 1 -2
1482099287416 6 -1
1482099288104 3 -1
1482099288838 7 2
1482099289695 9 2
1482099290715 10 1
1482099293400 8 -1
1482099300838 0 1
1482099303422 10 -1
1482099304121 9 -2
1482099305001 7 -2
1482099305911 3 1
1482099306543 6 1
1482099317605 8 1
1482099319277 8 -1
1482099321290 0 -1
1482099322053 1 2
1482099322923 4 -3
1482099323867 8 1
1482099325554 5 -3
1482099326899 5 -1
1482099328853 8 -2
1482099331546 1 -1
1482099333253 1 1
1482099336634 3 -3
1482099337330 6 -3
1482099338176 2 2
1482099338846 1 1
1482099339392 0 2
1482099340659 10 -1
1482099344609 2 -1
1482099345526 3 3
1482099347637 7 1
1482099348196 1 1
1482099350333 6 1
1482099352353 10 1
1482099358882 5 1
1482099360113 0 -2
1482099361610 8 2
1482099363952 5 1
1482099364836 4 3
1482099366330 3 -2
1482099367357 2 1
1482099367907 7 1
1482099369132 8 2
1482099369803 5 -2
1482099376957 1 -4
1482099378929 8 -3
1482099379847 7 -2
1482099380522 2 -2
1482099381224 3 2
1482099381751 6 2
1482099384276 1 2
1482099385086 4 -3
1482099386686 8 -1
1482099387584 1 -1
1482099390740 3 -3
1482099391393 6 -3
1482099392141 2 2
1482099393679 1 2
1482099394855 0 2
1482099398427 2 -1
1482099399249 3 3
1482099400625 6 1
1482099401470 6 -1
1482099405707 0 -2
1482099411868 8 2
1482099412668 8 -2
1482100239946 8 2
1482100240528 6 1
1482100241563 4 3
1482100242848 1 -3
1482100266136 2 -1
1482100266760 6 2
1482100270050 1 2
1482100272511 4 -2
1482100273396 4 -1
1482100274421 6 -2
1482100275146 6 2
1482100275840 8 -2
1482100280211 3 -2
1482100280931 3 -1
1482100282815 3 2
1482100315134 U
1482100335254 6 -2
1482100338154 2 1
1482100340198 7 1
1482100340858 1 2
1482100347894 1 -3
1482100348843 1 2
1482100349686 0 2
1482100351097 10 -1
1482100373751 2 1
1482100376259 10 1
1482100376827 0 -2
1482100377726 8 3
1482100378676 0 2
1482100383881 10 -1
1482100385703 9 1
1482100387308 10 1
1482100389681 3 1
1482100394886 0 -2
1482100397206 0 1
1482100398064 8 -2
1482100399170 2 -1
1482100400770 8 -1
1482100402672 0 1
1482100404389 3 2
1482100407885 10 -1
1482100408608 9 -1
1482100409281 7 -1
1482100419808 5 1
1482100423949 3 -2
1482100430589 7 2
1482100431391 2 1
1482100440615 10 1
1482100441967 5 -1
1482100497940 0 -2
1482100498960 8 3
1482100500132 4 3
1482100530114 8 -2
1482100530681 1 -3
1482100532845 7 -2
1482100537108 8 2
1482100538159 0 2
1482100539047 10 -1
1482100540146 10 1
1482100540750 0 -2
1482100541442 8 -2
1482100543376 2 -2
1482100544216 3 2
1482100544738 6 2
1482100550595 1 1
1482100551178 4 -3
1482100552639 4 3
1482100579946 1 1
1482100580436 8 1
1482100582170 5 4
1482100588740 1 -2
1482100591200 6 -1
1482100591652 3 -1
1482100593224 5 -1
1482100593924 3 -1
1482100594742 7 2
1482100595983 9 2
1482100596740 10 1
1482100615978 1 2
1482100616886 4 -2
1482100617616 5 -3
1482100618191 4 -1
1482100619190 3 -1
1482100620919 3 2
1482100624574 8 -2
1482100626613 10 -1
1482100627219 9 -2
1482100627754 7 -2
1482100628684 6 1
1482100629111 3 1
1482100632407 8 2
1482100636516 4 3
1482100639560 1 -2
1482100640664 1 2
1482100642299 1 -2
1482100644608 0 1
1482100646986 0 -1
1482100647973 0 1
1482100648913 0 -1
1482100651935 1 2
1482100652624 4 -3
1482100653601 8 -2
1482100656101 8 2
1482100657028 5 4
1482100658593 8 -2
1482100674259 6 -1
1482100676429 6 1
1482100677104 8 2
1482100677969 5 -4
1482100679904 6 -3
1482100680419 3 -3
1482100680995 2 2
1482100681812 1 1
1482100682365 8 1
1482100685800 0 2
1482100687332 10 -1
1482100691234 5 2
1482100692430 10 -1
1482100694972 3 1
1482100695586 6 1
1482100696272 4 3
1482100698107 10 -1
1482100703600 0 -2
1482100705341 1 -1
1482100705813 8 -1
1482100706458 2 -4
1482100709289 6 2
1482100709835 3 2
1482100710392 8 1
1482100710842 1 1
1482100711435 0 6
