1482716942706 5 -1
1482716944872 1 -2
1482716948115 0 1
1482716953369 9 -1
1482716955152 2 -1
1482716956182 7 -1
1482716957457 6 2
1482716963346 8 1
1482716967606 0 -1
1482716970213 1 2
1482716972073 5 4
1482716973817 4 -2
1482716975699 4 -1
1482716980972 4 3
1482716986479 1 -2
1482716990824 1 2
1482716998531 4 -3
1482717000237 5 -4
1482717002213 8 -2
1482717004417 6 -2
1482717006068 3 -2
1482717008848 2 2
1482717011864 1 1
1482717014802 7 2
1482717015878 2 -1
1482717016876 3 1
1482717018507 0 2
1482717022429 7 -2
1482717025603 3 1
1482717031753 6 -1
1482717035749 3 -3
1482717040169 2 1
1482717042815 7 2
1482717044229 1 1
1482717045873 10 -1
1482717050965 1 -1
1482717053496 R
1482717056534 5 -1
1482717057492 4 -3
1482717058890 8 -1
1482717061013 2 -1
1482717063269 6 1
1482717064573 9 -1
1482717065519 7 -1
1482717066454 6 1
1482717070721 8 2
1482717072065 5 4
1482717083464 4 3
1482717084808 1 -2
1482717087058 0 1
1482717097086 6 -1
1482717098049 3 -1
1482717100025 7 2
1482717103825 0 -1
1482717104859 1 2
1482717173662 R
1482717176134 4 -2
1482717177440 4 -1
1482717179934 1 1
1482717184265 8 1
1482717189487 1 -1
1482717190611 2 -1
1482717192437 6 1
1482717198392 6 -2
1482717200772 3 -3
1482717203104 2 2
1482717204411 7 1
1482717205449 9 1
1482717206560 10 1
1482717208360 1 1
1482717209343 8 1
1482717211263 0 2
1482717213959 10 -2
1482717215556 9 -2
1482717216859 7 -2
1482717221265 6 1
1482717222244 3 1
1482717223618 4 3
1482717227053 5 1
1482717228113 10 -2
1482717231102 7 2
1482717232123 9 2
1482717233533 0 -2
1482717234806 1 -1
1482717235653 8 -1
1482717237118 2 -4
1482717238506 9 -2
1482717241025 1 2
1482717244842 1 -1
1482717245856 7 -2
1482717247132 8 1
1482717248085 3 2
1482717249161 6 2
1482717250613 0 4
1482717253203 0 1
