1481640008343 5 -1
1481640009617 1 -2
1481640011575 9 -1
1481640012781 1 4
1481640015238 4 -3
1481640016740 8 -1
1481640018134 6 -1
1481640019026 3 -3
1481640019812 2 1
1481640021105 8 3
1481640023198 0 2
1481640025156 10 -1
1481640026201 4 1
1481640027251 5 2
1481640028277 10 -1
1481640029233 4 -1
1481640032735 1 -1
1481640033598 7 -1
1481640035712 10 2
1481640037923 0 -2
1481640039307 8 -1
1481640039992 1 -1
1481640041570 2 -2
1481640044247 6 3
1481640046075 3 3
1481640047584 5 2
1481640048346 4 3
1481640050587 1 -2
1481640051224 8 -1
1481640053192 0 1
1481640054577 0 -1
1481640055332 1 2
1481640056312 8 1
1481640057446 4 -3
1481640058511 8 -2
1481640061383 8 2
1481640061879 5 -4
1481640063039 8 -2
1481640064633 8 2
1481640065077 4 3
1481640066438 1 -2
1481640067161 0 1
1481640068088 8 -1
1481640068927 0 -1
1481640069619 1 2
1481640070949 4 -3
1481640071961 8 -1
1481640073338 6 -3
1481640074225 2 1
1481640075120 1 1
1481640081173 0 2
1481640084687 7 1
1481640085426 1 1
1481640087573 6 1
1481640088926 10 -1
1481640091244 1 -1
1481640092162 7 -1
1481640093540 3 -2
1481640094426 2 1
1481640095992 7 2
1481640096862 1 1
1481640097833 10 1
1481640099627 0 -2
1481640100453 8 4
1481640103388 0 2
1481640103860 6 -1
1481640104482 3 -1
1481640105445 10 -1
1481640108169 4 1
1481640108897 5 2
1481640109582 10 -1
1481640110912 1 -1
1481640111706 8 -1
1481640113127 7 -2
1481640114889 10 2
1481640117640 5 -2
1481640118627 4 -1
1481640120191 6 1
1481640122624 10 -1
1481640124047 7 2
1481640125346 9 2
1481640126256 10 2
1481640127220 0 -2
1481640132503 1 -2
1481640133429 8 -3
1481640134425 6 -1
1481640136314 1 2
1481640137474 0 2
1481640139020 10 -2
1481640139830 9 -2
1481640140956 7 -2
1481640142083 2 -1
1481640143335 3 3
1481640145195 6 1
1481640146453 6 -1
1481640148079 10 1
1481640149510 0 -1
1481640151526 8 2
1481640152442 4 1
1481640154168 4 -1
1481640154955 6 1
1481640155692 6 -1
1481640156369 3 -3
1481640160430 2 1
1481640161797 7 2
1481640162521 8 2
1481640165405 0 1
1481640166222 1 1
1481640170568 10 -1
1481640172195 6 1
1481640172886 3 1
1481640173680 6 -1
1481640174498 8 -1
1481640175899 4 1
1481640176696 5 2
1481640177662 10 -1
1481640178718 1 -1
1481640180097 7 -2
1481640182774 6 1
1481640183545 4 2
1481640184375 10 -1
1481640186350 0 -2
1481640187284 1 -1
1481640188481 8 -1
1481640189164 2 -4
1481640190230 6 2
1481640191303 3 2
1481640192836 4 -1
1481640194166 5 2
1481640195379 8 -1
1481640197027 1 -1
1481640198133 4 1
1481640198871 1 -1
1481640199967 8 2
1481640201840 0 5
