1479348732376 5 -1
1479348734403 1 -2
1479348738378 1 3
1479348739632 0 1
1479348741381 8 1
1479348742605 4 -3
1479348743432 8 -2
1479348745973 0 1
1479348748228 10 -1
1479348749197 9 -1
1479348750137 1 1
1479348752045 10 1
1479348753207 0 -2
1479348755629 1 -3
1479348756495 2 -1
1479348757336 7 -1
1479348758633 6 2
1479348761005 8 2
1479348763066 4 3
1479348764152 1 -1
1479348765244 0 1
1479348767297 8 -1
1479348769131 6 -2
1479348769896 3 -2
1479348770818 7 2
1479348771727 2 2
1479348773225 8 3
1479348774074 0 1
1479348774896 10 -1
1479348778456 10 1
1479348779669 0 -1
1479348780899 8 -3
1479348782052 2 -2
1479348782829 7 -2
1479348783690 6 2
1479348784487 3 2
1479348785545 8 1
1479348787493 8 -1
1479348788983 6 -2
1479348789931 3 -2
1479348790930 2 2
1479348791422 7 2
1479348792503 9 2
1479348793448 10 1
1479348794554 0 -1
1479348795491 8 2
1479348796505 1 3
1479348797497 0 2
1479348798581 4 -3
1479348799905 6 -1
1479348800573 3 -1
1479348802780 10 -2
1479348805812 9 -2
1479348807181 7 -2
1479348808375 10 1
1479348809101 0 -2
1479348810202 8 -3
1479348810951 1 -2
1479348815406 2 -2
1479348816384 6 3
1479348817192 3 3
1479348819674 1 1
1479348821854 8 2
1479348822951 5 4
1479348826294 4 3
1479348827534 1 -2
1479348828552 0 1
1479348829783 0 -1
1479348830446 1 2
1479348831295 4 -3
1479348832657 8 -2
1479348833554 1 -1
1479348835715 1 1
1479348836536 8 2
1479348839934 5 -3
1479348841056 8 -2
1479348842063 6 -3
1479348843958 2 1
1479348844607 7 1
1479348845356 1 2
1479348846784 0 2
1479348847589 10 -1
1479348852949 10 1
1479348853675 0 -2
1479348854838 8 2
1479348855648 5 1
1479348857358 6 1
1479348858496 3 -3
1479348859225 2 1
1479348860227 7 1
1479348860965 8 2
1479348863071 0 2
1479348865233 4 2
1479348866275 10 -3
1479348868600 0 -2
1479348869453 1 -2
1479348870162 8 -2
1479348870999 2 -4
1479348872630 1 2
1479348873397 8 2
1479348876709 6 1
1479348878347 0 2
1479348883099 1 -1
1479348885015 8 -1
1479348885812 7 -2
1479348886655 6 1
1479348887489 0 1
1479348888493 1 -1
1479348891041 10 2
1479348892125 4 -2
1479348892618 5 -2
1479348893571 1 -1
1479348896444 3 3
1479348897057 0 2
