1481638494397 5 -1
1481638502680 1 1
1481638509469 1 -3
1481638511402 8 1
1481638514008 8 -1
1481638515542 2 -1
1481638520243 6 1
1481638532339 6 -1
1481638536080 2 1
1481638539713 8 1
1481638540646 8 -1
1481638541812 1 3
1481638551275 3 -2
1481638561709 4 -3
1481638563525 8 -1
1481638566100 3 2
1481638567150 6 -1
1481638578886 3 -3
1481638583764 2 1
1481638585450 7 1
1481638588455 8 4
1481638598414 1 -2
1481638601640 1 2
1481638614332 8 -4
1481638621182 2 -1
1481638622810 7 -1
1481638624928 3 3
1481638635062 0 2
1481638639230 10 -1
1481638645168 9 -1
1481638648362 1 1
1481638661236 10 1
1481638676743 6 1
1481638684447 10 -1
1481638692106 10 1
1481638693474 1 -1
1481638694931 7 -1
1481638698683 7 1
1481638699478 9 1
1481638705873 U
1481638707655 U
1481638708409 U
1481638709025 U
1481638709763 U
1481638711211 U
1481638711940 U
1481638729328 U
1481638741698 1 -1
1481638743515 7 -1
1481638750413 10 1
1481638755455 5 1
1481638761071 10 -1
1481638766814 6 1
1481638774033 5 -1
1481638777493 10 1
1481638780311 6 -1
1481638794379 10 -1
1481638801093 7 1
1481638803688 1 1
1481638818593 5 1
1481638832332 10 1
1481638835049 5 -1
1481638840922 3 -3
1481638848413 2 1
1481638853383 0 -2
1481638855769 7 1
1481638857924 8 4
1481638868498 0 2
1481638872899 5 2
1481638874289 4 1
1481638875757 10 -2
1481638896329 1 -1
1481638897554 8 -1
1481638900797 10 2
1481638903324 0 -2
1481638907173 8 1
1481638908405 1 1
1481638910338 0 2
1481638913971 10 -2
1481638920073 1 -1
1481638925676 1 1
1481638927528 6 1
1481638928960 3 1
