1479604723666 5 -1
1479604725938 4 -2
1479604726774 4 -1
1479604727702 8 -1
1479604728870 1 -1
1479604730714 9 -1
1479604733374 1 3
1479604735107 0 2
1479604736882 10 -1
1479604740857 6 -1
1479604742747 3 -3
1479604746214 1 -1
1479604747178 7 -1
1479604748102 2 1
1479604753654 10 1
1479604757678 2 -1
1479604758946 10 -1
1479604761154 5 1
1479604765226 3 3
1479604766490 6 1
1479604768046 6 -1
1479604769214 10 1
1479604770082 0 -2
1479604771298 8 2
1479604772802 6 1
1479604773911 4 3
1479604776130 5 -1
1479604778530 1 -3
1479604780654 8 -1
1479604781550 2 -1
1479604782978 6 2
1479604787166 8 1
1479604788086 1 2
1479604789111 4 -3
1479604790630 8 -2
1479604792526 1 -1
1479604795403 1 1
1479604805910 8 2
1479604807690 3 -3
1479604808434 6 -3
1479604811191 2 2
1479604812830 7 2
1479604813790 8 2
1479604814554 1 2
1479604815706 0 2
1479604816682 10 -1
1479604818430 5 2
1479604819391 10 -1
1479604822034 1 -1
1479604822966 8 -1
1479604826074 7 -2
1479604831158 10 2
1479604833011 0 -2
1479604834294 5 -2
1479604838878 8 -3
1479604840130 1 -2
1479604841526 2 -2
1479604842455 3 3
1479604843438 6 3
1479604845470 8 2
1479604846150 4 3
1479604847279 1 -1
1479604849446 0 1
1479604850455 8 -1
1479604856602 8 1
1479604859014 0 -1
1479604859850 1 2
1479604860678 5 4
1479604863006 5 -4
1479604864398 4 -3
1479604866746 8 -2
1479604867610 1 -1
1479604874854 3 -3
1479604875639 6 -3
1479604879330 3 3
1479604880054 6 3
1479604881470 8 2
1479604882387 4 3
1479604883362 1 -1
1479604884434 0 1
1479604885894 6 -1
1479604886622 6 1
1479604887310 8 -1
1479604900282 8 1
1479604902259 0 -1
1479604903102 1 2
1479604904102 5 4
1479604906251 4 -3
1479604907875 8 -2
1479604910134 1 -1
1479604912994 1 1
1479604919210 8 2
1479604920138 5 -4
1479604921039 8 -2
1479604921807 6 -3
1479604922655 3 -3
1479604923522 2 2
1479604924499 7 2
1479604925931 1 2
1479604926894 0 2
1479604927774 10 -1
1479604929275 2 -1
1479604929867 7 -1
1479604930746 3 3
1479604935706 10 1
1479604939839 1 -1
1479604941075 7 -1
1479604942770 10 -1
1479604943575 10 1
1479604945022 3 -3
1479604947075 2 1
1479604948690 10 -1
1479604951623 R
1479604966607 9 -1
1479604968047 7 -1
1479604969507 2 -1
1479604971026 6 2
1479604973302 4 -3
1479604974582 8 1
1479604975866 5 -1
1479604979470 5 4
1479604982514 8 -2
1479604995699 8 2
1479604998398 5 -2
1479604999906 4 3
1479605007871 6 -2
1479605008990 3 -2
1479605010090 2 2
1479605010843 7 2
1479605012810 9 2
1479605014030 10 1
1479605015359 1 1
1479605016387 8 1
1479605017622 0 2
1479605018923 5 -2
1479605021835 4 -3
1479605024923 10 -2
1479605026426 9 -2
1479605030462 7 -2
1479605035203 10 1
1479605039031 7 2
1479605040002 8 1
1479605041058 1 1
1479605042422 0 -2
1479605043831 1 -3
1479605045226 8 -3
1479605047354 2 -2
1479605053323 2 2
1479605054703 1 3
1479605055982 8 3
1479605057062 0 2
1479605058131 10 -1
1479605060646 10 1
1479605061574 5 2
1479605062539 4 3
1479605064067 10 -3
1479605065751 1 -1
1479605067247 8 -1
1479605068851 7 -2
1479605073875 0 -2
1479605075139 1 -1
1479605076022 8 -1
1479605077691 2 -4
1479605079318 6 2
1479605079927 3 2
1479605082395 1 1
1479605083215 8 1
1479605084079 0 5
