1482094823159 9 -1
1482094825962 1 2
1482094828788 8 1
1482094829940 5 1
1482094833072 0 1
1482094834730 4 -3
1482094835915 6 -1
1482094836877 5 -2
1482094838166 8 -2
1482094841160 0 1
1482094842208 10 -1
1482094845743 3 -3
1482094847382 2 1
1482094848203 7 1
1482094849944 1 -1
1482094851072 9 2
1482094852401 10 2
1482094855259 10 -2
1482094856235 9 -2
1482094858799 2 -1
1482094859567 7 -2
1482094860937 3 3
1482094862587 6 1
1482094864967 3 -3
1482094867832 R
1482094870908 4 -3
1482094871987 5 -1
1482094872939 8 -1
1482094874051 6 -1
1482094875123 3 -3
1482094876917 2 1
1482094877829 7 1
1482094879117 1 1
1482094880223 0 2
1482094882733 5 1
1482094883662 10 -1
1482094884931 9 -1
1482094886507 1 1
1482094887855 2 -1
1482094889657 7 -1
1482094890810 3 3
1482094891956 6 1
1482094893494 10 1
1482094894506 5 -1
1482094900122 0 -2
1482094901178 8 2
1482094902020 4 3
1482094903438 5 2
1482094907050 5 -2
1482094907984 1 -3
1482094909284 1 -1
1482094911982 7 -1
1482094912840 2 -1
1482094914208 6 2
1482094920598 8 -1
1482094946198 1 2
1482094946940 4 -3
1482094948532 8 -1
1482094949644 1 -1
1482094950618 6 -3
1482094951517 3 -3
1482094952600 2 2
1482094954211 7 2
1482094955399 1 3
1482094958852 8 4
1482094959890 0 2
1482094961128 4 1
1482094962125 5 2
1482094963506 10 -2
1482094964574 1 -1
1482094965436 8 -1
1482094966293 7 -2
1482094967888 6 1
1482094968805 3 1
1482094969701 4 2
1482094971603 10 2
1482094973287 5 -2
1482094977146 5 2
1482094977934 10 -3
1482094980408 7 2
1482094981423 1 1
1482094982397 8 1
1482094984699 10 3
1482094985699 5 -2
1482094986396 4 -3
1482094988745 10 -1
1482094989737 1 -1
1482094990591 8 -1
1482094991575 6 -1
1482094992321 6 1
1482094993425 7 -2
1482094997281 10 1
1482094997885 0 -2
1482094999097 4 3
1482094999936 5 2
1482095001552 5 -2
1482095002745 8 -2
1482095003654 1 -3
1482095004735 2 -2
1482095005719 6 2
1482095006680 3 2
1482095009022 0 1
1482095010038 8 1
1482095011830 8 -1
1482095013103 0 -1
1482095017903 8 1
1482095019146 1 2
1482095019991 5 4
1482095021245 1 -2
1482095024568 8 -1
1482095035812 1 2
1482095036526 4 -3
1482095038068 8 -1
1482095042360 1 -1
1482095045046 1 1
1482095050968 8 1
1482095052030 4 3
1482095053102 1 -2
1482095054442 0 1
1482095058436 U
1482095058589 U
1482095058732 U
1482095058868 U
1482095059002 U
1482095059498 U
1482095059642 U
1482095059841 U
1482095060098 U
1482095060519 U
1482095060792 U
1482095061151 U
1482095061367 U
1482095061592 U
1482095061816 U
1482095062126 U
1482095085114 U
1482095085368 U
1482095085880 U
1482095086214 U
1482095086682 U
1482095089864 8 2
1482095090833 1 3
1482095091927 4 -3
1482095093461 8 -3
1482095094936 1 -2
1482095096379 1 2
1482095098221 2 -1
1482095099369 3 2
1482095100709 1 -2
1482095101673 2 -1
1482095102735 6 2
1482095104029 8 2
1482095105028 8 -2
1482095106319 8 2
1482095107169 4 3
1482095109305 1 -1
1482095111223 0 1
1482095112067 8 -1
1482095112943 U
1482095113089 U
1482095113233 U
1482095113417 U
1482095114109 U
1482095114406 U
1482095114653 U
1482095114893 U
1482095115093 U
1482095115341 U
1482095115563 U
1482095115891 U
1482095116107 U
1482095116402 U
1482095116731 U
1482095117011 U
1482095117195 U
1482095117332 U
1482095117475 U
1482095117625 U
1482095117898 U
1482095118049 U
1482095118201 U
1482095118346 U
1482095118514 U
1482095118696 U
1482095121063 1 1
1482095122045 8 1
1482095126314 4 3
1482095127376 5 2
1482095129232 10 -2
1482095133700 10 3
1482095134425 4 -3
1482095135500 5 -2
1482095139106 10 -1
1482095139890 1 -1
1482095140906 8 -1
1482095141906 7 -2
1482095143346 6 -1
1482095144130 3 -1
1482095146802 5 2
1482095148034 10 -1
