1482900076020 3 -1
1482900076695 3 -1
1482900078041 2 1
1482900079663 7 1
1482900082313 9 -1
1482900084918 1 2
1482900085742 8 3
1482900094218 8 -3
1482900100524 5 -1
1482900106697 1 -3
1482900115418 9 2
1482900117609 10 1
1482900120562 1 2
1482900121787 8 2
1482900123604 0 2
1482900125135 5 2
1482900226226 5 -2
1482900231868 0 -2
1482900234252 5 2
1482900235191 1 -1
1482900235879 8 -1
1482900243450 10 -1
1482900248314 9 -2
1482900249027 7 -2
1482900249628 2 -2
1482900250543 6 2
1482900251149 3 2
1482900252970 5 2
1482900257452 6 -1
1482900258055 3 -1
1482900259124 7 1
1482900259836 7 1
1482900260643 9 2
1482900265588 4 -2
1482900266467 4 -1
1482900269337 5 -4
1482900273033 4 3
1482900281035 1 -2
1482900282253 8 -1
1482900289329 9 -2
1482900290426 7 -2
1482900291095 6 1
1482900291677 3 1
1482900303570 1 2
1482900304678 4 -3
1482900305968 8 -1
1482900314468 6 -3
1482900316530 2 1
1482900317474 1 1
1482900320848 0 2
1482900322054 10 -1
1482900328556 7 1
1482900329548 1 1
1482900341472 10 1
1482900343301 6 1
1482900344129 10 -1
1482900345197 1 -1
1482900346301 7 -1
1482900347777 3 -1
1482900348387 3 -1
1482900349564 3 -1
1482900350136 6 -1
1482900350992 2 1
1482900354504 10 1
1482900357540 0 -1
1482900358979 8 3
1482900370775 8 -3
1482900375681 0 1
1482900376624 10 -1
1482900378672 R
