1479752386002 4 -3
1479752387605 8 -1
1479752390519 1 1
1479752391152 0 2
1479752392134 6 -1
1479752393976 6 1
1479752394558 0 -2
1479752397547 6 -1
1479752399910 3 -3
1479752400708 7 1
1479752401287 2 1
1479752402154 8 4
1479752404405 0 2
1479752405939 0 -2
1479752406804 6 1
1479752408002 6 -1
1479752411456 9 -1
1479752412369 1 1
1479752416243 8 -4
1479752417927 1 -2
1479752420307 9 2
1479752420881 10 1
1479752423776 1 1
1479752426529 8 3
1479752429219 5 1
1479752430104 5 -2
1479752434877 6 1
1479752438325 4 2
1479752439123 3 1
1479752439637 4 1
1479752441792 5 2
1479752444479 4 -3
1479752445621 6 -1
1479752446355 3 -1
1479752448592 1 -1
1479752449070 8 -1
1479752449908 2 -2
1479752450742 10 -1
1479752451437 9 -2
1479752452354 7 -2
1479752453242 6 3
1479752453857 3 3
1479752454873 5 2
1479752456070 8 -2
1479752457110 1 -1
1479752457823 1 1
1479752459825 8 2
1479752460471 1 -1
1479752461121 1 1
1479752461723 4 3
1479752462680 1 -2
1479752465275 1 2
1479752466037 4 -2
1479752466869 1 -1
1479752469021 4 2
1479752469719 1 -1
1479752470424 0 1
1479752471123 8 -1
1479752476154 6 -1
1479752476527 3 -1
1479752477164 7 2
1479752477920 9 2
1479752478829 10 1
1479752483644 10 -1
1479752484275 9 -2
1479752484703 7 -2
1479752485292 3 1
1479752485649 6 1
1479752490646 0 -1
1479752491694 8 1
1479752493791 0 1
1479752495032 8 -1
1479752495865 8 1
1479752497324 0 -1
1479752497797 1 2
1479752498224 4 -3
1479752498863 8 -2
1479752499780 1 -1
1479752500258 1 1
1479752501849 1 -1
1479752502490 6 -1
1479752503191 6 1
1479752504409 8 2
1479752504960 5 -1
1479752506157 3 -3
1479752507475 6 -1
1479752508244 7 2
1479752509942 9 2
1479752512064 R
1479752514012 R
1479752519926 R
1479752522674 5 -1
1479752523400 4 -3
1479752524383 8 -1
1479752524876 6 -1
1479752525776 6 1
1479752526312 6 -1
1479752527017 2 -1
1479752527522 6 2
1479752528793 3 -3
1479752529680 7 1
1479752530642 6 -2
1479752531309 2 2
1479752533459 9 1
1479752534449 9 -2
1479752535078 1 2
1479752536509 8 4
1479752538025 6 1
1479752538968 3 1
1479752539645 4 3
1479752541515 0 2
1479752542479 4 -3
1479752543607 6 -1
1479752544694 6 1
1479752545877 10 -1
1479752550399 1 -1
1479752550743 8 -1
1479752551775 7 -2
1479752573920 6 -1
1479752574476 3 -1
1479752577090 10 1
1479752577728 0 -2
1479752578733 8 -3
1479752579431 1 -2
1479752580719 2 -2
1479752581553 6 3
1479752582109 3 3
1479752584147 1 1
1479752586947 8 2
1479752587831 1 -1
1479752588531 4 3
1479752589715 1 -1
1479752594260 0 1
1479752598445 6 -2
1479752599195 7 1
1479752600578 3 -2
1479752601078 7 1
1479752602263 2 2
1479752602967 8 2
1479752604920 0 1
1479752606063 8 -1
1479752606705 7 -2
1479752615940 0 -1
1479752616750 8 -2
1479752617362 2 -2
1479752618230 3 2
1479752618798 6 2
1479752620648 8 1
1479752622831 8 -1
1479752624502 8 1
1479752627282 8 -1
1479752631036 0 -1
1479752631733 8 1
1479752632714 1 2
1479752634298 4 -3
1479752634973 6 -3
1479752635746 6 3
1479752636381 8 -2
1479752637462 1 -1
1479752638401 8 2
1479752639236 8 -2
1479752641233 1 1
1479752641831 5 1
1479752643656 8 2
1479752644442 5 3
1479752645885 8 -2
1479752647318 1 -1
1479752648271 1 1
1479752649797 8 1
1479752651091 4 3
1479752652802 1 -2
1479752655675 1 2
1479752657136 1 -2
1479752657638 1 2
1479752658240 8 1
1479752658898 5 -4
1479752659936 8 -1
1479752660532 1 -2
1479752664425 1 1
1479752665265 4 -3
1479752666280 8 -1
1479752669001 6 -3
1479752670034 2 1
1479752670533 1 2
1479752672570 0 2
1479752673409 10 -1
1479752678459 3 -3
