1480272759223 5 -1
1480272761424 1 -2
1480272765920 9 -1
1480272768741 7 -1
1480272770189 2 -1
1480272771890 6 2
1480272779808 1 2
1480272782466 5 1
1480272784107 8 1
1480272785974 5 3
1480272787907 1 -2
1480272792225 0 1
1480272795364 U
1480272796170 R
1480272814057 5 -1
1480272815456 1 -2
1480272821302 9 -1
1480272822913 7 -1
1480272824060 2 -1
1480272828970 1 1
1480272836309 6 2
1480272840122 8 1
1480272841532 1 1
1480272844746 5 4
1480272848082 1 -2
1480272850736 0 1
1480272856838 R
1480272860279 9 -1
1480272861543 7 -1
1480272864302 2 -1
1480272865867 6 2
1480272868341 8 1
1480272875229 5 -1
1480272876327 1 -2
1480272880029 0 1
1480272884601 0 -1
1480272886511 8 -1
1480272887715 6 -2
1480272889315 3 -2
1480272890453 2 2
1480272892142 7 2
1480272894023 1 3
1480272895518 8 2
1480272897815 0 2
1480272903571 7 -2
1480272906153 10 -1
1480272909646 4 -3
1480272913545 6 -1
1480272914727 3 -1
1480272916791 10 1
1480272920446 R
1480272925588 9 -1
1480272929828 7 -1
1480272932664 1 1
1480272938573 5 -1
1480272940567 4 -3
1480272944733 8 -1
1480272952448 0 1
1480272955147 0 -1
1480272957359 8 2
1480272958569 8 -1
1480272962305 U
1480272963057 R
1480272966113 9 -1
1480272968161 9 1
1480272975541 5 -1
1480272977284 1 -2
1480272978760 0 1
1480272981423 9 -1
1480273000780 U
1480273001256 U
1480273001786 U
1480273002324 U
1480273005721 8 1
1480273007485 4 -3
1480273009108 8 -2
1480273011382 9 -1
1480273020111 1 1
1480273022332 0 2
1480273023760 7 -1
1480273024959 10 -1
1480273027790 5 -1
1480273028929 10 1
1480273030153 0 -1
1480273033797 7 1
1480273035047 1 1
1480273036670 0 1
1480273040019 10 -1
1480273042207 5 1
1480273044223 1 -1
1480273046339 6 -1
1480273047643 3 -3
1480273049392 7 1
1480273050445 2 1
1480273052137 1 1
1480273053782 10 1
1480273055511 5 -1
1480273057013 0 -2
1480273059070 8 4
1480273060596 0 2
1480273064094 0 -2
1480273065472 6 1
1480273066798 3 1
1480273068694 4 3
1480273072201 1 -4
1480273081598 1 3
1480273083046 4 -3
1480273084672 8 -4
1480273089092 1 -1
1480273092255 1 1
1480273094126 7 -2
1480273101005 2 -1
1480273104579 8 1
1480273105904 4 3
1480273107969 0 1
1480273112703 4 -3
1480273114517 8 -1
1480273115749 0 1
1480273119355 3 2
1480273121437 7 1
1480273122742 1 1
1480273124055 6 -1
1480273125509 10 -1
1480273128870 1 -1
1480273130348 7 -1
1480273132842 6 1
1480273133876 10 1
1480273135092 0 -1
1480273136541 0 -1
1480273137758 8 2
1480273139299 4 3
1480273142446 1 -3
