1483968012016 8 1
1483968013295 5 1
1483968015105 1 1
1483968016669 9 -1
1483968018743 1 1
1483968021993 5 -1
1483968024201 8 -1
1483968025261 1 -2
1483968026547 2 -1
1483968027843 7 -1
1483968028828 6 2
1483968030065 8 1
1483968031160 5 3
1483968032523 8 -1
1483968041012 1 -1
1483968043275 4 -3
1483968044862 8 -1
1483968046203 1 1
1483968048144 8 2
1483968050001 5 -4
1483968051910 8 -2
1483968053321 6 -3
1483968054940 3 -3
1483968057878 2 1
1483968059479 7 1
1483968060615 1 2
1483968062343 0 2
1483968063669 10 -1
1483968066153 1 -1
1483968069971 10 1
1483968071144 0 -2
1483968072878 1 -2
1483968076116 2 -1
1483968077210 7 -1
1483968080810 1 1
1483968081998 5 1
1483968083026 8 2
1483968084238 5 1
1483968085373 4 1
1483968089408 6 3
1483968090714 3 3
1483968092071 5 2
1483968093433 4 2
1483968095000 8 -1
1483968098491 1 -2
1483968100450 8 1
1483968102082 0 1
1483968105518 5 -1
1483968107335 3 -2
1483968108343 6 -1
1483968109698 7 2
1483968111165 9 2
1483968112123 10 1
1483968113529 0 -1
1483968115252 1 2
1483968116414 5 -3
1483968117481 4 -3
1483968119042 8 -2
1483968120082 1 -1
1483968121177 10 -1
1483968122944 9 -2
1483968124661 6 -2
1483968125958 2 2
1483968127454 1 3
1483968128451 8 3
1483968129615 8 1
1483968131467 6 1
1483968132467 4 3
1483968133678 1 -4
1483968135406 8 -3
1483968136823 2 -2
1483968138405 7 -2
1483968140573 6 1
1483968141722 3 2
1483968142561 6 1
1483968143849 8 1
1483968145213 1 2
1483968146270 4 -3
1483968147626 8 -2
1483968150367 8 2
1483968153288 4 3
1483968155033 1 -2
1483968156388 0 1
1483968157348 8 -1
1483968158986 6 -2
1483968160136 3 -2
1483968162305 7 2
1483968163466 2 2
1483968164974 9 2
1483968166568 10 1
1483968168238 2 -2
1483968170022 6 1
1483968171112 8 1
1483968173433 0 -1
1483968174690 1 2
1483968176242 4 -1
1483968177892 3 -1
1483968179146 8 -1
1483968181559 4 -1
1483968183566 4 -1
1483968184594 8 -1
1483968185988 6 -2
1483968187717 2 2
1483968188820 1 1
1483968189843 0 2
1483968191300 10 -2
1483968192854 9 -2
1483968194793 1 1
1483968198797 10 1
1483968200204 5 1
1483968201133 0 -2
1483968203143 1 -2
1483968204692 2 -2
1483968206725 9 2
1483968209181 10 1
1483968211086 10 -1
1483968212142 2 2
1483968213237 9 -2
1483968214355 1 2
1483968215590 0 2
1483968217386 10 -1
1483968221009 5 -1
1483968223545 6 1
1483968226133 1 -1
1483968227797 9 1
1483968229126 9 1
1483968230005 10 2
1483968231548 0 -2
1483968232658 8 3
1483968234282 0 2
1483968236655 5 2
1483968238336 10 -3
1483968240086 9 -2
1483968242971 1 1
1483968244586 8 1
1483968245899 4 2
1483968246890 10 -1
1483968249132 0 -2
1483968250518 1 -2
1483968251503 8 -2
1483968252756 2 -4
1483968255566 7 -2
1483968257100 6 2
1483968258481 3 3
1483968259898 8 1
1483968260911 1 1
1483968262535 0 3
1483968264113 0 2
