1479881075732 4 -3
1479881075732 4 -3
1479881083702 8 -1
1479881083702 8 -1
1479881089695 6 -1
1479881089695 6 -1
1479881098834 9 -1
1479881098834 9 -1
1479881104401 7 -1
1479881104401 7 -1
1479881118277 7 1
1479881118277 7 1
1479881127699 1 1
1479881127699 1 1
1479881152917 3 -1
1479881152917 3 -1
1479881158994 3 -2
1479881158994 3 -2
1479881167363 1 1
1479881167363 1 1
1479881180554 0 2
1479881180554 0 2
1479881189618 1 -1
1479881189618 1 -1
1479881242092 R
1479881242092 R
1479881271341 4 -3
1479881271341 4 -3
1479881275238 8 -1
1479881275238 8 -1
1479881279015 1 1
1479881279015 1 1
1479881294515 0 2
1479881294515 0 2
1479881300667 10 -1
1479881300667 10 -1
1479881307340 9 -1
1479881307340 9 -1
1479881311738 1 1
1479881311738 1 1
1479881324946 6 -1
1479881324946 6 -1
1479881334744 10 1
1479881334744 10 1
1479881337806 0 -2
1479881337806 0 -2
1479881344663 1 -2
1479881344663 1 -2
1479881352466 2 -1
1479881352466 2 -1
1479881362342 5 -1
1479881362342 5 -1
1479881374313 1 -1
1479881374313 1 -1
1479881391980 3 -3
1479881391980 3 -3
1479881403488 2 2
1479881403488 2 2
1479881411726 1 3
1479881411726 1 3
1479881419898 0 2
1479881419898 0 2
1479881424102 10 -1
1479881424102 10 -1
1479881433448 1 -1
1479881433448 1 -1
1479881440417 7 -1
1479881440417 7 -1
1479881453148 2 -1
1479881453148 2 -1
1479881459842 3 3
1479881459842 3 3
1479881474433 7 1
1479881474433 7 1
1479881480288 1 1
1479881480288 1 1
1479881501944 1 -1
1479881501944 1 -1
1479881506931 7 -1
1479881506931 7 -1
1479881519453 10 1
1479881519453 10 1
1479881524314 0 -2
1479881524314 0 -2
1479881529208 1 -2
1479881529208 1 -2
1479881535547 2 -1
1479881535547 2 -1
1479881543574 6 3
1479881543574 6 3
1479881550442 8 2
1479881550442 8 2
1479881556846 4 3
1479881556846 4 3
1479881564152 1 -1
1479881564152 1 -1
1479881575941 1 2
1479881575941 1 2
1479881581598 5 4
1479881581598 5 4
1479881600665 1 -2
1479881600665 1 -2
