1481751801024 3 1
1481751801927 7 2
1481751804380 10 -1
1481751810125 7 -3
1481751812347 5 1
1481751813492 11 1
1481751816154 8 -3
1481751816975 2 -2
1481751818118 1 2
1481751825459 12 -1
1481751829901 1 -1
1481751831625 2 2
1481751832242 8 1
1481751832810 11 -1
1481751833383 5 -1
1481751833857 3 -1
1481751838877 2 -2
1481751840947 1 1
1481751842894 12 1
1481751843615 1 -2
1481751844454 8 2
1481751845155 7 1
1481751846087 4 -1
1481751846980 2 2
1481751848895 3 1
1481751849726 7 2
1481751853067 7 -2
1481751854163 3 -1
1481751854705 2 -2
1481751897148 2 2
1481751898137 R
1481751906472 10 -1
1481751907638 7 -1
1481751908644 8 -2
1481751909351 2 -2
1481751910307 1 2
1481751911193 12 -1
1481751912888 9 -1
1481751917716 9 1
1481751918939 R
1481751921395 3 1
1481751922349 7 2
1481751923000 10 -1
1481751923890 4 -1
1481751926156 7 -2
1481751926856 2 -2
1481751927721 3 -1
1481751929190 3 1
1481751930103 2 2
1481751934087 5 1
1481751934972 11 1
1481751936290 7 1
1481751937720 4 1
1481751938676 7 -2
1481751939654 2 -2
1481751940440 8 -3
1481751941832 1 2
1481751942566 12 -1
1481751945722 7 1
1481751946757 4 -1
1481751947812 9 -2
1481751952870 6 -2
1481751953836 3 1
1481751956266 1 -1
1481751958962 2 2
1481751960749 5 1
1481751964332 5 -1
1481751965742 7 1
1481751966936 12 -3
1481751972856 6 1
1481751976815 9 1
1481751977901 4 1
1481751979384 7 -2
1481751980880 2 -2
1481751983422 1 2
1481751984788 7 1
1481751985720 4 -1
1481751986716 9 -1
1481751991318 1 -3
1481751992630 5 1
1481751993713 2 2
1481751994529 7 1
1481751995502 1 1
1481751997388 12 3
1481751999851 R
1481752021322 7 1
1481752023052 10 -1
1481752026475 7 -2
1481752027488 2 -2
1481752028886 8 -2
1481752030627 1 2
1481752038801 12 -1
1481752040065 1 -1
1481752041140 2 2
1481752042307 3 1
1481752043565 5 1
1481752044430 11 1
1481752054788 8 -1
1481752060829 9 -1
1481752070471 7 2
1481752072513 12 -3
1481752074345 7 -2
1481752075403 1 -1
1481752090565 6 -1
1481752091279 3 1
1481752095369 5 1
1481752096221 8 3
1481752096768 11 -1
1481752098363 5 -2
1481752100731 7 3
1481752101965 4 -1
1481752104748 9 -1
1481752106181 7 -2
1481752110708 5 2
1481752112556 11 1
1481752118415 2 -2
1481752121685 9 1
1481752122484 4 1
1481752123092 7 -1
1481752124285 8 -3
1481752125847 1 2
1481752133820 1 -2
1481752134687 5 -1
1481752136147 1 3
1481752140009 8 3
1481752145652 7 1
1481752146633 4 -1
1481752147562 9 -1
1481752149541 6 -1
1481752153047 6 1
1481752155378 9 1
1481752155956 4 1
1481752157198 7 -1
1481752159179 8 -3
1481752160705 1 -3
1481752162785 2 2
1481752165764 8 1
1481752166405 11 -1
1481752166919 5 -1
1481752167782 8 2
1481752168520 7 3
1481752169465 4 -1
1481752170126 9 -1
1481752171822 6 -1
1481752172347 2 1
1481752173471 7 -2
1481752174952 2 -3
1481752176492 6 1
1481752177748 6 -1
1481752178339 3 -2
1481752178796 6 2
1481752179575 8 1
1481752180240 1 2
1481752184530 3 1
1481752185181 5 1
1481752187231 11 1
1481752189289 1 -2
1481752190416 8 -1
1481752192498 6 -1
1481752193425 3 1
1481752195740 2 2
1481752196336 11 -1
1481752196840 5 -1
1481752198089 7 2
1481752202253 0 1
1481752202831 11 -1
1481752208899 12 1
1481752210272 11 -1
1481752213249 9 1
1481752214055 4 1
1481752216525 10 1
1481752217622 11 2
1481752218305 12 -1
1481752220511 10 -1
1481752227976 11 -1
1481752229897 4 -1
1481752230477 9 -1
1481752231035 6 -1
1481752232323 2 1
1481752236491 2 -1
1481752236953 3 -1
1481752237511 6 2
1481752238043 8 1
1481752239763 1 1
1481752241487 12 3
1481752242597 11 -1
1481752246425 11 2
1481752264819 11 -2
1481752268864 12 -2
1481752269913 1 -1
1481752270646 8 -1
1481752271602 9 2
1481752272467 4 1
1481752281842 9 -1
1481752282993 8 1
1481752284251 1 1
1481752288259 12 2
1481752290269 11 2
1481752291238 0 -1
1481752293407 7 -3
1481752294280 2 -1
1481752295075 2 -1
1481752295630 3 -1
1481752304917 1 1
1481752305470 7 1
1481752306105 10 1
1481752308306 10 -1
1481752309059 7 -1
1481752310316 1 -1
1481752310965 2 2
1481752312278 7 2
1481752315556 7 -2
1481752316179 3 1
1481752316773 7 3
1481752317369 0 1
1481752318401 10 1
1481752319097 11 -3
1481752320327 0 -1
1481752321164 7 -2
1481752322443 2 -3
1481752323745 7 2
1481752325480 1 1
1481752326618 0 3
1481752328252 11 2
1481752329303 10 -1
1481752330368 4 -1
1481752330959 9 -1
1481752331585 0 2
