1480593601715 7 1
1480593608692 10 -1
1480593609811 7 -2
1480593611690 3 1
1480593613963 7 3
1480593616218 0 1
1480593617082 10 1
1480593618330 11 -3
1480593623539 0 -1
1480593624275 7 -2
1480593627141 2 -3
1480593628114 7 2
1480593632195 0 1
1480593632818 11 2
1480593633498 10 -1
1480593635682 4 -1
1480593636962 4 1
1480593638899 10 1
1480593641747 11 -2
1480593642916 0 -1
1480593648579 7 -2
1480593652891 2 3
1480593654522 7 2
1480593655291 0 1
1480593656235 11 3
1480593657286 10 -1
1480593659723 11 -2
1480593662290 11 2
1480593662987 0 -1
1480593664035 7 -3
1480593664787 8 -2
1480593665722 2 -2
1480593666483 1 2
1480593669155 12 -1
1480593669922 9 -1
1480593671018 6 -1
1480593671907 3 1
1480593673003 1 1
1480593673795 8 2
1480593674939 7 1
1480593675821 10 1
1480593676924 10 -1
1480593677619 7 -1
1480593679507 8 -2
1480593682123 1 -2
1480593682835 5 2
1480593683819 5 -1
1480593684562 11 1
1480593686475 1 2
1480593687684 8 2
1480593690106 7 1
1480593691235 4 -1
1480593692252 9 -1
1480593694867 6 -1
1480593696163 6 1
1480593698427 9 1
1480593699426 4 1
1480593700603 7 -1
1480593701507 8 -3
1480593703475 7 1
1480593704115 1 -2
1480593705162 5 1
1480593705819 2 2
1480593707514 7 1
1480593709827 12 -3
1480593711507 4 -1
1480593712323 9 -1
1480593714323 1 -1
1480593715322 7 -1
1480593716539 2 -2
1480593717506 1 2
1480593724027 1 -2
1480593725170 2 2
1480593727659 7 1
1480593729098 9 1
1480593729651 4 1
1480593730291 1 1
1480593733050 12 3
1480593734074 7 -2
1480593735604 5 -1
1480593736460 2 -2
1480593737219 1 2
1480593742520 8 3
1480593743970 7 1
1480593744851 7 -1
1480593745938 8 -3
1480593747290 1 -2
1480593748442 1 2
1480593750068 8 3
1480593751419 8 -3
1480593756420 1 -2
1480593757090 2 2
1480593757731 5 1
1480593759314 7 2
1480593762139 7 -2
1480593765227 8 1
1480593766147 11 -1
1480593766683 5 -2
1480593767635 2 -2
1480593768486 3 -2
1480593769539 6 1
1480593770299 9 1
1480593771303 12 1
1480593772835 1 1
1480593773987 1 -2
1480593774507 8 2
1480593775236 2 2
1480593776181 7 2
1480593776722 3 1
1480593778955 7 1
1480593780894 4 -1
1480593782586 4 1
1480593783442 0 1
1480593784381 11 -2
1480593785922 10 1
1480593786635 11 -1
1480593787371 0 -1
1480593787978 7 -2
1480593788970 2 -3
1480593790484 7 2
1480593792243 7 -2
1480593797243 7 2
1480593800132 0 1
1480593800779 11 2
1480593801306 10 -1
1480593801859 4 -1
1480593803013 4 1
1480593811467 R
1480593863965 10 -1
1480593865699 7 -1
1480593866644 7 2
1480593872539 3 1
1480593874347 7 1
1480593875723 0 1
1480593877851 11 -2
1480593881386 10 1
1480593882251 11 -1
1480593882979 0 -1
1480593883627 7 -2
1480593885179 2 -3
1480593886259 7 2
1480593887555 7 -2
1480593888539 7 2
1480593891386 0 1
1480593892338 11 1
1480593893062 10 -1
1480593894674 11 1
1480593897509 11 -1
1480593898755 10 1
1480593899394 11 -1
1480593899970 0 -1
1480593900804 7 -2
1480593901595 2 3
1480593902787 7 2
1480593904596 0 1
1480593905388 11 3
1480593906818 11 -1
1480593907762 10 -1
1480593909579 11 1
1480593910003 0 -1
1480593911042 7 -3
1480593912283 8 -2
1480593915803 1 1
1480593916722 12 -1
1480593918123 9 -1
1480593921987 5 1
1480593922627 11 1
1480593923251 2 -2
1480593924099 1 1
1480593928475 6 -1
1480593929066 3 1
1480593929771 1 1
1480593932763 8 -1
1480593933482 7 1
1480593934442 10 1
1480593934947 10 -1
1480593935379 4 -1
1480593935942 9 -1
1480593937227 6 -1
1480593938770 1 -2
1480593940555 2 3
1480593944283 1 2
1480593947658 7 1
1480593948683 12 -3
1480593949731 7 -1
1480593950347 1 -3
1480593952971 2 -3
1480593955554 1 3
1480593958611 1 -3
1480593960914 3 -1
1480593961779 6 2
1480593963467 9 2
1480593964083 4 1
1480593965027 7 -1
1480593965899 8 3
1480593967434 2 2
1480593969810 11 -1
1480593970405 5 -1
1480593971211 7 3
1480593972898 4 -1
1480593973691 9 -2
1480593974427 8 1
1480593975370 1 1
1480593976435 0 1
1480593977018 11 -1
1480593978434 1 -1
1480593979115 8 -1
1480593979931 6 -2
1480593980763 3 1
1480593981189 2 1
1480593984499 11 1
1480593987843 12 1
1480593988578 11 -2
1480593990899 2 -1
1480593991554 3 -1
1480593992292 6 2
1480593993211 8 1
1480593997843 9 1
1480593998498 4 1
1480594000203 10 1
1480594001043 11 -1
1480594003299 11 3
1480594003898 12 -1
1480594004619 10 -1
1480594005854 0 -1
1480594006476 7 -3
1480594008005 8 -3
1480594008859 2 -2
1480594009827 3 -1
1480594011426 1 2
1480594012874 9 1
1480594015018 9 -1
1480594017290 1 -2
1480594018162 3 1
1480594019418 3 -1
1480594019907 8 3
1480594021482 2 2
1480594024411 7 2
1480594024867 3 1
1480594025666 7 1
1480594028547 0 1
1480594029571 11 -1
1480594031202 1 1
1480594031723 1 -1
1480594032314 4 -1
1480594032859 9 -1
1480594039178 8 -1
1480594040116 6 -2
1480594041274 2 1
1480594041675 3 1
1480594051540 2 -1
1480594052106 3 -1
1480594052875 6 2
1480594053362 8 1
1480594055444 9 1
1480594056355 4 1
1480594057347 10 1
1480594059659 12 1
1480594060066 10 -1
1480594060858 11 -1
1480594062899 10 1
1480594063611 11 -1
1480594065467 0 -1
1480594066483 7 -1
1480594067475 3 -1
1480594069778 8 -1
1480594070634 9 1
1480594071980 9 -1
1480594072739 8 1
1480594074731 1 1
1480594075450 1 -1
1480594076099 8 -1
1480594077627 6 -1
1480594078331 3 2
1480594079786 7 1
1480594081138 0 1
1480594083106 11 3
1480594083915 10 -1
1480594084410 12 -1
1480594086748 11 -1
1480594087996 3 -1
1480594089323 6 1
1480594090252 9 1
1480594094394 4 -1
1480594095155 9 -2
1480594095811 8 1
1480594097499 8 -1
1480594110211 R
1480594142179 10 -1
1480594143099 7 -1
1480594143954 2 -2
1480594144587 8 -2
1480594145580 3 1
