1482923935261 7 1
1482923935947 3 1
1482923936588 7 1
1482923937316 10 -1
1482923938139 7 -3
1482923940980 7 3
1482923941556 0 1
1482923942252 10 1
1482923943124 11 -3
1482923944187 0 -1
1482923944836 7 -2
1482923945515 2 -3
1482923946635 7 2
1482923947539 7 -2
1482923948691 7 2
1482923952315 0 1
1482923955804 0 -1
1482923956695 7 -2
1482923957563 2 3
1482923958387 5 1
1482923959139 7 1
1482923960051 7 -1
1482923960699 5 -1
1482923961396 3 -1
1482923961931 2 -3
1482923965315 7 1
1482923968036 7 -1
1482923968748 3 1
1482923970051 7 2
1482923970891 0 1
1482923971851 11 2
1482923972619 10 -1
1482923973339 4 -1
1482923980147 11 -1
1482923988964 11 1
1482923990612 4 1
1482923991531 4 -1
1482923992099 4 1
1482923993011 10 1
1482923997131 11 -2
1482923997811 0 -1
1482924007820 7 -2
1482924008635 3 -1
1482924014459 7 1
1482924017971 3 1
1482924020499 7 -1
1482924021219 2 3
1482924022907 5 1
1482924025387 5 -1
1482924026522 7 2
1482924027293 0 1
1482924027895 11 3
1482924029434 10 -1
1482924030434 0 -1
1482924031163 7 -3
1482924032218 8 -2
1482924033506 2 -2
1482924035282 3 -1
1482924036474 1 2
1482924042674 1 -2
1482924043443 8 2
1482924044434 2 2
1482924045259 3 1
1482924047403 7 3
1482924052267 0 1
1482924053371 10 1
1482924054339 11 -3
1482924058754 11 1
1482924060010 10 -1
1482924063243 4 -1
1482924065683 11 2
1482924068178 11 -2
1482924072547 11 2
1482924073362 0 -1
1482924074262 7 -2
1482924075170 2 -2
1482924076282 3 -1
1482924077818 4 1
1482924078818 7 -1
1482924079693 8 -2
1482924080693 1 2
1482924083244 12 -1
1482924084290 9 -1
1482924092691 1 -1
1482924094627 2 2
1482924099010 9 1
1482924099762 12 1
1482924100530 1 -1
1482924101514 8 2
1482924102402 7 2
1482924103466 4 -1
1482924106563 3 1
1482924108026 7 1
1482924108754 7 -2
1482924109330 4 1
1482924110061 7 -1
1482924111314 8 -2
1482924112146 2 -2
1482924115178 3 -1
1482924128699 1 2
1482924131004 1 -2
1482924132082 8 2
1482924133082 7 1
1482924133778 2 2
1482924134794 7 1
1482924135627 7 -2
1482924136498 2 -2
1482924137061 8 -2
1482924168081 3 1
1482924168905 3 -1
1482924172674 1 2
1482924173877 1 -2
1482924174460 8 1
1482924175034 2 1
1482924176010 8 1
1482924176498 2 1
1482924177201 7 2
1482924177913 4 -1
1482924184746 4 1
1482924186093 10 1
1482924190234 3 1
1482924191450 7 1
1482924192450 0 1
1482924193930 10 -1
1482924194994 4 -1
1482924196185 4 1
1482924197154 10 1
1482924198481 11 -3
1482924199497 0 -1
1482924202025 7 -1
1482924203361 7 -1
1482924204017 2 -3
1482924211217 7 2
1482924213130 0 1
1482924214201 11 2
1482924214953 10 -1
1482924216010 4 -1
1482924218466 4 1
1482924232161 4 -1
1482924248050 11 -1
1482924248859 4 1
1482924249849 10 1
1482924250643 11 -1
1482924251276 0 -1
1482924255660 7 -2
1482924256721 2 2
1482924257385 5 1
1482924260993 2 -1
1482924265894 2 -1
1482924266477 5 -1
1482924267537 7 2
1482924268121 0 1
1482924269089 11 2
1482924271153 10 -1
1482924273312 4 -1
1482924274162 4 1
1482924284144 11 -1
1482924285105 11 1
1482924286168 10 1
1482924287616 11 -1
1482924289208 11 -1
1482924291697 0 -1
1482924293892 7 -1
1482924294584 7 -1
1482924295168 2 3
1482924296233 5 1
1482924305545 2 -2
1482924306537 2 2
1482924308369 5 -1
1482924309276 7 2
1482924310585 7 -2
1482924311112 7 2
1482924311864 0 1
1482924312475 11 3
1482924313377 0 -1
1482924314248 10 -1
1482924317400 7 -3
1482924318260 8 -2
1482924319194 2 -2
1482924319849 3 -1
1482924320977 1 2
1482924323826 12 -1
1482924324928 9 -1
1482924327953 1 -1
1482924329192 3 1
1482924332808 9 1
1482924337544 1 1
1482924338568 1 -1
1482924339712 2 2
1482924342416 5 1
1482924343593 5 -1
1482924344689 3 -1
1482924346528 9 -1
1482924348120 6 -1
1482924349161 3 2
1482924351336 5 2
1482924352776 11 1
1482924353475 8 -1
1482924354648 2 -2
1482924357192 1 1
1482924358936 7 1
1482924360664 5 -1
1482924361600 1 1
1482924367336 4 -1
1482924368136 9 -1
1482924371792 1 -2
1482924372480 2 2
1482924373448 5 1
1482924374448 7 1
1482924375985 5 -1
1482924377864 3 -1
1482924378592 6 1
1482924385241 12 -3
1482924386392 1 -1
1482924392495 9 1
1482924393176 4 1
1482924394031 7 -2
1482924398243 6 -1
1482924398983 3 1
1482924399831 5 1
1482924401463 7 2
1482924405848 1 1
1482924407704 1 -1
1482924408800 7 -2
1482924411440 5 -1
1482924412832 5 1
1482924413768 5 -1
1482924418840 8 2
1482924419842 11 -1
1482924420488 8 1
1482924421576 5 -1
1482924423040 7 3
1482924423904 0 1
1482924425800 12 1
1482924426697 10 1
1482924427624 11 -3
1482924433224 0 -1
1482924434512 0 1
1482924435392 11 3
1482924441291 12 -1
1482924441983 10 -1
1482924443975 11 -1
1482924446936 4 -1
1482924447736 9 -1
1482924450231 3 -1
1482924451223 6 1
1482924452057 8 1
1482924452943 1 1
1482924457984 9 1
1482924458536 4 1
1482924460952 1 -1
1482924463896 8 -1
1482924464783 9 1
1482924468335 12 1
1482924468912 10 1
1482924469808 11 -2
1482924474880 11 3
1482924475575 11 -1
1482924476122 12 -1
1482924477328 10 -1
1482924484951 9 -1
1482924485656 4 -1
1482924486327 9 -1
1482924489919 8 1
1482924490934 1 1
1482924497511 1 -1
1482924498032 8 -1
1482924498712 6 -2
1482924499367 3 1
1482924499890 2 1
1482924503935 12 1
1482924510791 12 -1
1482924517478 2 -1
1482924518008 3 -1
1482924518912 6 2
1482924519759 8 1
1482924523790 1 1
1482924527367 11 1
1482924530007 11 -1
1482924531473 1 -1
1482924532351 1 1
1482924534263 11 1
1482924534891 0 -1
1482924536441 7 -2
1482924537057 2 -2
1482924539871 1 1
1482924542631 1 -2
1482924550624 3 -1
1482924551623 3 1
1482924552431 1 2
1482924556479 9 1
1482924557215 4 1
1482924559151 7 -1
1482924561896 1 -2
1482924568582 2 1
1482924570310 2 -1
1482924571182 3 -1
1482924573718 1 2
1482924575014 1 -2
1482924575958 3 1
1482924577398 8 -2
1482924578490 6 -1
1482924579223 3 1
1482924580102 8 -1
1482924580926 1 3
1482924582526 5 1
1482924583158 11 1
1482924584182 8 -1
1482924592327 7 1
1482924593143 4 -1
1482924593839 9 -1
1482924597824 1 -2
1482924598830 3 -1
1482924599591 6 1
1482924600382 1 1
1482924601206 1 -1
1482924601694 2 2
1482924603048 7 1
1482924603806 6 -1
1482924604350 3 1
1482924605166 5 1
1482924607062 5 -1
1482924608847 6 -1
1482924610463 2 1
1482924611472 5 1
1482924613818 1 1
1482924614705 7 -1
1482924616390 7 1
1482924617095 7 -1
1482924619727 1 -1
1482924620246 2 -2
1482924621446 6 1
1482924621879 9 1
1482924622246 4 1
1482924623015 7 -1
1482924625304 8 1
1482924626247 1 -1
1482924626775 8 2
1482924627311 2 1
1482924633462 11 -1
1482924634078 5 -2
1482924635558 7 3
1482924638791 7 -2
1482924639473 7 -1
1482924640046 8 -2
1482924641190 8 2
1482924641790 7 3
1482924643110 0 1
1482924647247 11 -1
1482924649839 4 -1
1482924650718 9 -1
1482924654014 3 -1
1482924654719 6 1
1482924655278 8 1
1482924656342 1 1
1482924665040 12 2
1482924666470 9 1
1482924667255 4 1
1482924668559 10 1
1482924669798 11 -2
1482924670558 12 -1
1482924676670 0 -1
1482924677629 7 -1
1482924680142 12 2
1482924680894 7 -1
1482924682040 2 -3
1482924683406 7 2
1482924685504 0 1
1482924686262 1 1
1482924687102 12 -2
1482924688054 11 2
1482924688518 10 -1
1482924689054 4 -1
1482924690823 9 -1
1482924691549 0 4
