1482744889686 10 -1
1482744890861 7 -1
1482744900406 8 -2
1482744901776 2 -2
1482744914306 3 1
1482744916280 3 -1
1482744917212 3 1
1482744918441 2 2
1482744919258 8 2
1482744920372 7 3
1482744925542 7 -3
1482744926841 7 3
1482744927633 0 1
1482744928373 11 -2
1482744931737 10 1
1482744932490 11 -1
1482744939422 11 3
1482744942884 0 -1
1482744944302 7 -2
1482744945932 7 2
1482744951786 10 -1
1482744952935 4 -1
1482744955662 0 1
1482744956405 11 -2
1482744960730 U
1482744963239 R
1482744972291 3 1
1482744973341 7 2
1482744974609 0 1
1482744975863 11 -3
1482744981684 0 -1
1482744982820 7 -2
1482744984365 2 -3
1482744987158 7 2
1482744990120 0 1
1482744992966 0 -1
1482744994625 7 -2
1482745001910 7 2
1482745003006 0 1
1482745004352 11 2
1482745005112 10 -1
1482745006011 4 -1
1482745014065 11 -1
1482745015859 R
1482745021021 2 -2
1482745026746 2 2
1482745028210 7 1
1482745029840 7 -1
1482745044087 10 -1
1482745045914 10 1
1482745046854 7 1
1482745048763 7 -1
1482745054679 R
1482745056849 R
1482745060974 3 1
1482745061915 7 2
1482745073406 10 -1
1482745075498 10 1
1482745076892 10 -1
1482745077621 4 -1
1482745080644 7 -2
1482745084583 5 1
1482745085587 11 1
1482745089574 R
1482745092096 3 1
1482745093796 5 1
1482745094602 11 1
1482745099881 7 1
1482745103031 7 -1
1482745104167 2 -2
1482745108105 10 -1
1482745108835 7 -1
1482745110918 8 -3
1482745112180 1 2
1482745117364 12 -1
1482745119040 9 -1
1482745125495 1 -1
1482745126795 2 2
1482745131065 7 2
1482745133885 7 -2
1482745135342 2 -2
1482745136862 1 1
1482745144681 R
1482745159400 3 1
1482745160504 5 1
1482745161774 11 1
1482745164227 2 -2
1482745168323 2 2
1482745169169 7 1
1482745175595 7 -1
1482745176294 2 -2
1482745181313 R
1482745188402 3 1
1482745189069 5 1
1482745189899 11 1
1482745192679 2 -2
1482745204383 R
1482745208568 3 1
1482745209405 7 2
1482745211597 0 1
1482745213587 11 -3
1482745219196 0 -1
1482745220246 7 -2
1482745220936 7 2
