1482138105690 7 1
1482138107576 10 -1
1482138113879 4 -1
1482138117429 7 -1
1482138118468 2 -1
1482138119285 2 -1
1482138128941 R
1482138145211 3 1
1482138146042 7 2
1482138149312 10 -1
1482138150083 4 -1
1482138152282 4 1
1482138153830 0 1
1482138154699 11 -2
1482138158938 10 1
1482138159664 11 -1
1482138172163 11 2
1482138172787 11 1
1482138174892 0 -1
1482138175740 7 -2
1482138176946 2 -1
1482138177564 2 -1
1482138180989 3 -1
1482138191485 3 1
1482138193050 2 2
1482138193707 2 -1
1482138194188 2 -1
1482138196277 2 1
1482138196811 2 1
1482138197988 7 2
1482138198820 0 1
1482138199683 11 -1
1482138200531 11 -2
1482138202781 0 -1
1482138203307 0 1
1482138209397 0 -1
1482138212172 R
1482138214405 R
1482138214947 R
1482138215170 R
1482138234816 2 -1
1482138235489 2 -1
1482138246648 3 1
1482138247353 2 1
1482138247909 2 1
1482138248672 5 1
1482138249412 7 1
1482138254105 11 1
1482138255915 7 -1
1482138256732 2 -2
1482138267162 10 -1
1482138267941 4 -1
1482138270050 4 1
1482138271020 7 -1
1482138276133 8 -3
1482138277994 1 2
1482138281844 1 -1
1482138282378 1 -1
1482138285593 7 1
1482138287944 7 -1
1482138293826 1 2
1482138295147 12 -1
1482138296539 12 1
1482138297341 12 -1
1482138298424 9 -1
1482138300073 9 1
1482138301173 12 1
1482138302540 12 -1
1482138303710 12 1
1482138304130 12 -1
1482138306046 9 -1
1482138306742 6 -1
1482138307417 3 1
1482138308032 1 1
1482138312498 7 1
1482138313577 4 -1
1482138314564 9 -1
1482138318331 6 -1
1482138318874 6 1
1482138321655 1 -2
1482138322557 5 1
1482138323097 2 1
1482138324311 2 -1
1482138325918 5 -1
1482138326952 3 -1
1482138328737 3 1
1482138329232 1 2
1482138331944 1 -1
1482138332631 1 -1
1482138333412 2 1
1482138334286 2 1
1482138335281 6 -1
1482138336496 2 1
1482138337252 5 1
1482138341255 5 -1
1482138341917 1 1
1482138342482 1 1
1482138345179 1 -2
1482138345723 2 -2
1482138346226 2 -1
1482138346966 3 -1
1482138347417 6 2
1482138349090 6 -2
1482138349588 3 1
1482138350259 6 1
1482138350870 1 2
1482138354154 9 1
1482138355055 9 -1
1482138362736 1 -1
1482138363256 1 -1
1482138364103 2 1
1482138364537 2 1
1482138365004 5 1
1482138367066 7 1
1482138368241 7 -1
1482138369046 5 -1
1482138369815 5 1
1482138371078 6 -1
1482138372101 2 1
1482138372920 7 1
1482138373687 7 -1
1482138374344 5 -1
1482138375467 1 2
1482138376099 7 1
1482138377520 1 -1
1482138378619 1 -1
1482138379457 5 1
1482138380726 5 -1
1482138383355 7 -1
1482138384508 5 1
1482138385066 7 1
1482138385892 5 -1
1482138386808 1 2
1482138390225 R
1482138392223 7 1
1482138393382 R
1482138393628 R
1482138393977 R
1482138394216 R
1482138394575 R
1482138394868 R
1482138395087 R
1482138395657 7 1
1482138398572 10 -1
1482138399418 4 -1
1482138400899 4 1
1482138401692 7 -2
1482138404570 8 -1
1482138405226 8 -1
1482138405837 2 -1
1482138406317 2 -1
1482138407004 1 2
1482138408844 12 -1
1482138410764 12 1
1482138414146 R
1482138414550 R
1482138415725 R
1482138415936 R
1482138416162 R
1482138416402 R
1482138416642 R
1482138416890 R
1482138428248 10 -1
1482138430077 7 -1
1482138440057 2 -2
1482138441850 8 -2
1482138443414 1 2
1482138455940 R
1482138461233 10 -1
1482138464067 7 -1
