1481245968459 10 -1
1481245973629 3 1
1481245974791 7 2
1481245978304 0 1
1481245979552 11 -2
1481245981691 10 1
1481245982553 11 -1
1481245983472 0 -1
1481245984593 7 -2
1481245992677 7 2
1481245993783 0 1
1481245996269 11 3
1481245998763 11 -3
1481246002248 0 -1
1481246003741 7 -2
1481246005875 2 -3
1481246006987 3 -1
1481246009513 3 1
1481246010321 2 3
1481246011237 5 1
1481246013176 7 1
1481246013796 5 -1
1481246014586 7 1
1481246015451 0 1
1481246017324 11 3
1481246018153 10 -1
1481246019188 0 -1
1481246020153 7 -3
1481246023697 8 -2
1481246025713 2 -2
1481246027608 1 2
1481246028915 12 -1
1481246030030 9 -1
1481246031295 6 -1
1481246032189 3 1
1481246032996 1 1
1481246035780 8 2
1481246036696 7 1
1481246037590 10 1
1481246040353 5 1
1481246041216 11 1
1481246042868 10 -1
1481246044179 7 -1
1481246045935 8 -3
1481246047290 1 -2
1481246048413 2 2
1481246049439 5 1
1481246050757 5 -1
1481246051918 7 2
1481246054778 12 -3
1481246057162 1 -1
1481246058873 R
1481246063273 2 -2
1481246065881 3 1
1481246067123 3 -1
1481246068851 3 1
1481246069477 5 1
1481246070524 11 1
1481246073503 2 2
1481246074687 11 -1
1481246075924 5 -1
1481246077027 7 2
1481246077896 0 1
1481246079464 10 -1
1481246080751 11 -2
1481246081877 4 -1
1481246084983 11 2
1481246086245 R
1481246088999 10 -1
1481246090073 7 -1
1481246092581 8 -2
1481246095585 2 -2
1481246099177 1 2
1481246100358 3 1
1481246101615 12 -1
1481246102595 9 -1
1481246103480 6 -1
1481246104555 3 1
1481246105261 1 1
1481246108657 1 -2
1481246109887 2 2
1481246116114 5 1
1481246117246 11 1
1481246117935 8 -1
1481246119227 7 2
1481246120214 5 1
1481246123916 7 -2
1481246131492 R
1481246133169 7 1
1481246134286 10 -1
1481246135553 7 -2
1481246136754 3 1
1481246137559 7 3
1481246138540 0 1
1481246141034 11 -2
1481246144360 11 2
1481246146336 10 1
1481246148083 11 -3
1481246148929 0 -1
1481246150179 7 -2
1481246160293 7 2
1481246161061 0 1
1481246162018 11 3
1481246162873 0 -1
1481246163993 10 -1
1481246165336 7 -3
1481246166221 8 -2
1481246167129 1 1
1481246167929 12 -1
1481246168823 9 -1
1481246170399 6 -1
1481246171677 3 1
1481246172605 2 -2
1481246173999 1 2
1481246176376 8 2
1481246177386 7 1
1481246185903 10 1
1481246186891 10 -1
1481246187973 7 -1
1481246189770 8 -2
1481246190758 1 -2
1481246191729 2 2
1481246192754 5 2
1481246193768 11 1
1481246194507 8 -1
1481246195728 7 2
1481246197312 12 -3
1481246198753 7 -2
1481246199965 2 -2
1481246201318 5 -1
1481246202456 1 2
1481246207677 1 -3
1481246208640 2 2
1481246211989 8 3
1481246213181 11 -1
1481246214085 5 -1
1481246215133 7 3
1481246216482 0 1
1481246221705 11 -1
1481246223092 12 1
1481246223737 10 1
1481246224716 11 -2
1481246225672 0 -1
1481246226982 7 -1
1481246230535 3 -2
1481246231522 6 1
1481246232478 8 1
1481246234964 3 1
1481246235835 7 1
1481246238696 0 1
1481246244237 8 -1
1481246245192 9 1
1481246246256 9 -1
1481246249661 8 1
1481246250554 1 1
1481246252767 0 -1
1481246256646 0 1
1481246257928 11 3
1481246261120 12 -1
1481246261940 10 -1
1481246262874 0 -1
1481246265957 7 -3
1481246267398 2 -2
1481246268904 1 1
1481246273640 3 -1
1481246274464 3 1
1481246276510 1 -2
1481246277898 2 2
1481246281028 7 3
1481246282234 0 1
1481246283105 11 -1
1481246286398 12 1
1481246286947 10 1
1481246287818 11 -2
1481246289638 0 -1
1481246290782 7 -1
1481246291677 3 -1
1481246293660 3 1
1481246294483 5 1
1481246295972 1 1
