1479879351485 7 1
1479879356659 10 -1
1479879357955 4 -1
1479879381795 4 1
1479879386123 10 1
1479879389731 7 -1
1479879393475 3 1
1479879396139 5 1
1479879402291 5 -1
1479879405723 7 2
1479879408171 0 1
1479879411635 10 -1
1479879412763 4 -1
1479879435626 4 1
1479879770713 4 -1
1479879771337 R
1479879777776 10 -1
1479879779776 7 -1
1479879787433 2 -2
1479879789424 3 1
1479879794264 8 -2
1479879796080 1 2
1479879798352 12 -1
1479879800024 9 -1
1479879819879 9 1
1479879821440 9 -1
1479879829792 5 1
1479879831336 11 1
1479879832807 8 -1
1479879839072 7 1
1479879840512 4 -1
1479879842464 9 -1
1479879858968 9 2
1479879859824 12 1
1479879860896 4 1
1479879864280 1 -2
1479879866016 2 2
1479879867447 7 1
1479879873239 4 -1
1479879875856 1 1
1479879878240 12 -4
1479879879424 4 1
1479879882103 7 -2
1479879884535 1 -1
1479879890983 2 -2
1479879898927 9 -1
1479879902271 R
1479879910689 10 -1
1479879912176 7 -1
1479879917608 3 1
1479879918407 5 1
1479879919623 11 1
1479880063310 7 2
1479880067407 4 -1
