1481245855505 7 1
1481245856701 3 1
1481245858329 7 1
1481245859760 0 1
1481245867394 10 -1
1481245868982 4 -1
1481245872119 11 -2
1481245878576 R
1481245885610 10 -1
1481245886715 7 -1
1481245888445 8 -2
1481245890224 2 -2
1481245896932 1 2
1481245898168 12 -1
1481245899697 9 -1
1481245902759 1 -1
1481245908449 6 -1
1481245909749 3 2
1481245910915 1 2
1481245914812 8 2
1481245915872 5 1
1481245916716 11 1
1481245917507 8 -3
1481245927372 7 1
1481245928835 4 -1
1481245929994 9 -1
1481245935699 9 1
1481245937005 1 -2
1481245937988 3 -1
1481245938882 6 1
1481245941950 1 1
1481245944299 4 1
1481245945508 7 -1
1481245947622 1 -1
1481245951265 2 2
1481245953175 7 2
1481245957034 12 -3
1481245959706 4 -1
1481245960862 9 -1
1481245963106 7 -1
1481245965911 2 -2
1481245975636 9 2
1481245977397 4 1
1481245978842 7 -1
1481245980028 1 -1
1481245984300 1 2
1481245986574 1 -2
1481245989248 9 -1
1481245990029 6 -1
1481245990948 3 1
1481245992032 5 1
1481245993015 2 2
1481245994760 8 2
1481245995976 11 -1
1481245997810 5 -2
1481245999567 2 -2
1481246000904 8 -1
1481246005518 8 2
1481246006666 2 2
1481246008362 7 3
1481246012969 0 1
1481246016761 11 -1
1481246019086 4 -1
1481246023000 3 -1
1481246024320 6 1
1481246025636 8 1
1481246028498 4 1
1481246032189 1 1
1481246033783 12 3
1481246037240 10 1
1481246038500 11 -2
1481246041530 0 -1
1481246043807 7 -2
1481246045158 2 -3
1481246046586 3 -1
1481246048210 1 1
1481246050748 7 1
1481246053238 12 -2
1481246055618 1 -2
1481246057377 3 1
1481246058979 7 1
1481246060806 1 2
1481246062340 0 3
1481246064790 11 2
1481246065834 10 -1
1481246066586 12 -1
1481246067816 4 -1
1481246069082 9 -1
1481246079065 0 2
