1480167669609 10 -1
1480167673521 4 -1
1480167680238 2 -2
1480167695258 2 2
1480167696935 7 1
1480167707726 7 -1
1480167709417 2 -2
1480167713491 3 1
1480167714982 5 1
1480167716423 11 1
1480167722270 2 2
1480167723870 7 1
1480167730046 4 1
1480167731838 10 1
1480167734075 7 -1
1480167737367 7 1
1480167745069 10 -1
1480167748461 7 -2
1480167752890 11 -1
1480167754477 5 -1
1480167756062 3 -1
1480167760088 2 -2
1480167761757 8 -2
1480167764608 1 2
1480167769898 12 -1
1480167774824 12 1
1480167780399 12 -1
1480167782101 9 -1
1480167783872 6 -1
1480167785403 3 2
1480167787712 5 2
1480167789693 11 1
1480167790828 8 -1
1480167793788 7 1
1480167795976 10 1
1480167797847 1 -1
1480167802871 1 1
1480167803921 5 -1
1480167806678 1 1
1480167814942 10 -1
1480167817207 7 -1
1480167823821 8 3
1480167826183 11 -1
1480167827662 5 -1
1480167835077 5 1
1480167837003 11 1
1480167839344 7 1
1480167841888 4 -1
1480167843254 9 -1
1480167853296 11 -1
1480167854686 5 -1
1480167861506 5 1
1480167863698 11 1
1480167872480 9 1
1480167873651 4 1
1480167875854 10 1
1480167876546 10 -1
1480167877902 7 -1
1480167881922 8 -3
1480167890776 7 1
1480167893854 1 -2
1480167895443 3 -1
1480167896918 6 1
1480167898314 9 1
1480167900527 1 1
1480167905952 12 1
1480167909225 1 -2
1480167912542 7 -1
1480167916375 8 3
1480167918926 11 -1
1480167919985 5 -1
1480167921973 3 -1
1480167924810 2 2
1480167927541 7 2
1480167930566 4 -1
1480167932594 4 1
1480167934641 7 -2
1480167940973 2 -2
1480167945423 8 -2
1480167948030 1 2
1480167951215 12 -1
1480167953024 9 -1
1480167957331 9 1
1480167961700 1 -1
