1484225766409 3 1
1484225767740 7 2
1484225769075 0 1
1484225770238 11 -3
1484225773237 0 -1
1484225774300 7 -2
1484225776776 2 -3
1484225779078 7 2
1484225782006 0 1
1484225784764 11 2
1484225786197 10 -1
1484225789873 10 1
1484225791435 11 -2
1484225792502 0 -1
1484225793857 7 -2
1484225796493 3 -1
1484225806715 3 1
1484225807950 7 2
1484225809155 0 1
1484225810256 11 2
1484225811565 10 -1
1484225817177 11 -1
1484225818863 10 1
1484225820000 11 -1
1484225821013 0 -1
1484225822356 7 -2
1484225824277 2 1
1484225826058 5 1
1484225828041 2 2
1484225829287 5 -1
1484225830370 7 2
1484225831638 0 1
1484225832705 11 3
1484225833818 10 -1
1484225834830 0 -1
1484225835895 7 -3
1484225837241 8 -2
1484225839009 5 1
1484225840269 11 1
1484225841652 8 -1
1484225842925 7 2
1484225845692 1 1
1484225847187 4 -1
1484225848486 12 -4
1484225849912 4 1
1484225851225 7 -2
1484225852940 8 1
1484225854063 11 -1
1484225855143 5 -1
1484225856595 3 -1
1484225858002 1 -1
1484225859020 8 2
1484225860983 7 2
1484225862111 3 1
1484225863200 7 1
1484225864894 0 1
1484225865790 12 1
1484225866719 10 1
1484225867807 11 -3
1484225868947 0 -1
1484225870377 7 -1
1484225872051 3 -1
1484225873762 9 -1
1484225874961 8 1
1484225876424 1 1
1484225877494 3 1
1484225878804 7 1
1484225879854 0 1
1484225881471 11 3
1484225882527 12 -1
1484225883583 10 -1
1484225887762 0 -1
1484225888854 7 -3
1484225891965 5 1
1484225893516 5 -1
1484225895661 7 3
1484225897642 0 1
1484225898752 11 -1
1484225902177 1 -1
1484225904435 11 1
1484225905449 0 -1
1484225906543 7 -3
1484225908193 8 -3
1484225910056 5 1
1484225911005 11 1
1484225912255 8 -1
1484225913543 2 -2
1484225915377 1 2
1484225917964 9 1
1484225920036 1 -1
1484225922792 9 -1
1484225923793 6 -1
1484225924911 3 1
1484225926133 1 2
1484225927578 8 3
1484225929508 11 -1
1484225930636 5 -1
1484225932224 7 1
1484225933489 10 1
1484225938935 10 -1
1484225939974 7 -1
1484225941666 8 -2
1484225942995 1 -3
1484225944810 2 2
1484225945736 8 2
1484225947358 5 2
1484225948962 11 1
1484225950133 8 -3
1484225956646 7 2
1484225957876 12 1
1484225958910 10 1
1484225960828 1 1
1484225961874 12 2
1484225963681 10 -1
1484225964676 7 -2
1484225965923 8 1
1484225968581 8 -1
1484225969648 5 -1
1484225972488 3 -1
1484225973577 6 1
1484225974769 9 1
1484225975712 12 1
1484225976906 1 -1
1484225979164 2 -2
1484225980430 8 3
1484225982400 11 -1
1484225983467 7 1
1484225984571 5 -1
1484225985627 2 2
1484225986898 7 2
1484225988510 0 1
1484225989606 10 1
1484225991102 11 -2
1484225993423 11 -1
1484225994571 0 -1
1484225995782 7 -2
1484225997288 2 -3
1484225998832 7 1
1484225999852 7 1
1484226001193 0 1
1484226002957 11 1
1484226003929 10 -1
1484226007018 11 1
1484226010081 11 -1
1484226011600 10 1
1484226012533 11 -1
1484226013613 0 -1
1484226016534 7 -2
1484226017787 3 -1
1484226018931 2 3
1484226021215 3 1
1484226022389 7 2
1484226024153 0 1
1484226025385 11 3
1484226026857 10 -1
1484226027981 0 -1
1484226029079 7 -3
1484226031101 8 -2
1484226032128 5 1
1484226033171 11 1
1484226034486 8 -1
1484226036042 7 2
1484226037426 1 1
1484226039337 12 -4
1484226040825 9 -1
1484226041812 1 -1
1484226042831 7 -2
1484226044272 2 -2
1484226046920 6 -1
1484226047886 3 1
1484226049370 5 1
1484226050675 2 2
1484226053635 7 2
1484226055413 7 -2
1484226056517 8 3
1484226057906 11 -1
1484226059110 5 -2
1484226060693 7 3
1484226061931 0 1
1484226063406 12 1
1484226064445 10 1
1484226065452 11 -2
1484226066846 11 -1
1484226068096 0 -1
1484226069737 7 -1
1484226071223 5 2
1484226074095 5 -2
1484226075465 7 1
1484226077248 0 1
1484226078486 11 3
1484226079609 12 -1
1484226080635 10 -1
1484226081987 0 -1
1484226083041 7 -3
1484226092081 2 -1
1484226095684 8 -2
1484226096782 2 -1
1484226098010 1 3
1484226102272 1 -2
1484226103674 1 -1
1484226106056 3 -1
1484226107633 2 2
1484226108834 8 2
1484226109947 7 3
1484226111878 4 -1
1484226113075 9 -1
1484226114216 6 -1
1484226115243 2 1
1484226116232 3 1
1484226120844 0 1
1484226122366 11 -1
1484226125007 11 1
1484226126229 12 1
1484226127763 11 -2
1484226130571 11 2
1484226131549 0 -1
1484226132725 7 -1
1484226133778 5 2
1484226134918 11 1
1484226136365 12 -1
1484226137396 7 -1
1484226141470 2 -2
1484226145546 2 1
1484226146756 6 1
1484226148920 9 1
1484226149837 4 1
1484226151446 7 -1
1484226152606 8 -3
1484226158977 5 -1
1484226168466 8 3
1484226169488 11 -1
1484226170534 5 -1
1484226172284 7 3
1484226173512 0 1
1484226177270 4 -1
1484226178424 9 -1
1484226179933 6 -1
1484226181390 2 1
1484226184382 0 -1
1484226185615 7 -2
1484226190105 2 -1
1484226192214 3 -1
1484226193369 6 2
1484226195755 9 1
1484226197306 4 1
1484226199938 7 -1
1484226201546 8 -2
1484226204167 2 -2
1484226205947 1 2
1484226210848 6 -1
1484226211831 3 1
1484226212778 1 1
1484226214641 8 2
1484226216376 5 1
1484226217554 11 1
1484226222152 7 1
1484226223738 4 -1
1484226224806 9 -1
1484226228418 6 -1
1484226229528 6 1
1484226231232 6 -1
1484226234356 11 -1
1484226235558 5 -1
1484226238597 6 1
1484226239610 9 1
1484226240647 4 1
1484226242080 7 -1
1484226244371 8 -2
1484226245528 1 -3
1484226247684 3 -2
1484226248870 6 1
1484226249873 9 1
1484226251082 1 2
1484226253321 1 -2
1484226254640 8 2
1484226255840 2 2
1484226257279 3 1
1484226258400 7 3
1484226259594 0 1
1484226261335 12 1
1484226262238 10 1
1484226263657 11 -3
1484226265645 0 -1
1484226267671 7 -1
1484226269036 3 -1
1484226271399 3 1
1484226272870 7 1
1484226274796 9 -1
1484226275905 8 1
1484226278069 7 -1
1484226279340 3 -1
1484226281072 3 1
1484226282187 7 1
1484226283673 1 1
1484226284804 12 2
1484226286192 0 1
1484226288789 12 -2
1484226300593 11 3
1484226301838 12 -1
1484226302891 10 -1
1484226304144 0 -1
1484226305311 7 -2
1484226306544 7 -1
1484226308460 2 -2
1484226321933 7 1
1484226323286 2 2
1484226327282 4 -1
1484226328548 9 -1
1484226332052 1 -1
1484226333579 2 -2
1484226335111 1 2
1484226341198 1 -2
1484226342417 2 2
1484226343626 7 2
1484226344757 1 1
1484226349474 9 1
1484226350385 4 1
1484226351720 7 -3
1484226354289 1 -1
1484226355792 2 -2
1484226359352 5 1
1484226381377 2 2
1484226383290 5 -1
1484226384955 7 3
1484226389230 7 -3
1484226390655 2 -2
1484226393624 2 2
1484226397185 7 3
1484226404141 12 1
1484226405166 10 1
1484226408929 7 -1
1484226411807 7 1
1484226413041 12 -1
1484226414122 10 -1
1484226415530 1 1
1484226416864 4 -1
1484226417895 1 -1
1484226419115 8 -1
1484226420300 9 -1
1484226421422 6 -2
1484226422468 2 1
1484226423598 3 1
1484226426093 7 -2
1484226429288 5 2
1484226430406 11 1
1484226435083 2 -3
1484226437170 2 3
1484226439196 7 1
1484226441167 12 1
1484226444331 11 -1
1484226445598 5 -2
1484226447104 7 1
1484226451542 12 -1
1484226453238 7 -2
1484226455838 2 -1
1484226457789 3 -1
1484226458894 6 2
1484226459900 9 2
1484226461002 4 1
1484226462413 7 -1
1484226464965 8 -2
1484226466041 2 -2
1484226468022 9 -1
1484226468989 6 -1
1484226471425 3 1
1484226473213 1 3
1484226474465 8 2
1484226480106 5 1
1484226482788 11 1
1484226484237 8 -3
1484226487952 1 -3
1484226490339 2 2
1484226498800 5 1
1484226500518 8 3
1484226506140 11 -1
1484226507351 5 -2
1484226508486 7 3
1484226511077 7 -3
1484226513268 8 -2
1484226514425 2 -2
1484226515487 1 3
1484226520540 5 1
1484226521692 11 1
1484226522791 8 -1
1484226525725 1 -3
1484226530426 1 3
1484226532437 8 3
1484226533978 11 -1
1484226535170 7 1
1484226536265 10 1
1484226538430 5 -1
1484226542562 5 1
1484226544368 10 -1
1484226546543 7 -1
1484226547648 8 -2
1484226548755 1 -3
1484226550674 3 -1
1484226551904 6 1
1484226553025 9 1
1484226557903 9 -1
1484226559300 8 3
1484226565107 1 2
1484226569484 1 -1
1484226573941 2 2
1484226575698 5 -1
1484226576794 7 3
1484226577947 0 1
1484226578877 12 1
1484226580484 10 1
1484226581715 11 -3
1484226583206 0 -1
1484226590435 12 2
1484226593879 0 1
1484226595684 11 3
1484226597087 0 -1
1484226598417 7 -2
1484226599505 10 -1
1484226600527 7 -1
1484226605535 2 -2
1484226606609 3 -1
1484226607923 1 1
1484226609409 7 1
1484226611188 4 -1
1484226613221 9 -1
1484226614698 1 -1
1484226616693 2 2
1484226617817 3 1
1484226618924 7 2
1484226620254 0 1
1484226628747 12 -2
1484226630951 1 -1
1484226636988 9 1
1484226637971 4 1
1484226639396 4 -1
1484226640693 9 -1
1484226642529 8 -1
1484226652267 8 1
1484226653472 1 1
1484226654572 12 2
1484226660045 0 -1
1484226661210 7 -2
1484226662982 9 1
1484226664252 4 1
1484226666493 7 -1
1484226668237 2 -2
1484226676895 2 1
1484226678007 5 1
1484226680471 2 1
1484226681774 7 2
1484226683494 5 -1
1484226684662 7 1
1484226685653 0 1
1484226686677 11 -1
1484226688668 11 -1
1484226691562 10 1
1484226692619 11 -1
1484226695134 12 -2
1484226699098 0 -1
1484226701274 12 2
1484226702809 0 1
1484226704796 11 2
1484226706976 11 1
1484226708715 0 -1
1484226711308 10 -1
1484226716381 7 -3
1484226720165 7 3
1484226721513 12 -3
1484226722747 7 -3
1484226733056 7 3
1484226737858 10 1
1484226738777 12 2
1484226740357 0 1
1484226742659 12 -1
1484226743967 11 -3
1484226746032 0 -1
1484226753697 1 -1
1484226755479 8 -1
1484226756690 9 1
1484226760284 7 -1
1484226761383 3 -1
1484226764441 9 -1
1484226766114 8 1
1484226767214 8 -1
1484226768233 6 -1
1484226770470 3 2
1484226771639 7 1
1484226777709 0 1
1484226779048 11 3
1484226780598 12 -1
1484226781667 10 -1
1484226782786 0 -1
1484226783833 7 -3
1484226792434 2 -2
1484226793458 8 -2
1484226794495 1 3
1484226795940 8 2
1484226806511 5 1
1484226807505 11 1
1484226808842 8 -3
1484226819115 1 -3
1484226820426 2 2
1484226825533 8 3
1484226827849 11 -1
1484226829083 5 -1
1484226830531 7 3
1484226833821 3 -1
1484226835656 6 1
1484226844085 9 1
1484226845881 4 -1
1484226848429 9 -2
1484226850290 6 -2
1484226851374 2 1
1484226852420 3 1
1484226853938 7 -2
1484226866922 7 2
1484226888605 2 -1
1484226889873 6 1
1484226891573 9 1
1484226892809 4 1
1484226893957 7 -3
1484226895270 8 -2
1484226898789 5 1
1484226899985 11 1
1484226901123 8 -1
1484226909957 8 3
1484226911678 11 -1
1484226912814 5 -1
1484226925842 2 -1
1484226927729 2 -1
1484226928793 8 -2
1484226929873 1 3
1484226941958 1 -3
1484226943128 8 2
1484226944195 2 2
1484226945379 7 3
1484226946670 0 1
1484226948014 12 1
1484226949154 10 1
1484226952700 11 -3
1484226954154 0 -1
1484226955304 7 -1
1484226956769 3 -2
1484226960525 6 1
1484226961668 8 1
1484226962905 1 1
1484226964630 3 1
1484226966029 7 1
1484226967293 0 1
1484226968615 11 2
1484226969866 12 -1
1484226970843 10 -1
1484226971981 4 -1
1484226973196 9 -1
1484226975230 1 -1
1484226976431 8 -1
1484226978118 6 -2
1484226979315 2 1
1484226980305 3 1
1484226984056 11 1
1484226985885 0 -1
1484226992469 2 -1
1484226993743 3 -1
1484226995044 6 2
1484226996447 9 2
1484226998218 4 1
1484227000253 12 1
1484227001988 10 1
1484227003063 0 1
1484227004526 11 -3
1484227005974 0 -1
1484227010134 9 -1
1484227011284 8 1
1484227012560 1 1
1484227013810 12 1
1484227014985 12 1
1484227016587 7 -1
1484227018119 7 -1
1484227019397 2 -3
1484227021477 7 2
1484227023526 0 1
1484227024511 1 1
1484227026155 0 2
1484227027129 7 -2
1484227032451 11 2
1484227034069 10 -1
1484227035238 4 -1
1484227036377 9 -1
1484227039038 0 1
1484227075133 U
1484227076463 U
1484227077858 U
1484227081879 U
1484227083483 U
1484227085968 U
1484227090051 U
1484227092136 U
1484227094003 U
1484227096741 U
1484227099587 U
1484227103949 U
1484227107370 U
1484227109771 U
1484227121792 12 1
1484227123578 7 -2
1484227127891 2 -3
1484227131066 1 1
1484227132210 7 2
1484227133730 0 3
1484227135280 11 2
1484227136344 10 -1
1484227137631 4 -1
1484227138753 9 -1
1484227140496 0 1
1484227142851 0 1
