1482525555245 7 1
1482525560212 10 -1
1482525564084 7 -2
1482525571428 7 2
1482525577564 3 1
1482525579116 7 1
1482525579924 0 1
1482525583668 11 -2
1482525590940 11 2
1482525595700 4 -1
1482525605148 4 1
1482525611316 0 -1
1482525620245 7 -3
1482525621412 8 -2
1482525622548 2 -2
1482525623932 3 -1
1482525626780 1 2
1482525632028 12 -1
1482525634476 12 1
1482525651012 12 -1
1482525661116 12 1
1482525665388 1 -2
1482525667061 2 2
1482525668220 8 2
1482525670804 3 1
1482525671868 5 1
1482525673012 11 1
1482525674420 7 2
1482525677460 10 1
1482525686901 R
1482525701236 7 1
1482525703868 7 -1
1482525719652 2 -2
1482525726460 2 2
1482525738477 2 -2
1482525740325 3 1
1482525820020 10 -1
1482525829244 7 -1
1482525833084 2 2
1482525834173 7 3
1482525835620 0 1
1482525841148 4 -1
1482525857156 11 -2
1482525866421 4 1
1482525873629 R
1482525886644 7 1
1482525888004 10 -1
1482525889324 4 -1
1482525896132 7 -1
1482525898316 2 -2
1482525904644 4 1
