1480164699295 7 1
1480164700088 10 -1
1480164701447 7 -2
1480164704346 8 -2
1480164705670 2 -2
1480164706552 1 2
1480164708592 12 -1
1480164710068 9 -1
1480164711788 3 1
1480164712838 5 1
1480164713416 11 1
1480164714751 8 -1
1480164716880 7 1
1480164719828 7 -1
1480164723120 1 -1
1480164724372 2 2
1480164725302 7 2
1480164726417 12 -3
1480164727846 1 -1
1480164728719 7 -2
1480164730227 2 -2
1480164730970 1 2
1480164733571 6 -1
1480164734128 3 1
1480164735106 1 1
1480164736229 7 1
1480164737923 4 -1
1480164749725 9 -1
1480164750959 6 -1
1480164752041 1 -3
1480164752839 2 3
1480164753963 1 3
1480164755419 1 -3
1480164758961 5 1
1480164761891 5 -1
1480164763376 1 3
1480164765056 R
1480164773467 3 1
1480164774434 5 1
1480164775041 11 1
1480164778009 10 -1
1480164779362 7 -1
1480164782614 8 -3
1480164784154 2 -2
1480164785009 1 2
1480164786412 12 -1
1480164786995 9 -1
1480164791064 7 1
1480164792039 4 -1
1480164793331 9 -1
1480164794611 6 -2
1480164795218 3 1
1480164797746 1 -1
1480164804162 1 2
1480164805805 6 1
1480164806948 9 1
1480164808085 4 1
1480164809094 7 -1
1480164810197 1 -2
1480164811176 2 2
1480164812369 8 1
1480164813595 11 -1
1480164814595 5 -1
1480164815845 2 -2
1480164816790 1 2
1480164819877 1 -2
1480164820909 2 2
1480164823295 2 -2
1480164824330 1 2
1480164826441 8 2
1480164827384 7 1
1480164828626 10 1
1480164831295 5 1
1480164832779 5 -1
1480164834991 5 1
1480164836100 11 1
1480164837347 10 -1
1480164837817 7 -1
1480164841868 8 -3
1480164844632 1 -2
1480164845441 2 2
1480164847299 8 1
1480164850138 8 -1
1480164851106 2 -2
1480164852463 7 1
1480164852938 2 2
1480164854132 4 -1
1480164854713 9 -1
1480164855890 6 -1
1480164857472 2 1
1480164860492 5 1
1480164862024 5 -1
1480164864672 5 1
1480164866472 5 -1
1480164867537 2 -3
1480164868485 6 1
1480164869409 9 1
1480164870546 4 1
1480164871153 7 -1
1480164872548 1 2
1480164874258 1 -2
1480164875299 3 -1
1480164876286 6 1
1480164877100 9 1
1480164878094 12 1
1480164879272 1 -1
1480164880024 2 2
1480164881583 8 3
1480164883033 11 -1
1480164884317 5 -1
1480164885054 7 3
1480164887117 4 -1
1480164892886 4 1
1480164900821 0 1
1480164904397 11 -2
1480164906060 10 1
1480164906653 11 -1
1480164907951 0 -1
1480164909139 7 -2
1480164910003 2 -3
1480164911315 7 2
1480164914687 7 -2
1480164919195 3 -1
1480164920046 2 3
1480164920917 7 1
1480164922912 7 -1
1480164924585 2 -3
1480164925716 3 1
1480164926858 7 2
1480164929860 0 1
1480164930549 11 2
1480164932218 10 -1
1480164933239 4 -1
1480164937746 4 1
1480164939006 11 -1
1480164942986 10 1
1480164943560 11 -1
1480164945062 0 -1
1480164946718 7 -2
1480164947948 2 3
1480164949788 5 1
1480164950548 7 1
1480164954996 5 -1
1480164956077 3 -1
1480164957240 7 -1
1480164958783 3 1
1480164959607 5 1
1480164960270 7 1
1480164962924 R
1480164967133 10 -1
1480164968647 7 -1
1480164969799 8 -2
1480164970333 2 -2
1480164971904 1 2
1480164972851 3 1
1480164974183 12 -1
1480164975039 9 -1
1480164975861 6 -1
1480164976451 3 1
1480164977314 1 1
1480164978295 8 2
1480164981042 5 1
1480164981647 11 1
1480164982631 8 -3
1480164984959 7 1
1480164985972 4 -1
1480164986453 9 -1
1480164987819 6 -1
1480164989737 1 -2
1480164990802 2 3
1480164992084 1 2
1480164993121 7 1
1480164994233 12 -3
1480164995531 7 -1
1480164997818 1 -3
1480165001982 5 1
1480165003493 7 1
1480165006176 7 -1
1480165007002 5 -1
1480165008218 3 -1
1480165008809 2 -3
1480165009809 6 2
1480165010856 9 2
1480165012234 4 1
1480165012898 7 -1
1480165014793 8 3
1480165016622 11 -1
1480165017887 5 -1
1480165019451 2 2
1480165020541 7 3
1480165022055 0 1
1480165024997 11 -1
1480165025868 4 -1
1480165027144 9 -2
1480165028428 8 1
1480165031185 8 -1
1480165033292 6 -2
1480165033997 2 1
1480165034780 3 1
1480165038425 2 -1
1480165039225 3 -1
1480165039767 6 2
1480165041265 8 1
1480165042581 1 1
1480165044246 1 -1
1480165045123 1 1
1480165045921 9 1
1480165046900 4 1
1480165048520 1 -1
1480165051179 11 1
1480165052377 0 -1
1480165052857 7 -3
1480165055083 7 3
1480165059965 1 1
1480165061289 12 3
1480165062022 0 1
1480165062665 11 -2
1480165063865 12 -2
1480165067409 1 -1
1480165067946 4 -1
1480165070794 9 -1
1480165072278 1 1
