1481751920923 7 1
1481751927742 3 1
1481751928936 7 1
1481751933555 10 -1
1481751934867 7 -3
1481751937305 8 -2
1481751938445 2 -2
1481751940772 3 -1
1481751941842 1 2
1481751946632 12 -1
1481751947789 9 -1
1481751948678 6 -1
1481751949655 3 2
1481751952998 1 1
1481751954093 5 1
1481751954953 11 1
1481751955516 8 -1
1481751958866 7 1
1481751960655 1 -2
1481751961538 2 2
1481751962302 7 1
1481751963905 12 -3
1481751965086 7 -2
1481751973866 1 -1
1481751974913 2 -2
1481751975928 1 3
1481751979802 7 1
1481751983638 1 -3
1481751984475 2 2
1481751986631 5 1
1481752000630 1 1
1481752002232 R
1481752008551 3 1
1481752009694 7 2
1481752010772 0 1
1481752012317 11 -3
1481752020035 0 -1
1481752021325 7 -2
1481752023012 2 -3
1481752026457 7 2
1481752027756 7 -2
1481752028636 3 -1
1481752029881 3 1
1481752031777 7 2
1481752033395 0 1
1481752035699 11 1
1481752036575 10 -1
1481752038990 4 -1
1481752043191 11 1
1481752044630 11 -1
1481752045668 4 1
1481752046526 10 1
1481752047933 11 -1
1481752048777 0 -1
1481752049932 7 -2
1481752053855 R
1481752064332 3 1
1481752066557 7 2
1481752068146 10 -1
1481752072565 7 -3
1481752073723 8 -2
1481752074441 2 -2
1481752075629 1 2
1481752076862 12 -1
1481752077582 9 -1
1481752082355 1 -1
1481752083307 2 2
1481752084871 5 1
1481752085651 11 1
1481752086340 8 -1
1481752087479 7 2
1481752088754 12 -3
1481752092807 7 -2
1481752094401 1 -1
1481752097713 8 4
1481752099863 11 -1
1481752100700 5 -1
1481752101925 7 3
1481752107057 0 1
1481752109760 11 -1
1481752112385 1 1
1481752115713 R
1481752121546 3 1
1481752122839 7 2
1481752126588 0 1
1481752129471 11 -3
1481752130066 0 -1
1481752131565 7 -2
1481752132511 2 -3
1481752136097 7 2
1481752138246 7 -2
1481752142689 7 2
1481752143604 0 1
1481752144910 11 2
1481752145715 10 -1
1481752148033 4 -1
1481752150964 11 -1
1481752152353 4 1
1481752153291 10 1
1481752154103 11 -1
1481752154739 0 -1
1481752156690 7 -2
1481752157660 2 3
1481752158660 5 1
1481752159909 7 1
1481752161698 R
1481752165767 10 -1
1481752166902 7 -1
1481752168199 8 -2
1481752169244 2 -2
1481752170549 1 2
1481752171893 12 -1
1481752173276 9 -1
1481752175346 1 -1
1481752176247 2 2
1481752178136 3 1
1481752179337 5 1
1481752180103 11 1
1481752180667 8 -1
1481752182393 7 2
1481752183080 12 -3
1481752185985 7 -2
1481752187651 1 -1
1481752188753 8 4
1481752194619 11 -1
1481752195401 5 -1
1481752197431 7 3
1481752200284 1 1
1481752201235 4 -1
1481752202330 9 -1
1481752205220 7 -2
1481752207026 2 -2
1481752208423 1 1
1481752211353 9 1
1481752211901 4 1
1481752214744 7 -1
1481752219305 1 -2
1481752221393 8 -3
1481752222821 6 -1
1481752223339 3 1
1481752229002 8 2
1481752229899 2 2
1481752231047 7 3
1481752248695 R
1481752265773 3 1
1481752268593 10 -1
1481752270335 7 -1
1481752272252 5 1
1481752272929 11 1
1481752273744 8 -3
1481752277679 7 2
1481752281359 1 1
1481752282057 12 -4
1481752285994 4 -1
1481752287508 4 1
1481752292741 7 -2
1481752293696 2 -2
1481752296899 1 1
1481752299547 R
1481752305446 3 1
1481752306977 7 2
1481752307937 0 1
1481752309077 11 -3
1481752309843 0 -1
1481752310781 7 -2
1481752312127 2 -3
1481752313876 7 2
1481752315531 0 1
1481752316639 11 2
1481752317540 10 -1
1481752322499 10 1
1481752323422 11 -2
1481752324062 0 -1
1481752328038 7 -2
1481752333054 7 2
1481752334084 0 1
1481752335194 11 2
1481752335890 10 -1
1481752337256 4 -1
