1482134443465 2 -2
1482134455819 U
1482134459283 2 -2
1482134465771 3 1
1482134466906 2 2
1482134468491 7 2
1482134470108 0 1
1482134473002 11 -3
1482134483929 11 3
1482134488323 10 -1
1482134490652 4 -1
1482134497341 R
1482134501442 2 -2
1482134514079 10 -1
1482134515187 7 -1
1482134517008 8 -2
1482134522233 1 2
1482134531666 1 -2
1482134535310 8 2
1482134536538 2 2
1482134537913 7 2
1482134539051 3 1
1482134540145 7 1
1482134551626 4 -1
1482134560031 7 -2
1482134561518 2 -2
1482134562593 3 -1
1482134568657 4 1
1482134570497 7 -1
1482134571866 8 -2
1482134577167 1 2
1482134578774 12 -1
1482134579750 9 -1
1482134581715 6 -1
1482134588434 6 1
1482134589695 9 1
1482134593137 3 1
1482134596943 9 -1
1482134598421 9 1
1482134604320 R
1482134611864 7 1
1482134612799 3 1
1482134613857 7 1
1482134618353 10 -1
1482134620161 4 -1
1482134625466 0 1
1482134630489 4 1
1482134632522 0 -1
1482134637650 7 -3
1482134638881 8 -2
1482134639962 2 -2
1482134641227 1 2
1482134642816 1 -2
1482134643890 3 -1
1482134651178 1 2
1482134652464 12 -1
1482134655166 9 -1
1482134656066 6 -1
1482134657539 3 2
1482134658947 1 1
1482134661360 8 2
1482134662544 7 1
1482134664736 7 -1
1482134674725 8 -2
1482134679890 5 1
1482134680917 11 1
1482134682373 8 -1
1482134686148 7 1
1482134689688 4 -1
1482134690871 9 -1
1482134694880 6 -1
1482134703807 6 1
1482134706968 9 1
1482134708248 4 1
1482134712040 7 -1
1482134713840 8 3
1482134715445 7 1
1482134717190 4 -1
1482134718205 9 -1
1482134720632 6 -1
1482134726616 11 -1
1482134727552 5 -1
