1481750122532 10 -1
1481750124475 7 -1
1481750126874 3 1
1481750128394 7 3
1481750130395 4 -1
1481750134019 7 -2
1481750137362 2 -2
1481750139522 2 2
1481750140490 7 2
1481750141418 0 1
1481750142450 11 -2
1481750145028 4 1
1481750145935 10 1
1481750146938 11 -1
1481750149644 0 -1
1481750150667 7 -2
1481750151858 5 1
1481750153257 7 1
1481750155410 7 -1
1481750156654 2 -3
1481750159828 7 1
1481750162894 7 -1
1481750164526 5 -1
1481750165646 7 2
1481750166734 0 1
1481750167869 11 2
1481750169902 10 -1
1481750171302 4 -1
1481750173085 4 1
1481750176237 11 -1
1481750180557 11 1
1481750182693 10 1
1481750183514 11 -2
1481750184349 0 -1
1481750185181 7 -2
1481750186391 3 -1
1481750190172 7 1
1481750193901 7 -1
1481750195188 2 3
1481750196556 7 1
1481750197372 7 -1
1481750198269 3 1
1481750199260 7 2
1481750200788 0 1
1481750201804 11 3
1481750203372 10 -1
1481750204328 0 -1
1481750205373 7 -3
1481750206556 8 -2
1481750208107 2 -2
1481750208931 3 -1
1481750211258 3 1
1481750211932 3 -1
1481750213379 1 2
1481750215539 3 1
1481750217555 5 1
1481750218536 11 1
1481750219532 8 -1
1481750221055 7 1
1481750223447 12 -1
1481750224430 9 -1
1481750225349 6 -1
1481750226350 3 1
1481750227367 1 1
1481750229563 4 -1
1481750230460 9 -1
1481750233718 1 -2
1481750234756 3 -1
1481750235615 6 1
1481750236510 1 1
1481750239966 1 -1
1481750241062 2 2
1481750241938 7 1
1481750242927 12 -3
1481750244278 7 -1
1481750245151 2 -2
1481750246158 1 1
1481750247487 1 -2
1481750255326 9 2
1481750256237 4 1
1481750257781 7 -1
1481750261782 7 1
1481750262620 4 -1
1481750267924 2 2
1481750269196 7 1
1481750270838 4 1
1481750276516 1 1
1481750278101 12 4
1481750279860 7 -2
1481750281265 1 -1
1481750286152 2 -2
1481750288633 1 2
1481750291584 12 -1
1481750292336 9 -1
1481750293091 6 -1
1481750294056 3 1
1481750295461 1 1
1481750297304 8 3
1481750300059 7 1
1481750301263 4 -1
1481750303136 9 -1
1481750306743 6 -1
1481750311784 R
1481750315439 3 1
1481750316391 7 2
1481750324374 0 1
1481750325511 11 -3
1481750326542 0 -1
1481750328006 7 -2
1481750332894 2 -3
1481750334278 7 2
1481750337470 7 -2
1481750339550 3 -1
1481750341375 3 1
1481750343104 2 3
1481750344144 7 2
1481750345024 0 1
1481750346423 11 3
1481750349951 0 -1
1481750351455 10 -1
1481750358695 0 1
1481750359982 11 -2
1481750361272 10 1
1481750362029 11 -1
1481750363015 0 -1
1481750366975 7 -2
