1482347130717 3 1
1482347131619 7 2
1482347133936 0 1
1482347134971 11 -3
1482347137204 0 -1
1482347141654 7 -2
1482347145299 2 -3
1482347169665 R
1482347189999 10 -1
1482347190852 7 -1
1482347192078 8 -2
1482347194002 1 1
1482347195041 12 -1
1482347195914 9 -1
1482347203703 3 1
1482347204522 5 1
1482347205229 11 1
1482347206000 8 -1
1482347207084 7 2
1482347212986 12 -3
1482347216574 7 -2
1482347217334 1 -1
1482347218874 8 4
1482347232122 8 -1
1482347232979 6 -1
1482347233660 3 1
1482347238858 U
1482347239336 U
1482347240649 11 -1
1482347241586 5 -1
1482347242652 7 3
1482347259811 4 -1
1482347260566 9 -1
1482347261507 6 -2
1482347262708 2 1
1482347263678 3 1
1482347267357 0 1
1482347276734 R
1482347325274 3 1
1482347326016 7 2
1482347326931 0 1
1482347327831 11 -3
1482347329074 0 -1
1482347336064 7 -2
1482347338475 2 -3
1482347346826 7 2
1482347353932 0 1
1482347354973 11 2
1482347355694 10 -1
1482347356562 4 -1
1482347359206 U
1482347359570 U
1482347360626 U
1482347367309 R
1482347387342 10 -1
1482347388243 7 -1
1482347389725 8 -2
1482347390444 2 -2
1482347393873 1 2
1482347396872 12 -1
1482347401351 9 -1
1482347402729 6 -1
1482347403620 3 2
1482347405081 1 1
1482347407030 8 2
