1482746682304 10 -1
1482746683133 7 -1
1482746685552 8 -2
1482746686695 2 -2
1482746688483 1 2
1482746690001 12 -1
1482746691531 9 -1
1482746692387 6 -1
1482746693727 3 2
1482746695907 1 1
1482746696816 8 2
1482746698434 7 1
1482746700391 7 -1
1482746701882 5 1
1482746702614 11 1
1482746703590 8 -3
1482746707319 1 -1
1482746707772 1 -1
1482746708627 3 -1
1482746709642 1 1
1482746713611 6 1
1482746715915 9 1
1482746716713 12 1
1482746717987 1 -2
1482746719259 2 2
1482746720703 7 2
1482746723290 10 1
1482746724866 7 -1
1482746726857 2 -2
1482746729155 1 2
1482746730110 12 -1
1482746735101 10 -1
1482746736329 7 -1
1482746737873 1 -1
1482746738791 2 2
1482746741019 8 1
1482746741889 11 -1
1482746742823 5 -1
1482746743921 2 -2
1482746744764 3 -1
1482746746898 1 1
1482746748391 12 1
1482746749456 1 -2
1482746752357 1 2
1482746753456 12 -1
1482746757280 1 -1
1482746760090 3 1
1482746760881 2 2
1482746764185 5 1
1482746765204 11 1
1482746766063 8 -1
1482746766909 7 2
1482746768843 12 -3
1482746770282 4 -1
1482746771552 9 -2
1482746778282 9 1
1482746779700 1 -1
1482746781404 6 -1
1482746782224 3 1
1482746783437 5 1
1482746785469 7 -1
1482746786203 2 -2
1482746787337 1 2
1482746788066 9 -1
1482746791375 5 -1
1482746792347 1 1
1482746801679 1 -2
1482746802738 2 2
1482746803846 5 1
1482746805064 5 -1
1482746806397 7 1
1482746807294 1 -1
1482746808694 3 -1
1482746809591 6 1
1482746810530 1 1
1482746813324 6 -2
1482746814395 3 1
1482746817037 2 1
1482746822177 R
1482746825113 10 -1
1482746828209 3 1
1482746829835 7 2
1482746830731 0 1
1482746832298 11 -2
1482746835658 10 1
1482746836676 11 -1
1482746842014 0 -1
1482746843002 7 -2
1482746844325 5 1
1482746848739 5 -1
1482746849577 7 2
1482746851767 7 -2
1482746852545 2 -3
1482746854241 7 2
1482746855907 7 -2
1482746856871 3 -1
1482746859739 3 1
1482746860893 7 2
1482746863578 0 1
1482746864529 11 2
1482746865468 10 -1
1482746866467 4 -1
1482746870528 4 1
1482746872908 11 -1
1482746874848 11 1
1482746875803 10 1
1482746877176 11 -2
1482746878140 0 -1
1482746879406 7 -2
1482746882468 2 3
1482746883731 7 2
1482746886529 0 1
1482746887733 11 3
1482746889154 10 -1
1482746890521 4 -1
1482746891827 R
1482746893771 3 1
1482746896717 5 1
1482746897465 11 1
1482746898409 10 -1
1482746899387 7 1
1482746901186 7 -2
1482746902275 8 -3
1482746905467 2 -2
1482746906361 1 2
1482746908614 12 -1
1482746909838 9 -1
1482746913600 8 1
1482746914570 11 -1
1482746915336 5 -1
1482746916728 3 -1
1482746920100 9 1
1482746921993 12 1
1482746923130 1 -2
1482746924715 3 1
1482746926845 3 -1
1482746927503 2 2
1482746928487 8 2
1482746929243 3 1
1482746930303 7 3
1482746934705 0 1
1482746935745 11 -2
1482746937714 10 1
1482746938345 11 -1
1482746943122 0 -1
1482746945206 7 -2
1482746946285 5 1
1482746948024 2 -3
1482746950870 5 -1
1482746951786 7 2
1482746954264 0 1
1482746955184 11 2
1482746955870 10 -1
1482746957019 4 -1
1482746959934 4 1
1482746961486 10 1
1482746962517 11 -2
1482746963514 0 -1
1482746965219 7 -2
1482746966296 3 -1
1482746972762 2 2
1482746977191 2 -1
1482746978485 2 2
1482746979425 7 1
1482746981345 3 1
1482746982405 7 1
1482746985111 R
1482746993313 10 -1
1482746994782 7 -1
1482746995986 3 1
1482746997339 5 1
1482746998492 11 1
1482746999622 7 2
1482747000449 10 1
1482747002044 11 -1
1482747002812 5 -1
1482747003518 7 1
1482747005987 0 1
1482747008098 10 -1
1482747009383 11 -2
1482747010737 4 -1
1482747014583 4 1
1482747016190 10 1
1482747017525 11 -1
1482747019377 0 -1
1482747020227 7 -2
1482747021131 5 1
1482747022439 2 -3
1482747024243 5 -1
1482747026237 7 2
1482747030249 0 1
1482747031783 11 2
1482747032647 10 -1
1482747036275 10 1
1482747037260 11 -2
1482747037976 0 -1
1482747038874 7 -2
1482747039644 3 -1
1482747040464 7 1
1482747042028 7 -1
1482747044606 3 1
1482747047190 7 2
1482747049898 0 1
1482747050790 11 2
1482747053074 10 -1
1482747055461 4 -1
1482747057600 R
1482747067314 R
1482747074550 3 1
1482747075757 2 -2
1482747076628 5 1
1482747077788 11 1
1482747079795 10 -1
1482747081087 7 -1
1482747082232 8 -3
1482747084273 2 2
1482747085472 7 2
1482747088516 4 -1
1482747090176 4 1
1482747090907 7 -2
1482747094622 1 1
1482747095830 8 1
1482747096614 11 -1
1482747097369 5 -1
1482747098542 2 -2
1482747101550 12 -1
1482747102372 1 1
1482747103168 9 -1
1482747104688 3 -1
1482747105810 6 -1
1482747109041 3 2
1482747110489 1 1
1482747111843 1 -2
1482747112477 2 2
1482747113577 5 2
1482747114795 5 -2
1482747118023 2 -2
1482747119417 1 2
1482747121353 1 -2
1482747122337 3 -2
1482747123833 1 1
1482747125055 6 1
1482747127069 3 1
1482747128337 3 -1
1482747130417 3 1
1482747131153 1 -1
1482747132068 2 2
1482747134865 2 -2
1482747136222 6 -1
1482747137185 3 1
1482747138088 1 2
1482747139489 8 2
1482747140746 8 -2
1482747144279 8 2
1482747145445 5 1
1482747146636 11 1
1482747148686 8 -3
1482747150192 1 -2
1482747151166 2 2
1482747151950 5 1
1482747153864 7 2
1482747154987 10 1
1482747155780 12 -3
1482747157776 1 -1
1482747164882 R
1482747167827 3 1
1482747169966 10 -1
1482747170833 7 -1
1482747171627 5 1
1482747173033 11 1
1482747180689 11 -1
1482747181413 5 -1
1482747182373 7 3
1482747183889 0 1
1482747186683 11 -2
1482747188695 10 1
1482747191167 11 -1
1482747195149 0 -1
1482747196294 7 -2
1482747197204 2 -3
1482747199918 7 2
1482747203049 0 1
1482747204082 11 2
1482747205154 10 -1
1482747223716 10 1
1482747224584 11 -2
1482747226195 0 -1
1482747232191 7 -2
1482747234097 7 2
1482747235393 0 1
1482747236835 11 2
1482747237727 11 -2
1482747238487 0 -1
1482747239475 7 -2
1482747240299 2 3
1482747241724 7 2
1482747242769 0 1
1482747243499 11 3
1482747247343 0 -1
1482747248450 7 -2
1482747252179 2 -2
1482747254514 3 -1
1482747258322 10 -1
1482747259177 7 -1
1482747260297 8 -2
1482747261289 1 2
1482747262619 3 1
1482747263607 5 1
1482747265347 12 -1
1482747273090 1 -1
1482747274310 2 2
1482747275443 11 1
1482747276172 8 -1
1482747278928 2 -2
1482747282250 9 -1
1482747283278 2 2
1482747285195 8 1
1482747285913 11 -1
1482747286722 5 -1
1482747287720 2 -2
1482747288671 3 -1
1482747291014 3 1
1482747294052 3 -1
1482747294837 1 1
1482747297246 9 1
1482747297831 12 1
1482747298910 1 -2
1482747300813 8 2
1482747301709 2 2
1482747302595 3 1
1482747303587 7 3
1482747304389 0 1
1482747306519 11 -2
1482747309293 11 2
1482747312351 10 1
1482747313743 11 -3
1482747314821 0 -1
1482747317215 7 -2
1482747318039 5 1
1482747318575 2 -3
1482747319813 5 -1
1482747320876 7 2
1482747329802 7 -2
1482747331390 3 -1
1482747332311 3 1
1482747333050 7 2
1482747335050 0 1
1482747336058 11 2
1482747336938 10 -1
1482747337840 11 -1
1482747339534 11 1
1482747342830 4 -1
1482747343998 4 1
1482747357641 11 -1
1482747358917 11 1
1482747359902 10 1
1482747360884 11 -2
1482747361547 0 -1
1482747363473 7 -2
1482747364443 7 2
1482747365545 7 -2
1482747366385 3 -1
1482747367757 2 2
1482747373076 2 1
1482747376084 3 1
1482747377499 7 2
1482747380450 0 1
1482747381577 11 3
1482747382239 11 -1
1482747383819 11 1
1482747385165 10 -1
1482747385899 0 -1
1482747387051 7 -3
1482747388967 8 -2
1482747389897 2 -2
1482747391477 3 -1
1482747392417 1 2
1482747395761 12 -1
1482747396724 9 -1
1482747398439 1 -1
1482747399581 3 1
1482747400298 2 2
1482747401985 5 1
1482747402814 11 1
1482747403692 8 -1
1482747406018 2 -2
1482747407026 1 1
1482747408602 1 -1
1482747410052 1 1
1482747411098 7 1
1482747412032 10 1
1482747413802 1 -1
1482747414507 2 2
