1481908279624 8 -1
1481908281227 0 -1
1481908282074 4 1
1481908284559 0 1
1481908286568 8 1
1481908287275 2 -1
1481908288026 1 -1
1481908289965 0 2
1481908291390 4 -3
1481908321851 3 -1
1481908325920 3 1
1481908327362 4 3
1481908329157 0 -2
1481908329764 10 -1
1481908330742 7 -1
1481908331768 4 -1
1481908332859 3 -1
1481908334170 7 1
1481908334956 10 1
1481908336303 0 2
1481908337278 4 -2
1481908341396 4 2
1481908341958 0 -2
1481908343897 9 2
1481908344762 0 1
1481908346365 9 -2
1481908347100 0 -1
1481908348383 10 -1
1481908348943 7 -1
1481908350048 6 3
1481908351826 9 2
1481908353108 9 -2
1481908358098 9 2
1481908359092 6 -3
1481908359636 6 3
1481908360970 6 -3
1481908361592 7 1
1481908362842 9 -2
1481908364010 10 1
1481908365581 0 2
1481908368368 4 -2
1481908369378 3 1
1481908371476 5 1
1481908372134 11 1
1481908372826 8 3
1481908377724 8 -3
1481908378462 11 -1
1481908379314 5 -1
1481908380032 4 3
1481908381026 0 -2
1481908382002 10 -1
1481908382788 4 -1
1481908383748 3 -1
1481908384438 7 -1
1481908386392 6 3
1481908387307 9 2
1481908502791 U
1481908562290 R
1481908593993 2 -1
1481908594602 1 -1
1481908595274 10 -1
1481908599674 4 1
1481908600265 10 1
1481908601020 0 2
1481908603310 4 -3
1481908605360 4 1
1481908606963 4 -1
1481908609558 11 1
1481908611882 8 2
1481908614622 R
