1479513741116 4 1
1479513744078 11 1
1479513744783 8 2
1479513746602 0 -1
1479513751537 0 1
1479513752327 8 -3
1479513753176 11 -1
1479513754106 4 -1
1479513756153 5 1
1479513759022 5 -1
1479513759767 4 1
1479513761626 9 2
1479513762549 6 1
1479513764431 2 2
1479513766162 0 -1
1479513767892 4 -4
1479513775678 9 -1
1479513781718 3 -1
1479513783734 4 3
1479513784998 2 -2
1479513785940 9 -1
1479513786737 6 -1
1479513791487 0 1
1479513792088 8 1
1479513792705 2 -1
1479513793567 1 -1
1479513794404 0 2
1479513795228 4 -2
1479513802476 6 1
1479513803218 6 -1
1479513808877 4 1
1479513809937 4 1
1479513833656 4 -2
1479513836319 11 1
1479513837205 8 2
1479513842609 3 1
1479513843535 5 1
1479513844151 8 1
1479513844908 11 -1
1479513848168 4 2
1479513854181 4 -2
1479513855483 11 1
1479513856545 8 -3
1479513857546 11 -1
1479513858567 4 2
1479513861347 4 -2
1479513862066 11 1
1479513862834 8 3
1479513863736 11 -1
1479513865815 4 2
1479513868312 0 -3
1479513869286 9 2
1479513870699 1 1
1479513871529 2 2
1479513873071 0 1
1479513874446 2 -2
1479513875140 1 -1
1479513876452 6 1
1479513877125 9 -2
1479513878620 10 -1
1479513879482 7 -1
1479513880167 6 1
1479513882688 9 2
1479513884663 0 -1
1479513885826 4 -2
1479513886737 11 1
1479513890795 8 -1
1479513891846 5 -1
1479513892852 7 -2
1479513893964 3 -1
1479513894652 6 1
1479513895482 9 1
1479513895990 10 1
1479513900026 1 1
1479513900844 2 3
1479513901773 4 -1
1479513902564 0 1
1479513903727 8 -3
1479513904524 7 -1
1479513905148 11 -1
1479513911352 9 -2
1479513913739 9 2
1479513914379 6 -2
1479513915121 3 1
1479513917968 3 -1
1479513919273 6 2
1479513929962 0 -1
1479513930556 4 3
1479513932002 2 -2
1479513934712 2 2
1479513935872 2 -2
1479513937051 9 -3
1479513938737 9 3
1479513940923 0 1
1479513941554 8 1
1479513942178 2 -1
1479513942984 1 -1
1479513943665 0 5
