1482923159268 8 -1
1482923163052 8 1
1482923163905 2 -1
1482923164673 1 -1
1482923166300 0 2
1482923167626 4 -2
1482923169097 3 -1
1482923180354 3 1
1482923182101 3 -1
1482923182913 3 1
1482923184857 4 3
1482923185700 0 -2
1482923187097 9 2
1482923188801 1 1
1482923189376 2 2
1482923190299 8 -1
1482923192033 0 -1
1482923193689 2 -1
1482923248792 6 1
1482923249456 2 2
1482923252699 2 -2
1482923254776 9 -2
1482923255624 6 -1
1482923640071 4 -1
1482923641518 4 1
1482923643165 0 1
1482923646454 0 -1
1482923650349 4 -1
1482923651990 3 -1
1482923653022 0 1
1482923653853 8 1
1482923654630 2 -1
1482923655430 1 -1
1482923658638 10 -1
1482923659598 7 -1
1482923660566 6 3
1482923666677 9 1
1482923667454 9 1
1482923670264 9 -2
1482923671453 6 -3
1482923672281 7 1
1482923672927 3 1
1482923673957 4 1
1482923674958 10 1
1482923675981 0 2
1482923677445 4 -2
1482923678566 3 -1
1482923680693 4 -1
1482923681613 11 1
1482923684613 6 1
1482923686582 6 -1
1482923690493 8 2
1482923693086 3 1
1482923693648 5 1
1482923694390 8 1
1482923695326 11 -1
1482923696221 4 2
1482923699085 0 -3
1482923701782 4 -2
1482923702447 10 -1
1482923703197 7 -3
1482923704461 10 1
1482923705325 4 1
1482923707397 4 -1
1482923708281 4 1
1482923709037 9 3
1482923709765 6 2
1482923712325 1 1
1482923712949 2 3
1482923715637 2 -3
1482923716541 1 -1
1482923717654 4 -1
1482923718496 10 -1
1482923719109 9 -3
1482923720046 6 -2
1482923721061 10 1
1482923724365 10 -1
1482923724989 7 3
1482923726190 10 1
1482923726837 4 2
1482923727637 0 3
1482923728757 4 -2
1482923736044 4 2
1482923745063 4 -2
1482923745542 4 2
1482923746037 0 -3
1482923746798 4 -2
1482923747281 10 -1
1482923748085 7 -3
1482923749508 10 1
1482923752326 9 3
1482923752902 1 1
1482923753782 2 1
1482923753837 2 1
1482923755597 6 1
1482923756133 2 1
1482923756982 4 -1
1482923757749 0 1
1482923764141 6 1
1482923766741 0 -1
1482923767828 4 2
1482923768663 2 -3
1482923769733 1 -1
1482923773478 4 -1
1482923775064 9 -3
1482923775853 6 -2
1482923780157 1 1
1482923780664 9 1
1482923781484 2 2
1482923782463 6 2
1482923782989 2 1
1482923783653 4 -1
1482923784508 0 1
1482923787780 11 1
1482923789069 8 -4
1482923789733 11 -1
1482923790236 7 -1
1482923790820 5 -1
1482923792668 3 -1
1482923793974 9 2
1482923795572 3 1
1482923798293 7 1
1482923798828 11 1
1482923799932 7 -1
1482923801004 11 -1
1482923804924 0 -1
1482923805462 4 4
1482923807140 0 1
1482923807788 2 -2
1482923810079 8 1
1482923810516 2 -1
1482923811266 1 -1
1482923812836 0 2
1482923815820 4 -2
1482923816468 3 -1
1482923817141 6 1
1482923817646 0 3
