1482143982027 2 -1
1482143983642 1 -1
1482143988003 0 2
1482143989434 4 -2
1482143995754 3 -1
1482143997433 11 1
1482144000538 8 2
1482144006963 3 1
1482144008433 5 1
1482144009646 8 -1
1482144010219 8 -1
1482144011699 11 -1
1482144016344 5 -1
1482144018203 4 3
1482144027473 0 -2
1482144031408 10 -1
1482144033954 7 -1
1482144035307 4 -1
1482144037057 3 -1
1482144039135 6 3
1482144041685 9 2
1482144047729 9 -2
1482144056131 6 -1
1482144059586 3 1
1482144061959 4 1
1482144063823 11 1
1482144065186 8 2
1482144068970 9 1
1482144070560 U
1482144070589 U
1482144070617 U
1482144073651 R
1482144073683 R
1482144077476 2 -1
1482144082918 1 -1
1482144086650 0 1
1482144090706 0 1
1482144097282 4 -2
1482144101932 11 1
1482144108754 3 -1
1482144112875 11 -1
1482144116619 3 1
1482144120393 11 1
1482144122356 8 1
1482144131202 6 1
1482144138441 3 -1
1482144140290 R
1482144140373 R
1482144140468 R
1482144145442 9 2
1482144147115 2 1
1482144150139 8 -1
1482144153642 0 -1
1482144155994 0 1
1482144160362 3 -1
1482144167691 6 1
1482144169331 2 1
1482144171066 9 -1
1482144177202 0 -1
1482144178772 4 -3
1482144183319 0 1
1482144191755 11 1
1482144196644 11 -1
1482144197882 0 -1
1482144201013 4 1
1482144205272 2 -1
1482144207384 2 -1
1482144213994 9 -1
1482144218475 4 2
1482144226065 0 1
1482144234086 R
1482144235035 R
1482144235175 R
1482144235199 R
1482144235766 R
1482144235798 R
1482144235819 R
1482144238858 5 1
1482144244242 2 -1
1482144246681 1 -1
1482144249107 0 2
1482144253745 4 -2
1482144257554 5 -1
1482144261427 3 -1
1482144262687 3 1
1482144277778 4 2
1482144281738 0 -2
1482144287723 3 -1
1482144289749 0 1
1482144292986 0 1
1482144295582 4 -2
