1481908337923 8 -1
1481908339530 9 2
1481908340554 8 1
1481908341106 2 -1
1481908341762 1 -1
1481908346581 9 -2
1481908347421 0 2
1481908348310 4 -2
1481908349596 11 1
1481908350093 8 1
1481908356436 3 -1
1481908357556 8 -1
1481908358389 11 -1
1481908359453 4 2
1481908360268 0 -2
1481908361060 10 -1
1481908362101 7 -1
1481908362940 6 3
1481908366068 9 2
1481908367710 9 -2
1481908371108 9 2
1481908373821 9 -2
1481908375347 6 -3
1481908376028 7 1
1481908376733 10 1
1481908377395 0 2
1481908378020 6 1
1481908381261 0 -2
1481908382077 10 -1
1481908382766 7 -1
1481908384740 6 1
1481908385533 9 2
1481908387333 9 -2
1481908388061 6 -2
1481908388811 7 1
1481908389691 3 1
1481908390453 10 1
1481908391116 4 1
1481908392333 11 1
1481908393124 8 2
1481908394539 0 -1
1481908396077 1 1
1481908396812 2 1
1481908397477 9 2
1481908397996 2 1
1481908398797 6 1
1481908399428 2 1
1481908401197 0 1
1481908401965 8 -3
1481908402701 11 -1
1481908403229 0 -1
1481908404177 4 -4
1481908405128 0 1
1481908408232 11 1
1481908409157 8 3
1481908410142 0 -1
1481908410911 4 1
1481908412288 4 -1
1481908414880 5 1
1481908416096 8 1
1481908416919 11 -1
1481908417991 4 3
1481908418976 0 1
1481908420679 0 -1
1481908421719 4 -2
1481908422761 4 -1
1481908426358 9 -1
1481908429135 4 2
1481908429839 2 -3
1481908430615 1 -1
1481908431255 10 -1
1481908432070 7 -3
1481908432720 10 1
1481908433272 1 1
1481908433951 2 3
1481908434864 4 -2
1481908435824 0 1
1481908436727 11 1
1481908437560 8 -4
1481908438342 7 -1
1481908438992 5 -1
1481908439815 11 -1
1481908440526 0 -1
1481908442359 3 -1
1481908443151 6 2
1481908443879 9 2
1481908445391 4 3
1481908446871 2 -2
1481908447727 0 1
1481908448319 8 1
1481908448887 2 -1
1481908449495 1 -1
1481908450143 0 4
