1479873388251 4 1
1479873390850 8 -1
1479873395164 4 -1
1479873396196 3 -1
1479873397472 6 1
1479873397999 9 2
1479873398661 2 2
1479873400029 8 1
1479873404455 2 -3
1479873405017 9 -2
1479873405502 6 -1
1479873405851 1 -1
1479873406793 0 2
1479873407846 4 -2
1479873409643 3 1
1479873410719 11 1
1479873411256 8 2
1479873412759 8 -2
1479873413415 5 1
1479873413996 8 3
1479873414939 11 -1
1479873415476 4 2
1479873416167 0 -3
1479873417003 10 -1
1479873417961 7 -1
1479873418363 6 2
1479873455166 6 -2
1479873456475 7 1
1479873457084 10 1
1479873457600 0 3
1479873459709 4 -2
1479873460970 11 1
1479873461429 8 -3
1479873461923 5 -1
1479873462432 11 -1
1479873463681 4 3
1479873464543 4 -3
1479873465483 3 -1
1479873467392 11 1
1479873467779 8 2
1479873469296 8 -2
1479873470114 11 -1
1479873470620 4 2
1479873471290 0 -2
1479873472187 10 -1
1479873472737 7 -1
1479873473154 6 3
1479873473760 9 2
1479873482613 6 -3
1479873483103 9 -2
1479873483924 7 1
1479873484305 3 1
1479873484762 4 1
1479873485190 10 1
1479873485726 0 2
1479873486398 4 -3
1479873487429 3 -1
1479873488421 11 1
1479873489094 8 2
1479873494924 3 1
1479873497025 5 1
1479873497395 8 1
1479873497817 11 -1
1479873498778 4 2
1479873511333 6 1
1479873511819 6 -1
1479873514399 6 1
1479873515446 6 -1
1479873516859 4 -2
1479873519315 11 1
1479873519746 8 -2
1479873520216 5 -1
1479873520863 3 -1
1479873541323 8 -1
1479873541779 11 -1
1479873542463 4 2
1479873543225 0 -2
1479873544113 6 1
1479873545255 10 -1
1479873545757 7 -1
1479873546173 6 2
1479873546763 9 2
1479873570989 9 -2
1479873572447 6 -3
1479873573262 7 1
1479873573752 10 1
1479873574714 0 2
1479873575987 4 -2
1479873577849 11 1
1479873578260 8 2
1479873579122 8 -2
1479873579948 11 -1
1479873580500 4 2
1479873582304 4 -2
1479873583949 11 1
1479873584741 3 1
1479873586257 8 2
1479873594855 3 -1
1479873596384 6 1
1479873596887 6 -1
1479873597963 8 -2
1479873598589 11 -1
1479873599103 4 2
1479873599946 0 -2
1479873601085 10 -1
1479873601572 7 -1
1479873601976 6 3
1479873604627 R
1479873606984 6 1
1479873607542 9 2
1479873608170 3 -1
1479873609268 2 2
1479873610537 8 -1
1479873612115 0 -1
1479873612519 4 -2
1479873613747 4 -1
1479873614903 3 1
1479873615498 5 1
1479873616170 11 1
1479873616532 0 1
1479873617012 8 4
1479873617830 11 -1
1479873618604 0 -1
1479873619367 4 3
1479873619875 2 -2
1479873620850 9 -2
1479873621286 6 -1
1479873622829 6 1
1479873623258 6 -1
1479873624582 4 -2
1479873625790 11 1
1479873626678 8 -1
1479873627133 5 -1
1479873627582 3 -1
1479873628123 3 1
1479873628872 3 -1
1479873629660 6 1
1479873630068 9 2
1479873630485 2 2
1479873630995 4 -1
1479873632561 0 1
1479873633003 8 -3
1479873633658 11 -1
1479873636190 3 1
1479873637030 5 1
1479873637601 11 1
1479873638274 8 4
1479873638844 0 -1
1479873639202 11 -1
1479873640106 4 3
1479873640496 2 -3
1479873640970 1 -1
1479873641380 9 -2
1479873641732 6 -1
1479873642225 0 3
1479873643696 4 -2
1479873644611 11 1
1479873645144 8 -3
1479873645561 5 -1
1479873645913 11 -1
1479873647055 4 3
1479873648204 4 -3
1479873648729 3 -1
1479873650254 11 1
1479873651779 11 -1
1479873655858 4 2
1479873657131 4 -2
1479873657600 11 1
1479873658441 8 2
1479873660044 8 -2
1479873660639 3 1
1479873661009 5 1
1479873661473 11 -1
1479873661953 4 2
1479873663101 0 -2
1479873663848 10 -1
1479873664757 7 -1
1479873665242 6 2
1479873666184 9 2
1479873668471 9 -2
1479873671773 5 -1
1479873672191 4 1
1479873673520 11 1
1479873673956 8 2
1479873674426 0 -1
1479873680776 9 2
1479873681605 9 -2
1479873682529 0 1
1479873682957 8 -2
1479873683386 11 -1
1479873683931 4 -1
1479873684420 3 -1
1479873685165 6 1
1479873686372 9 2
1479873689389 9 -2
1479873692920 6 -3
1479873693716 7 1
1479873694221 10 1
1479873695175 0 2
1479873696326 4 -2
1479873698316 11 1
1479873698767 8 2
1479873701721 3 1
1479873702544 5 1
1479873702963 8 1
1479873703354 11 -1
1479873704173 4 2
1479873706522 0 -3
1479873707192 10 -1
1479873708147 4 -1
1479873711597 7 -3
1479873712124 6 2
1479873712908 9 3
1479873713624 10 1
1479873714685 4 -1
1479873717827 1 1
1479873718191 4 1
1479873718921 1 -1
1479873719554 1 1
1479873720485 2 2
1479873721105 2 1
1479873721641 4 -2
1479873723181 0 1
1479873725398 6 -1
1479873725807 9 -2
1479873728587 0 -1
1479873729619 4 2
1479873730131 2 -3
1479873730770 1 -1
1479873731057 9 -1
1479873731384 6 -1
1479873732133 10 -1
1479873733090 7 3
1479873733634 4 1
1479873734165 0 1
1479873735366 10 1
1479873735799 0 2
1479873736866 4 -2
1479873738014 11 1
1479873738938 8 -3
1479873739337 5 -1
1479873740346 3 -1
1479873741215 11 -1
1479873742079 4 2
1479873743602 4 -2
1479873747195 4 2
1479873747649 0 -2
1479873748528 10 -1
1479873750975 10 1
1479873752291 10 -1
1479873755110 3 1
1479873755998 4 1
1479873756638 11 1
1479873757951 7 -1
1479873758401 6 2
1479873759830 6 -2
1479873760235 7 1
1479873760700 10 1
1479873763519 0 2
1479873764428 11 -1
1479873764893 4 -3
1479873766718 3 -1
1479873770201 4 2
1479873770606 0 -2
1479873771120 10 -1
1479873771675 7 -1
1479873772569 6 3
1479873773972 9 2
1479873775222 9 -2
1479873778269 9 2
1479873782400 9 -2
1479873783745 6 -3
1479873784323 7 1
1479873784823 10 1
1479873785308 0 2
1479873786543 4 -2
1479873787156 11 1
1479873787517 8 2
1479873788773 3 1
1479873789198 5 1
1479873789530 8 1
1479873790432 11 -1
1479873791077 4 2
1479873792808 4 -2
1479873793562 11 1
1479873793982 8 -3
1479873794538 5 -1
1479873795067 3 -1
1479873795781 3 1
1479873796665 11 -1
1479873797325 4 3
1479873800400 11 1
1479873800843 8 2
1479873802000 0 -3
1479873802786 10 -1
1479873803256 7 -1
1479873806258 9 2
1479873806700 6 2
1479873808462 R
1479873809756 3 -1
1479873811662 8 -1
1479873814234 6 1
1479873814786 9 2
1479873815772 2 2
1479873817619 8 1
1479873819467 2 -3
1479873820038 9 -2
1479873820389 1 -1
1479873820797 6 -1
1479873821331 0 2
1479873823415 4 -2
1479873827365 11 1
1479873828479 3 1
1479873829302 3 -1
1479873830314 3 1
1479873830711 3 -1
1479873831469 3 1
1479873833072 3 -1
1479873839729 11 -1
1479873840256 4 2
1479873842031 4 -2
1479873846483 4 2
1479873846888 0 -2
1479873847609 10 -1
1479873848187 7 -1
1479873852258 6 3
1479873852684 9 2
1479873856733 9 -2
1479873857128 6 -3
1479873857950 7 1
1479873858407 10 1
1479873858901 0 2
1479873859835 4 -2
1479873860506 11 1
1479873860933 8 2
1479873862745 8 -2
1479873863267 3 1
1479873863635 5 1
1479873863984 8 3
1479873864923 11 -1
1479873867172 4 2
1479873867844 0 -3
1479873868319 10 -1
1479873868809 7 -1
1479873869970 4 -2
1479873870417 7 -2
1479873870952 10 1
1479873871942 6 2
1479873873286 6 -2
1479873875180 9 3
1479873875916 1 1
1479873876453 2 2
1479873878179 6 2
1479873878563 2 1
1479873878981 4 -1
1479873879450 0 1
1479873881997 0 -1
1479873889728 0 1
1479873890428 0 -1
1479873890847 4 2
1479873891444 2 -3
1479873891951 1 -1
1479873892677 6 -2
1479873893831 6 2
1479873896517 1 1
1479873897095 9 -3
1479873897713 1 -1
1479873898566 4 -1
1479873899875 10 -1
1479873900462 10 1
1479873901325 4 1
1479873902369 9 3
1479873902716 1 1
1479873903099 2 3
1479873903739 4 -2
1479873904198 0 1
1479873906005 9 -2
1479873906757 6 -1
1479873908639 11 1
1479873909327 8 -4
1479873909851 7 -1
1479873910219 11 -1
1479873910624 5 -1
1479873912470 0 -1
1479873912871 4 4
1479873914232 2 -2
1479873914845 9 -1
1479873915214 6 -1
1479873916977 4 -3
1479873917425 3 -1
1479873917976 6 1
1479873918537 6 2
1479873919606 9 3
1479873920142 2 2
1479873920703 4 -1
1479873924963 0 1
1479873927148 11 1
1479873927692 7 1
1479873929817 8 3
1479873931148 0 -1
1479873933232 0 1
1479873933704 8 -3
1479873934107 7 -1
1479873934506 11 -1
1479873934881 0 -1
1479873935246 4 3
1479873935762 2 -2
1479873937531 0 1
1479873937987 8 1
1479873938569 2 -1
1479873939055 1 -1
1479873939486 0 5
