1482755066523 2 -1
1482755069043 1 -1
1482755070377 0 2
1482755072355 6 1
1482755073859 3 -1
1482755075627 4 -2
1482755076420 11 1
1482755077275 8 2
1482755080267 6 -1
1482755081490 3 1
1482755082962 5 1
1482755083830 8 1
1482755084714 11 -1
1482755086042 4 2
1482755090330 4 -2
1482755092924 11 1
1482755093754 8 -3
1482755094629 5 -1
1482755095627 3 -1
1482755097338 3 1
1482755098770 3 -1
1482755100162 6 1
1482755102322 6 -1
1482755104101 3 1
1482755105341 5 1
1482755106530 8 3
1482755109387 11 -1
1482755111570 4 2
1482755113034 0 -3
1482755115746 6 1
1482755116842 9 2
1482755117755 1 1
1482755119242 2 3
1482755123138 4 -3
1482755125218 11 1
1482755126931 8 -1
1482755128456 0 1
1482755130650 8 -3
1482755132514 11 -1
1482755133322 0 -1
1482755134826 4 3
1482755135960 0 1
1482755137410 5 -1
1482755138450 3 -1
1482755139259 3 1
1482755140098 4 1
1482755141174 11 1
1482755144938 8 3
1482755146698 0 -1
1482755147882 0 1
1482755149666 2 -3
1482755150886 1 -1
1482755151515 9 -2
1482755152439 6 -1
1482755153313 6 1
1482755154922 0 2
1482755156535 0 -3
1482755157586 1 1
1482755158570 9 2
1482755159626 6 -1
1482755160758 9 -2
1482755161914 6 1
1482755163944 9 2
1482755164650 6 -1
1482755165824 9 -2
1482755167290 1 -1
1482755168466 9 2
1482755169322 6 1
1482755171635 6 -1
1482755172687 9 -2
1482755173197 10 -1
1482755174132 7 -1
1482755175106 6 2
1482755179180 6 -2
1482755180162 7 1
1482755181066 10 1
1482755182866 1 1
1482755183778 2 1
1482755184626 0 1
1482755185650 8 -3
1482755186578 11 -1
1482755187632 4 -1
1482755189535 3 -1
1482755192304 0 -1
1482755193218 4 -2
1482755195386 3 1
1482755196834 5 1
1482755197914 4 2
1482755199635 9 2
1482755201248 6 1
1482755203766 5 -1
1482755204714 4 1
1482755211202 2 2
1482755213330 0 1
1482755214011 11 1
1482755215113 8 3
1482755216266 0 -1
1482755217314 2 -3
1482755218242 1 -1
1482755219346 9 -2
1482755225826 6 -1
1482755227633 10 -1
1482755228494 7 -1
1482755229754 6 2
1482755232297 6 -2
1482755233338 7 1
1482755247930 0 1
1482755255146 10 1
1482755256130 0 2
1482755259369 6 1
1482755261635 8 -2
1482755262082 11 -1
1482755263654 4 -3
1482755265449 5 1
1482755266362 11 1
1482755267313 8 3
1482755267986 11 -1
1482755269353 4 2
1482755270777 6 -1
1482755275910 4 -2
1482755277289 11 1
1482755281337 6 1
1482755283208 8 -3
1482755284706 5 -1
1482755285750 3 -1
1482755286817 11 -1
1482755292353 4 2
1482755294343 4 -2
1482755298386 4 2
1482755299350 0 -2
1482755300105 10 -1
1482755300985 7 -1
1482755301985 6 2
1482755311843 6 -2
1482755312697 3 1
1482755313505 4 1
1482755315241 6 1
1482755317937 9 2
1482755321201 4 -1
1482755322049 5 1
1482755326137 5 -1
1482755327113 4 1
1482755334823 9 -2
1482755340617 4 -1
1482755341719 5 1
1482755344889 9 2
1482755346673 9 -2
1482755348510 5 -1
1482755349194 4 1
1482755351824 6 -2
1482755352097 7 1
1482755353009 10 1
1482755355369 0 2
1482755356193 6 1
1482755358833 4 -3
1482755359838 11 1
1482755361337 5 1
1482755363009 5 -1
1482755363833 3 -1
1482755368105 6 -1
1482755373522 11 -1
1482755374713 3 1
1482755376097 4 3
1482755378841 11 1
1482755379905 8 2
1482755382214 8 -2
1482755385281 6 1
1482755387912 11 -1
1482755389152 4 -3
1482755390089 11 1
1482755390960 8 2
1482755392916 3 -1
1482755395696 3 1
1482755397128 5 1
1482755397912 8 1
1482755398761 11 -1
1482755400016 4 2
1482755401680 4 -2
1482755404896 6 -1
1482755407648 11 1
1482755409176 8 -3
1482755411008 11 -1
1482755413584 4 2
1482755414608 0 -2
1482755415425 0 2
1482755416153 4 -2
1482755418032 5 -1
1482755419473 4 3
1482755420536 0 -2
1482755421650 10 -1
1482755422536 7 -1
1482755423840 6 2
1482755425768 9 1
1482755427224 9 1
