1479861592846 8 -1
1479861593373 0 -1
1479861594294 4 -2
1479861597621 4 3
1479861599422 9 2
1479861600374 2 1
1479861600997 6 1
1479861601534 2 1
1479861602429 4 -4
1479861605150 3 -1
1479861607358 4 2
1479861608622 4 1
1479861609253 0 1
1479861609750 8 1
1479861610277 2 -3
1479861611021 1 -1
1479861611629 10 -1
1479861613333 7 -1
1479861614328 6 2
1479861621566 9 -2
1479861622502 6 -3
1479861623413 7 1
1479861624318 10 1
1479861625038 0 2
1479861625845 4 -2
1479861627231 11 1
1479861627767 8 2
1479861632039 8 -2
1479861634095 11 -1
1479861634767 4 2
1479861635375 0 -2
1479861636166 10 -1
1479861636710 6 1
1479861637383 9 2
1479861638214 10 1
1479861638832 1 1
1479861639294 2 3
1479861640133 8 -1
1479861640742 0 -1
1479861641662 4 -3
1479861646855 3 1
1479861647967 4 4
1479861649063 2 -2
1479861650016 11 1
1479861650560 0 1
1479861651199 8 3
1479861651951 2 -1
1479861652735 1 -1
1479861653951 0 1
1479861659206 9 -2
1479861660182 0 1
1479861661207 8 -2
1479861661751 11 -1
1479861662543 4 -3
1479861664311 3 -1
1479861677008 3 1
1479861681879 4 3
1479861683952 11 1
1479861684840 8 2
1479861685680 0 -3
1479861686711 10 -1
1479861688159 6 -1
1479861689959 7 -1
1479861691160 6 2
1479861692903 6 -2
1479861694151 0 1
1479861694903 8 -2
1479861695510 11 -1
1479861696327 4 -1
1479861697625 9 2
1479861698928 7 1
1479861699407 10 1
1479861699855 1 1
1479861700449 2 2
1479861701255 8 -1
1479861701711 0 -1
1479861702543 4 -2
1479861705432 4 3
1479861706335 11 1
1479861707478 0 1
1479861708085 8 3
1479861710086 2 -2
1479861710774 1 -1
1479861711406 0 1
1479861712230 8 -2
1479861712846 11 -1
1479861713798 4 -1
1479861714487 3 -1
1479861718102 6 1
1479861718782 9 -2
1479861719438 0 1
1479861720270 4 -2
1479861722150 6 -1
1479861729118 11 1
1479861731030 3 1
1479861731542 5 1
1479861732223 8 3
1479861732790 11 -1
1479861733656 4 2
1479861734430 0 -3
1479861736142 1 1
1479861736719 9 2
1479861739486 4 -2
1479861740006 1 -1
1479861740519 10 -1
1479861741177 7 -3
1479861741751 9 1
1479861742175 10 1
1479861742928 4 1
1479861743982 1 1
1479861744647 2 2
1479861745494 4 -1
1479861746096 11 1
1479861746910 8 -1
1479861747590 5 -1
1479861749870 9 -2
1479861752142 2 -2
1479861753214 1 -1
1479861753742 10 -1
1479861754246 7 3
1479861755270 3 -1
1479861756510 7 -1
1479861757167 6 3
1479861757710 9 1
1479861759158 7 -2
1479861759671 10 1
1479861760094 1 1
1479861760590 2 3
1479861761462 4 -1
1479861762918 9 -1
1479861764479 0 1
1479861764966 8 -3
1479861765599 11 -1
1479861766238 7 -1
1479861767310 0 -1
1479861767855 4 3
1479861768542 2 -2
1479861769871 9 -1
1479861770311 0 1
1479861770886 8 1
1479861771318 2 -1
1479861772048 1 -1
1479861772502 0 3
1479861773638 0 2
