1480299627148 3 -1
1480299630251 6 2
1480299633067 4 -2
1480299636833 3 2
1480299648356 7 1
1480299653509 4 2
1480299654946 9 3
1480299656052 8 2
1480299657568 2 1
1480299660232 2 1
1480299661670 1 -1
1480299665478 3 -2
1480299667316 1 1
1480299668757 1 -1
1480299671057 1 1
1480299675332 2 -2
1480299679102 9 -3
1480299683900 6 -2
1480299685113 3 3
1480299686130 1 1
1480299690449 6 1
1480299691596 9 3
1480299694584 1 -3
1480299696204 5 -1
1480299698950 10 1
1480299703799 4 1
1480299706854 1 1
1480299715248 10 -1
1480299716434 3 -3
1480299719707 6 1
1480299722498 4 -1
1480299723979 5 1
1480299728796 1 -1
1480299729995 3 2
1480299732346 6 -1
1480299733429 3 1
1480299736176 1 3
1480299737843 0 1
1480299739163 9 -3
1480299740744 7 -2
1480299743427 0 1
1480299744624 10 -1
1480299747352 4 -1
1480299749441 4 1
1480299751805 10 2
1480299753034 0 -2
1480299754392 7 2
1480299755895 9 3
1480299757953 0 1
1480299760376 8 -2
1480299761589 9 -3
1480299762794 4 -2
1480299766816 6 -2
1480299779576 10 -1
1480299781544 10 1
1480299783867 6 2
1480299784975 4 2
1480299789161 9 3
1480299792549 9 -3
1480299799023 0 -1
1480299800296 1 -1
1480299801857 10 -1
1480299803264 3 -3
1480299804712 6 1
1480299806712 4 -2
1480299808522 7 -1
1480299811538 4 1
1480299813144 8 2
1480299815665 7 1
1480299819788 4 1
1480299821028 9 3
1480299821997 1 -2
1480299825623 5 -1
1480299826960 4 2
1480299833493 1 1
1480299838476 8 -2
1480299853623 R
1480300002026 3 -1
1480300003531 5 1
1480300004644 7 3
1480300005938 4 -2
1480300007598 6 -1
1480300009366 7 -3
1480300010799 3 3
1480300012085 1 1
1480300013245 7 2
1480300034268 0 3
1480300035021 10 -1
1480300035585 1 -1
1480300036296 3 -2
1480300037237 3 -1
1480300038254 7 1
1480300039558 7 -1
1480300040891 7 1
1480300042131 7 -1
1480300042599 3 3
1480300043615 1 1
1480300044802 0 -1
1480300045349 10 2
1480300047611 0 -2
1480300057006 10 -1
1480300058280 1 -1
1480300058964 7 -2
1480300059939 5 -1
1480300060506 3 -3
1480300062483 6 3
1480300063654 6 -3
1480300065497 6 3
1480300066265 6 -3
1480300067139 5 1
1480300067961 5 -1
1480300071454 3 3
1480300072801 1 1
1480300076016 5 1
1480300077042 7 2
1480300084151 R
1480300094363 3 -1
1480300096390 6 -1
1480300099604 6 3
1480300103313 6 -2
1480300107328 8 2
1480300108403 7 -1
1480300111006 3 3
1480300114069 1 1
1480300116549 6 1
1480300117520 6 -1
1480300119507 10 1
1480300122154 7 2
1480300123694 5 1
1480300124347 7 1
1480300125477 0 2
1480300126324 4 -1
1480300129219 10 -2
1480300130670 9 1
1480300131510 2 2
1480300132735 10 2
1480300133549 0 -2
1480300134281 1 -1
1480300135105 7 -1
1480300136370 R
1480300138363 6 -1
1480300139246 4 -2
1480300142262 5 1
1480300143414 7 2
1480300147636 3 -1
1480300148140 7 1
1480300149673 7 -2
1480300150250 5 -1
1480300151352 6 2
1480300152211 6 1
1480300153361 6 -2
1480300154171 5 1
1480300157335 4 2
1480300158616 9 2
1480300160043 8 2
1480300160869 9 -2
1480300161691 7 -2
1480300164114 4 -1
1480300165787 5 -1
1480300166326 6 2
1480300168227 4 1
1480300169241 4 -1
1480300170145 6 -2
1480300171071 5 1
1480300173074 3 3
1480300173953 1 1
1480300174588 10 1
1480300177269 0 2
1480300177972 10 -1
1480300178941 10 1
1480300180478 10 -2
1480300182787 5 -1
1480300183610 10 1
1480300184340 10 1
1480300185510 0 -2
1480300186075 1 -1
1480300187059 1 1
1480300187901 4 1
1480300188341 6 1
1480300189934 7 2
1480300190577 9 3
1480300191844 1 -2
1480300192714 1 -1
1480300194660 10 -1
1480300195733 10 1
1480300196211 1 3
1480300196970 0 1
1480300198791 0 -1
1480300199902 1 -3
1480300203704 5 -1
1480300208576 10 -1
1480300209211 1 1
1480300209915 5 1
1480300210359 1 2
1480300211745 0 1
1480300213360 9 -3
1480300214341 7 -1
1480300215107 7 -1
1480300216644 4 -1
1480300217846 4 1
1480300218326 7 2
1480300218821 8 -2
1480300219582 7 -1
1480300220931 7 1
1480300221407 8 2
1480300222263 7 -2
1480300223629 4 -1
1480300224271 6 -1
1480300226726 5 1
1480300227236 5 -1
1480300230044 10 1
1480300230742 10 -1
1480300231545 0 1
1480300239929 4 1
1480300240863 4 -1
1480300242153 5 1
1480300243149 5 -1
1480300243838 5 1
1480300245449 0 -2
1480300245973 7 2
1480300246781 7 1
1480300248542 4 1
1480300250259 4 -1
1480300250844 7 -1
1480300251835 10 1
1480300252876 5 -1
1480300254807 7 -1
1480300255540 7 -1
1480300258533 0 2
1480300261169 4 1
1480300261878 4 -1
1480300262506 4 1
1480300263579 0 -2
1480300287925 R
1480300304680 3 -1
1480300308970 5 1
1480300309816 7 3
1480300311898 9 2
1480300313320 9 -2
1480300316907 7 -1
1480300317698 7 -1
1480300319105 5 -1
1480300320412 6 2
1480300323034 6 -1
1480300323625 6 -1
1480300324246 6 -1
1480300324869 6 2
1480300325358 6 1
1480300333537 6 -1
1480300336846 3 2
1480300343379 8 2
1480300344455 9 3
1480300346552 8 -2
1480300349330 1 -1
1480300349966 8 2
1480300351011 1 -1
1480300353060 1 2
1480300354141 1 -1
1480300355282 3 1
1480300356781 3 -2
1480300357502 3 -1
1480300358176 1 1
1480300358991 3 3
1480300359651 1 1
1480300361590 9 -3
1480300362534 7 -1
1480300363445 7 -1
1480300364285 7 1
1480300364712 8 -2
1480300367106 4 -2
1480300371020 7 1
1480300371665 6 -2
1480300372308 6 2
1480300373492 1 -1
1480300375134 3 -3
1480300376952 6 1
1480300378943 4 2
1480300382273 R
1480300394548 3 2
1480300396403 1 1
1480300401054 8 2
1480300402768 7 -1
1480300419930 7 2
1480300421818 9 2
1480300426919 9 -2
1480300430283 8 -2
1480300438034 6 1
1480300439832 9 3
1480300442391 1 -1
1480300446264 3 -3
1480300449985 6 1
1480300452878 6 -1
1480300454699 9 -3
1480300456993 4 -2
1480300460621 4 2
1480300462789 9 3
1480300466803 3 3
1480300474993 1 1
1480300478612 9 -3
1480300481225 6 -2
1480300483974 6 2
1480300485874 9 3
1480300489088 8 1
1480300491275 1 -3
1480300493705 5 -1
1480300496061 3 -3
1480300498680 4 2
1480300499987 6 1
1480300506105 1 1
1480300507671 8 -1
1480300534815 R
1480300537463 3 2
1480300538635 1 1
1480300540035 0 1
1480300542415 8 2
1480300543748 7 -1
1480300545464 0 1
1480300547112 10 -1
1480300553676 5 1
1480300555399 10 1
1480300557276 0 -1
1480300558731 7 2
1480300560182 7 1
1480300561479 8 -2
1480300563552 4 -2
1480300568611 0 2
1480300569914 1 -1
1480300571099 10 -1
1480300572708 3 -3
1480300574982 7 1
1480300589905 7 -1
1480300591301 3 3
1480300592845 1 1
1480300594527 0 -1
1480300603977 4 2
1480300605491 8 2
1480300609131 8 -2
1480300611643 4 -2
1480300613749 0 1
1480300614851 1 -1
1480300616163 3 -3
1480300618640 7 1
1480300621684 6 -1
1480300623788 6 1
1480300624857 7 -1
1480300626174 7 1
1480300628186 7 -1
1480300628960 3 3
1480300630117 1 1
1480300631716 0 -1
1480300637233 4 2
1480300638054 8 2
1480300640424 10 2
1480300642231 0 -2
1480300643226 7 -3
1480300645490 0 2
1480300647230 5 -1
1480300652291 5 1
1480300655440 0 -1
1480300657379 7 3
1480300661691 8 -2
1480300663268 4 -2
1480300664938 0 2
1480300666751 1 -1
1480300667970 10 -2
1480300669202 3 -3
1480300671661 7 1
1480300678402 6 -1
1480300690107 10 1
1480300691603 7 -1
1480300693171 3 3
1480300695625 1 1
1480300698139 0 -1
1480300709183 0 -1
1480300710544 4 2
1480300711962 6 1
1480300716673 4 -1
1480300717624 4 -1
1480300718350 6 -1
1480300719310 10 1
1480300723465 7 -2
1480300727150 0 -1
1480300732194 5 -1
1480300732845 6 2
1480300734171 4 2
1480300735168 7 1
1480300737204 9 3
1480300738654 1 -2
1480300744489 5 -1
1480300747678 3 -1
1480300749379 6 1
1480300751211 4 1
1480300753663 4 -1
1480300757301 5 1
1480300758533 1 1
1480300759405 9 -3
1480300760529 7 -1
1480300761522 7 1
1480300762726 9 2
1480300763635 9 1
1480300766257 8 2
1480300767087 1 -2
1480300773884 10 -1
1480300774494 3 -2
1480300776675 5 -1
1480300777835 4 2
1480300780360 1 1
1480300781145 R
1480300798218 7 1
1480300799309 8 2
1480300800849 2 2
1480300802894 9 2
1480300804458 9 -2
1480300806788 2 -2
1480300808188 8 -2
1480300810156 6 2
1480300812905 3 -1
1480300815047 3 2
1480300816284 6 -2
1480300817527 3 1
1480300819133 1 1
1480300826096 6 1
1480300827582 9 3
1480300829129 8 2
1480300830837 1 -3
1480300834067 3 -3
1480300837069 5 -1
1480300839786 6 1
1480300841167 4 2
1480300847349 4 -2
1480300848946 5 1
1480300851939 3 2
1480300858556 6 -1
1480300859803 3 1
1480300861654 1 3
1480300863070 0 1
1480300864720 9 -3
1480300867001 7 -2
1480300869100 0 1
1480300872522 10 -1
1480300875356 4 -1
1480300876870 4 1
1480300883487 10 2
1480300887403 0 -1
1480300889082 7 2
1480300891085 4 -1
1480300896951 0 -1
1480300898817 7 -2
1480300903833 7 2
1480300904885 4 1
1480300906084 9 3
1480300908215 1 -3
1480300912313 10 -1
1480300914417 10 1
1480300916111 5 -1
1480300919252 5 1
1480300920498 1 3
1480300921791 0 1
1480300924164 0 -1
1480300925526 9 -3
1480300927034 7 -2
1480300928215 0 2
1480300929565 10 -2
1480300935001 10 2
1480300936182 0 -2
1480300947435 7 2
1480300949084 8 -2
1480300951050 8 2
1480300953444 9 3
1480300955774 10 -1
1480300956410 1 -2
1480300959381 3 -3
1480300961142 5 -1
1480300962737 4 2
1480300964164 6 1
1480300971714 3 1
1480300973149 8 -2
1480300974130 8 2
1480300978018 8 -2
1480300980376 8 2
1480300981340 R
1480300984856 6 2
1480300986029 4 -1
1480300987089 4 -1
1480300989135 3 -1
1480300991008 4 2
1480300991930 8 2
1480300992893 7 -1
1480300994617 7 2
1480300995409 9 3
1480300996763 1 -2
1480300999517 5 -1
1480301000513 4 2
1480301002767 8 -1
1480301008176 8 1
1480301014497 R
1480301025842 3 -1
1480301035083 5 1
1480301036662 7 3
1480301038541 4 -2
1480301040532 7 -3
1480301041014 5 -1
1480301041514 6 2
1480301042727 7 1
1480301044293 6 -3
1480301045291 5 1
1480301047251 4 2
1480301047792 8 1
1480301048561 7 -1
1480301049857 7 2
1480301050651 6 1
1480301051192 8 1
1480301052179 4 -1
1480301052815 7 -3
1480301054888 5 -1
1480301056057 6 2
1480301057735 3 2
1480301058527 3 -2
1480301064405 3 2
1480301075204 10 1
