1482739031437 3 2
1482739033476 10 1
1482739035030 1 1
1482739040117 7 1
1482739041046 9 2
1482739045284 6 -1
1482739046877 9 -2
1482739047661 4 -2
1482739048501 7 -1
1482739049284 5 1
1482739050316 7 2
1482739051510 0 3
1482739054629 1 -1
1482739055181 10 -2
1482739055980 3 -3
1482739056972 7 1
1482739059916 10 1
1482739064548 R
1482739070917 6 2
1482739071701 4 -2
1482739072726 7 1
1482739073678 3 -1
1482739074973 3 2
1482739075741 10 1
1482739080428 7 -1
1482739086045 6 -3
1482739086893 5 1
1482739087413 3 1
1482739088622 10 -1
1482739089975 1 1
1482739090957 10 1
1482739093036 7 2
1482739096292 0 2
1482739097229 10 -2
1482739098728 10 2
1482739102244 0 1
1482739105197 0 -3
1482739108454 0 3
1482739109055 1 -1
1482739109543 10 -2
1482739110220 3 -3
1482739111096 7 1
1482739121092 7 -1
1482739121541 3 3
1482739122180 1 1
1482739122724 10 2
1482739123468 0 -1
1482739124365 4 2
1482739126316 9 2
1482739127142 10 -3
1482739129668 8 1
1482739130149 2 1
1482739130925 2 -1
1482739131701 8 -1
1482739132356 10 3
1482739133022 9 -2
1482739133808 0 -2
1482739135108 1 -1
1482739135861 7 -2
1482739136454 3 -1
1482739139997 7 2
1482739140461 10 -1
1482739141288 3 -2
1482739142261 7 1
1482739143797 4 -2
1482739149277 7 -3
1482739150991 5 -1
1482739151808 6 3
1482739157973 4 2
1482739158718 8 2
1482739159700 7 -1
1482739161686 4 -1
1482739163309 7 2
1482739164277 8 -2
1482739164822 4 -1
1482739165342 7 -1
1482739168131 R
1482739170788 8 2
1482739171724 7 -1
1482739173045 6 2
1482739173877 3 -1
1482739175213 4 -1
1482739176932 3 2
1482739177764 6 -2
1482739178428 3 1
1482739180390 1 1
1482739182254 0 2
1482739185357 10 -1
1482739186877 10 2
1482739187437 4 1
1482739189108 5 1
1482739192092 0 -1
1482739192997 7 3
1482739194461 8 -2
1482739195008 6 -1
1482739195629 4 -2
1482739196292 7 -2
1482739196904 5 -1
1482739200156 5 1
1482739205989 5 -1
1482739208102 5 1
1482739211932 10 -1
1482739215396 7 1
1482739216004 7 1
1482739216623 0 2
1482739217303 1 -1
1482739218701 10 -1
1482739223044 3 -3
1482739223948 7 1
1482739227708 10 1
1482739230565 6 1
1482739232764 R
1482739247172 3 -1
1482739247996 5 1
1482739248901 7 3
1482739253844 4 -2
1482739254654 6 -1
1482739255525 9 1
1482739256797 9 -1
1482739257629 4 2
1482739258156 6 1
1482739258893 9 2
1482739259564 8 2
1482739260292 2 2
1482739261206 2 -2
1482739262752 8 -2
1482739264823 9 -2
1482739265789 4 -2
1482739267005 6 -1
1482739270595 R
1482739273068 6 2
1482739276359 8 2
1482739276996 7 -1
1482739277773 4 -1
1482739281380 4 1
1482739282340 7 2
1482739283157 8 -2
1482739283654 9 3
1482739284517 1 -1
1482739285702 5 -1
1482739286612 4 2
1482739290501 8 2
1482739291164 1 -1
1482739294452 1 1
1482739295550 8 -2
1482739297445 3 -1
1482739299917 3 1
1482739301412 6 -1
1482739302157 4 -2
1482739302909 5 1
1482739303317 3 2
1482739304165 10 1
1482739309349 1 1
1482739309922 3 -1
1482739310725 6 1
1482739312596 9 -3
1482739313412 4 -2
1482739314622 7 -1
1482739315877 7 1
1482739316422 4 2
1482739317157 8 2
1482739317877 7 -2
1482739321109 7 2
1482739321638 9 3
1482739322508 1 -2
1482739324877 5 -1
1482739325605 4 1
1482739327805 8 -1
1482739329399 1 1
1482739330477 8 -1
1482739332534 4 -1
1482739332974 6 -1
1482739333492 5 1
1482739333821 3 1
1482739334643 1 2
1482739336254 9 -3
1482739338725 4 -2
1482739340054 6 -2
1482739340860 5 1
1482739341567 7 -1
1482739344780 0 1
1482739345535 5 -1
1482739347301 6 2
1482739348356 4 2
1482739349088 8 2
1482739349621 7 -1
1482739350548 0 1
1482739352020 4 -1
1482739358438 10 -2
1482739359735 10 2
1482739362888 0 -1
1482739363613 4 1
1482739364156 7 2
1482739364573 4 -1
1482739365453 9 1
1482739366903 8 -2
1482739367567 4 -1
1482739368070 6 -2
1482739369269 6 2
1482739369949 4 2
1482739371190 8 2
1482739371903 9 -1
1482739372567 9 3
1482739379077 0 -1
1482739381076 10 -1
1482739382000 0 1
1482739382830 2 2
1482739383453 9 -3
1482739384669 7 -1
1482739386503 2 -2
1482739387904 7 -1
1482739388957 0 1
1482739389765 10 -1
1482739391270 2 1
1482739392686 2 -1
1482739393877 10 2
1482739394799 4 -1
1482739397577 R
1482739399173 3 -1
1482739400503 5 1
1482739401308 7 3
1482739405644 6 -1
1482739406917 4 -2
1482739407772 9 1
1482739409773 7 -2
1482739410799 5 -1
1482739412421 6 3
1482739413509 4 2
1482739415189 9 2
1482739416237 1 -1
1482739417077 5 -1
1482739417669 4 2
1482739420924 8 2
1482739421655 1 -1
1482739425405 8 -1
1482739426768 3 1
1482739427628 3 -1
1482739428528 R
1482739429885 5 1
1482739430364 3 2
1482739431389 1 1
1482739431988 10 1
1482739432920 10 -1
1482739434388 0 1
1482739435476 7 2
1482739436198 0 1
1482739437205 4 -2
1482739437741 0 1
1482739441758 1 -1
1482739442940 3 -3
1482739443660 7 1
1482739445741 6 -1
1482739449941 R
1482739452636 8 2
1482739453573 7 -1
1482739454783 6 2
1482739456069 3 1
1482739456876 10 1
1482739460142 R
1482739466120 4 -2
1482739467260 5 1
1482739468501 7 2
1482739474412 3 2
1482739475157 1 1
1482739476230 0 3
1482739477332 1 -1
1482739478437 3 -3
1482739480077 10 -1
1482739480837 10 1
1482739481446 3 3
1482739482859 R
1482739485446 4 -2
1482739485941 7 1
1482739486708 5 1
1482739487533 7 1
