1482330755553 6 2
1482330758387 8 2
1482330759922 7 -1
1482330763250 3 1
1482330771424 4 -1
1482330773276 10 1
1482330776732 7 2
1482330780818 R
1482330785042 6 2
1482330787088 4 -2
1482330792682 4 2
1482330793728 8 2
1482330794796 7 -1
1482330795838 4 -1
1482330797596 3 1
1482330798670 10 1
1482330800650 2 1
1482330804530 10 -1
1482330805959 6 -2
1482330807160 3 1
1482330807982 1 1
1482330809217 0 2
1482330812670 10 -1
1482330814159 5 1
1482330815241 4 1
1482330817050 2 -1
1482330819709 R
1482330821224 4 -2
1482330822311 6 -1
1482330823501 7 1
1482330824150 5 1
1482330825186 7 1
1482330827242 3 2
1482330828424 1 1
1482330829509 0 3
1482330834241 10 -1
1482330834975 1 -1
1482330836412 3 -3
1482330837602 7 1
1482330850196 7 -1
1482330857572 3 3
1482330861737 10 2
1482330863040 1 1
1482330864363 0 -3
1482330865168 1 -1
1482330866007 7 -2
1482330866900 10 -1
1482330868032 3 -3
1482330869970 5 -1
1482330871390 6 3
1482330873599 4 1
1482330874579 8 2
1482330875645 7 -1
1482330883778 3 2
1482330884940 6 -2
1482330886236 3 1
1482330887102 10 1
1482330887869 1 1
1482330889154 0 2
1482330892012 10 -2
1482330906635 6 1
1482330907753 4 1
1482330912099 10 2
1482330915001 0 -2
1482330915989 7 2
1482330917629 8 -2
1482330919975 6 -2
1482330921647 4 -2
1482330922641 7 -1
1482330957906 0 1
1482330959288 5 1
1482330960420 7 2
1482330962083 0 2
1482330963210 1 -1
1482330964355 10 -2
1482330965561 9 1
1482330967342 3 -3
1482330968973 7 1
1482330973641 6 1
1482330975055 9 -1
1482330978951 6 -1
1482330998929 7 -1
1482330999815 3 3
1482331000985 1 1
1482331001869 10 2
1482331003945 0 -3
1482331008103 4 2
1482331009106 6 1
1482331010128 9 2
1482331013054 1 -1
1482331013943 7 -1
1482331014884 10 -1
1482331016117 3 -3
1482331017727 3 3
1482331021402 7 1
1482331022369 1 1
1482331023450 0 2
1482331024834 9 -2
1482331025863 4 -2
1482331026871 0 1
1482331028291 6 -1
1482331029491 1 -1
1482331030582 10 -1
1482331032437 3 -3
1482331034563 7 1
1482331036855 9 1
1482331041552 R
1482331046609 3 2
1482331049152 8 2
1482331050387 2 2
1482331051605 2 -2
1482331052389 7 -1
1482331056119 7 2
1482331057294 9 2
1482331059537 8 -2
1482331060724 6 1
1482331061806 9 1
1482331063991 1 -1
1482331065567 5 -1
1482331068107 8 2
1482331069413 1 -1
1482331080812 3 -3
1482331081724 4 2
1482331083275 6 1
1482331088499 1 1
1482331089662 2 2
