1482109563080 6 1
1482109563571 7 1
1482109564105 8 2
1482109564630 9 3
1482109567069 1 -2
1482109568464 3 2
1482109571509 1 3
1482109571894 9 -3
1482109572954 7 -1
1482109574244 7 1
1482109574648 9 3
1482109575049 1 -3
1482109576639 5 -1
1482109577218 3 -3
1482109577667 4 2
1482109579600 3 1
1482109580544 4 -2
1482109580894 3 2
1482109581373 10 1
1482109582508 5 1
1482109583073 1 3
1482109585493 9 -3
1482109590113 9 3
1482109591635 1 -3
1482109593799 1 3
1482109594220 9 -3
1482109594708 7 -2
1482109595121 4 -1
1482109595562 6 -1
1482109596050 1 -1
1482109597201 3 -1
1482109597803 6 2
1482109598240 4 1
1482109598804 7 2
1482109599279 9 3
1482109599859 1 -2
1482109600564 10 -1
1482109601123 3 -2
1482109604455 5 -1
1482109608658 5 1
1482109609087 1 1
1482109609938 1 1
1482109610290 9 -3
1482109610670 7 -2
1482109611087 4 -1
1482109611761 6 -2
1482109612236 5 1
1482109612890 3 3
1482109613434 1 1
1482109617251 7 3
1482109618002 0 2
1482109618362 8 -2
1482109618816 6 -1
1482109623087 4 -1
1482109623946 0 1
1482109624329 1 -1
1482109625654 3 -3
1482109627500 10 -1
1482109634116 3 3
1482109634458 1 1
1482109635015 10 1
1482109635408 0 -3
1482109636125 1 -1
1482109636628 3 -3
1482109637136 6 1
1482109637464 4 1
1482109637936 8 2
1482109638869 7 -3
1482109643010 3 3
1482109647236 7 1
1482109648751 2 2
1482109649952 7 1
1482109650683 9 1
1482109651230 4 1
1482109651672 9 1
1482109652978 1 1
1482109653319 7 1
1482109653885 0 2
1482109654329 10 -3
1482109654776 0 -2
1482109655313 1 -1
1482109658503 3 -3
1482109658925 7 -1
1482109659255 5 -1
1482109659762 6 2
1482109660169 9 1
1482109660492 1 -1
1482109661647 5 -3
1482109662916 1 1
1482109664174 7 2
1482109664478 4 2
1482109664811 9 -1
1482109665415 6 -2
1482109665978 7 -2
1482109666413 4 -2
1482109668235 3 3
1482109668590 1 1
1482109668945 7 1
1482109669219 4 1
1482109670278 0 3
1482109670643 1 -1
1482109671045 3 -2
1482109671421 6 2
1482109671734 0 3
