1482740982587 3 1
1482740983249 10 1
1482740983937 10 -1
1482740984409 3 -2
1482740985393 5 1
1482740986538 7 3
1482740987873 9 2
1482740988634 8 2
1482740989506 2 2
1482740991721 9 -2
1482740992722 2 -2
1482740994554 7 -4
1482740995322 7 2
1482740996345 7 -2
1482740996969 3 3
1482740997714 1 1
1482740998417 10 1
1482741005194 0 2
1482741006482 10 -2
1482741008098 2 1
1482741008883 10 2
1482741010417 0 -1
1482741011209 7 3
1482741012009 9 2
1482741013202 0 1
1482741014633 10 -3
1482741015169 2 -1
1482741016313 2 2
1482741016905 10 -1
1482741017873 0 -2
1482741018889 1 -1
1482741019505 3 -3
1482741021018 7 1
1482741024746 7 -1
1482741025537 3 3
1482741026458 1 1
1482741027210 0 2
1482741028113 10 4
1482741029225 9 -2
1482741030265 2 -2
1482741031241 8 -2
1482741032322 4 -2
1482741033546 10 -2
1482741035729 4 2
1482741036377 6 -1
1482741037241 4 -2
1482741038201 0 1
1482741039153 10 2
1482741039714 1 -1
1482741040466 3 -1
1482741041082 10 -2
1482741041586 3 -2
1482741042802 7 1
1482741044458 10 1
1482741046146 6 1
1482741046738 6 -1
1482741048441 9 1
1482741049513 10 -1
1482741051570 10 1
1482741052002 9 -1
1482741053993 6 1
1482741054825 7 -1
1482741056730 3 3
1482741057668 1 1
1482741058483 0 -3
1482741059354 7 -2
1482741060010 5 -1
1482741060762 1 -1
1482741061265 3 -3
1482741062153 5 1
1482741062994 7 3
1482741063987 6 -1
1482741065065 9 1
1482741066281 7 -2
1482741066963 5 -1
1482741067835 6 3
1482741069121 4 2
1482741069770 8 2
1482741070521 2 2
1482741070906 9 2
1482741072825 3 2
1482741073409 10 1
1482741075754 2 -2
1482741078210 2 2
1482741079731 10 -1
1482741080305 3 -2
1482741082714 6 -1
1482741084321 2 -2
1482741085137 8 -2
1482741085802 9 -3
1482741087025 6 -2
1482741087617 4 -2
1482741088169 7 -1
1482741088945 5 1
1482741089778 7 3
1482741090817 7 -3
1482741091296 3 3
1482741092875 10 1
1482741093435 1 1
1482741094114 0 1
1482741094730 10 -1
1482741098930 7 2
1482741099458 4 2
1482741100139 0 1
1482741101817 9 2
1482741102850 8 1
1482741103986 0 -2
1482741104674 10 1
1482741106321 6 1
1482741108722 8 -1
1482741109353 9 -2
1482741110162 4 -2
1482741110642 6 -1
1482741111642 0 3
1482741112306 1 -1
1482741112834 10 -2
1482741113394 3 -3
1482741114762 7 1
1482741116289 6 1
1482741116946 6 -1
1482741118051 9 1
1482741119619 10 1
1482741120057 9 -1
1482741121642 6 1
1482741123089 6 -1
1482741126113 7 -1
1482741127202 10 -1
1482741128386 3 3
1482741129338 1 1
1482741130122 10 2
1482741132755 0 -3
1482741133626 4 2
1482741134393 6 1
1482741135577 8 2
1482741136289 2 2
1482741136881 9 2
1482741138329 0 2
1482741139329 10 -4
1482741143689 0 -2
1482741145210 1 -1
1482741145658 7 -1
1482741146129 3 -3
1482741147123 5 -1
1482741147763 6 2
1482741151418 3 2
1482741155746 3 -2
1482741158043 6 -2
1482741158553 5 1
1482741159450 7 2
1482741162282 7 -2
1482741162730 3 3
1482741163579 1 1
1482741164122 0 1
1482741166194 0 -1
1482741167274 1 -1
1482741167746 3 -3
1482741168786 5 -1
1482741169545 6 2
1482741170873 9 1
1482741172769 1 -1
1482741173377 5 -3
1482741175114 6 -1
1482741175617 3 3
1482741176649 1 2
1482741177394 0 1
1482741178953 7 1
1482741179538 4 1
1482741180170 0 2
1482741181274 1 -2
1482741181985 3 -3
1482741182922 6 1
1482741183570 0 2
