1480175621750 6 2
1480175623034 4 -2
1480175625788 7 1
1480175627012 9 1
1480175629168 4 2
1480175630199 9 2
1480175632494 8 2
1480175634217 1 -2
1480175636560 3 -1
1480175637919 5 -1
1480175639495 4 2
1480175641739 4 -2
1480175646218 5 1
1480175647931 3 2
1480175648716 6 -1
1480175649721 3 1
1480175651058 1 3
1480175652053 0 1
1480175653622 10 1
1480175654914 9 -3
1480175656268 8 -2
1480175658050 8 2
1480175659048 7 -2
1480175660253 0 1
1480175663757 0 -2
1480175664851 1 -1
1480175665966 10 -1
1480175667348 3 -3
1480175669086 6 1
1480175671085 4 -1
1480175674299 4 1
1480175675618 7 2
1480175676956 9 3
1480175677993 1 -2
1480175680292 5 -1
1480175681348 4 2
1480175683990 1 1
1480175685058 8 -2
1480175686303 6 -1
1480175687925 4 -2
1480175688924 5 1
1480175689956 3 3
1480175691087 1 2
1480175692155 0 1
1480175693309 10 1
1480175694917 8 2
1480175696068 2 2
1480175696978 9 -3
1480175698535 7 -1
1480175699445 4 -1
1480175700275 6 -1
1480175701506 5 1
1480175704238 7 2
1480175705055 0 1
1480175705908 9 1
1480175707310 0 -2
1480175709745 1 -1
1480175710505 10 -1
1480175711126 3 -3
1480175712599 7 1
1480175714997 9 -1
1480175716540 2 -2
1480175718392 4 1
1480175719561 9 2
1480175722026 9 -2
1480175724638 8 -2
1480175726469 7 -3
1480175727752 3 3
1480175728818 1 1
1480175729616 10 1
1480175730347 0 1
1480175731449 7 2
1480175732298 9 2
1480175733866 6 -1
1480175735630 10 -1
1480175736763 0 -1
1480175737727 1 -1
1480175738615 3 -3
1480175740057 7 -1
1480175740889 5 -1
1480175742271 6 3
1480175744031 9 1
1480175745151 8 2
1480175746435 2 2
1480175747271 2 -2
1480175748767 1 -2
1480175751282 3 2
1480175754066 6 -1
1480175755129 3 1
1480175756007 1 3
1480175757066 0 1
1480175761051 9 -3
1480175762241 7 -2
1480175763152 0 1
1480175764027 10 -1
1480175766434 4 -1
1480175767761 6 -1
1480175768624 5 1
1480175771505 10 2
1480175772299 0 -2
1480175773810 7 3
1480175774888 0 2
1480175776586 9 1
1480175777473 2 2
1480175778910 10 -2
1480175780566 4 1
1480175781426 9 1
1480175782353 10 -2
1480175783152 0 -2
1480175785710 1 -1
1480175786710 3 -3
1480175789404 3 3
1480175790546 1 1
1480175791261 7 -1
1480175792103 5 -1
1480175795002 0 1
1480175796009 0 -1
1480175797243 5 1
1480175797901 7 1
1480175798680 0 2
1480175800268 10 4
1480175802946 9 -2
1480175804741 10 -2
1480175806458 10 2
1480175807236 0 -2
1480175808153 7 -2
1480175808979 5 -1
1480175810020 6 1
1480175810759 7 1
1480175811417 9 3
1480175812384 0 1
1480175815146 2 -2
1480175816114 8 -2
1480175816759 9 -3
1480175820190 6 -2
1480175821108 4 -2
1480175822418 7 -1
1480175823540 5 1
1480175825667 7 2
1480175826530 0 2
1480175827629 1 -1
1480175828674 10 -2
1480175829459 3 -3
1480175830819 7 1
1480175833933 7 -1
1480175836505 7 1
1480175837911 7 -1
1480175838642 3 3
1480175839706 1 1
1480175840502 0 -1
1480175843528 4 2
1480175845527 10 2
1480175846126 0 -2
1480175847265 4 -2
1480175848873 7 -2
1480175852294 5 -1
1480175853169 6 2
1480175853944 4 2
1480175855597 7 1
1480175856209 9 3
1480175857503 1 -2
1480175858171 8 2
1480175859604 1 -1
1480175861105 5 -1
1480175862395 3 -1
1480175863303 6 1
1480175864251 4 1
1480175865257 10 -1
1480175866041 3 -2
1480175867154 4 1
1480175871370 4 -2
1480175872209 5 1
1480175873333 1 2
1480175875863 9 -3
1480175876956 7 -2
1480175878968 4 -1
1480175880166 6 -2
1480175881149 5 1
1480175882234 3 3
1480175883202 1 1
1480175884306 10 1
1480175885254 0 2
1480175886555 10 -2
1480175888000 10 2
1480175889134 4 1
1480175890183 4 -1
1480175891570 5 -1
1480175892365 6 1
1480175893386 4 1
1480175895950 R
1480175904972 3 2
1480175906416 1 1
1480175907957 10 1
1480175908911 0 1
1480175910034 7 1
1480175910692 9 2
1480175915031 6 -1
1480175916277 5 1
1480175918311 7 1
1480175919613 0 1
1480175921172 10 -3
1480175923220 8 1
1480175924379 2 1
1480175925632 6 1
1480175926366 8 1
1480175927033 2 1
1480175927743 10 -1
1480175929615 0 -2
1480175930750 1 -1
1480175931642 3 -3
1480175933401 7 1
1480175934708 7 -2
1480175935665 5 -1
1480175936999 6 2
1480175938490 9 1
1480175939669 1 -1
1480175940566 5 -3
1480175941816 7 2
1480175942733 4 2
1480175944182 1 1
1480175949400 9 -1
1480175951271 7 -1
1480175952147 4 -2
1480175953402 4 1
1480175954766 3 2
1480175955550 6 -2
1480175956265 3 1
1480175957403 1 1
1480175958916 0 3
1480175960236 10 2
1480175961008 9 -2
1480175961685 2 -2
1480175962377 8 -2
1480175964195 6 -1
1480175968999 9 2
1480175969968 10 -1
1480175971211 1 -1
1480175972124 3 -3
1480175974972 6 3
1480175975867 0 2
