1482519026609 8 2
1482519028081 2 2
1482519029609 3 2
1482519030465 10 1
1482519031426 1 1
1482519032393 0 1
1482519034832 10 -1
1482519036200 2 -2
1482519037032 7 -1
1482519040057 4 -1
1482519041592 4 1
1482519042592 10 1
1482519044776 0 1
1482519045984 10 -2
1482519050139 10 2
1482519051048 0 -2
1482519053024 7 2
1482519053840 9 2
1482519054456 2 2
1482519057800 0 1
1482519058496 10 -1
1482519060184 0 -1
1482519061024 2 -2
1482519063617 6 1
1482519064064 9 1
1482519064879 1 -3
1482519066207 10 1
1482519069271 5 -1
1482519069855 3 -1
1482519070834 4 1
1482519071303 6 1
1482519073175 1 1
1482519074527 8 -2
1482519077376 8 2
1482519077944 1 -1
1482519079441 6 -1
1482519079903 4 -1
1482519081119 3 1
1482519081703 4 1
1482519082887 10 -1
1482519083823 10 1
1482519087568 10 -1
1482519088105 3 -3
1482519089903 4 1
1482519090527 4 -2
1482519091279 5 1
1482519094207 3 3
1482519095070 1 3
1482519097359 9 -3
1482519098503 7 -2
1482519099879 0 2
1482519100847 10 -1
1482519109535 4 -1
1482519112102 6 -1
1482519112790 5 1
1482519115862 10 2
1482519116838 0 -1
1482519118671 7 3
1482519131557 0 1
1482519132462 4 1
1482519133141 8 -2
1482519133917 6 -1
1482519134718 4 -2
1482519136293 0 1
1482519138949 10 -2
1482519141605 10 1
1482519144061 0 -1
1482519145757 0 1
1482519147742 10 1
1482519148293 9 1
1482519149204 10 -2
1482519149764 1 -1
1482519150468 3 -3
1482519151270 7 1
1482519153244 7 -1
1482519153886 7 1
1482519155020 10 1
1482519156388 7 -1
1482519156830 3 3
1482519157566 1 1
1482519158004 10 1
1482519159068 0 -2
1482519159999 7 -1
1482519161116 5 -1
1482519162140 6 2
1482519163020 4 2
1482519163508 4 -2
1482519164220 6 -2
1482519165321 5 1
1482519166020 7 1
1482519166724 4 2
1482519167604 0 -1
1482519168868 10 -1
1482519170004 9 -1
1482519171452 7 -2
1482519171964 4 -2
1482519172901 4 2
1482519173372 8 1
1482519173925 6 1
1482519174340 8 1
1482519174895 4 -1
1482519175468 7 -1
1482519176276 0 2
1482519176988 10 -1
1482519178292 5 -1
1482519179268 6 1
1482519179820 4 1
1482519182726 10 1
1482519183372 0 -1
1482519184451 7 2
1482519185611 8 -2
1482519186555 4 -2
1482519187875 7 -1
1482519188395 6 -2
1482519189347 5 1
1482519189988 7 2
1482519190923 0 2
1482519191820 10 1
1482519194187 0 -1
1482519196267 10 -2
1482519196988 0 1
1482519198587 9 1
1482519199510 10 2
1482519201035 0 -3
1482519202874 9 -1
1482519205450 7 -2
1482519206003 5 -1
1482519207492 6 2
1482519208123 4 2
1482519208971 7 1
1482519209771 8 2
1482519210787 9 3
1482519214114 0 1
1482519215306 2 2
1482519216602 0 -1
1482519217282 1 -2
1482519218011 10 -1
1482519218755 3 -3
1482519220034 5 -1
1482519221178 4 2
1482519221643 6 1
1482519225962 3 1
1482519226541 6 -1
1482519226963 4 -2
1482519227386 3 2
1482519228506 10 1
1482519229179 10 -1
1482519229675 10 1
1482519230250 5 1
1482519231531 1 2
1482519232051 0 1
1482519232850 0 -1
1482519233889 2 -2
1482519234705 9 -3
1482519237849 7 -2
1482519238755 7 2
1482519240338 9 3
1482519241609 9 -1
1482519242585 0 1
1482519243417 0 -1
1482519243857 9 1
1482519244714 1 -3
1482519245571 1 3
1482519246137 0 1
1482519246850 9 -3
1482519247641 7 -2
1482519248593 0 1
1482519249937 4 -1
1482519251905 10 -2
1482519252835 10 1
1482519255089 4 1
1482519256410 0 -1
1482519256898 7 2
1482519257960 9 3
1482519261777 0 -1
1482519262777 1 -3
1482519263265 3 -3
1482519264440 1 2
1482519265371 9 -3
1482519266033 8 -2
1482519267088 4 -2
1482519267560 6 -2
1482519268265 5 1
1482519268930 7 2
1482519274328 7 -2
1482519274976 5 -1
1482519275481 6 3
1482519276728 4 2
1482519277168 4 -2
1482519278081 6 -3
1482519278496 5 1
1482519279545 7 2
1482519280640 4 2
1482519281089 6 1
1482519281617 8 2
1482519282217 9 2
1482519284521 7 -1
1482519285040 3 3
1482519285855 1 1
1482519286391 10 1
1482519287208 9 -2
1482519289255 7 -3
1482519291064 4 -1
1482519292201 5 -1
1482519292807 6 1
1482519294017 1 -1
1482519294535 10 -1
1482519295263 3 -3
1482519295936 6 1
1482519297295 4 1
1482519297991 7 2
1482519298615 8 -2
1482519299215 4 -2
1482519301495 4 2
1482519302119 8 2
1482519302855 8 -2
1482519303433 9 3
1482519304343 9 -3
1482519304880 4 -2
1482519307927 7 -1
1482519308495 6 -3
1482519309287 5 1
1482519309920 7 3
1482519310657 4 2
1482519311791 4 -2
1482519315240 7 -2
1482519316223 3 3
1482519318735 3 -2
1482519319622 5 -1
1482519325160 6 3
1482519326190 7 -1
1482519326734 4 2
1482519327416 4 -2
1482519328622 3 1
1482519329216 10 1
1482519330088 7 1
1482519330598 4 2
1482519331198 8 2
1482519332264 2 2
1482519333078 2 -2
1482519334016 8 -2
1482519334896 R
1482519336982 6 2
1482519337479 4 -2
1482519339334 3 1
1482519340550 10 1
1482519341374 7 1
1482519344894 7 -1
1482519347887 7 1
1482519348269 4 2
1482519348741 8 2
1482519349542 2 2
1482519351221 2 -2
1482519351765 7 -2
1482519353421 4 -1
1482519355541 10 -1
1482519356006 3 -2
1482519357791 4 1
1482519358429 7 2
1482519359557 8 -2
1482519359901 9 3
1482519360781 1 -1
1482519362853 U
1482519363845 R
1482519369846 6 2
1482519370295 4 -2
1482519372397 7 1
1482519374157 9 1
1482519374764 4 2
1482519375189 9 2
1482519376269 8 2
1482519376876 2 2
1482519377854 1 -1
1482519378582 1 1
1482519379668 3 1
1482519380276 10 1
1482519383948 10 -1
1482519384364 3 -2
1482519387972 1 -1
1482519388750 5 -1
1482519389262 4 2
1482519390780 6 -1
1482519391212 6 1
1482519392764 2 -2
1482519393316 8 -2
1482519395124 3 1
1482519397236 R
1482519398461 5 1
1482519399252 3 2
1482519399948 1 1
1482519400548 10 1
1482519401276 7 2
1482519402276 4 -2
1482519403941 10 -1
1482519404667 1 -1
1482519405420 3 -3
1482519406515 7 1
1482519408245 6 -1
1482519412572 6 1
1482519415990 7 -1
1482519416659 3 3
1482519417411 1 1
1482519418284 0 3
1482519418835 1 -1
1482519419515 3 -3
1482519420084 7 1
1482519422163 6 -1
1482519423995 7 -1
1482519425035 7 1
1482519425699 7 -1
1482519426293 3 3
1482519427499 10 1
1482519428459 3 -1
1482519429931 10 -1
1482519430419 3 -2
1482519431419 7 1
1482519432546 10 -1
1482519433778 9 1
1482519437122 10 1
1482519439155 7 -1
1482519439604 3 3
1482519440292 1 1
1482519441208 0 -1
1482519442594 4 2
1482519443370 6 1
1482519444194 9 1
1482519444867 9 -2
1482519446222 8 2
1482519447482 9 2
1482519448338 2 2
1482519449122 10 -3
1482519451938 0 -1
1482519454954 0 -1
1482519457324 1 -1
1482519457810 3 -3
1482519458595 7 1
1482519459682 7 -2
1482519460233 3 3
1482519461466 1 1
1482519462435 5 -1
1482519464050 1 -1
1482519464874 1 1
1482519466634 0 1
1482519467577 0 -1
1482519468337 0 1
1482519468777 0 -1
1482519469803 1 -1
1482519470369 3 -3
1482519471322 5 1
1482519472330 7 2
1482519473921 7 -1
1482519474625 3 3
1482519475170 1 1
1482519475665 0 2
1482519478233 10 3
1482519478833 0 -2
1482519479657 9 -2
1482519480057 2 -2
1482519482267 0 2
1482519483056 8 -2
1482519484192 4 -2
1482519484552 0 1
1482519485578 10 -1
1482519486226 1 -1
1482519486698 3 -3
1482519487818 7 1
1482519489017 9 1
1482519490906 9 -1
1482519492936 7 -1
1482519493520 3 3
1482519494528 1 1
1482519495082 10 2
1482519497130 9 1
1482519498288 9 -1
1482519498864 0 -1
1482519499536 4 2
1482519499993 9 2
1482519500930 10 -3
1482519503305 8 2
1482519503944 2 2
1482519504512 10 -1
1482519505161 0 -2
1482519506432 1 -1
1482519507144 3 -3
1482519507872 7 1
1482519510648 7 -1
1482519514336 3 3
1482519515153 7 -1
1482519515680 5 -1
1482519516255 3 -3
1482519516896 6 2
1482519518816 9 1
1482519519498 1 -1
1482519521215 5 -3
1482519522472 3 2
1482519523151 1 1
1482519523672 7 1
1482519524047 4 1
1482519525431 9 -1
1482519526065 6 -2
1482519526560 3 1
1482519527359 1 1
1482519527831 0 3
1482519528864 10 1
1482519529705 10 1
1482519530167 9 -2
1482519530713 2 -2
1482519532136 1 -1
1482519532623 3 -3
1482519533313 6 2
1482519533687 0 2
