1482909222140 4 -2
1482909222925 6 2
1482909225814 6 -2
1482909226503 5 1
1482909227427 3 2
1482909228136 1 1
1482909228669 7 2
1482909229466 0 3
1482909235620 0 -1
1482909236119 4 2
1482909236681 8 2
1482909237248 9 2
1482909238050 2 2
1482909239116 10 -3
1482909240410 0 -2
1482909241123 1 -1
1482909241716 3 -3
1482909242990 7 -1
1482909243534 5 -1
1482909244082 6 2
1482909245388 9 1
1482909246057 1 -1
1482909246795 5 -3
1482909248735 6 -1
1482909249235 3 3
1482909250117 1 2
1482909250756 0 1
1482909251902 9 -1
1482909254834 7 1
1482909255219 4 1
1482909255766 0 2
1482909256490 1 -1
1482909256990 3 -3
1482909257532 6 1
1482909258235 0 2
