1480175545428 4 -2
1480175546188 6 -1
1480175547105 5 1
1480175547777 7 2
1480175549025 4 2
1480175549810 8 1
1480175550342 6 1
1480175550982 8 1
1480175551526 9 2
1480175552146 2 2
1480175554520 3 2
1480175555268 1 1
1480175555924 0 2
1480175556868 10 -3
1480175558224 0 -2
1480175559089 1 -1
1480175559661 3 -3
1480175560713 7 1
1480175562098 7 -2
1480175562826 3 3
1480175563438 1 1
1480175564310 0 1
1480175566091 7 1
1480175566691 0 1
1480175567559 10 4
1480175568152 9 -2
1480175568746 2 -2
1480175569458 8 -2
1480175570130 4 -2
1480175570702 6 -1
1480175571502 0 1
1480175572567 1 -1
1480175573371 10 -1
1480175573991 3 -3
1480175574655 7 1
1480175576712 6 1
1480175578725 6 -1
1480175579889 7 -1
1480175580589 3 3
1480175582750 1 1
1480175583222 10 1
1480175583862 0 -3
1480175585675 4 2
1480175586455 8 1
1480175587364 9 2
1480175588000 2 1
1480175588632 0 2
1480175589232 10 -3
1480175591029 10 3
1480175591517 0 -2
1480175592049 9 -2
1480175592581 2 -1
1480175593177 8 -1
1480175593890 7 -2
1480175594374 1 -1
1480175595114 3 -1
1480175595686 5 -1
1480175596590 6 3
1480175597714 7 1
1480175598230 8 2
1480175598878 9 3
1480175599531 2 2
1480175600696 1 -1
1480175601480 10 -1
1480175602048 3 -2
1480175602673 5 -1
1480175603394 4 2
1480175605086 4 -2
1480175605654 5 1
1480175606214 1 1
1480175606967 9 -3
1480175607543 2 -2
1480175608479 8 -2
1480175608967 7 -1
1480175609484 4 -2
1480175612232 3 2
1480175612957 10 1
1480175614513 10 -1
1480175615033 3 -2
1480175616062 7 1
1480175616734 9 1
1480175617698 4 2
1480175618278 8 2
1480175618819 9 2
1480175619779 1 -2
1480175620723 5 -1
1480175623556 4 2
1480175624676 3 1
1480175625189 4 -2
1480175625717 3 1
1480175626597 10 1
1480175627882 1 1
1480175628670 2 2
1480175630507 2 -2
1480175631191 8 -2
1480175632495 4 1
1480175634064 4 -1
1480175634572 6 -1
1480175635156 5 1
1480175635712 3 1
1480175636396 10 -1
1480175636965 1 2
1480175637817 0 1
1480175638913 8 2
1480175639730 2 2
1480175640254 9 -3
1480175641078 7 -1
1480175641610 4 -1
1480175645900 6 -1
1480175650167 7 1
1480175650707 4 1
1480175652776 2 -2
1480175654240 7 -2
1480175655037 0 1
1480175655673 10 -1
1480175657362 4 -1
1480175658535 5 1
1480175659471 4 1
1480175661136 10 2
1480175661632 0 -2
1480175662296 7 3
1480175663340 0 2
1480175663928 9 2
1480175664505 8 -2
1480175665113 6 -1
1480175666814 10 -3
1480175668663 8 1
1480175669827 2 1
1480175670756 10 3
1480175671248 0 -2
1480175672052 1 -1
1480175672504 7 -1
1480175673269 3 -1
1480175673717 5 -1
1480175674321 6 3
1480175677006 2 -1
1480175677502 8 -1
1480175677935 9 -2
1480175678771 7 -1
1480175679279 4 -2
1480175681917 7 1
1480175682425 4 2
1480175683065 9 3
1480175684670 8 2
1480175685763 1 -2
1480175687247 5 -1
1480175690720 10 -1
1480175691292 3 -2
1480175692209 4 2
1480175694606 1 1
1480175695190 8 -2
1480175696974 6 -1
1480175697467 4 -2
1480175698051 5 1
1480175698955 3 3
1480175699559 1 2
1480175702364 9 -3
1480175703020 7 -1
1480175705249 4 -2
1480175705825 6 -2
1480175711411 5 1
1480175712521 7 2
1480175713285 4 2
1480175718106 9 2
1480175718670 8 1
1480175719246 2 1
1480175720211 0 2
1480175720763 10 -2
1480175721707 10 3
1480175722239 0 -2
1480175722783 9 -2
1480175723191 2 -1
1480175723796 8 -1
1480175724552 4 -2
1480175725920 7 -2
1480175726653 5 -1
1480175727897 1 -1
1480175728769 3 -1
1480175729534 6 3
1480175730286 10 -1
1480175730838 3 -2
1480175733833 6 -3
1480175734742 5 1
1480175735499 7 3
1480175745583 4 2
1480175746147 6 1
1480175746835 9 2
1480175747487 8 2
1480175750254 7 -2
1480175750742 5 -1
1480175751346 6 2
1480175752123 9 1
1480175753023 2 2
1480175754220 1 -1
1480175754796 2 -1
1480175755604 2 -1
1480175756168 1 -1
1480175756961 5 -1
1480175759101 1 1
1480175759641 5 1
1480175760134 1 1
1480175760814 9 -3
1480175761586 8 -2
1480175762474 8 2
1480175763251 7 -2
1480175765219 7 2
1480175765759 9 3
1480175766984 2 2
1480175768820 1 -1
1480175769695 3 2
1480175770635 10 1
1480175778414 10 -1
1480175778902 3 -2
1480175779667 5 -1
1480175780371 4 2
1480175782120 2 -2
1480175783100 1 -1
1480175787253 6 -1
1480175787721 4 -2
1480175788402 3 3
1480175789046 5 1
1480175790067 1 3
1480175792120 9 -3
1480175794385 0 1
1480175797174 9 3
1480175797894 2 2
1480175798535 2 -2
1480175799099 8 -2
1480175799711 9 -3
1480175800771 7 -1
1480175801388 4 -2
1480175801980 6 -2
1480175805401 7 1
1480175807762 7 -1
1480175808657 5 1
1480175809606 7 2
1480175810382 0 2
1480175811450 1 -1
1480175811942 10 -1
1480175812862 3 -3
1480175816079 10 1
1480175818143 9 1
1480175819908 6 1
1480175821188 7 1
1480175823289 7 -1
1480175824189 3 3
1480175825486 3 -3
1480175831125 9 -1
1480175832650 3 3
1480175833322 1 1
1480175833834 0 -3
1480175835435 4 2
1480175837415 9 2
1480175838039 8 2
1480175838663 2 2
1480175839319 0 2
1480175839987 10 -3
1480175840868 0 -2
1480175841932 1 -1
1480175842424 7 -1
1480175843284 3 -3
1480175844578 5 -1
1480175845391 6 2
1480175846743 9 1
1480175847635 1 -1
1480175848180 5 -3
1480175849432 1 1
1480175850032 7 2
1480175850632 4 2
1480175854862 1 -1
1480175855610 5 1
1480175856915 5 -1
1480175857435 1 1
1480175874837 1 -1
1480175875657 5 1
1480175876761 5 -1
1480175877270 1 1
1480175878018 9 -1
1480175878854 6 -2
1480175879426 4 -2
1480175879954 7 -2
1480175880875 3 3
1480175881579 1 1
1480175882163 0 1
1480175886649 0 -1
1480175887221 1 -1
1480175888053 3 -3
1480175888777 7 2
1480175889349 4 2
1480175889978 6 2
1480175890862 9 1
1480175891922 1 -1
1480175893175 7 -2
1480175893783 4 -2
1480175894348 6 -1
1480175895096 5 3
1480175895817 3 3
1480175896393 1 2
1480175899622 0 1
1480175900446 0 -1
1480175901082 1 -2
1480175902471 5 -3
1480175903139 3 -3
1480175903831 1 1
1480175904344 7 2
1480175904836 4 2
1480175905352 6 1
1480175906597 9 -1
