1480593008594 3 -1
1480593010618 5 1
1480593011594 7 3
1480593012346 8 2
1480593013657 9 2
1480593015121 9 -2
1480593017081 7 -3
1480593017778 5 -1
1480593018409 6 2
1480593019049 7 1
1480593021105 8 -2
1480593088058 9 3
1480593088715 8 2
1480593089642 1 -2
1480593090970 5 -1
1480593092538 4 2
1480593094458 8 -1
1480593095019 1 1
1480593095666 8 -1
1480593097570 3 1
1480593101506 6 -1
1480593102986 4 -2
1480593103786 3 2
1480593104490 10 1
1480593108890 8 2
1480593110050 2 2
1480593110962 5 1
1480593111667 1 2
1480593354321 0 1
1480593357537 9 -3
1480593358826 2 -2
1480593360289 7 -2
1480593361241 0 1
1480593366393 10 -2
1480593470122 10 1
1480593470834 0 -1
1480593472059 7 2
1480593473850 8 -2
1480593477347 8 2
1480593479202 8 -1
1480593480122 6 -2
1480593481114 5 1
1480593481826 7 1
1480593482498 0 1
1480593483786 8 -1
1480593484475 4 -2
1480593485187 0 1
1480593487347 10 -1
1480593488019 1 -1
1480593488738 3 -3
1480593495074 7 1
1480593496946 10 1
1480593499411 6 1
1480593501018 10 -1
1480593502154 7 -1
1480593502690 3 3
1480593503219 1 1
1480593503730 10 2
1480593504955 0 -1
1480593505794 4 2
1480593507866 9 2
1480593510642 8 2
1480593511322 2 2
1480593512282 10 -4
1480593516922 0 -1
1480593518211 7 -1
1480593518859 5 -1
1480593519458 6 1
1480593521562 9 1
1480593523434 0 -1
1480593524210 1 -2
1480593525098 5 -3
1480593525938 3 -3
1480593528658 6 1
1480593529354 4 2
1480593530098 7 2
1480593531898 1 1
1480593533538 9 -1
1480593535737 9 1
1480593536850 9 -1
1480593539001 9 1
1480593539777 1 -1
1480593543409 1 1
1480593544266 9 -1
1480593545473 6 -2
1480593546874 4 -2
1480593547537 7 -2
1480593548121 3 3
1480593549169 1 1
1480593550304 7 1
1480593550825 4 1
1480593551586 6 1
1480593553530 0 3
1480593554146 1 -1
1480593554825 3 -3
1480593555401 6 1
1480593556977 0 2
