1482322101918 6 2
1482322102856 4 -2
1482322104673 3 1
1482322106763 3 -2
1482322108187 6 -3
1482322109790 5 1
1482322110617 7 3
1482322112877 9 1
1482322113822 R
1482322117139 6 2
1482322118167 4 -2
1482322120689 3 1
1482322123781 10 1
1482322125743 7 1
1482322126254 9 1
1482322128972 R
1482322132688 6 2
1482322133248 7 1
1482322133747 9 3
1482322134699 1 -1
1482322135947 5 -1
1482322137003 4 2
1482322140276 4 -2
1482322140892 5 1
1482322141260 3 1
1482322141748 10 1
1482322143010 1 1
1482322144625 9 -3
1482322145497 7 -1
1482322145897 4 -2
1482322147059 R
1482322150354 8 2
1482322150788 2 2
1482322152161 2 -1
1482322152624 7 -1
1482322154627 6 2
1482322155425 4 -1
1482322158714 7 2
1482322159089 4 1
1482322160358 9 3
1482322161041 2 1
1482322163033 1 -1
1482322163687 1 1
1482322164763 1 -1
1482322165161 1 1
1482322165948 3 1
1482322166982 2 -2
1482322167561 1 -2
1482322168559 10 1
1482322169511 5 -1
1482322170364 4 1
1482322172085 R
1482322180789 5 1
1482322182033 7 2
1482322182505 4 -2
1482322185800 3 2
1482322186371 1 1
1482322186871 0 3
1482322188220 1 -1
1482322189403 3 -3
1482322189920 7 1
1482322192025 7 -1
1482322193069 3 3
1482322193763 10 1
1482322194059 1 1
1482322195182 10 -2
1482322195594 1 -1
1482322196886 1 1
1482322197355 0 -1
1482322197898 0 1
1482322199312 R
1482322200482 6 2
1482322200989 4 -2
1482322204304 6 -3
1482322205106 5 1
1482322206376 3 2
1482322207448 1 1
1482322210791 7 2
1482322211950 0 3
1482322215707 10 -1
1482322216548 1 -1
1482322217186 3 -3
1482322218123 7 1
1482322219063 6 1
1482322221181 6 -1
1482322222126 R
1482322224034 6 2
1482322226715 8 2
1482322227311 4 -1
1482322229141 7 -1
1482322232140 R
1482322232870 6 -1
1482322233278 4 -2
1482322234025 5 1
1482322236619 3 2
1482322239047 3 -3
1482322240166 7 2
1482322242422 4 2
1482322243113 6 1
1482322244090 8 2
1482322246068 2 1
1482322246871 7 -3
1482322249193 3 3
1482322252176 3 -3
1482322255826 7 4
1482322256959 4 -1
1482322257641 8 -1
1482322258710 2 -1
1482322259018 8 -1
1482322259370 4 -1
1482322261807 7 -3
1482322262897 3 3
1482322263427 1 1
1482322264974 7 2
1482322266285 0 3
1482322266877 6 -1
1482322267902 1 -1
1482322268445 10 -1
1482322269098 3 -3
1482322270223 7 1
1482322272116 7 -1
1482322273645 3 3
1482322275294 10 2
1482322275684 1 1
1482322276388 0 -3
1482322277963 7 -2
1482322278366 5 -1
1482322278779 6 2
1482322279752 4 2
1482322280433 7 1
1482322281572 0 1
1482322283272 8 2
1482322283639 2 2
1482322283993 9 3
1482322285583 9 -3
1482322286162 2 -2
1482322289925 0 -1
1482322292876 7 -2
1482322293394 0 2
1482322293920 10 -2
1482322297530 10 2
1482322297935 0 -2
1482322298399 1 -1
1482322298883 7 2
1482322299457 9 3
1482322300458 1 -2
1482322302338 3 -1
1482322302639 5 -1
1482322303347 6 1
1482322303694 4 1
1482322310082 8 -1
1482322313792 10 -1
1482322314676 3 -2
1482322315336 3 2
1482322316665 3 -2
1482322319242 4 -1
1482322319608 5 1
1482322320099 1 2
1482322321202 8 -1
1482322321638 9 -3
1482322322565 7 -1
1482322322950 4 -2
1482322326020 R
1482322327463 3 2
1482322327823 5 1
1482322329594 7 2
1482322330171 1 1
1482322331269 0 2
1482322331712 4 -2
1482322332108 6 -1
1482322332801 0 1
1482322333323 1 -1
1482322333645 10 -1
1482322334094 3 -3
1482322336165 3 3
1482322336589 1 1
1482322336915 10 2
1482322337252 0 -3
1482322341451 0 2
1482322344197 10 -2
1482322345455 4 2
1482322348108 9 2
1482322349265 8 1
1482322352761 8 -1
1482322353171 10 -1
1482322357817 10 1
1482322360405 10 -1
1482322361123 8 1
1482322361949 10 1
1482322362760 2 1
1482322363226 10 -1
1482322364735 R
1482322366558 4 -2
1482322366906 6 -1
1482322368640 5 1
1482322369425 7 2
1482322371208 3 2
1482322371585 1 1
1482322372583 0 3
1482322375031 10 -1
1482322375371 1 -1
1482322376154 1 1
1482322376497 0 -1
1482322377379 4 2
1482322377790 6 1
1482322378863 8 2
1482322379245 2 2
1482322380291 9 2
1482322383385 10 2
1482322387132 2 -2
1482322387550 9 -2
1482322387940 8 -2
1482322388779 4 -2
1482322389416 6 -1
1482322390686 0 1
1482322394165 0 -2
1482322394555 7 -2
1482322395066 5 -1
1482322397023 6 2
