1479646563805 4 -2
1479646565191 6 -1
1479646568754 3 -1
1479646571619 5 1
1479646575790 3 3
1479646578756 1 1
1479646581529 7 2
1479646583331 0 3
1479646584718 1 -1
1479646586571 3 -3
1479646588706 10 -1
1479646592713 9 1
1479646593970 9 -1
1479646598626 10 1
1479646602354 3 3
1479646604095 1 1
1479646606928 0 -1
1479646611980 0 -2
1479646615523 1 -1
1479646617354 7 -1
1479646618954 5 -1
1479646620776 3 -1
1479646624341 6 3
1479646635251 10 1
1479646636708 10 -1
1479646638147 3 -2
1479646642680 3 2
1479646644625 9 1
1479646649490 6 -3
1479646651869 3 1
1479646653224 1 1
1479646654593 5 1
1479646656140 7 1
1479646659491 0 3
1479646663532 0 -1
1479646664515 0 1
1479646668898 9 -1
1479646676560 1 -1
1479646678866 3 -3
1479646686183 3 2
1479646686890 R
1479646694430 6 2
1479646695778 4 -2
1479646698490 3 -1
1479646704380 6 -2
1479646705829 5 1
1479646707438 7 3
1479646710757 9 1
1479646713998 7 -1
1479646715910 3 3
1479646717429 1 1
1479646723729 0 3
1479646733309 1 -1
1479646735516 3 -3
1479646738635 7 1
1479646744008 6 -1
1479646746306 9 -1
1479646749089 10 -1
1479646752481 7 -1
1479646754759 3 3
1479646762849 1 1
1479646765724 0 -1
1479646767241 10 1
1479646768841 0 -1
1479646770187 7 -2
1479646771867 4 2
1479646773860 8 1
1479646775348 2 1
1479646777303 0 -1
1479646778699 1 -1
1479646782738 7 1
1479646785319 2 -1
1479646787698 8 -1
1479646789661 4 -2
1479646794338 5 -1
1479646796028 3 -3
1479646800849 6 3
1479646803388 7 -1
1479646805343 7 1
1479646808551 4 1
1479646809898 8 2
1479646813229 4 1
1479646815062 9 3
1479646816856 1 -2
1479646820042 3 2
1479646823634 1 2
1479646826840 6 -1
1479646828116 3 1
1479646829887 1 1
1479646832034 0 1
1479646834351 9 -3
1479646839125 7 -2
1479646841149 4 -1
1479646842941 0 1
1479646847106 0 -1
1479646851255 7 1
1479646853574 8 -2
