1481234085663 8 2
1481234087484 7 -1
1481234091907 3 -1
1481234092796 5 1
1481234094154 7 4
1481234096455 4 -1
1481234100856 8 -2
1481234102337 4 -1
1481234120565 4 2
1481234125826 8 2
1481234130583 2 2
1481234137476 7 -3
1481234141958 3 1
1481234152493 3 2
1481234154213 10 1
1481234155335 1 1
1481234162156 2 -2
1481234166449 7 -1
1481234167970 0 2
1481234169697 10 -2
1481234171620 10 2
1481234173824 0 -2
1481234182150 7 2
1481234183523 7 1
1481234187580 8 -2
1481234189815 4 -2
1481234197619 0 3
1481234200934 10 -2
1481234202331 1 -1
1481234204658 3 -3
1481234206913 7 1
1481234213321 6 -1
1481234218728 7 -1
1481234219877 3 3
1481234221298 1 1
1481234226178 10 2
1481234234558 0 -2
1481234236069 7 -2
1481234238311 0 -1
1481234239386 1 -1
1481234240425 3 -1
1481234241550 5 -1
1481234242736 6 3
1481234243947 4 2
1481234244750 8 1
1481234247173 8 1
1481234248111 7 1
1481234249035 9 3
1481234250656 1 -2
1481234257967 1 2
1481234258994 10 -1
1481234260607 3 -2
1481234265842 1 -2
1481234266944 5 -1
1481234268021 4 2
1481234279289 1 1
1481234304806 4 -2
1481234305884 5 1
1481234312272 1 1
1481234313735 9 -3
1481234314691 8 -2
1481234324569 6 -3
1481234333335 4 -2
1481234334283 7 -1
1481234339580 6 2
1481234343003 6 -1
1481234345402 6 2
1481234349795 6 -2
1481234351122 3 3
1481234352733 1 1
1481234356785 5 1
1481234358045 7 2
1481234359510 0 3
1481234362088 10 -1
1481234368478 9 1
1481234370483 10 2
1481234372070 1 -1
1481234373224 10 -1
1481234374371 3 -3
1481234376350 7 1
1481234381185 9 -1
1481234384030 6 -1
1481234397595 7 -1
1481234402243 3 3
1481234403989 1 1
1481234405637 0 -2
1481234407426 4 2
1481234408955 6 1
1481234411846 8 2
1481234412925 2 2
1481234414108 9 2
1481234415017 0 1
1481234416265 10 -3
1481234433368 0 -2
1481234436317 1 -1
1481234437491 3 -3
1481234440662 7 -1
1481234441736 5 -1
1481234443198 6 2
1481234448093 9 1
1481234457572 3 2
1481234458638 6 -1
1481234462458 3 -2
1481234464805 1 -1
1481234465905 5 -3
1481234467830 1 1
1481234469063 7 2
1481234471868 7 -1
1481234473824 4 1
1481234477302 3 3
1481234480559 3 -1
1481234481683 6 1
1481234496622 3 -2
1481234499969 9 -1
1481234506195 4 -1
1481234507692 7 -1
1481234510549 6 -2
1481234511956 3 3
1481234513668 1 1
1481234514677 7 1
1481234515683 4 1
1481234517191 0 3
1481234518396 1 -1
1481234519316 3 -3
1481234520508 6 2
1481234523407 0 2
