1482818829762 3 -1
1482818831823 5 1
1482818833086 7 1
1482818835532 7 1
1482818836869 7 1
1482818839150 8 2
1482818844866 7 -1
1482818846298 7 -1
1482818847601 5 -1
1482818848826 6 2
1482818850513 9 3
1482818852389 1 -2
1482818855401 3 1
1482818856602 3 1
1482818857801 10 1
1482818867456 10 -1
1482818868471 3 -1
1482818869627 3 -1
1482818870720 5 -1
1482818872196 4 2
1482818876504 8 -1
1482818877283 1 1
1482818878727 8 -1
1482818880052 6 -1
1482818880987 4 -2
1482818882418 5 1
1482818883310 3 3
1482818884868 1 2
1482818885968 0 1
1482818887701 9 -3
1482818889824 6 -2
1482818890757 4 -2
1482818895531 7 -1
1482818896608 5 1
1482818897843 5 -1
1482818902333 5 1
1482818903275 7 2
1482818904441 0 2
1482818906496 1 -1
1482818907442 10 -1
1482818908365 3 -2
1482818908944 3 -1
1482818910320 7 1
1482818915258 10 1
1482818917657 7 -1
1482818919023 3 3
1482818920856 1 1
1482818923021 9 1
1482818924039 10 -1
1482818925051 1 -1
1482818926155 3 -3
1482818928531 7 1
1482818931082 9 -1
1482818932093 10 1
1482818933461 7 -1
1482818934378 3 2
1482818935568 10 1
1482818938758 3 1
1482818939871 1 1
1482818941169 9 1
1482818944398 1 -1
1482818945415 10 -2
1482818946702 3 -2
1482818948371 3 -1
1482818949581 7 1
1482818952035 10 1
1482818953229 9 -1
1482818954986 7 -1
1482818955964 3 1
1482818957006 3 2
1482818958186 1 1
1482818959275 0 -2
1482818961124 4 2
1482818962326 8 1
1482818963151 6 1
1482818964256 8 1
1482818965474 2 2
1482818966340 9 1
1482818967412 9 1
1482818968373 0 1
1482818969541 10 -3
1482818978113 0 -1
1482818979449 7 -1
1482818980518 5 -1
1482818981512 6 1
1482818982792 9 1
1482818985366 0 -1
1482818986936 1 -2
1482818987931 3 -2
1482818989141 5 -3
1482818990617 1 1
1482818991626 7 1
1482818992836 4 2
1482818993831 6 1
1482818995166 3 -1
1482818996065 7 1
1482818997423 9 -1
1482819000356 6 -2
1482819001666 4 -2
1482819002551 7 -2
1482819003780 3 3
1482819004965 1 1
1482819006308 0 1
1482819010372 0 -1
1482819011590 1 -1
1482819014252 3 -3
1482819015645 7 2
1482819017038 4 2
1482819017977 6 2
1482819019116 9 1
1482819019973 1 -1
1482819021116 5 1
1482819024170 R
1482819038499 6 2
1482819039918 4 -2
1482819045427 7 1
1482819048577 4 1
1482819049825 8 1
1482819050740 8 1
1482819051997 2 1
1482819052985 2 1
1482819053859 9 1
1482819055458 3 -1
1482819057487 6 -2
1482819058394 4 1
1482819059515 9 1
1482819061542 5 1
1482819062553 7 1
1482819063798 7 1
1482819065191 9 -1
1482819066818 4 -1
1482819067709 9 -1
1482819068640 2 -2
1482819070198 8 -2
1482819071879 4 -1
1482819073292 6 -1
1482819074749 7 -3
1482819076212 3 2
1482819077548 3 1
1482819078587 1 1
1482819079650 0 1
1482819081458 5 -1
1482819082931 7 1
1482819084340 9 1
1482819085948 4 2
1482819087041 6 1
1482819088180 6 1
1482819089535 8 2
1482819091870 9 2
1482819092938 2 2
1482819094201 10 1
1482819097153 9 -2
1482819098218 9 -1
1482819099337 7 -1
1482819100248 4 -1
1482819101088 6 -1
1482819102364 10 -1
1482819104142 5 1
1482819105169 7 2
1482819106457 9 1
1482819107475 0 1
1482819110215 2 -2
1482819111364 8 -2
1482819112454 4 -1
1482819114167 6 -1
1482819115131 0 1
1482819116197 1 -1
1482819117068 10 -1
1482819118379 3 -2
1482819120156 3 -1
1482819121243 7 1
1482819128505 10 1
1482819129607 9 -1
1482819132977 6 1
1482819133842 6 -1
1482819134878 7 -1
1482819136081 3 3
1482819137124 1 1
1482819140503 0 -1
1482819141612 4 1
1482819142623 4 1
1482819143790 8 1
1482819144671 2 1
1482819146835 10 -1
1482819148092 9 1
1482819149933 9 1
1482819150852 10 -1
1482819153103 6 1
1482819154235 8 1
1482819155094 2 1
1482819156134 10 -1
1482819157473 0 -1
1482819158715 7 -1
1482819159798 5 -1
1482819160977 6 1
1482819161982 9 1
1482819164467 9 -1
1482819165563 6 -1
1482819166542 5 1
1482819167299 7 1
1482819168539 0 1
1482819169663 0 -2
1482819170987 1 -1
1482819171852 7 -1
1482819172984 5 -1
1482819173897 6 1
1482819174896 9 1
1482819175882 1 -1
1482819177978 3 -2
1482819178950 3 -1
1482819180427 6 1
1482819182784 5 -2
1482819183756 5 -1
1482819184941 7 2
1482819186096 4 1
1482819188601 4 1
1482819189613 1 1
1482819194517 9 -1
1482819199089 9 1
1482819200235 1 -1
1482819201520 7 -2
1482819203651 1 1
1482819205100 1 -1
1482819208181 7 1
1482819209974 7 1
1482819211863 1 1
1482819213048 9 -1
1482819214195 6 -2
1482819215152 4 -2
1482819217231 7 -1
1482819218123 7 -1
1482819219283 3 2
1482819221489 3 1
1482819223754 1 1
1482819224868 0 1
1482819227677 7 1
1482819228584 4 1
1482819229460 0 2
1482819232220 10 1
1482819233200 10 1
1482819234068 2 -2
1482819235238 8 -1
1482819236518 6 -1
1482819239111 10 -1
1482819240125 1 -1
1482819241190 3 -2
1482819242718 6 3
1482819243944 0 2
