1482333951827 3 -1
1482333959026 3 3
1482333960251 3 -3
1482333961490 6 2
1482333962554 4 -2
1482333972026 R
1482333977122 8 2
1482333979122 7 -1
1482333980930 2 1
1482333991505 6 2
1482333993321 4 -1
1482333994746 6 -2
1482333997201 4 1
1482333999809 5 1
1482334003018 3 2
1482334005657 7 3
1482334009267 10 1
1482334010385 10 -1
1482334011585 1 1
1482334014074 0 2
1482334015993 9 2
1482334018473 2 -1
1482334022025 10 1
1482334025225 2 2
1482334030715 10 -4
1482334031443 R
1482334034586 4 -2
1482334035674 6 -1
1482334036778 6 3
1482334040106 R
1482334055250 R
1482334063298 5 1
1482334065323 5 -1
1482334073586 5 1
1482334074417 5 -1
1482334075617 R
1482334076514 R
1482334087458 5 1
1482334089089 5 -1
1482334089881 3 -1
1482334091544 6 2
1482334092888 4 -1
1482334096705 4 1
1482334097712 8 2
1482334099000 2 2
1482334100066 7 1
1482334100827 9 3
1482334103545 1 -1
1482334104249 1 1
1482334108728 2 -2
1482334111072 9 -3
1482334112608 8 -2
1482334113952 7 -1
1482334115576 4 -2
1482334117024 6 -3
1482334122360 3 3
1482334123432 10 1
1482334124127 1 1
1482334131952 10 -1
1482334137872 R
1482334147167 3 2
1482334148895 1 1
1482334152312 6 1
1482334154231 8 2
1482334156615 0 1
1482334158248 7 -1
1482334162495 0 1
1482334165159 0 -2
1482334166456 1 -1
1482334167727 3 -3
1482334172712 R
1482334185335 4 -2
1482334188391 3 -1
1482334189239 5 1
1482334191807 7 3
1482334195311 7 -3
1482334197375 3 3
1482334199671 1 1
1482334204031 0 1
1482334205783 7 2
1482334212407 0 2
1482334213775 1 -1
1482334215031 3 -3
1482334223671 3 3
1482334239382 10 -1
1482334239999 1 1
1482334243431 R
1482334250071 3 -1
1482334250871 3 3
1482334253022 1 1
1482334256446 8 2
1482334257567 7 -1
1482334276982 0 2
1482334278599 10 -1
1482334283431 R
1482334286566 6 2
1482334299054 8 2
1482334300358 4 -1
1482334302022 7 -1
1482334303942 3 -1
1482334306334 3 2
1482334310222 R
1482334323542 3 -1
1482334326141 3 3
1482334328870 7 1
1482334330213 6 1
1482334332254 9 3
1482334338125 1 1
1482334339605 0 1
1482334342565 9 -3
1482334348958 R
1482334367294 3 2
1482334373213 6 -1
1482334374621 6 2
1482334376574 6 -2
1482334377757 6 2
1482334387910 7 1
1482334397517 1 1
1482334405125 8 2
1482334406661 7 -2
1482334412613 R
1482334415357 3 -1
1482334419933 5 1
1482334424981 7 3
1482334430124 8 2
1482334442604 7 -4
1482334446644 3 3
1482334456012 1 1
1482334457068 R
1482334465940 5 1
1482334467516 8 2
1482334470108 7 -1
1482334478820 7 3
1482334487155 9 2
1482334489012 9 -2
1482334490091 9 2
1482334490699 9 -2
1482334492213 R
1482334495267 6 2
1482334499827 3 -1
1482334502091 7 1
1482334514275 6 -3
1482334515508 5 1
1482334516619 7 2
1482334524787 7 -3
1482334531732 4 -2
1482334533108 5 -1
1482334537963 3 3
1482334539059 1 1
1482334539995 0 1
1482334546691 R
1482334565091 3 2
1482334566186 1 1
1482334566866 0 1
1482334572419 0 -1
1482334573411 1 -1
1482334585579 6 1
1482334587939 7 1
1482334596019 9 3
1482334597835 1 1
1482334599276 0 1
1482334605178 9 -3
1482334607690 6 -2
1482334610698 5 1
1482334611994 7 -1
1482334613058 4 -2
1482334614466 7 2
1482334617882 0 2
1482334621283 1 -1
1482334622547 3 -3
1482334629866 7 1
1482334631034 7 -1
1482334632690 10 -1
1482334637450 10 1
1482334639106 7 1
1482334639730 7 -1
1482334640346 6 1
1482334647762 6 -1
1482334649130 6 1
1482334651737 R
1482334653586 6 2
1482334656914 3 1
1482334658514 3 -2
1482334660066 R
1482334662130 3 2
1482334666275 7 1
1482334667770 7 -1
1482334668594 8 2
1482334669522 7 -1
1482334670898 1 1
1482334672001 0 2
1482334677729 10 -1
1482334679858 R
1482334685041 7 1
1482334686969 6 2
1482334692681 8 2
1482334694081 6 -1
1482334696569 9 3
1482334698129 1 -2
1482334701241 1 2
1482334703602 3 2
1482334705093 1 1
1482334706145 9 -3
1482334707505 7 -2
1482334711321 4 -1
1482334714897 0 2
1482334716249 10 1
1482334717345 4 1
1482334717955 4 -1
1482334718930 6 -1
1482334721201 R
1482334735504 3 2
1482334738385 6 1
1482334740241 7 1
1482334744057 8 2
1482334745089 9 3
1482334748266 1 1
1482334749577 9 -3
1482334750570 7 -2
1482334754681 7 1
1482334756459 7 1
1482334759171 9 3
1482334760792 8 -2
1482334762457 9 -3
1482334764403 6 -2
1482334765618 4 -2
1482334766786 7 -1
1482334769664 1 -1
1482334770306 1 1
1482334771337 R
1482334776921 6 1
1482334779424 7 1
1482334781025 9 3
1482334782017 8 2
1482334785513 3 2
1482334786424 1 1
1482334788208 9 -3
1482334790344 7 -2
1482334798920 R
1482334821137 6 2
1482334823503 6 -1
1482334825712 7 1
1482334838999 3 2
1482334840599 1 1
1482334843135 8 2
1482334843992 7 -2
1482334845089 7 2
1482334845857 9 3
1482334848792 0 1
1482334849368 9 -3
1482334850656 7 -2
1482334851375 0 1
1482334855223 4 -1
1482334858479 4 1
1482334859544 6 -1
1482334861039 5 1
1482334861815 5 -1
1482334863391 0 -2
1482334864432 5 1
1482334865431 4 -1
1482334866407 5 -1
1482334867120 6 1
1482334868024 4 1
1482334868772 7 2
1482334869833 9 3
1482334873759 1 -3
1482334875015 1 3
1482334875784 0 1
1482334876719 9 -3
1482334878215 7 -2
1482334879671 0 1
1482334881776 10 -1
1482334882951 10 2
1482334884992 10 -2
1482334887008 4 -1
1482334889887 R
1482334897239 4 -2
1482334899727 5 1
1482334902607 7 2
1482334903487 3 2
1482334905790 1 1
1482334910110 0 3
1482334912023 1 -1
1482334925071 3 -3
1482334927407 10 -1
1482334930087 3 3
1482334932030 1 1
1482334945286 R
1482334950623 8 2
1482334952191 7 -1
1482334965350 5 1
1482334967431 5 -1
1482334968510 6 2
1482334969310 4 -1
1482334972702 4 1
1482334974014 7 2
1482334974646 7 -2
1482334976190 3 1
1482334976919 6 -2
1482334977526 3 1
1482334978942 1 1
1482334980102 0 2
1482334988382 R
1482334990278 5 1
1482334991063 7 2
1482334991894 3 2
1482334992551 1 1
1482334993438 0 2
1482335002622 4 -2
1482335004078 0 1
1482335004967 1 -1
1482335013142 3 -3
1482335013880 7 1
1482335016488 6 -1
1482335019711 10 -1
1482335021606 7 -1
