1482735419235 3 -1
1482735433387 3 3
1482735441295 3 -3
1482735444315 8 2
1482735447845 7 1
1482735449678 9 2
1482735452326 6 2
1482735454243 9 1
1482735457152 1 -2
1482735459981 1 2
1482735462456 1 -2
1482735464050 5 -1
1482735466160 4 2
1482735473605 4 -2
1482735475215 3 2
1482735476564 10 1
1482735479223 4 1
1482735481116 1 1
1482735482813 8 -2
1482735484736 8 2
1482735490910 2 2
1482735494045 10 -1
1482735495760 3 -2
1482735498234 4 1
1482735509476 R
1482735526963 6 2
1482735529349 6 -2
1482735530041 6 -1
1482735537590 4 -2
1482735545676 3 2
1482735549529 1 1
1482735556519 0 1
1482735562864 6 2
1482735564234 4 2
1482735565711 8 2
1482735567125 7 -1
1482735568416 0 1
1482735569793 10 -1
1482735572609 4 -1
1482735575743 6 -1
1482735579063 5 1
1482735580813 4 1
1482735583328 10 2
1482735585712 0 -2
1482735588154 1 -1
1482735589792 10 -1
1482735591134 3 -3
1482735595205 7 3
1482735596732 7 1
1482735601131 8 -2
1482735603038 6 -1
1482735604831 4 -2
1482735608161 7 -3
1482735609871 3 3
1482735612560 1 1
1482735629486 7 2
1482735634444 0 3
1482735636005 1 -1
1482735638240 3 -3
1482735641362 7 1
1482735643285 6 1
1482735646595 10 -1
1482735652034 6 -1
1482735653980 7 -1
1482735656035 6 1
1482735658597 3 3
1482735662347 1 1
1482735671448 R
1482735682709 6 2
1482735684386 3 -1
1482735690569 8 2
1482735693173 7 -1
1482735696887 7 2
1482735698242 9 3
1482735714054 1 -2
1482735717355 5 -1
1482735728569 4 2
1482735734712 8 -1
1482735738016 R
1482735740206 8 2
1482735743451 8 -2
1482735754964 4 -2
1482735756138 6 -1
1482735759266 5 1
1482735764061 3 2
1482735766801 1 1
1482735772566 7 2
1482735777477 4 2
1482735781213 6 1
1482735785249 8 2
1482735789424 9 2
1482735790932 0 2
1482735796876 10 -2
1482735798479 8 -2
1482735800590 6 -1
1482735804388 10 3
1482735805664 9 -2
1482735811683 4 -2
1482735820602 0 1
1482735822398 1 -1
1482735823815 10 -2
1482735825268 3 -3
1482735827381 7 1
1482735836889 7 -1
1482735837949 3 3
1482735840144 1 1
1482735856534 1 -1
1482735857923 3 -3
1482735859347 7 1
