1481748222122 6 2
1481748224075 8 2
1481748225077 7 1
1481748225984 9 3
1481748227340 1 -2
1481748230364 3 1
1481748230971 6 -1
1481748231820 3 1
1481748232998 1 3
1481748233873 0 1
1481748235937 0 -1
1481748236706 9 -3
1481748238391 10 1
1481748239193 1 -1
1481748240157 3 -1
1481748240877 10 -1
1481748242720 3 -2
1481748244496 6 1
1481748246517 9 3
1481748247985 1 -2
1481748248938 5 -1
1481748249808 4 2
1481748255642 3 1
1481748256389 R
1481748257911 6 2
1481748258690 4 -2
1481748260492 3 1
1481748261456 10 1
1481748263195 10 -1
1481748263962 3 -2
1481748265956 6 -2
1481748266783 3 3
1481748267826 1 1
1481748270160 7 1
1481748270790 5 1
1481748271544 7 1
1481748274600 0 3
1481748278289 9 1
1481748282862 10 -1
1481748284392 0 -1
1481748285446 4 2
1481748286655 9 1
1481748289140 8 2
1481748289888 2 2
1481748290996 10 -2
1481748293428 0 -2
1481748296993 7 -1
1481748297762 1 -1
1481748298896 3 -3
1481748300788 5 -1
1481748301658 6 2
1481748302450 9 1
1481748311285 6 -1
1481748312401 3 3
1481748313233 1 1
1481748314395 0 1
1481748315612 0 -1
1481748317337 9 -1
1481748318621 6 -1
1481748319437 5 1
1481748320162 7 1
1481748321023 0 2
1481748323602 10 4
1481748324671 9 -2
1481748329505 0 -1
1481748330415 7 -2
1481748331008 4 -1
1481748331861 5 -1
1481748333293 6 1
1481748334863 2 -2
1481748335687 7 -1
1481748336555 0 1
1481748338811 10 -2
1481748344361 10 1
1481748345209 0 -2
1481748346715 7 2
1481748347939 1 -1
1481748349193 4 1
1481748350787 9 3
1481748351995 1 -2
1481748353211 5 -1
1481748357391 3 -3
1481748363133 3 1
1481748363997 4 2
1481748364657 6 1
1481748368321 1 1
1481748369813 8 -2
1481748375087 8 2
1481748375796 1 -1
1481748377935 3 -1
1481748379827 1 1
1481748381614 8 -2
1481748383833 3 1
1481748384333 4 -2
1481748385378 5 1
1481748386603 3 1
1481748387471 10 1
1481748388909 1 1
1481748390217 9 -3
1481748391127 7 -1
1481748391842 4 -2
1481748393705 4 1
1481748394668 8 2
1481748395837 7 -1
1481748398677 7 2
1481748399354 9 1
1481748401139 10 -1
1481748401888 3 -2
1481748403271 6 -2
1481748404020 5 1
1481748404981 7 2
1481748406597 9 -1
1481748408851 9 1
1481748409569 4 1
1481748410237 9 1
1481748414263 2 2
1481748415787 7 -2
1481748416512 5 -1
1481748417203 6 2
1481748419451 3 2
1481748420799 9 1
1481748422291 1 -1
1481748423409 10 1
1481748424425 5 -1
1481748426395 2 -2
1481748427159 1 -1
1481748430913 4 1
1481748433151 10 -1
1481748433861 3 -2
1481748434853 4 1
1481748438279 1 1
1481748439689 1 -1
1481748440457 R
1481748534145 3 -1
1481748535161 5 1
1481748536491 7 3
1481748537361 4 -2
1481748539825 4 2
1481748541173 9 2
1481748543427 7 -2
1481748544313 5 -1
1481748544959 6 2
1481748547045 9 1
1481748547726 8 2
1481748548703 1 -2
1481748553997 6 -1
1481748555289 3 3
1481748556389 1 3
1481748557869 0 1
1481748560293 2 2
1481748563357 9 -3
1481748564819 7 -1
1481748566567 4 -1
1481748567875 2 -2
1481748569108 7 -1
1481748570039 0 1
1481748574733 6 -1
1481748575781 5 1
1481748577443 0 -1
1481748578751 7 3
1481748581183 0 1
1481748585963 4 1
1481748587087 9 2
1481748588187 2 2
1481748589535 10 -3
1481748592113 0 -2
1481748594232 7 -1
1481748595431 5 -1
1481748596355 6 1
1481748597617 9 1
1481748602227 1 -2
1481748603173 5 -3
1481748604230 3 -3
1481748607191 6 1
1481748607999 4 2
1481748608747 7 2
1481748613983 1 1
1481748615159 9 -1
1481748616337 6 -2
1481748617591 4 -2
1481748618339 7 -2
1481748619777 3 3
1481748620740 1 1
1481748621571 0 1
1481748622079 7 1
1481748622655 4 1
1481748623757 0 2
1481748625797 1 -1
1481748626659 3 -3
1481748627605 6 2
1481748629821 0 2
