1479952438075 3 -3
1479952440396 6 1
1479952450228 6 -3
1479952451891 5 2
1479952453992 2 -2
1479952454833 5 1
1479952455699 7 3
1479952456692 3 3
1479952463211 9 2
1479952464893 9 -1
1479952466795 9 -1
1479952470380 3 -3
1479952471548 7 -4
1479952472933 5 -3
1479952474123 6 3
1479952475452 4 1
1479952476830 4 1
1479952483276 4 -2
1479952484291 6 -3
1479952485515 5 2
1479952487115 5 1
1479952495475 7 4
1479952498476 3 3
1479952499663 9 2
1479952500828 4 -1
1479952501804 8 3
1479952508509 8 -3
1479952510340 5 -4
1479952511572 7 -3
1479952513156 6 2
1479952514764 3 -2
1479952515686 6 1
1479952516475 4 3
1479952519332 0 2
1479952525044 0 -2
1479952530348 R
1479952557996 6 -2
1479952558922 2 -2
1479952560387 5 3
1479952561918 7 3
1479952570549 5 -3
1479952571437 7 -4
1479952572492 3 -3
1479952573787 6 3
1479952575343 4 2
1479952588476 4 -2
1479952589595 6 -3
1479952593499 2 4
1479952596883 6 3
1479952597979 4 2
1479952613231 7 2
1479952614043 3 1
1479952615060 9 2
1479952615899 5 -1
1479952617556 4 -3
1479952618566 6 -3
1479952619428 2 -4
1479952623075 7 2
1479952624149 3 2
1479952627684 7 -3
1479952628492 3 -2
1479952629499 6 3
1479952630411 4 3
1479952631547 0 2
1479952640500 0 -2
1479952642995 R
1479952685275 9 2
1479952686459 4 -1
1479952687228 5 -1
1479952688540 6 -2
1479952689556 2 -2
1479952692259 7 3
1479952698541 7 -3
1479952699364 3 -2
1479952700228 6 3
1479952701348 4 3
1479952710995 0 2
1479952716172 1 1
1479952718188 0 -1
1479952719236 5 2
1479952720540 9 -2
1479952721803 7 -1
1479952727099 R
1479952736100 3 -3
1479952737164 6 1
1479952738196 2 -2
1479952739339 4 2
1479952746963 R
1479952770283 3 -3
1479952771276 6 1
1479952773346 2 -2
1479952776291 4 2
1479952782634 9 1
1479952785612 9 -1
1479952786669 4 -2
1479952787740 6 -3
1479952790115 5 3
1479952792627 7 3
1479952793811 9 1
1479952794899 4 -1
1479952797364 5 -3
1479952798157 7 -2
1479952799171 6 3
1479952800178 4 3
1479952801355 0 1
1479952805421 3 1
1479952806461 9 1
1479952807156 5 -1
1479952808218 0 1
1479952820154 0 -2
1479952821044 4 -3
1479952822510 6 -3
1479952825059 7 2
1479952827795 3 2
1479952850875 7 -3
