1482811414389 7 -1
1482811415485 3 -2
1482811416661 6 1
1482811418477 2 -2
1482811419797 4 2
1482811422054 0 1
1482811422981 1 1
1482811425477 3 -1
1482811426717 5 1
1482811428469 7 2
1482811429861 9 1
1482811435949 R
1482811442901 6 -2
1482811444221 7 3
1482811445341 5 2
1482811446269 9 2
1482811447725 4 -1
1482811449949 2 -2
1482811450989 5 1
1482811454453 7 -3
1482811455749 5 -2
1482811456645 3 -2
1482811457653 6 3
1482811459453 4 3
1482811460325 0 1
1482811461165 1 1
1482811462549 9 -2
1482811463285 3 -1
1482811463973 7 -1
1482811465429 5 -1
1482811469109 3 1
1482811469757 7 1
1482811470701 9 1
1482811472525 9 -1
1482811474949 R
1482811477213 6 -2
1482811479805 6 2
1482811481437 3 -3
1482811482285 6 1
1482811483652 4 1
1482811485318 7 -1
1482811486493 5 1
1482811488037 7 2
1482811489093 9 1
1482811492861 2 -2
1482811493525 4 1
1482811494701 0 1
1482811495605 1 1
1482811496525 9 -1
1482811497741 7 -2
1482811498853 5 -1
1482811502789 1 -1
1482811504341 5 1
1482811507493 R
1482811514333 3 -3
1482811516477 6 1
1482811517285 2 1
1482811518117 2 1
1482811519148 4 2
1482811520933 0 1
1482811522101 1 1
1482811532205 7 -1
1482811532909 3 1
1482811533901 5 1
1482811541597 R
1482811543717 2 -2
1482811544949 3 -3
1482811545797 6 1
1482811546741 4 2
1482811548221 0 1
1482811549077 1 1
1482811551804 3 1
1482811552741 9 2
1482811553845 5 -1
1482811554669 0 1
1482811555604 10 1
1482811561533 7 1
1482811565101 10 -1
1482811566357 1 -1
1482811571797 7 -1
1482811575524 R
1482811577964 2 -2
1482811578965 3 -3
1482811579829 6 1
1482811581164 4 2
1482811582989 3 1
1482811583908 9 2
1482811585460 4 -3
1482811586324 4 3
1482811592268 4 -3
1482811593212 6 -3
1482811594436 7 3
1482811595588 5 3
1482811597164 3 2
1482811598284 4 1
1482811599302 9 -2
1482811600628 3 -3
1482811601268 7 -2
1482811601908 5 -3
1482811602620 6 3
1482811603868 4 2
1482811604908 0 1
1482811605676 1 1
1482811607684 7 -2
1482811609340 5 1
1482811610004 3 1
1482811610860 7 2
1482811611508 9 2
1482811618244 7 -1
1482811619388 9 -2
1482811620101 3 -1
1482811621028 7 -1
1482811622148 5 -1
1482811627148 5 1
1482811631556 R
1482811633324 6 -2
1482811636556 3 -2
1482811637332 3 -1
1482811637940 7 2
1482811638564 7 1
1482811640556 9 1
1482811641556 4 -1
1482811644948 3 3
1482811645828 7 -3
1482811646588 6 2
1482811647860 8 3
1482811648924 4 1
1482811649980 4 -1
1482811651732 3 -3
1482811652572 6 1
1482811653156 2 1
1482811654308 4 3
1482811655324 0 1
1482811656268 1 4
1482811657676 9 -1
1482811658765 7 -1
1482811659676 8 1
1482811661620 2 1
1482811663452 7 1
1482811666652 5 1
1482811668524 0 -1
1482811670244 R
1482811671340 5 1
1482811671996 7 1
1482811672876 9 1
1482811673508 9 1
1482811674204 4 -1
1482811675101 8 1
1482811675852 2 -1
1482811676732 2 -1
1482811677308 6 -2
1482811678108 7 2
1482811678772 5 2
1482811680204 8 2
1482811681060 4 1
1482811682308 9 -2
1482811683052 3 -3
1482811683956 8 1
1482811684836 5 -2
1482811685620 6 1
1482811686308 2 2
1482811687276 5 -1
1482811694796 6 -1
1482811695700 5 2
1482811697740 9 1
1482811698548 4 -1
1482811699220 5 -1
1482811699860 5 -1
1482811701868 8 -4
1482811703284 7 -3
1482811704228 6 3
1482811705188 4 2
1482811706340 4 -1
1482811707276 2 2
1482811709420 4 2
1482811711964 0 1
1482811712724 1 1
1482811714340 2 -1
1482811715731 5 1
1482811716452 7 1
1482811718484 9 -1
1482811719420 3 1
1482811721604 1 -1
1482811725436 R
