1479341293449 7 -1
1479341295258 7 1
1479341296368 3 -3
1479341296954 6 1
1479341298363 2 2
1479341299089 4 2
1479341299802 0 1
1479341303778 5 1
1479341304228 7 1
1479341305185 9 1
1479341307553 1 1
1479341326561 1 -1
1479341327329 0 -1
1479341328504 4 -3
1479341329193 5 -1
1479341329808 7 -1
1479341330585 6 -3
1479341331345 2 -4
1479341332649 3 3
1479341333274 7 2
1479341334018 5 2
1479341334673 9 1
1479341380649 4 1
1479341381832 4 -1
1479341383720 5 -2
1479341390801 7 -2
1479341392145 6 2
1479341392858 3 -2
1479341393353 6 1
1479341407234 4 3
1479341408178 0 1
1479341408857 5 -1
1479341409528 0 1
1479341411211 10 1
1479341412145 1 1
1479341659225 1 -1
1479341659857 10 -1
1479341660689 0 -2
1479341661818 4 -3
1479341662730 8 3
1479341663850 4 3
1479341666033 0 2
1479341666801 10 3
1479341667721 1 3
1479341668481 0 -2
1479341669427 5 1
1479341670003 9 -4
1479341670987 5 -1
1479341671545 7 -1
1479341672353 0 3
1479341673121 4 -3
1479341673633 10 -2
1479341674083 1 -2
1479341674658 6 -3
1479341675411 3 2
1479341675954 0 2
