1482811566315 3 -3
1482811567425 6 1
1482811568537 2 2
1482811569617 4 2
1482811570897 4 -2
1482811572621 6 -3
1482811574889 6 3
1482811576153 4 2
1482811577413 0 1
1482811579253 5 1
1482811580294 7 1
1482811584385 3 1
1482811585273 9 2
1482811586746 5 -2
1482811589487 0 -1
1482811590462 4 -3
1482811591939 6 -3
1482811598401 2 -4
1482811599584 7 2
1482811600993 3 2
1482811602145 5 4
1482811612217 5 -4
1482811613337 7 -3
1482811614797 3 -2
1482811615801 6 3
1482811617049 4 3
1482811624689 5 2
1482811625745 9 -2
1482811627361 7 -1
1482811633422 5 -1
1482811636474 3 -1
1482811637801 0 1
1482811648969 R
1482811653657 3 -3
1482811655542 9 1
1482811656524 4 -1
1482811658924 6 1
1482811660025 2 2
1482811661097 4 3
1482811663365 4 -3
1482811664290 8 4
1482811665941 4 3
1482811667117 0 1
1482811668492 1 4
1482811672436 0 -1
1482811673409 4 -3
1482811674865 8 -4
1482811676114 4 3
1482811678177 4 -3
1482811690177 6 -2
1482811694041 3 2
1482811695129 9 1
1482811696341 5 -1
1482811697561 6 1
1482811699241 7 1
1482811700394 5 2
1482811704019 8 1
1482811705481 R
1482811719804 9 2
1482811723339 9 -2
1482811731204 2 -2
1482811732161 6 -2
1482811738097 3 -3
1482811742313 9 1
1482811743437 4 -1
1482811744457 8 4
1482811745772 6 3
1482811746977 4 3
1482811748953 9 -1
1482811750173 7 -1
1482811753986 8 -1
1482811755729 4 -2
1482811756964 6 -3
1482811759522 3 3
1482811764340 6 2
1482811766737 3 -2
1482811772849 6 1
1482811773841 4 2
1482811775101 0 1
1482811777681 1 3
1482811783477 7 1
1482811784105 9 2
1482811786777 0 -1
1482811791577 5 -1
1482811792777 0 2
1482811794250 10 3
1482811796361 0 -2
1482811797185 5 1
1482811797985 9 -4
1482811806641 4 -3
1482811809321 4 1
1482811811113 4 2
1482811812717 5 -1
1482811813713 7 -1
1482811818555 0 3
1482811823034 4 -3
1482811824233 6 -1
1482811824986 3 2
1482811826335 0 2
