1482321178106 9 1
1482321187953 3 -2
1482321189137 6 1
1482321190025 2 2
1482321191321 4 2
1482321192706 4 -3
1482321194098 8 3
1482321195378 4 3
1482321199521 9 1
1482321200321 5 -1
1482321201362 0 2
1482321203430 10 4
1482321204601 1 4
1482321209170 0 -1
1482321210058 5 1
1482321211178 9 -4
1482321212162 5 -1
1482321214673 7 -1
1482321215865 0 2
1482321217657 4 -3
1482321218466 1 -3
1482321219338 10 -3
1482321220098 8 -3
1482321220849 6 -3
1482321222321 2 -4
1482321223234 3 2
1482321224089 0 3
