1481886854891 3 -3
1481886856631 6 1
1481886858028 2 -2
1481886859521 6 -3
1481886861899 3 3
1481886863189 7 -1
1481886865400 5 3
1481886866758 5 -3
1481886868039 6 2
1481886868941 3 -3
1481886870020 6 1
1481886871297 4 2
1481886872774 5 1
1481886874271 0 1
1481886875645 5 -1
1481886876969 7 2
1481886878698 7 -2
1481886882672 5 1
1481886884347 7 2
1481886885533 9 1
1481886886697 1 1
1481886890908 7 -1
1481886891670 5 -1
1481886893347 9 -1
1481886894309 7 -1
1481886896457 5 1
1481886897525 7 2
1481886898443 9 1
1481886899650 1 -1
1481886900786 0 -1
1481886902383 9 -1
1481886903867 7 -2
1481886908340 0 1
1481886910982 0 -1
1481886911618 5 -1
1481886912496 4 -2
1481886914083 2 4
1481886915470 4 2
1481886916694 4 -2
1481886917598 6 -3
1481886918795 5 3
1481886920411 7 3
1481886921422 9 1
1481886922286 4 -1
1481886923853 8 2
1481886926333 7 -2
1481886927367 8 2
1481886928949 4 1
1481886929841 9 -1
1481886930661 7 -1
1481886932764 5 -3
1481886935020 6 3
1481886936132 4 2
1481886937074 0 1
1481886938289 5 1
1481886939512 7 1
1481886940578 9 1
1481886941855 1 4
1481886943910 0 -1
1481886945158 9 -1
1481886946248 7 -1
1481886947612 5 -1
1481887020611 5 1
1481887021753 0 1
1481887023564 1 -4
1481887024898 0 -1
1481887026567 5 -1
1481887028668 5 1
1481887029505 7 1
1481887030616 9 1
1481887031912 4 -3
1481887032872 5 -1
1481887035375 2 -4
1481887037055 6 -3
1481887038551 8 -4
1481887040881 7 3
1481887042453 3 3
1481887043545 9 1
1481887045765 5 3
1481887048918 9 -1
1481887049819 3 -3
1481887050626 7 -3
1481887051484 5 -3
1481887052495 6 3
1481887054225 8 4
1481887055699 4 3
1481887056637 0 1
1481887058456 9 -1
1481887059423 7 -1
1481887060676 8 -1
1481887061876 3 1
1481887062666 7 1
1481887063873 9 2
1481887064796 5 -1
1481887067345 1 3
1481887069041 0 1
1481887070770 10 3
1481887072163 1 -3
1481887073338 10 -3
1481887079683 1 3
1481887080427 10 3
1481887086154 0 -1
1481887087492 5 1
1481887088552 9 -4
1481887089800 5 -1
1481887090842 0 1
1481887093981 7 -1
1481887095042 0 1
1481887098325 3 -1
1481887099206 8 1
1481887102095 1 -2
1481887103256 10 -2
1481887104442 4 -3
1481887106024 1 2
1481887107709 10 2
1481887109659 10 -2
1481887110868 8 -3
1481887112432 6 -2
1481887114370 3 3
1481887123306 0 1
1481887124344 0 1
