1482720537372 7 1
1482720538250 5 1
1482720541833 2 1
1482720577052 6 -2
1482720580403 5 1
1482720581954 7 1
1482720584180 9 2
1482720586627 4 -1
1482720591135 5 -1
1482720592018 5 -2
1482720594173 8 2
1482720600480 6 1
1482720608266 R
1482720613740 2 -2
1482720622655 9 2
1482720626693 5 1
1482720632214 3 -2
1482720633925 6 1
1482720635932 4 1
1482720637208 4 1
1482720640352 0 1
1482720642244 9 -2
1482720643921 7 -1
1482720688975 R
1482720695143 9 2
1482720696965 4 -1
1482720699544 8 3
1482720704026 2 -2
1482720706889 6 -2
1482720709524 8 -2
1482720710407 8 -1
1482720712717 5 2
1482720715537 5 -3
1482720717043 6 2
1482720718356 3 -2
1482720719697 6 1
1482720721454 4 3
1482720732989 0 2
1482720734168 1 1
1482720740012 7 1
1482720746488 R
1482720755410 7 -1
1482720756611 7 2
1482720758714 9 2
1482720761722 6 -2
1482720764606 2 1
1482720766812 5 -1
1482720768636 7 1
1482720775408 7 -2
1482720777222 6 2
1482720780052 4 -1
1482720781372 8 3
1482720783980 6 -2
1482720786256 4 1
1482720788381 3 -2
1482720789917 6 3
1482720791503 4 2
1482720793472 0 2
1482720795330 10 4
1482720797361 1 4
1482720804845 2 1
1482720808084 0 -2
1482720810389 4 -3
1482720811842 8 -3
1482720813956 4 3
1482720816055 0 2
1482720820499 7 1
1482720823270 0 -1
1482720825269 5 2
1482720827376 9 -4
1482720829103 5 -2
1482720832999 7 -2
1482720834695 0 2
1482720836518 4 -3
1482720839116 6 -1
1482720840637 2 -2
1482720841845 3 2
1482720843209 0 1
1482720846008 0 1
