1482788774325 R
1482788781923 11 2
1482788783979 12 2
1482788788827 3 -1
1482788791348 1 -1
1482788795282 9 2
1482788798522 9 -2
1482788800629 12 -4
1482788814195 9 2
1482788817611 12 4
1482788820642 5 2
1482788829242 1 2
1482788832396 3 2
1482788834009 2 -1
1482788835426 0 -1
1482788837130 10 -2
1482788839202 6 1
1482788840537 4 -1
1482788844610 8 -1
1482788846738 7 1
1482788853953 3 -1
1482788855394 1 -1
1482788857418 7 -1
1482788878595 R
1482788881962 11 2
1482788883650 12 2
1482788886842 3 -1
1482788888258 1 -1
1482788892274 5 1
1482788899507 R
1482788902292 11 2
1482788903433 12 2
1482788906610 9 2
1482788907761 1 1
1482788909188 3 1
1482788910914 3 -2
1482788912074 1 -2
1482788913161 5 2
1482788916035 U
1482788917339 R
1482788924400 11 2
1482788925689 12 2
1482788927715 9 2
1482788928672 1 1
1482788929712 3 1
1482788931049 2 -1
1482788932441 0 -1
1482788935994 9 -1
1482788937578 12 -3
1482788938905 8 1
1482788941746 10 -1
1482788945538 R
1482788949066 12 2
1482788950409 11 2
1482788952619 3 -1
1482788954056 1 -1
1482788955185 5 1
1482788957753 5 -1
1482788959697 9 2
1482788960761 5 2
1482788961819 1 2
1482788965273 3 2
1482788967352 2 -1
1482788969808 0 -1
1482788974352 3 -1
1482788975665 5 -2
1482788976593 3 1
1482788978873 9 -1
1482788983257 R
1482788985010 R
1482788988040 3 -1
1482788989080 1 -1
1482788990015 5 1
1482788991944 5 -1
1482788993034 12 -2
1482788994560 11 2
1482788998417 12 4
1482789002228 9 2
1482789003250 1 2
1482789004867 3 2
1482789006335 2 -1
1482789007760 0 -1
1482789010104 3 -1
1482789011080 1 -1
1482789013455 9 -2
1482789016136 11 -2
1482789018497 5 1
1482789020720 10 -1
1482789054689 R
1482789056457 R
1482789058423 2 -1
1482789059456 0 -1
1482789060983 10 -1
