1482877260277 11 2
1482877260909 12 2
1482877263157 5 1
1482877263765 9 2
1482877264436 5 1
1482877265005 1 1
1482877265596 3 1
1482877267114 2 -1
1482877267812 3 -1
1482877282383 5 -2
1482877283174 2 1
1482877283775 3 -1
1482877285215 9 -1
1482877286183 1 -2
1482877287734 12 -4
1482877291406 9 1
1482877294497 9 -2
1482877295831 8 1
1482877296815 8 -1
1482877297662 8 1
1482877299800 12 3
1482877300351 9 2
1482877300974 1 2
1482877301518 5 2
1482877302294 5 -2
1482877302887 3 2
1482877303446 2 -1
1482877305206 12 -2
1482877306422 12 2
1482877307958 3 -1
1482877309574 0 -1
1482877310775 5 2
1482877312759 10 -2
1482877314087 6 1
1482877314727 4 -1
1482877316295 8 -2
1482877317063 7 1
1482877319287 12 1
1482877320246 1 -1
1482877321951 1 1
1482877323614 R
1482877326296 8 2
1482877327118 8 -2
1482877330766 12 1
1482877331559 11 1
1482877333223 9 1
1482877334014 1 1
1482877334637 5 1
1482877335432 3 1
1482877336190 2 -1
1482877337590 0 -1
1482877338382 10 -1
1482877339399 8 2
1482877342521 5 -1
1482877343089 3 -1
1482877343625 1 -1
1482877344281 9 -1
1482877344809 12 -2
1482877345330 11 -1
1482877346849 8 -2
1482877347490 8 2
1482877349154 8 -2
1482877349890 11 2
1482877350416 12 3
1482877351130 9 2
1482877351602 1 1
1482877352081 5 2
1482877352626 3 1
1482877353306 10 1
1482877353786 0 1
1482877354865 0 -1
1482877355385 10 -2
1482877356113 6 1
1482877357218 4 -1
1482877357826 8 -1
1482877358401 7 1
1482877360634 3 -1
1482877361129 1 -1
1482877362193 1 1
1482877362610 3 1
1482877363283 7 -1
1482877364633 7 1
1482877365202 12 -2
1482877366602 7 -1
1482877367137 8 2
1482877368562 4 1
1482877369450 6 -1
1482877370521 10 2
1482877371185 0 1
1482877371857 2 1
1482877372433 3 -2
1482877374641 3 2
1482877375194 2 -1
1482877375801 5 -2
1482877377105 5 2
1482877377881 2 1
1482877378640 3 -2
1482877379818 1 -2
1482877380426 5 -2
1482877381122 12 -2
1482877381722 9 -2
1482877382322 11 -2
1482877383273 8 1
1482877384250 10 1
1482877385826 6 1
1482877386314 4 -1
1482877387833 4 1
1482877388290 2 1
1482877389214 5 -1
1482877391065 12 3
1482877391921 11 1
1482877392314 9 1
1482877392913 7 -1
1482877395353 7 1
1482877395756 1 2
1482877396457 5 2
1482877397001 5 -2
1482877397874 7 -1
1482877398522 7 -1
1482877399098 12 -2
1482877400898 6 2
1482877401810 10 -1
1482877402329 8 -2
1482877403012 11 1
1482877403675 6 1
1482877404691 8 1
1482877405955 7 2
1482877406667 1 -2
1482877407076 12 -1
1482877407491 9 -1
1482877409284 5 1
1482877409820 2 -1
1482877410412 4 -1
1482877411371 8 -2
1482877412291 7 1
1482877412787 0 4
