1482876744018 3 -1
1482876747716 3 1
1482876748425 2 -1
1482876752381 12 2
1482876753855 12 -2
1482876754361 11 2
1482876755227 12 2
1482876763871 12 -3
1482876764648 11 -2
1482876765637 8 2
1482876766357 10 1
1482876768761 6 1
1482876769796 2 2
1482876770563 3 -1
1482876771776 5 -1
1482876776494 1 -1
1482876777856 12 -1
1482876779083 11 1
1482876780667 7 -1
1482876784803 12 3
1482876785714 1 1
1482876791211 3 1
1482876791949 3 -1
1482876792773 1 -1
1482876794455 12 -3
1482876799049 7 1
1482876803581 R
1482876823186 11 2
1482876823978 12 2
1482876826986 12 -1
1482876828011 11 -1
1482876829265 8 2
1482876831351 8 -2
1482876832236 2 -1
1482876837969 8 2
1482876839308 8 -2
1482876842824 12 1
1482876843477 11 1
1482876856891 12 -1
1482876857812 11 -1
1482876859216 8 2
1482876868031 10 1
1482876868785 6 1
1482876869717 4 -2
1482876873069 4 2
1482876876544 6 -1
1482876877305 10 -1
1482876882422 0 -1
1482876883153 10 -1
1482876887572 10 2
1482876888729 0 1
1482876889773 6 1
1482876890392 4 -2
1482876892866 12 -2
1482876894292 11 -1
1482876896611 11 1
1482876897574 12 2
1482876900061 4 2
1482876901343 6 -1
1482876902140 5 1
1482876904435 0 -1
1482876906783 10 -2
1482876908347 8 -2
1482876914179 8 2
1482876916723 10 2
1482876917654 0 1
1482876918837 6 1
1482876919737 2 2
1482876921378 5 -2
1482876922917 3 -1
1482876924132 1 -1
1482876925268 12 -3
1482876932597 5 1
1482876933705 2 -1
1482876935164 6 -1
1482876936454 10 -1
1482876937813 8 -2
1482876940863 8 2
1482876942826 10 1
1482876943863 6 1
1482876944424 4 -1
1482876949339 4 1
1482876950359 6 -1
1482876954811 10 -1
1482876955306 8 -2
1482876956948 12 4
1482876961186 12 -1
1482876970178 R
1482876974259 2 -1
1482876984705 12 2
1482876990250 0 -1
1482876993074 5 1
1482876994855 5 -1
1482876996240 11 2
1482876997567 9 2
1482876998120 1 1
1482877000511 3 1
1482877001266 5 2
1482877004380 10 -2
1482877005505 6 1
1482877006156 4 -1
1482877006817 8 -1
1482877009067 7 1
1482877011269 3 -1
1482877012057 1 -1
1482877020196 R
1482877022526 3 -1
1482877023952 1 -1
1482877025987 12 -2
1482877029369 8 2
1482877030314 10 1
1482877033102 10 -1
1482877035631 10 1
1482877036206 6 1
1482877036748 4 -1
1482877040565 4 1
1482877041106 2 1
1482877041997 5 -1
1482877042906 7 -1
1482877047091 7 1
1482877048730 5 1
1482877049202 2 -1
1482877049821 6 -1
1482877050586 10 -1
1482877053351 11 1
1482877057294 8 -2
1482877059073 11 1
1482877062276 12 4
1482877065705 9 2
1482877069507 5 2
1482877069753 5 -1
1482877070891 1 1
1482877071720 3 1
1482877072473 2 -1
1482877073373 5 -1
1482877075026 0 -1
1482877077277 0 1
1482877077792 0 -1
1482877079366 0 1
1482877080859 0 -1
1482877082727 1 1
1482877083726 5 2
1482877084616 5 -2
1482877087036 5 2
1482877087548 0 1
1482877088190 2 1
1482877088934 3 -1
1482877089662 5 -2
1482877091374 5 2
1482877092811 5 -2
1482877094453 5 2
1482877098219 5 -2
1482877098793 1 -2
1482877100601 9 -2
1482877105132 12 -4
