1482788659106 12 2
1482788660258 11 2
1482788661282 3 -1
1482788662191 1 -1
1482788666929 1 1
1482788676810 12 -3
1482788677770 11 -2
1482788680985 8 2
1482788684282 10 1
1482788684961 6 1
1482788685839 4 -1
1482788688355 1 -1
1482788689271 12 -1
1482788690290 12 1
1482788691369 12 -1
1482788693391 4 1
1482788694163 6 -1
1482788696071 10 -1
1482788698089 12 3
1482788699578 1 1
1482788702404 11 1
1482788703149 9 1
1482788704042 1 1
1482788705613 3 2
1482788706978 2 -1
1482788710682 0 -1
1482788711503 5 1
1482788712659 10 -1
1482788716594 5 -1
1482788718186 8 -2
1482788719178 12 1
1482788721634 11 1
1482788722819 9 1
1482788724323 5 2
1482788726114 10 -1
1482788726928 6 1
1482788727758 4 -1
1482788729730 8 -1
1482788730804 7 1
1482788734606 3 -1
1482788735578 1 -1
1482788738147 12 -2
1482788739339 7 -1
1482788741549 7 1
1482788744509 1 1
1482788753343 12 2
1482788756066 1 -1
1482788758602 7 -1
1482788759358 8 1
1482788759987 4 1
1482788760855 6 -1
1482788761761 10 2
1482788763466 1 1
1482788778874 10 -2
1482788780012 6 1
1482788782250 6 -1
1482788783238 10 2
1482788784122 0 1
1482788786002 2 1
1482788786955 5 -2
1482788789770 5 2
1482788798714 3 -1
1482788805610 1 -2
1482788809050 5 -2
1482788810059 9 -2
1482788811002 11 -2
1482788811938 12 -4
1482788818114 8 2
1482788819109 10 1
1482788820407 6 1
1482788822440 2 1
1482788823452 5 -1
1482788824797 7 -1
1482788829210 7 1
1482788832519 5 1
1482788833922 5 -1
1482788835074 7 -1
1482788842962 12 3
1482788846259 1 1
1482788847180 3 1
1482788848552 7 1
1482788849714 5 2
1482788851349 2 -2
1482788853114 6 -1
1482788854819 0 -1
1482788859634 10 -1
1482788861991 10 1
1482788863194 0 1
1482788864033 6 1
1482788866402 4 -2
1482788868570 4 2
1482788870656 0 -1
1482788873091 6 -1
1482788880592 11 1
1482788881992 9 1
1482788882954 1 1
1482788884928 3 1
1482788886458 5 -1
1482788899154 10 -1
1482788901706 8 -2
1482788906869 12 1
1482788908250 11 1
1482788909174 9 1
1482788912283 5 2
1482788913723 10 -2
1482788914874 3 -1
1482788917882 3 1
1482788920242 6 1
1482788921105 4 -1
1482788922073 8 -1
1482788924706 7 1
1482788946579 3 -1
1482788947482 1 -1
1482788951083 12 -2
1482788952082 7 -1
1482788953034 8 2
1482788953843 4 1
1482788954856 6 -1
1482788956040 8 -1
1482788957107 8 1
1482788958666 10 2
1482788979368 5 -1
1482788980882 9 -2
1482788983826 11 -1
1482788984912 8 1
1482788988827 10 1
1482788990019 0 1
1482788999144 10 -1
1482789005011 0 -1
