1482788072209 3 -1
1482788072913 1 -1
1482788074641 12 2
1482788078776 11 2
1482788079870 1 1
1482788080777 3 1
1482788081960 2 -1
1482788084751 5 1
1482788087096 0 -1
1482788088328 10 -1
1482788089552 10 1
1482788092016 9 2
1482788093113 5 1
1482788096011 1 1
1482788097072 3 1
1482788100389 5 -2
1482788105600 5 2
1482788109997 0 1
1482788110900 2 1
1482788111924 3 -2
1482788112733 1 -2
1482788113498 5 -2
1482788115199 9 -2
1482788116408 11 -2
1482788117814 12 -3
1482788118719 8 2
1482788128151 8 -2
1482788129311 12 3
1482788130282 5 1
1482788132236 1 1
1482788133151 3 1
1482788134112 2 -1
1482788147968 11 2
1482788150272 0 -1
1482788151499 5 -1
1482788157716 9 2
1482788159031 1 1
1482788160072 3 1
1482788162278 5 2
1482788167009 0 1
1482788169775 12 -2
1482788170615 8 1
1482788174670 5 -2
1482788175705 9 -1
1482788176608 12 -1
1482788178322 3 -1
1482788179268 1 -1
1482788180161 9 -1
1482788182695 11 -2
1482788183739 8 1
1482788184833 10 1
1482788186101 6 1
1482788187540 2 2
1482788188695 3 -1
1482788189388 5 -1
1482788191541 1 -1
1482788192335 12 -1
1482788226807 5 1
1482788227687 2 -1
1482788228424 6 -1
1482788231479 10 -1
1482788232296 8 -2
1482788234825 8 2
1482788235692 10 1
1482788236656 10 -1
1482788237671 10 1
1482788238712 6 1
1482788239894 4 -1
1482788242418 4 1
1482788243296 6 -1
1482788249035 10 -1
1482788253087 10 1
1482788254199 6 1
1482788255165 2 1
1482788256264 5 -1
1482788257807 7 -1
1482788259543 7 1
1482788262231 12 3
1482788263583 5 2
1482788269120 2 -1
1482788272431 4 -1
1482788276159 11 1
1482788277348 1 1
1482788278138 3 1
1482788278897 2 -1
1482788279791 4 -1
1482788286253 4 2
1482788287173 6 -1
1482788287964 10 -1
1482788290692 8 -2
1482788291639 12 1
1482788292910 11 1
1482788294204 5 -1
1482788295300 9 2
1482788296111 1 1
1482788298732 3 1
1482788301928 5 2
1482788304391 5 -2
1482788308519 12 -2
1482788312896 9 -1
1482788313696 11 -1
1482788314414 8 2
1482788316804 10 1
1482788318508 6 1
1482788320007 4 -2
1482788330398 12 1
1482788331559 5 1
1482788339363 3 -1
1482788340184 1 -1
1482788341071 9 -1
1482788354248 4 2
1482788355139 0 -1
1482788357141 6 -1
1482788363120 10 -2
1482788367240 9 1
1482788368944 8 -2
1482788369644 11 1
1482788370309 12 1
1482788371353 9 1
1482788372143 5 1
1482788373389 10 -1
1482788374656 6 1
1482788376176 6 -1
1482788379550 1 1
1482788380615 3 1
1482788384272 10 2
1482788387744 0 1
1482788388652 3 -1
1482788393152 1 -1
1482788396906 2 1
1482788397966 3 -1
1482788398789 1 -1
1482788400261 5 -2
1482788401424 9 -2
1482788411376 12 -4
1482788412418 8 1
1482788422728 11 -2
1482788423872 8 1
1482788425912 8 -2
1482788429782 12 4
1482788432312 11 2
1482788433400 9 2
1482788434512 5 2
1482788436879 1 1
1482788438776 3 1
1482788440577 2 -1
1482788441808 0 -1
1482788444024 10 -2
1482788444968 1 1
1482788451354 1 -1
1482788452989 10 2
1482788454096 5 -2
1482788456048 9 -2
1482788473400 12 -3
1482788481864 12 3
1482788489881 12 -1
1482788491321 11 -1
1482788492298 8 2
1482788494384 10 1
1482788537929 10 -1
1482788538938 10 1
1482788539726 6 1
1482788541121 4 -1
1482788544089 5 1
1482788545017 5 -1
1482788545823 0 1
1482788546833 4 -1
1482788551705 9 1
1482788552784 1 1
1482788553632 3 1
1482788554779 5 1
1482788562361 5 -1
1482788580361 5 1
1482788590686 4 1
1482788592289 0 -1
1482788594505 4 1
1482788595292 6 -1
1482788604369 0 1
1482788605233 6 1
1482788606627 6 -1
1482788607753 6 1
1482788609337 4 -1
1482788610585 0 -1
1482788616945 0 1
1482788618297 5 -1
1482788619588 3 -1
1482788620850 1 -1
1482788622618 9 -1
1482788625507 4 1
1482788626545 6 -1
1482788627481 10 -1
1482788629049 8 -2
1482788630372 12 1
1482788631191 11 1
