1481739478778 12 1
1481739481304 12 1
1481739494758 12 -3
1481739499900 8 2
1481739501504 10 1
1481739503278 6 1
1481739506119 2 1
1481739510508 3 -1
1481739511851 1 -1
1481739513270 5 -1
1481739515347 12 -1
1481739521343 11 1
1481739523154 9 1
1481739532885 R
1481739539288 8 2
1481739541150 10 1
1481739543822 12 1
1481739546947 11 1
1481739549153 3 -1
1481739551318 5 1
1481739554198 6 1
1481739555618 2 1
1481739559527 5 -2
1481739564943 7 -1
1481739573616 R
1481739582952 11 2
1481739584668 12 2
1481739588742 3 -1
1481739590241 1 -1
1481739591750 5 1
1481739593973 5 -1
1481739599409 12 -4
1481739606103 11 -2
1481739607689 8 2
1481739609268 10 1
1481739612710 6 1
1481739614215 2 1
1481739615930 5 -1
1481739627346 11 1
1481739629415 12 3
1481739631343 1 1
1481739642470 R
1481739647221 2 -1
1481739648582 0 -1
1481739652789 10 -1
1481739655806 10 1
1481739659145 5 1
1481739660508 5 -1
1481739662235 12 2
1481739663801 11 2
1481739670986 9 2
1481739673275 1 1
1481739681170 3 1
1481739686872 12 -3
1481739690349 8 1
1481739696895 R
1481739715233 8 2
1481739803313 10 1
1481739804515 6 1
1481739806634 2 -1
1481739808220 4 -2
1481739818608 U
1481739819018 U
1481739819440 U
1481739820037 U
1481739820783 U
1481739832018 R
1481739855788 11 2
1481739860133 9 2
1481739861712 5 2
1481739874005 12 2
1481739879107 1 1
1481739880595 3 1
1481739881662 2 -1
1481739883395 0 -1
1481739885368 5 -2
1481739888255 9 -1
1481739890332 12 -3
1481739892408 11 -1
1481739893806 8 2
1481739895638 10 1
1481739896999 6 1
1481739898604 4 -1
1481739901945 0 1
1481739903298 2 1
1481739904823 3 -2
1481739907311 1 -2
1481739909476 12 -1
