1482233659241 12 2
1482233659855 11 2
1482233661737 9 2
1482233662468 5 2
1482233664099 2 -1
1482233665380 2 1
1482233665909 3 -1
1482233666715 1 -1
1482233667623 5 -2
1482233668717 12 -4
1482233670435 9 -2
1482233671284 11 -2
1482233672680 8 2
1482233674039 10 1
1482233674615 6 1
1482233676039 2 1
1482233676838 5 -1
1482233680659 12 3
1482233682323 7 -1
1482233683643 12 -3
1482233687551 7 1
1482233688742 12 3
1482233689522 5 2
1482233690141 11 1
1482233694107 R
1482233696697 12 2
1482233697367 11 2
1482233699660 9 2
1482233701090 5 2
1482233701803 1 1
1482233703289 3 1
1482233704063 2 -1
1482233704970 0 -1
1482233705621 10 -2
1482233707444 6 1
1482233709198 6 -1
1482233710439 R
1482233712943 8 2
1482233714392 10 1
1482233715158 6 1
1482233716412 2 1
1482233717161 5 -1
1482233717772 3 -1
1482233719773 1 -1
1482233720991 12 -2
1482233722985 7 -1
1482233726208 7 1
1482233727981 R
1482233729555 12 2
1482233730232 11 2
1482233731630 9 2
1482233735438 R
1482233736738 8 2
1482233738672 10 1
1482233741961 6 1
1482233743307 2 1
1482233743991 5 -1
1482233747833 3 -1
1482233749513 1 -1
1482233750833 12 -2
1482233754907 5 1
1482233755522 2 -1
1482233756584 6 -1
1482233758083 10 -1
1482233758743 8 -2
1482233759866 8 2
1482233760430 10 1
1482233760966 6 1
1482233761509 4 -1
1482233763693 R
1482233765368 2 -1
1482233766961 0 -1
1482233769337 11 2
1482233769919 9 2
1482233770653 5 2
1482233771798 1 1
1482233773997 0 1
1482233774516 2 1
1482233775038 3 -1
1482233777315 3 2
1482233777933 2 -1
1482233778542 0 -1
1482233779173 10 -2
1482233780251 6 1
1482233781911 4 -1
1482233782552 8 -1
1482233783179 7 1
1482233785108 12 2
1482233786763 3 -1
1482233788476 1 -1
1482233789176 1 1
1482233789711 3 1
1482233794193 12 -2
1482233795052 7 -1
1482233795669 8 2
1482233797826 4 1
1482233798526 6 -1
1482233801633 8 -1
1482233802521 12 2
1482233804356 10 2
1482233806046 5 -2
1482233807032 5 2
1482233807708 3 -1
1482233808423 0 1
1482233808892 2 1
1482233809397 3 -1
1482233810767 1 -2
1482233811907 5 -2
1482233813562 12 -4
1482233814338 9 -2
1482233816262 11 -1
1482233817162 8 2
1482233817898 10 1
1482233819426 6 1
1482233820646 2 1
1482233821261 5 -1
1482233822791 7 -1
1482233824503 7 1
1482233826184 12 3
1482233827289 9 1
1482233827988 5 2
1482233831665 2 -1
1482233833205 6 -1
1482233834305 10 -1
1482233834937 8 -2
1482233835647 12 1
1482233836237 11 1
1482233837848 9 1
1482233838622 5 1
1482233840101 1 2
1482233842223 3 2
1482233842941 2 -1
1482233844334 0 -1
1482233846035 10 -2
1482233847417 6 1
1482233848408 4 -1
1482233849008 8 -1
1482233849685 7 1
1482233852841 3 -1
1482233853782 1 -1
1482233854501 1 1
1482233855014 3 1
1482233856858 12 -2
1482233857679 7 -1
1482233858427 8 2
1482233859614 4 1
1482233860422 6 -1
1482233862109 8 -1
1482233862886 12 2
1482233864223 10 2
1482233865214 5 -2
1482233866870 12 -3
1482233869120 9 -1
1482233869744 11 -1
1482233870377 8 2
1482233871615 10 1
1482233874716 3 -1
1482233875306 1 -1
1482233875996 9 -1
1482233876684 12 2
1482233878504 5 1
1482233880146 5 -1
1482233880923 12 -2
1482233882743 12 2
1482233884837 10 -2
1482233888913 8 -2
1482233889930 12 1
1482233890471 11 1
1482233891733 9 2
1482233893895 1 1
1482233895449 1 -1
1482233896427 5 2
1482233897835 10 -1
1482233899055 6 1
1482233900370 4 -1
1482233901015 8 -1
1482233901610 7 1
1482233902980 1 1
1482233904351 3 1
1482233911613 3 -1
1482233912407 1 -1
1482233915156 12 -2
1482233916055 7 -1
1482233917286 8 2
1482233917815 4 1
1482233919162 6 -1
1482233920155 8 -1
1482233920883 12 2
1482233922573 1 1
1482233923335 3 1
1482233924086 6 1
1482233925838 6 -1
1482233926417 10 2
1482233927025 0 1
1482233927779 2 1
1482233928491 3 -2
1482233930627 5 -2
1482233931580 1 -2
1482233932913 12 -4
1482233933770 9 -2
1482233934687 11 -2
1482233935405 8 2
1482233936253 10 1
1482233937012 6 1
1482233937557 2 1
1482233938242 5 -1
1482233939781 7 -1
1482233941035 7 1
1482233942407 12 3
1482233944818 11 1
1482233946046 9 1
1482233946615 1 2
1482233947588 7 -2
1482233949568 6 1
1482233951567 6 -1
1482233952593 12 -2
1482233953414 6 2
1482233954659 10 -1
1482233955331 8 -2
1482233955942 11 1
1482233956868 6 1
1482233959652 7 2
1482233960569 1 -2
1482233961302 12 -1
1482233961957 9 -1
1482233964556 5 1
1482233965074 2 -1
1482233965703 4 -1
1482233967132 8 -1
1482233967649 7 1
1482233968234 0 5
