1481987255973 3 -1
1481987255973 3 -1
1481987257805 1 -1
1481987257805 1 -1
1481987273255 11 2
1481987273255 11 2
1481987276221 12 2
1481987276221 12 2
1481987278053 5 1
1481987278053 5 1
1481987282677 1 1
1481987282677 1 1
1481987284118 3 1
1481987284118 3 1
1481987285334 2 -1
1481987285334 2 -1
1481987292173 12 -2
1481987292173 12 -2
1481987293141 11 -2
1481987293141 11 -2
1481987296253 8 2
1481987296253 8 2
1481987297589 12 1
1481987297589 12 1
1481987298453 11 1
1481987298453 11 1
1481987301109 10 1
1481987301109 10 1
1481987304868 5 -1
1481987304868 5 -1
1481987307316 2 1
1481987307316 2 1
1481987308724 3 -1
1481987308724 3 -1
1481987309692 1 -1
1481987309692 1 -1
1481987314973 12 -3
1481987314973 12 -3
1481987322109 10 -1
1481987322109 10 -1
1481987323236 8 -2
1481987323236 8 -2
1481987327404 11 1
1481987327404 11 1
1481987337021 8 1
1481987337021 8 1
1481987346596 8 -1
1481987346596 8 -1
1481987364503 12 3
1481987364503 12 3
1481987365453 12 1
1481987365453 12 1
1481987367926 9 2
1481987367926 9 2
1481987369550 1 2
1481987369550 1 2
1481987371038 3 2
1481987371038 3 2
1481987382589 12 -3
1481987382589 12 -3
1481987384014 8 1
1481987384014 8 1
1481987387838 2 -1
1481987387838 2 -1
1481987392325 8 -1
1481987392325 8 -1
1481987394837 12 3
1481987394837 12 3
1481987397757 5 2
1481987397757 5 2
1481987402110 3 -1
1481987402110 3 -1
1481987404271 3 1
1481987404271 3 1
1481987418270 0 -1
1481987418270 0 -1
1481987420526 10 -2
1481987420526 10 -2
1481987426574 12 -2
1481987426574 12 -2
1481987428614 8 1
1481987428614 8 1
1481987429277 8 -1
1481987429277 8 -1
1481987431349 6 1
1481987431349 6 1
1481987433525 4 -1
1481987433525 4 -1
1481987436277 8 -1
1481987436277 8 -1
1481987437838 7 1
1481987437838 7 1
1481987442718 3 -1
1481987442718 3 -1
1481987449965 12 2
1481987449965 12 2
1481987455518 1 -1
1481987455518 1 -1
1481987459990 7 -1
1481987459990 7 -1
1481987461606 7 1
1481987461606 7 1
1481987476790 7 -1
1481987476790 7 -1
1481987478278 8 1
1481987478278 8 1
1481987479342 4 1
1481987479342 4 1
1481987482686 6 -1
1481987482686 6 -1
1481987484574 10 2
1481987484574 10 2
1481987485935 5 -2
1481987485935 5 -2
1481987498389 12 -3
1481987498389 12 -3
1481987499469 1 1
1481987499469 1 1
1481987501470 3 1
1481987501470 3 1
1481987503141 3 -1
1481987503141 3 -1
1481987504175 12 3
1481987504175 12 3
1481987509206 1 -1
1481987509206 1 -1
1481987510766 9 -2
1481987510766 9 -2
1481987514830 5 1
1481987514830 5 1
1481987526182 0 1
1481987526182 0 1
1481987528351 2 1
1481987528351 2 1
1481987529303 3 -1
1481987529303 3 -1
1481987530574 1 -1
1481987530574 1 -1
1481987534237 5 -1
1481987534237 5 -1
1481987542326 12 -4
1481987542326 12 -4
1481987546918 8 1
1481987546918 8 1
1481987553030 8 -1
1481987553030 8 -1
1481987554582 8 1
1481987554582 8 1
1481987558302 12 3
1481987558302 12 3
1481987559728 1 1
1481987559728 1 1
1481987561014 3 1
1481987561014 3 1
1481987562318 2 -1
1481987562318 2 -1
1481987566375 8 -1
1481987566375 8 -1
1481987568437 12 1
1481987568437 12 1
