1482233880937 12 2
1482233882196 11 2
1482233883772 5 1
1482233884376 5 -1
1482233885044 3 -1
1482233886143 1 -1
1482233890043 1 1
1482233890914 3 1
1482233891559 5 1
1482233892490 2 -1
1482233894493 0 -1
1482233898929 5 -1
1482233900536 9 2
1482233901377 9 -2
1482233902827 5 1
1482233905599 0 1
1482233907569 2 1
1482233908531 2 -1
1482233909083 0 -1
1482233909605 10 -1
1482233911613 10 1
1482233912694 0 1
1482233913677 2 1
1482233914730 5 -1
1482233915763 3 -1
1482233916680 1 -1
1482233920546 12 -4
1482233922300 11 -2
1482233923382 8 2
1482233924664 10 1
1482233925895 6 1
1482233927028 4 -1
1482233928095 4 1
1482233928730 6 -1
1482233929366 10 -1
1482233930616 8 -2
1482233931595 11 2
1482233935945 12 4
1482233937534 5 1
1482233938283 1 1
1482233939146 3 1
1482233939916 2 -1
1482233941481 0 -1
1482233942052 10 -1
1482233944516 5 -1
1482233946208 10 1
1482233946912 10 -1
1482233949852 10 1
1482233952096 0 1
1482233952834 2 1
1482233953619 3 -1
1482233954212 1 -1
1482233960376 5 1
1482233961980 9 2
1482233962903 9 -2
1482233963583 5 -1
1482233966249 12 -4
1482233967951 8 1
1482233973691 U
1482233975441 R
1482233977898 12 2
1482233979282 11 2
1482233981198 12 -3
1482233981920 11 -2
1482233983168 12 1
1482233985248 8 2
1482233986586 10 1
1482233987819 10 -1
1482233988916 8 -2
1482233989948 12 2
1482233990665 11 2
1482233992298 3 -1
1482233993603 3 1
1482233994233 2 -1
1482233996482 0 -1
1482233997067 10 -1
1482233997898 10 1
1482233998982 0 1
1482234001999 9 2
1482234002782 9 -2
1482234003434 5 1
1482234004281 5 -1
1482234013383 12 -3
1482234015483 11 -2
1482234016916 12 1
1482234021576 U
1482234025443 R
1482234031201 8 2
1482234031887 12 1
1482234032750 11 1
1482234034936 10 1
1482234037869 10 -1
1482234040358 3 -1
1482234041134 1 -1
1482234047901 8 -2
1482234050835 8 2
1482234051692 10 1
1482234054218 10 -1
1482234055152 8 -2
1482234056102 12 1
1482234056835 11 1
1482234061269 9 1
1482234062203 9 -1
1482234065822 9 2
1482234066561 5 2
1482234067179 1 2
1482234068080 3 2
1482234068696 2 -1
1482234069776 0 -1
1482234070547 10 -2
1482234072671 6 1
1482234073333 4 -1
1482234074005 8 -1
1482234074825 7 1
1482234077858 3 -1
1482234078586 1 -1
1482234079872 1 1
1482234080607 3 1
1482234082264 7 -1
1482234083578 7 1
1482234084493 7 -1
1482234085241 8 1
1482234086686 4 1
1482234088059 6 -1
1482234088846 10 2
1482234091586 3 -1
1482234092370 5 -2
1482234093676 5 2
1482234094674 1 -1
1482234097654 5 -2
1482234098887 9 -2
1482234103585 0 1
1482234108057 5 1
1482234109347 2 1
1482234110504 3 -1
1482234111158 1 -1
1482234111834 5 -1
1482234119821 12 -4
1482234121294 11 -1
1482234122176 8 2
1482234122859 10 1
1482234125234 10 -1
1482234126324 8 -2
1482234127199 8 2
1482234128062 10 1
1482234128553 6 1
1482234129096 4 -1
1482234131342 12 3
1482234132196 1 1
1482234132838 3 1
1482234133528 2 -1
1482234134304 4 -1
1482234139605 9 1
1482234140168 1 1
1482234140727 3 1
1482234141589 5 1
1482234143772 5 -1
1482234144255 3 -1
1482234144739 1 -1
1482234146385 1 1
1482234147968 1 -1
1482234148694 12 -2
1482234152210 9 -1
1482234153502 12 2
1482234154423 12 -2
1482234157054 12 2
1482234157857 5 1
1482234159640 5 -1
1482234160888 4 2
1482234162074 6 -1
1482234164532 10 -1
1482234165574 8 -2
1482234166176 11 1
1482234166776 12 1
1482234169462 5 1
1482234172604 2 1
1482234173308 3 -1
1482234173857 1 -1
1482234174607 5 -1
