1480287019457 11 2
1480287020832 9 2
1480287025641 2 -1
1480287029025 5 2
1480287029825 0 -1
1480287031881 10 -2
1480287032633 6 1
1480287033266 4 -1
1480287034097 8 -1
1480287034995 7 1
1480287035954 12 2
1480287041612 12 -2
1480287042155 7 -1
1480287042794 8 2
1480287043619 4 1
1480287044155 6 -1
1480287044851 10 2
1480287046123 5 -2
1480287049108 1 1
1480287049725 3 1
1480287051037 0 1
1480287052388 2 1
1480287053979 3 -2
1480287054669 1 -2
1480287055310 12 -2
1480287055949 9 -2
1480287057629 11 -2
1480287058173 8 1
1480287059589 10 1
1480287069142 6 1
1480287070199 2 1
1480287070703 5 -1
1480287071703 7 -1
1480287073470 12 1
1480287074134 1 1
1480287075254 11 1
1480287075822 9 1
1480287076262 1 1
1480287076783 7 -1
1480287077903 6 2
1480287078863 10 -1
1480287079582 8 -2
1480287083984 11 1
1480287084536 9 1
1480287086607 8 1
1480287090343 9 -1
1480287091336 11 -1
1480287091849 8 1
1480287092345 10 1
1480287092872 6 -2
1480287093688 7 2
1480287094224 12 2
1480287096297 5 1
1480287097233 3 1
1480287098097 2 -2
1480287102217 6 -1
1480287102850 10 -1
1480287104313 8 -2
1480287111603 12 1
1480287112060 11 1
1480287113251 9 1
1480287113771 5 2
1480287114587 0 -1
1480287116652 10 -2
1480287119236 10 1
1480287119996 5 -2
1480287122372 10 1
1480287122772 0 1
1480287123269 2 1
1480287127221 12 -3
1480287127853 9 -1
1480287128309 11 -1
1480287128870 8 2
1480287130382 10 1
1480287130740 6 1
1480287131245 4 -1
1480287133911 R
1480287143351 8 2
1480287143863 10 1
1480287144367 6 1
1480287144855 2 1
1480287145383 5 -1
1480287147935 3 -1
1480287151288 11 1
1480287151665 9 1
1480287152649 1 1
1480287153209 7 -2
1480287153857 6 1
1480287157241 12 -1
1480287157744 6 1
1480287158425 10 -1
1480287159129 8 -2
1480287159914 11 1
1480287161457 6 1
1480287162561 7 2
1480287163361 1 -2
1480287164123 12 -1
1480287164666 9 -1
1480287168514 8 1
1480287170274 5 1
1480287170818 2 -1
1480287171299 4 -1
1480287171827 8 -2
1480287172554 7 1
1480287173066 0 5
