1481987452955 12 2
1481987453977 11 2
1481987455419 5 1
1481987456657 9 2
1481987457888 5 1
1481987459026 1 1
1481987463742 5 -2
1481987466172 3 -1
1481987468722 1 -2
1481987469416 5 2
1481987473546 5 -2
1481987475814 12 -4
1481987486283 8 1
1481987489260 9 -2
1481987493288 12 3
1481987496920 1 1
1481987500342 8 -1
1481987501582 12 1
1481987504194 5 1
1481987510858 12 -2
1481987511614 11 -2
1481987513220 11 2
1481987514194 12 2
1481987519446 3 1
1481987520732 2 -1
1481987524730 5 -1
1481987526290 12 -3
1481987527638 8 1
1481987534319 R
1481987541940 3 -1
1481987543725 1 -1
1481987545244 12 2
1481987547652 5 1
1481987551268 11 2
1481987557394 5 -1
1481987559608 12 -3
1481987561002 8 1
1481987564042 11 -2
1481987574634 12 -1
1481987577012 8 1
1481987578024 10 1
1481987579068 6 1
1481987580550 4 -1
1481987587010 12 3
1481987588186 11 1
1481987593838 1 1
1481987595520 3 1
1481987596564 2 -1
1481987597922 4 1
1481987599044 6 -1
1481987607532 10 -1
1481987608676 8 -2
1481987610282 12 1
1481987611148 11 1
1481987612994 5 1
1481987618286 5 -1
1481987621310 2 1
1481987626118 R
1481987629946 12 2
1481987634691 2 -1
1481987636515 12 -3
1481987638223 8 2
1481987639641 10 1
1481987640872 6 1
1481987642149 2 2
1481987643373 5 -1
1481987645251 3 -1
1481987648805 1 -1
1481987650113 11 1
1481987651369 12 -1
1481987659223 12 3
1481987661951 1 1
1481987671943 1 -1
1481987674375 12 -3
1481987675807 11 -1
1481987681037 7 -1
1481987684795 12 3
1481987685797 11 1
1481987686741 7 1
1481987690177 5 2
1481987691961 2 -1
1481987692819 6 -1
1481987696053 10 -1
1481987697072 8 -2
1481987698444 12 1
1481987699668 11 1
1481987700852 5 -1
1481987710874 12 -4
1481987713912 8 1
1481987715128 11 -1
1481987716088 8 1
1481987717265 10 1
1481987724295 6 1
1481987725680 4 -1
1481987731448 11 -1
1481987734992 4 1
1481987735904 6 -1
1481987737190 10 -1
1481987738719 8 -2
1481987740978 11 2
1481987742281 12 4
1481987751156 1 1
1481987753524 5 1
1481987758162 12 -1
1481987762300 11 -1
1481987763570 8 2
1481987764802 10 1
1481987766244 5 -1
1481987768512 1 -1
1481987770334 12 -3
1481987772314 10 -1
1481987775234 8 -2
1481987779528 8 2
1481987780926 10 1
1481987782546 6 1
1481987783964 4 -1
1481987787806 4 1
1481987788742 6 -1
1481987789905 10 -1
1481987791119 8 -2
1481987794495 12 4
1481987798554 9 1
1481987799474 11 1
1481987801789 9 -1
1481987803090 1 1
1481987807011 5 1
1481987808842 12 -1
1481987810112 8 1
1481987815857 5 -1
1481987821203 9 1
1481987822839 1 1
1481987824344 12 -2
1481987826238 3 2
1481987827391 2 -1
1481987831484 8 -1
1481987835716 12 3
1481987838647 9 1
1481987842950 5 2
1481987846068 12 -2
1481987847744 8 1
1481987854063 2 1
1481987855187 3 -2
1481987856474 5 -2
1481987857884 1 -2
1481987859519 12 1
1481987861367 8 -1
1481987862810 12 1
1481987865614 5 2
1481987866885 1 2
1481987868280 3 1
1481987869706 2 -1
1481987871093 5 -2
1481987875294 12 -1
1481987876440 8 1
1481987879307 9 -1
1481987881022 1 -1
1481987882003 9 -1
1481987884130 11 -1
1481987885557 8 1
1481987886632 10 1
1481987888338 5 1
1481987889883 10 -1
1481987897216 5 -1
1481987902539 10 1
1481987903755 6 1
1481987906592 2 2
1481987907831 5 -1
1481987910145 7 -1
1481987911783 3 -1
1481987913176 9 1
1481987914455 1 1
1481987915563 7 -1
1481987918149 12 -2
1481987921781 6 2
1481987922779 10 -1
1481987924431 8 -2
1481987925475 11 1
1481987926619 6 1
1481987928187 7 2
1481987929636 1 -2
1481987930525 12 -1
1481987932715 9 -1
1481987940415 7 -1
1481987943531 8 1
1481987948107 R
1481987953445 2 -1
1481987956500 12 2
1481987958441 11 2
1481987961161 5 1
1481987973855 9 1
1481988097251 9 -1
