1481117024247 8 -2
1481117031096 12 1
1481117032457 5 2
1481117034482 0 -1
1481117037944 7 -1
1481117044916 0 1
1481117046638 5 -1
1481117052338 1 1
1481117053852 1 -1
1481117055379 4 1
1481117057923 4 -2
1481117058920 9 1
1481117060421 1 1
1481117061899 10 2
1481117063633 0 2
1481117066649 10 -1
1481117067899 1 -1
1481117071863 1 1
1481117079878 10 1
1481117084220 12 2
1481117087628 6 -3
1481117090692 3 1
1481117093275 5 2
1481117094930 6 2
1481117098235 7 1
1481117103726 0 -3
1481117111279 5 -1
1481117112320 3 -1
1481117113779 6 1
1481117115478 12 -2
1481117119696 10 -2
1481117121550 1 -1
1481117124010 9 -1
1481117125707 4 2
1481117139117 7 -1
1481117141484 13 1
1481117144225 13 1
1481117145893 0 1
1481117148878 8 2
1481117156403 8 -2
1481117157654 13 -2
1481117160526 4 -2
1481117162904 9 1
1481117165473 10 1
1481117170326 1 1
1481117171874 10 1
1481117174265 2 2
1481117177134 2 -2
1481117179498 0 2
1481117183267 10 -1
1481117184784 1 -1
1481117191356 5 -1
1481117192811 5 1
1481117194022 7 1
1481117195548 5 -2
1481117198496 12 -1
1481117202110 6 -2
1481117204496 1 -1
1481117207537 1 2
1481117210775 10 1
1481117213805 10 -1
1481117221017 3 2
1481117223346 6 1
1481117228131 6 -1
1481117229951 3 -2
1481117231428 10 1
1481117235490 6 2
1481117246320 12 1
1481117247888 5 2
1481117250530 7 -1
1481117269182 5 -1
1481117274332 12 2
1481117276672 6 -3
1481117280925 5 1
1481117290079 12 -2
1481117292648 10 -1
1481117296965 1 -1
1481117305618 3 1
1481117307957 5 1
1481117312197 12 -1
1481117319655 1 1
1481117325872 1 -1
1481117328782 6 2
1481117335225 R
