1482446610515 6 -1
1482446612693 8 -2
1482446615938 4 -1
1482446625610 6 1
1482446626314 12 1
1482446627278 5 2
1482446628027 0 -1
1482446629274 7 -1
1482446632401 9 1
1482446633015 1 1
1482446633967 10 2
1482446635101 12 2
1482446636396 6 -3
1482446639261 12 -2
1482446640228 10 -2
1482446641503 9 -3
1482446643972 1 -2
1482446645501 4 2
1482446646880 10 1
1482446648557 8 4
1482446653408 2 1
1482446654800 13 1
1482446656179 11 3
1482446657876 6 -1
1482446659446 0 1
1482446660853 5 -1
1482446663120 9 -1
1482446666654 8 -1
1482446668229 1 1
1482446668865 4 -1
1482446669784 1 1
1482446674851 10 1
1482446682131 9 1
1482446682724 3 1
1482446683721 5 2
1482446687158 0 -1
1482446689272 6 1
1482446693718 11 -3
1482446700189 2 -1
1482446701267 13 -1
1482446702804 8 -3
1482446715188 10 -1
1482446717940 12 -1
1482446720716 10 -1
1482446721547 9 2
1482446722646 6 2
1482446729830 U
1482446734077 12 1
1482446734887 5 -1
1482446735821 3 -1
1482446736765 9 -2
1482446738255 1 -2
1482446739757 10 1
1482446742971 4 1
1482446749605 4 -1
1482446750925 1 2
1482446752574 10 1
1482446754444 3 1
1482446755440 5 1
1482446759373 12 2
1482446766395 2 1
1482446766981 8 1
1482446767759 13 1
1482446768859 11 3
1482446771031 6 -1
1482446774988 6 2
1482446779675 7 1
1482446780397 7 -1
1482446780979 6 -2
1482446781974 12 -3
1482446784081 6 2
1482446785474 7 1
1482446786611 11 -3
1482446787474 7 -1
1482446790739 2 -1
1482446791403 8 -1
1482446792333 13 -1
1482446801179 10 -2
1482446802378 6 -1
1482446810301 9 2
1482446812274 6 2
1482446815131 4 -1
1482446815979 9 1
1482446816708 10 2
1482446820485 10 -1
1482446832005 10 -1
1482446832820 9 -1
1482446833544 1 -1
1482446834614 4 2
1482446841110 0 1
1482446842444 4 -2
1482446843122 9 1
1482446843773 1 1
1482446844523 10 2
1482446846115 0 2
1482446850266 6 -2
1482446851229 12 3
1482446852291 6 2
1482446855316 5 -2
1482446857139 6 -2
1482446863083 3 -1
1482446866462 12 -2
1482446867388 10 -1
1482446872143 1 -2
1482446873206 1 1
1482446873898 3 1
1482446874653 5 2
1482446875739 12 -1
1482446883664 6 2
1482446886827 0 -3
1482446887837 10 -1
1482446888792 9 -1
1482446896383 4 2
1482446897426 6 -2
1482446898530 9 -2
1482446899700 10 1
1482446918820 8 3
1482446925436 10 -1
1482446926070 8 -1
1482446926973 9 2
1482446928051 6 2
1482446930789 0 1
1482446934222 7 1
1482446935215 4 -2
1482446935809 9 1
1482446936554 1 1
1482446937523 10 2
1482446938621 0 1
1482446941686 8 -2
1482446943310 0 1
1482446957616 7 -1
1482446958344 6 -2
1482446962838 12 1
1482446964237 5 -2
