1482256831738 8 -2
1482256836063 12 1
1482256837930 12 -1
1482256839639 4 1
1482256840473 8 2
1482256843971 8 -2
1482256844970 4 -2
1482256848026 R
1482256853705 R
1482256859303 12 1
1482256861247 5 2
1482256863791 0 -1
1482256866319 0 1
1482256868049 R
1482256870399 4 -1
1482256870911 9 1
1482256871447 1 1
1482256872727 10 2
1482256875166 12 2
1482256878439 12 -1
1482256879591 2 2
1482256883926 11 1
1482256884715 11 -1
1482256885478 5 2
1482256887639 7 -1
1482256888343 0 -1
1482256890311 2 -2
1482256894703 8 -2
1482256895935 12 2
1482256896919 6 -3
1482256900303 2 1
1482256901543 8 1
1482256902303 11 2
1482256903680 12 -2
1482256904264 8 1
1482256904752 2 1
1482256907408 2 -1
1482256909451 10 -1
1482256910575 1 -2
1482256913623 11 -2
1482256914312 8 -2
1482256914783 2 -1
1482256917724 10 -1
1482256918479 9 -3
1482256921111 10 1
1482256923786 4 2
1482256926288 8 4
1482256928527 13 2
1482256929527 2 1
1482256930415 11 3
1482256931583 6 -1
1482256933456 0 1
1482256936152 5 -1
1482256937693 9 -1
1482256938927 9 1
1482256939935 5 1
1482256947216 5 -1
1482256947720 9 -1
1482256950410 R
1482257073745 R
1482257474252 R
