1482255719536 8 -2
1482255719536 8 -2
1482255726195 1 1
1482255726195 1 1
1482255729258 6 -1
1482255729258 6 -1
1482255739119 4 -1
1482255739119 4 -1
1482255743809 6 1
1482255743809 6 1
1482255748829 12 1
1482255748829 12 1
1482255750578 5 2
1482255750578 5 2
1482255753838 7 -1
1482255753838 7 -1
1482255761191 9 1
1482255761191 9 1
1482255763736 10 2
1482255763736 10 2
1482255766134 0 1
1482255766134 0 1
1482255766573 0 1
1482255766573 0 1
1482255768610 12 2
1482255768610 12 2
1482255770309 6 -3
1482255770309 6 -3
1482255774360 5 -1
1482255774360 5 -1
1482255776421 12 -2
1482255776421 12 -2
1482255778481 10 -1
1482255778481 10 -1
1482255779990 1 -2
1482255779990 1 -2
1482255791626 5 1
1482255791626 5 1
1482255794557 5 -1
1482255794557 5 -1
1482255802157 1 2
1482255802157 1 2
1482255804348 10 1
1482255804348 10 1
1482255808389 12 2
1482255808389 12 2
1482255813524 6 1
1482255813524 6 1
1482255816003 7 1
1482255816003 7 1
1482255816978 5 -1
1482255816978 5 -1
1482255821003 6 1
1482255821003 6 1
1482255821948 6 1
1482255821948 6 1
1482255824719 0 -1
1482255824719 0 -1
1482255828486 6 -1
1482255828486 6 -1
1482255832542 0 -1
1482255832542 0 -1
1482255839141 6 1
1482255839141 6 1
1482255841588 12 -1
1482255841588 12 -1
1482255841969 12 -2
1482255841969 12 -2
1482255844869 10 -1
1482255844869 10 -1
1482255847352 10 -1
1482255847352 10 -1
1482255850558 9 -1
1482255850558 9 -1
1482255852487 6 -1
1482255852487 6 -1
1482255854813 1 -1
1482255854813 1 -1
1482255859056 4 2
1482255859056 4 2
1482255862247 6 1
1482255862247 6 1
1482255870363 12 1
1482255870363 12 1
1482255872289 5 2
1482255872289 5 2
1482255873942 7 -1
1482255873942 7 -1
1482255882094 R
1482255882094 R
1482255882132 R
1482255882132 R
1482255890885 8 -2
1482255890885 8 -2
1482255896334 4 -1
1482255896334 4 -1
1482255896960 4 1
1482255896960 4 1
1482255897973 4 1
1482255897973 4 1
1482255898531 4 -1
1482255898531 4 -1
1482255902760 1 1
1482255902760 1 1
1482255904468 6 -1
1482255904468 6 -1
1482255919692 1 -1
1482255919692 1 -1
1482255921820 6 1
1482255921820 6 1
1482255926333 12 1
1482255926333 12 1
1482255927833 5 2
1482255927833 5 2
1482255929812 7 -1
1482255929812 7 -1
1482255936267 4 1
1482255936267 4 1
1482255938901 R
1482255938901 R
1482255938941 R
1482255938941 R
1482255938978 R
1482255938978 R
1482255939004 R
1482255939004 R
1482255950775 1 1
1482255950775 1 1
1482255955526 8 -2
1482255955526 8 -2
1482255958444 6 -1
1482255958444 6 -1
1482255968237 1 -2
1482255968237 1 -2
1482255970237 4 1
1482255970237 4 1
1482255973774 R
1482255973774 R
1482255973813 R
1482255973813 R
1482255987125 6 -1
1482255987125 6 -1
1482255993824 1 -1
1482255993824 1 -1
1482255996949 4 1
1482255996949 4 1
1482256001497 8 -2
1482256001497 8 -2
1482256004170 4 -1
1482256004170 4 -1
1482256005570 4 -1
1482256005570 4 -1
1482256008262 9 1
1482256008262 9 1
1482256010605 10 1
1482256010605 10 1
1482256012834 0 1
1482256012834 0 1
1482256013142 0 1
1482256013142 0 1
1482256016021 6 -1
1482256016021 6 -1
1482256017847 1 1
1482256017847 1 1
1482256018276 1 1
1482256018276 1 1
1482256019457 10 1
1482256019457 10 1
1482256021734 3 1
1482256021734 3 1
1482256022964 6 1
1482256022964 6 1
