1482794451147 1 1
1482794456549 8 -2
1482794457749 4 -1
1482794458512 9 1
1482794459317 10 2
1482794461196 6 -1
1482794461795 10 -2
1482794462916 1 -2
1482794466170 9 -1
1482794467068 4 2
1482794470965 13 2
1482794472617 8 2
1482794474452 13 -2
1482794475688 8 -2
1482794476483 4 -2
1482794476991 9 1
1482794477883 10 1
1482794479385 0 2
1482794480601 6 -1
1482794483500 1 2
1482794486261 3 2
1482794488729 6 1
1482794493740 6 -1
1482794494682 3 -2
1482794495453 10 1
1482794500969 6 2
1482794501912 12 3
1482794502713 5 2
1482794503365 7 -1
1482794505190 5 -1
1482794506957 6 -3
1482794509598 12 -2
1482794512383 10 -1
1482794513144 1 -2
1482794516636 5 1
1482794523668 1 2
1482794524826 10 1
1482794525561 12 2
1482794526245 6 3
1482794528272 0 -3
1482794529833 12 -2
1482794533096 10 -2
1482794533763 9 -1
1482794534481 1 -1
1482794535213 4 2
1482794538496 7 1
1482794540398 13 2
1482794541215 8 2
1482794546866 8 -2
1482794548161 13 -2
1482794548875 4 -2
1482794549728 9 1
1482794550950 10 1
1482794553084 0 2
1482794554314 5 -2
1482794554898 12 -1
1482794556230 6 -1
1482794556949 1 -1
1482794559496 0 1
1482794560263 6 -1
1482794563813 1 2
1482794564847 6 2
1482794565767 12 1
1482794566832 5 2
1482794568446 7 -1
1482794569561 0 -3
1482794571546 2 1
1482794572461 8 2
1482794573385 11 2
1482794575409 7 1
1482794576293 0 1
1482794577154 5 -3
1482794578877 12 -1
1482794581327 10 1
1482794583286 6 -1
1482794584310 6 1
1482794586284 8 -1
1482794588653 11 -1
1482794589794 8 -1
1482794591563 10 -1
1482794592224 6 -1
1482794593253 3 2
1482794596654 8 2
1482794597880 11 1
1482794600714 8 -1
1482794604159 5 1
1482794606419 5 -1
1482794607560 8 1
1482794608532 3 -2
1482794609417 10 1
1482794610009 2 1
1482794610707 7 2
1482794612574 0 -1
1482794613758 6 1
1482794614584 11 -1
1482794620115 7 -2
1482794621291 8 -2
1482794621930 2 -1
1482794623177 6 -2
1482794623934 10 -1
1482794625701 10 1
1482794626409 2 1
1482794627397 8 2
1482794630579 7 2
1482794631496 6 2
1482794633609 7 -2
1482794635748 11 1
1482794636548 2 -1
1482794637882 10 -1
1482794638558 10 1
1482794639694 6 -2
1482794642207 2 1
1482794644191 7 2
1482794645320 6 -1
1482794646908 12 1
1482794649201 11 -1
1482794651799 12 -1
1482794653109 6 3
1482794654900 6 -2
1482794656354 6 -1
1482794657169 12 1
1482794658164 3 1
1482794659073 12 -1
1482794660047 3 -1
1482794660926 6 3
1482794663605 7 -2
1482794665056 8 -2
1482794666256 2 -1
1482794667405 10 -1
1482794668145 10 1
1482794671467 0 1
1482794672028 12 2
1482794673068 5 3
1482794673756 11 -1
1482794674574 2 -1
1482794675230 0 -1
1482794675857 7 -1
1482794677918 12 -1
1482794679016 10 -2
1482794680041 9 -1
1482794680825 1 -1
1482794682125 4 2
1482794687676 13 2
1482794688365 8 2
1482794691120 0 1
1482794692168 5 -1
1482794698487 R
1482794701148 1 1
1482794703340 8 -2
1482794706447 4 -1
1482794707071 9 1
1482794709164 10 2
1482794711368 0 2
1482794712328 6 -2
1482794714647 6 2
1482794716380 12 3
1482794718650 5 2
1482794719245 7 -1
1482794721012 6 -3
1482794721960 12 -2
1482794723339 10 -1
1482794724127 1 -2
1482794728886 5 -1
1482794731090 1 2
1482794731892 10 1
1482794735904 12 2
1482794736755 6 3
1482794739092 7 1
1482794739552 7 -1
1482794741602 12 -2
1482794747025 10 -1
1482794747730 1 -1
1482794750769 7 1
1482794751704 5 -1
1482794752204 12 -1
1482794753389 6 -2
1482794754286 1 -1
1482794762249 1 2
1482794763187 10 1
1482794763985 6 2
1482794772636 0 -2
1482794773463 2 2
1482794774170 8 2
1482794775079 7 2
1482794779807 11 2
1482794780951 5 -1
1482794785002 7 -2
1482794786168 2 -1
1482794787142 8 -1
1482794788027 12 3
1482794794250 5 1
1482794795303 11 -2
1482794796176 2 -1
1482794799771 8 -1
1482794800458 0 2
1482794802023 5 2
1482794803086 7 -1
1482794804766 6 -3
1482794805519 12 -2
1482794806677 10 -1
1482794808908 1 -2
1482794810758 1 2
1482794812324 5 -1
1482794813852 3 2
1482794814966 5 2
1482794815510 12 -1
1482794817254 6 2
1482794819151 7 1
1482794823250 3 -1
1482794824660 10 1
1482794829857 0 -2
1482794832836 10 -2
1482794833740 9 -1
1482794834316 1 -1
1482794835349 4 2
1482794837251 8 2
1482794838336 13 2
1482794841398 0 -1
1482794842417 6 -1
1482794846817 9 -2
1482794848598 10 1
1482794849570 8 1
1482794850369 13 -2
1482794852102 8 -3
1482794858389 10 -1
1482794858933 9 2
1482794860299 6 1
1482794861450 0 1
1482794862247 4 -2
1482794862810 9 1
1482794863866 10 1
1482794864865 0 2
1482794866047 6 -1
1482794869119 1 1
1482794870231 10 1
1482794873431 10 -1
1482794875514 1 -1
1482794876959 1 1
1482794879250 6 1
1482794879940 0 -3
1482794880943 10 -1
1482794881764 6 -1
1482794882448 9 -3
1482794883898 10 2
1482794885342 4 1
1482794886790 10 -2
1482794888184 1 -1
1482794889106 10 1
1482794890526 4 1
1482794891542 10 -1
1482794892204 9 2
1482794893637 6 1
1482794895359 0 1
1482794899584 4 -2
1482794900202 9 1
1482794900877 1 1
1482794901851 10 2
1482794903242 0 2
1482794906664 6 -1
1482794908815 6 1
1482794909451 7 -1
1482794910376 6 -2
1482794912554 12 3
1482794913580 5 -2
1482794914085 3 -1
1482794915552 12 -2
1482794916500 10 -1
1482794917316 1 -2
1482794922338 5 1
1482794925520 1 2
1482794926279 10 1
1482794927451 12 2
1482794928277 6 3
1482794930723 12 -2
1482794931770 10 -1
1482794932697 1 -1
1482794933798 1 1
1482794934648 10 1
1482794936208 12 2
1482794938467 6 -3
1482794940164 12 -2
1482794941440 10 -1
1482794941996 1 -2
1482794951248 1 2
1482794952261 10 1
1482794952733 12 2
1482794953994 6 3
1482794955661 7 1
1482794957402 5 -2
1482794959263 6 -2
1482794960716 3 1
1482794962764 3 -1
1482794963531 6 2
1482794965378 5 2
1482794966094 12 -2
1482794967618 10 -1
1482794968320 1 -1
1482794969960 1 1
1482794971626 5 -2
1482794972113 12 -1
1482794973045 6 -2
1482794974079 1 -2
1482794982459 R
1482794987088 6 -1
1482794988032 1 -1
1482794989610 4 1
1482794990957 13 2
1482794995261 8 -2
1482794997393 13 -2
1482794999616 4 -2
1482795000410 9 1
1482795001488 10 1
1482795002347 10 -1
1482795003174 9 -1
1482795006140 4 1
1482795006781 1 2
1482795008242 6 1
1482795008976 12 1
1482795010798 5 2
1482795011655 7 -1
1482795014077 0 -1
1482795017628 1 -1
1482795018377 4 1
1482795019728 13 2
1482795020382 8 2
1482795021907 7 1
1482795024592 0 1
1482795025354 5 -2
1482795026434 12 -1
1482795027557 6 -1
1482795028493 1 -1
1482795029943 8 -2
1482795032256 13 -2
1482795034178 4 -2
1482795034692 9 1
1482795035759 10 1
1482795036804 0 2
1482795039451 6 -1
1482795042709 1 2
1482795043672 10 1
1482795045440 6 2
1482795047834 12 3
1482795051735 6 -2
1482795052409 3 1
1482795053733 3 -1
1482795055013 6 2
1482795056177 6 -2
1482795060924 6 2
1482795061407 12 -3
1482795063027 6 -2
1482795063979 10 -1
1482795064596 1 -2
1482795066198 1 2
1482795067422 6 2
1482795069294 12 1
1482795070064 5 2
1482795070781 7 -1
1482795072658 10 1
1482795073325 12 2
1482795074421 6 -3
1482795075171 12 -2
1482795076415 10 -1
1482795077060 1 -2
1482795079712 5 -1
1482795081558 1 2
1482795082089 3 2
1482795082839 5 2
1482795083241 12 -1
1482795084625 3 -1
1482795086493 10 1
1482795088756 12 3
1482795089827 5 -2
1482795090273 3 -1
1482795091973 6 3
1482795093107 0 -2
1482795095873 6 -1
1482795097135 6 1
1482795097730 12 -2
1482795100310 10 -2
1482795101157 9 -1
1482795101850 1 -1
1482795102571 4 2
1482795103206 13 2
1482795104411 8 2
1482795109540 5 1
1482795110089 0 -1
1482795114222 7 1
1482795115424 0 1
1482795116078 5 -2
1482795116713 12 -1
1482795117863 6 -1
1482795118487 1 -1
1482795123695 1 1
1482795134044 8 -2
1482795134549 13 -2
1482795135889 4 -2
1482795136786 9 1
1482795137669 10 1
1482795139887 1 -1
1482795142253 0 2
1482795143062 6 -1
1482795146967 1 2
1482795147638 10 1
1482795148657 10 -1
1482795150164 10 1
1482795154403 3 1
1482795155794 6 1
1482795159804 10 -1
1482795160688 10 1
1482795162269 R
1482795164184 4 1
1482795165299 8 -2
1482795168265 13 2
1482795170045 13 -2
1482795171797 6 -1
1482795173312 6 1
1482795175867 12 1
1482795176638 5 2
1482795177311 0 -1
1482795181256 4 -2
1482795181908 9 1
1482795182551 10 1
1482795186175 0 3
1482795187486 5 -2
1482795188221 12 -1
1482795188907 6 -2
1482795189700 1 -1
1482795191295 1 2
1482795192646 3 2
1482795194450 6 1
1482795196427 3 -2
1482795197445 6 1
1482795198058 10 1
1482795199822 12 3
1482795202619 6 -2
1482795204704 5 2
1482795205160 7 -1
1482795205956 6 -1
1482795207137 12 -2
1482795208939 10 -1
1482795209624 1 -2
1482795212245 5 -1
1482795218653 5 1
1482795220081 1 2
1482795220953 10 1
1482795222946 12 1
1482795225143 3 1
1482795225785 5 1
1482795227143 12 -2
1482795228934 6 2
1482795231617 7 1
1482795233908 6 -1
1482795236188 10 -1
1482795236984 1 -1
1482795238800 1 1
1482795239771 6 1
1482795240802 3 1
1482795243616 0 -3
1482795244821 8 2
1482795245554 2 1
1482795246254 11 2
1482795249451 R
1482795250507 13 1
1482795252000 1 1
1482795253801 12 1
1482795255989 8 -2
1482795259666 8 2
1482795261939 5 2
1482795262403 0 -1
1482795269249 0 1
1482795269900 5 -2
1482795270483 12 -1
1482795271350 6 -1
1482795272091 1 -2
1482795273798 1 2
1482795274516 3 2
1482795276395 8 -2
1482795277608 13 -1
1482795284398 4 -1
1482795291460 9 1
1482795354323 10 1
1482795359418 8 2
1482795360378 2 1
1482795361076 11 2
1482795363199 11 -2
1482795365496 3 -2
1482795366449 10 1
1482795367434 2 1
1482795368231 7 2
1482795368887 11 2
1482795377345 5 -1
1482795463275 6 1
1482795463926 12 1
1482795465710 7 -2
1482795467281 2 -1
1482795468023 8 -1
1482795468597 12 2
1482795470034 5 3
1482795471090 7 -1
1482795471924 11 -2
1482795472841 2 -1
1482795473599 8 -1
1482795474885 12 -2
1482795477189 0 2
1482795477974 12 2
1482795478738 5 -1
1482795479608 6 -3
1482795484217 12 -2
1482795488383 10 -1
1482795489074 1 -2
1482795491175 5 1
1482795498642 5 -1
1482795500828 1 2
1482795501327 10 1
1482795502156 12 2
1482795502956 6 3
1482795503891 12 -2
1482795505252 10 -1
1482795505790 1 -1
1482795507901 7 1
1482795508491 5 -1
1482795509100 12 -1
1482795510888 6 -2
1482795512773 3 1
1482795514923 1 1
1482795515583 3 1
1482795516990 6 1
1482795519264 0 -2
1482795520583 10 -1
1482795521831 3 -2
1482795522975 6 1
1482795523705 12 1
1482795525390 5 2
1482795525980 7 -1
1482795528679 9 -1
1482795529588 4 1
1482795530407 13 1
1482795532687 8 2
1482795534265 13 -1
1482795535542 4 -1
1482795536165 9 1
1482795537337 10 2
1482795538603 2 2
1482795539494 11 2
1482795540339 7 3
1482795541788 5 -3
1482795542756 12 -1
1482795550871 6 -1
1482795551872 11 -1
1482795552713 11 1
1482795554377 5 1
1482795555039 11 -2
1482795556055 7 -2
1482795557122 2 -2
1482795558974 6 1
1482795560633 10 -1
1482795562932 10 1
1482795565107 0 1
1482795568081 12 2
1482795568915 5 2
1482795570181 7 -1
1482795571171 0 -2
1482795572763 12 -1
1482795576007 10 -2
1482795577014 9 -1
1482795577738 1 -1
1482795579072 4 2
1482795580012 13 2
1482795581265 8 -2
1482795582853 13 -2
1482795587390 4 -2
1482795588302 9 1
1482795589597 1 1
1482795590576 10 2
1482795591484 0 3
1482795592546 12 2
1482795593990 6 -3
1482795595142 12 -2
1482795596734 10 -1
1482795600237 10 1
1482795600887 12 2
1482795601465 6 3
1482795602511 12 -2
1482795603922 12 2
1482795604652 0 -3
1482795606512 6 -3
1482795608206 12 -2
1482795609343 10 -2
1482795610004 9 -3
1482795610771 1 -2
1482795612087 10 1
1482795613239 4 2
1482795614612 10 -1
1482795615188 9 2
1482795617049 8 2
1482795618553 1 1
1482795620452 13 2
1482795621818 8 -2
1482795622487 13 -2
1482795623469 9 -2
1482795624103 1 -1
1482795625319 10 1
1482795626186 8 4
1482795627899 2 1
1482795628971 11 2
1482795630377 11 -2
1482795631269 13 2
1482795631968 11 3
1482795633163 6 -1
1482795635744 8 -3
1482795636711 1 1
1482795637484 1 -1
1482795638177 13 -1
1482795638976 4 -1
1482795639529 1 2
1482795640468 10 1
1482795642559 12 2
1482795644038 6 2
1482795645469 11 -3
1482795646589 2 -1
1482795650815 8 -1
1482795651561 13 -1
1482795652633 4 -1
1482795654612 6 -1
1482795655282 12 -2
1482795657281 10 -2
1482795657983 1 -2
1482795659002 4 2
1482795659668 10 1
1482795661611 10 -1
1482795662457 9 2
1482795664185 9 -2
1482795665216 9 2
1482795666883 4 -2
1482795667402 9 1
1482795668102 1 2
1482795669572 10 2
1482795670285 12 2
1482795671134 6 3
1482795672870 12 -2
1482795675928 0 3
1482795677693 12 2
1482795678610 6 -3
1482795679967 12 -2
1482795682513 12 2
1482795683216 5 -1
1482795684409 12 -2
1482795685999 10 -1
1482795686726 1 -2
1482795689142 1 2
1482795690061 10 1
1482795690993 12 2
1482795692016 6 3
1482795694306 0 -2
1482795695066 12 -2
1482795698242 10 -2
1482795700515 10 2
1482795701106 0 2
1482795702782 0 -2
1482795703431 5 1
1482795703971 0 -1
1482795704965 12 2
1482795706069 6 -3
1482795706905 12 -2
1482795707726 10 -2
1482795708537 9 -3
1482795709351 1 -2
1482795710298 4 2
1482795711666 10 1
1482795713712 13 2
1482795714431 8 4
1482795715810 2 1
1482795716831 11 3
1482795718618 6 -1
1482795728689 8 -3
1482795730057 1 1
1482795732779 6 1
1482795733647 11 -3
1482795734613 2 -1
1482795736854 13 -2
1482795737548 8 -1
1482795747681 4 -1
1482795748482 1 1
1482795749537 10 1
1482795750053 12 2
1482795752698 6 1
1482795753661 7 1
1482795755514 2 1
1482795756065 8 1
1482795756562 13 1
1482795757178 11 3
1482795758094 7 -1
1482795758848 6 -2
1482795760811 12 -2
1482795762273 2 1
1482795762983 8 2
1482795764820 6 1
1482795765427 11 -3
1482795766327 2 -2
1482795767763 13 -1
1482795769299 8 -3
1482795770183 12 2
1482795771715 12 -2
1482795776068 12 2
1482795777344 12 -2
1482795778213 10 -2
1482795780449 9 2
1482795782459 3 2
1482795783365 5 1
1482795783980 12 -1
1482795785080 3 -1
1482795786012 6 2
1482795787993 4 -1
1482795788483 9 1
1482795789548 10 2
1482795790748 10 -2
1482795791316 9 -1
1482795791761 1 -1
1482795792812 4 2
1482795800215 13 2
1482795800989 8 2
1482795802353 6 -2
1482795802906 9 -2
1482795804029 10 1
1482795804740 8 1
1482795807945 2 1
1482795808387 11 3
1482795809661 6 -1
1482795813052 6 2
1482795814758 7 1
1482795815710 11 -3
1482795816594 2 -1
1482795817593 13 -2
1482795818809 8 -3
1482795820948 10 -1
1482795824401 9 2
1482795825627 6 1
1482795826806 0 1
1482795828320 0 -1
1482795830957 0 1
1482795833809 4 -2
1482795834410 1 1
1482795835094 9 1
1482795836084 10 2
1482795837093 0 2
1482795838990 6 -1
1482795840533 6 1
1482795841566 7 -1
1482795842393 6 -2
1482795843655 6 1
1482795844508 6 -1
1482795845160 12 3
1482795846438 6 2
1482795849527 5 -2
1482795850195 7 1
1482795850789 5 -1
1482795851761 6 -1
1482795852576 3 -1
1482795854028 6 2
1482795854620 12 -3
1482795855576 0 -2
1482795856861 6 -1
1482795860560 10 -1
1482795861317 1 -2
1482795863277 1 2
1482795863982 10 -1
1482795864613 9 -1
1482795865868 9 1
1482795871305 6 1
1482795874665 10 2
1482795877443 0 2
1482795878440 6 -2
1482795879848 10 -1
1482795880574 1 -2
1482795882367 1 2
1482795886041 3 2
1482795887460 6 1
1482795892076 6 -1
1482795892777 3 -2
1482795893795 10 1
1482795896312 6 2
1482795897773 0 -2
1482795899074 10 -2
1482795902225 9 -1
1482795903373 6 -1
1482795904707 1 -2
1482795905899 4 2
1482795907642 8 2
1482795908469 13 2
1482795909779 8 -2
1482795910506 13 -2
1482795911323 4 -2
1482795911743 9 1
1482795913020 10 1
1482795913659 0 2
1482795915969 6 -1
1482795917573 1 2
1482795918400 6 2
1482795919071 12 1
1482795919924 5 2
1482795920489 7 -1
1482795922135 5 -1
1482795924183 10 1
1482795925078 12 2
1482795926350 6 -3
1482795927057 12 -2
1482795928532 10 -1
1482795929196 1 -2
1482795931995 1 2
1482795933589 5 1
1482795934856 5 -1
1482795935663 3 2
1482795936621 5 2
1482795937171 12 -1
1482795938574 6 2
1482795943357 6 -2
1482795944157 12 1
1482795944828 5 -2
1482795945523 3 -2
1482795946464 10 1
1482795946974 12 2
1482795947991 6 3
1482795949381 5 1
1482795950239 0 -3
1482795952858 6 -3
1482795953459 12 -2
1482795955574 2 2
1482795956434 8 2
1482795959043 2 -2
1482795959540 8 -2
1482795964899 10 -2
1482795965538 9 -3
1482795966334 1 -2
1482795967310 4 2
1482795968234 10 1
1482795970490 8 4
1482795972799 2 1
1482795973521 11 2
1482795974621 11 -2
1482795975650 13 2
1482795976363 11 3
1482795977588 6 -1
1482795981832 8 -3
1482795982951 1 1
1482795983750 1 -1
1482795987534 8 3
1482795989839 6 1
1482795990543 11 -3
1482795991836 2 -1
1482795993327 10 -1
1482795994306 13 -2
1482795996937 9 1
1482796000359 8 -2
1482796001105 9 1
1482796001759 1 1
1482796003423 8 -2
1482796004771 8 2
1482796005474 13 2
1482796006970 9 -2
1482796007837 1 -1
1482796009174 8 2
1482796010138 10 1
1482796011203 2 1
1482796011770 11 3
1482796012739 6 -1
1482796014774 8 -3
1482796015461 1 1
1482796016588 1 -1
1482796017810 13 -1
1482796018625 4 -1
1482796019776 1 2
1482796020703 10 1
1482796021457 2 1
1482796023503 3 1
1482796024272 5 1
1482796024922 12 -1
1482796026055 2 -1
1482796028971 10 -1
1482796029620 1 -1
1482796030425 4 1
1482796032006 13 1
1482796032687 8 2
1482796035402 6 2
1482796037356 7 1
1482796037851 11 -3
1482796038701 2 -1
1482796040461 13 -2
1482796041722 8 -3
1482796043618 10 -1
1482796044210 9 2
1482796045854 6 1
1482796050254 7 -1
1482796051654 6 -2
1482796052524 9 -2
1482796056571 10 1
1482796058401 4 -2
1482796059216 1 1
1482796060003 10 1
1482796060993 4 1
1482796062956 8 3
1482796064319 2 2
1482796065068 13 1
1482796066291 11 3
1482796068554 11 -3
1482796069650 8 -3
1482796070218 2 -2
1482796076609 13 -1
1482796083396 10 -1
1482796084940 3 1
1482796086714 12 1
1482796087260 12 -1
1482796088133 12 1
1482796088930 5 -1
1482796089494 3 -2
1482796090603 10 1
1482796091150 12 2
1482796095310 6 1
1482796096001 7 1
1482796102810 4 -1
1482796105547 3 1
1482796106255 5 1
1482796109456 4 1
1482796110853 2 1
1482796111437 8 1
1482796112130 13 1
1482796112888 11 3
1482796116833 5 -1
1482796117306 3 -1
1482796119197 7 -1
1482796120052 6 -2
1482796121033 0 1
1482796121786 5 -1
1482796122279 9 -1
1482796124168 12 -2
1482796127418 8 2
1482796131921 8 -2
1482796133698 10 -1
1482796134314 1 -2
1482796135331 4 1
1482796136430 8 3
1482796139648 13 1
1482796140347 13 -1
1482796141464 9 1
1482796142314 5 1
1482796142767 0 -1
1482796143832 6 1
1482796144341 11 -3
1482796145300 2 -1
1482796146184 13 -1
1482796150014 2 1
1482796150892 2 -1
1482796157995 10 -1
1482796159039 9 1
1482796160525 9 -1
1482796161363 8 -4
1482796162846 10 1
1482796165584 13 2
1482796166057 8 4
1482796168014 2 1
1482796168736 11 3
1482796171366 13 -1
1482796174478 8 -3
1482796176508 4 -1
1482796177364 1 2
1482796178479 10 1
1482796179111 12 2
1482796180349 6 1
1482796180829 6 -2
1482796183764 0 1
1482796185902 5 -1
1482796186668 9 -1
1482796187814 12 -2
1482796189081 2 1
1482796189963 8 2
1482796193867 9 1
1482796194755 9 -1
1482796196341 2 -1
1482796197064 12 1
1482796199396 12 -1
1482796200631 2 1
1482796202147 2 -1
1482796204422 2 1
1482796205442 2 -1
1482796206095 9 1
1482796206607 3 1
1482796207274 5 1
1482796208240 5 1
1482796208972 12 -1
1482796210055 2 1
1482796210578 0 -1
1482796211472 6 2
1482796212144 7 3
1482796213731 6 -2
1482796215636 12 1
1482796216653 5 -1
1482796217268 3 -1
1482796219288 6 1
1482796219736 11 -3
1482796220778 13 -1
1482796223420 8 -1
1482796224019 4 -1
1482796226862 8 1
1482796227782 8 -1
1482796228785 8 1
1482796229447 4 1
1482796232531 3 1
1482796233148 5 1
1482796234234 12 -1
1482796235081 6 1
1482796235512 7 -3
1482796237131 2 -2
1482796248448 7 1
1482796259731 2 2
1482796260527 11 2
1482796261254 7 2
1482796262964 6 -1
1482796263792 12 1
1482796264471 5 -1
1482796264959 3 -1
1482796266954 8 -1
1482796268168 4 -1
1482796269504 4 1
1482796270660 8 1
1482796271277 13 1
1482796271784 11 1
1482796272535 6 -1
1482796275371 3 1
1482796276051 5 1
1482796276696 0 1
1482796277446 5 -4
1482796279075 0 -1
1482796279717 12 -1
1482796280252 9 -1
1482796281059 3 -1
1482796282007 6 4
1482796283267 7 -2
1482796285457 11 -2
1482796287226 2 -1
1482796288827 13 -1
1482796289538 8 -3
1482796292690 10 -1
1482796293458 1 -1
1482796294257 4 1
1482796299488 4 -2
1482796300975 8 3
1482796301644 11 1
1482796303624 6 -2
1482796304325 1 -1
1482796305342 8 1
1482796306326 4 2
1482796307041 13 2
1482796307492 11 1
1482796308977 11 -2
1482796310594 13 -2
1482796311553 13 2
1482796314870 8 -4
1482796317151 6 1
1482796317758 0 1
1482796318568 5 1
1482796318982 11 -1
1482796319774 2 -1
1482796323416 13 -2
1482796324965 0 4
