1481615816941 1 1
1481615823344 1 -1
1481615825483 4 1
1481615830638 8 -2
1481615839750 4 -2
1481615843570 4 1
1481615845213 4 1
1481615854002 13 2
1481615858118 8 1
1481615859329 13 -2
1481615860442 8 -1
1481615862728 8 2
1481615866610 4 -1
1481615868550 1 1
1481615871278 4 -1
1481615872801 9 1
1481615876102 10 2
1481615879413 0 1
1481615885000 8 -2
1481615886173 0 1
1481615888205 6 -2
1481615892329 10 -1
1481615894221 1 -2
1481615908039 6 1
1481615918546 6 -1
1481615921586 1 2
1481615924195 6 2
1481615925505 12 1
1481615927063 5 2
1481615931500 7 -1
1481615940625 10 1
1481615950894 0 -2
1481615954999 0 2
1481615959687 R
1481615996478 6 -1
1481615998666 1 -1
1481616000459 4 1
1481616008938 8 -2
1481616014214 4 -2
1481616015834 9 1
1481616017193 10 1
1481616018861 0 2
1481616020727 6 -1
1481616033438 1 2
1481616040195 10 1
1481616042296 6 2
1481616050899 12 1
1481616053063 5 2
1481616055536 7 -1
1481616065535 0 -1
1481616067747 8 2
1481616070182 8 -2
1481616072098 0 1
1481616077067 5 -1
1481616090084 R
1481616119869 6 -1
1481616126112 1 -1
1481616130287 4 1
1481616134229 8 -2
1481616149925 13 2
1481616152262 8 2
1481616154022 8 -2
1481616158687 13 -2
1481616160418 4 -2
1481616162060 9 1
1481616163163 10 1
1481616164582 0 2
1481616168350 6 -1
1481616175554 1 2
1481616178114 10 1
1481616182116 10 -1
1481616184860 3 1
1481616186429 3 -1
1481616191186 6 1
1481616195275 6 1
1481616197068 12 1
1481616198576 5 2
1481616203396 7 -1
1481616208523 0 -1
1481616209833 8 2
1481616213357 0 -1
1481616214476 2 1
1481616216445 11 2
1481616223552 7 1
1481616224445 5 -3
1481616227581 12 -1
1481616238532 R
1481616249800 4 1
1481616256844 13 2
