1481608388838 8 -2
1481608389486 4 1
1481608391326 6 -1
1481608391974 3 1
1481608394195 4 -2
1481608394822 R
1481608395958 6 -1
1481608396710 3 1
1481608398006 8 -2
1481608399502 1 1
1481608400342 4 -1
1481608400910 9 1
1481608401534 10 2
1481608403526 0 2
1481608404414 6 -1
1481608405937 10 -1
1481608406998 1 -1
1481608408934 3 -1
1481608410182 1 1
1481608410806 10 1
1481608412781 6 2
1481608416878 12 1
1481608417638 5 2
1481608418382 7 -1
1481608420950 0 -2
1481608423206 10 -2
1481608423814 9 -1
1481608424278 1 -1
1481608424937 4 2
1481608426510 13 2
1481608427142 8 2
1481608432470 8 -2
1481608433511 13 -2
1481608434166 4 -2
1481608434737 9 1
1481608435303 10 1
1481608440838 2 1
1481608441510 7 1
1481608442262 11 1
1481608442998 5 -3
1481608443670 12 -1
1481608444702 6 -1
1481608445214 1 -1
1481608447126 8 2
1481608448138 11 1
1481608451405 1 2
1481608452520 6 1
1481608452958 12 1
1481608454142 5 2
1481608455006 11 -2
1481608455492 7 -1
1481608457222 10 1
1481608459910 2 -1
1481608462582 0 1
1481608464942 8 -2
1481608465538 10 -1
1481608466206 1 -1
1481608468487 5 1
1481608469414 7 1
1481608477638 0 -2
1481608479958 1 1
1481608480494 10 1
1481608487494 12 2
1481608489254 6 -1
1481608491183 3 1
1481608491854 5 1
1481608496937 5 -1
1481608497359 3 -1
1481608497904 6 1
1481608500614 12 -2
1481608502262 10 -2
1481608502942 9 -1
1481608503478 1 -1
1481608504262 4 2
1481608506022 0 1
1481608506631 5 -2
1481608507153 12 -1
1481608509293 6 -1
1481608512974 1 -1
1481608516087 4 -2
1481608516598 9 1
1481608517518 10 1
1481608518430 0 2
1481608519959 6 -1
1481608521206 1 2
1481608521862 10 1
1481608527814 6 2
1481608528521 0 -2
1481608529326 10 -2
1481608531934 9 -1
1481608532558 1 -1
1481608533158 4 2
1481608534822 6 -1
1481608536782 1 -1
1481608539190 8 2
1481608540502 13 2
1481608544537 13 -2
1481608545181 4 -2
1481608546486 1 2
1481608547014 9 1
1481608547704 10 2
1481608548670 0 1
1481608549094 8 -2
1481608550854 10 -1
1481608551582 1 -2
1481608553953 0 1
1481608554774 6 -1
1481608559830 6 1
1481608562630 0 -2
1481608564718 10 -1
1481608565430 9 -1
1481608566573 4 2
1481608568518 1 1
1481608568974 6 1
1481608570502 12 1
1481608571182 5 2
1481608571749 7 -1
1481608573358 0 -1
1481608575318 8 2
1481608576590 13 2
1481608579102 0 1
1481608579926 5 -1
1481608583870 7 1
1481608584338 5 -1
1481608584958 12 -1
1481608585622 6 -1
1481608586287 1 -1
1481608591270 8 -2
1481608591758 13 -2
1481608594982 4 -2
1481608595654 8 2
1481608597966 1 1
1481608598494 6 1
1481608601958 12 1
1481608602598 5 2
1481608603678 7 -1
1481608616310 4 2
1481608616878 8 -2
1481608619294 7 1
1481608620062 5 -2
1481608620605 12 -1
1481608621522 6 -1
1481608825710 6 1
1481608826322 12 1
1481608827134 5 2
1481608827678 0 -1
1481608854038 8 2
1481608855206 13 2
1481608856766 7 -1
1481608862937 0 1
1481608864302 R
1481608866837 12 1
1481608867446 5 2
1481608867998 0 -1
1481608869321 7 -1
1481608874349 4 -1
1481608874958 9 1
1481608875598 1 1
1481608876846 10 2
1481608877518 12 1
1481608884614 0 2
1481608887974 12 -1
1481608889286 7 1
1481608890126 5 -2
1481608890790 12 -1
1481609692758 8 -2
1481609693990 0 1
1481609696614 6 -1
1481609697638 3 1
1481609698611 6 -1
1481609700006 3 -1
1481609700782 6 2
1481609701470 12 1
1481609702142 5 2
1481609704774 0 -3
1481609705814 2 2
1481609706278 8 2
1481609706790 7 2
1481609707374 11 2
1481609708966 0 1
1481609709782 5 -3
1481609711888 12 -1
1481609712582 6 -1
1481609716510 3 1
1481609717445 0 -1
1481609718190 6 -2
1481609718855 12 1
1481609722165 12 -1
1481609722998 6 2
1481609723629 0 1
1481609724230 5 1
1481609724789 11 -2
1481609726510 7 -2
1481609727165 2 -2
1481609728256 8 -2
1481609728814 10 -2
1481609730207 3 -1
1481609730889 1 -2
1481609735374 10 1
1481609735982 0 2
1481609739702 1 2
1481609740255 10 1
1481609741318 6 1
1481609743446 12 3
1481609744518 5 2
1481609745073 7 -1
1481609746673 6 -3
1481609749462 3 1
1481609749926 5 1
1481609750526 12 -3
1481609751822 10 -1
1481609753689 12 1
1481609754106 5 -2
1481609758174 5 2
1481609758902 12 -1
1481609762374 6 2
1481609763238 0 -3
1481609764638 1 -1
1481609771790 2 1
1481609772318 8 1
1481609774046 11 2
1481609774894 7 1
1481609777758 6 -1
1481609779662 7 -1
1481609780166 11 -2
1481609780906 2 -1
1481609781272 8 -1
1481609784406 6 -1
1481609784856 10 -1
1481609785478 9 -3
1481609786110 10 1
1481609787342 4 2
1481609790293 2 1
1481609791072 8 1
1481609791934 13 1
1481609792661 11 3
1481609793194 6 -1
1481609793742 0 1
1481609802366 4 -1
1481609802990 1 1
1481609803606 10 1
1481609806239 12 3
1481609807230 0 -1
1481609807709 6 2
1481609808462 7 1
1481609810423 5 -1
1481609811326 3 -1
1481609813038 7 -1
1481609813694 11 -3
1481609814333 6 -1
1481609816366 12 -2
1481609819894 3 1
1481609820382 5 1
1481609820895 12 -1
1481609824262 11 3
1481609824694 6 -1
1481609825206 0 1
1481609827294 0 -1
1481609827814 6 2
1481609829046 10 -1
1481609830704 10 1
1481609831142 2 1
1481609831902 8 2
1481609832526 11 -3
1481609833142 13 -1
1481609834102 2 -2
1481609844230 10 -2
1481609844726 9 1
1481609845166 3 1
1481609846646 8 -1
1481609847214 4 -1
1481609848222 9 2
1481609849950 6 1
1481609850381 0 1
1481609851926 3 -1
1481609853534 7 1
1481609857174 0 -1
1481609858526 0 1
1481609859046 10 2
1481609859656 8 -2
1481609860478 0 2
1481609861262 6 -1
1481609862597 10 -1
1481609863256 1 -1
1481609864778 7 -1
1481609865198 6 -1
1481609865958 12 1
1481609866782 5 -2
1481609867577 3 -1
1481609868106 1 -1
1481609870582 5 1
1481609874070 1 1
1481609874694 3 1
1481609875549 5 1
1481609876358 12 -1
1481609877270 6 2
1481609878894 7 1
1481609881672 1 1
1481609882105 10 1
1481609886182 6 -1
1481609887734 10 -1
1481609888361 1 -1
1481609892006 7 -1
1481609892494 6 -1
1481609894942 1 1
1481609895398 10 1
1481609900950 6 2
1481609901606 0 -3
1481609902286 10 -2
1481609902950 9 -1
1481609903326 1 -1
1481609903839 4 2
1481609913326 6 -2
1481609913806 12 1
1481609914366 5 -1
1481609915014 3 -1
1481609916198 9 -1
1481609917105 1 -1
1481609917942 8 4
1481609924256 9 -1
1481609924630 10 1
1481609930106 8 -1
1481609932310 1 1
1481609932782 4 -1
1481609933270 1 1
1481609934022 10 1
1481609934814 12 1
1481609936906 8 -3
1481609937758 12 1
1481609938342 6 1
1481609940230 3 1
1481609940742 5 1
1481609942166 7 1
