1482255037282 4 1
1482255039074 8 -2
1482255041176 12 1
1482255043856 5 2
1482255046017 4 -2
1482255047301 1 1
1482255048468 9 1
1482255050579 10 2
1482255053752 7 -1
1482255057731 0 2
1482255060248 12 2
1482255063732 5 -1
1482255065421 6 -3
1482255068894 12 -2
1482255071643 10 -1
1482255075003 1 -2
1482255079059 5 1
1482255089184 5 -1
1482255097453 1 2
1482255099737 10 1
1482255103164 12 2
1482255104985 6 3
1482255106294 5 1
1482255109343 12 -2
1482255111399 10 -1
1482255113259 1 -1
1482255118512 0 -3
1482255119798 8 2
1482255121290 2 1
1482255122706 0 1
1482255127100 8 -2
1482255132109 2 -1
1482255134199 0 2
1482255136591 1 1
1482255138809 10 1
1482255148914 10 -1
1482255150423 1 -1
1482255154940 5 -1
1482255158465 7 1
1482255160418 5 -1
1482255161691 12 -1
1482255163947 6 -2
1482255166082 1 -1
1482255167764 6 1
1482255177824 6 -1
1482255179457 1 2
1482255181359 10 1
1482255186691 6 2
1482255191997 12 3
1482255194049 5 2
1482255195791 12 -2
1482255197321 7 -1
1482255199454 10 -1
1482255202181 1 -1
1482255205412 5 -1
1482255209866 1 1
1482255211903 10 1
1482255214749 12 2
1482255217046 6 -3
1482255221012 12 -2
1482255225538 10 -1
1482255227853 1 -2
1482255237915 5 1
1482255244486 5 -1
1482255256715 5 1
1482255259220 1 2
1482255260172 10 1
1482255262017 3 1
1482255268066 5 1
1482255269428 12 -1
1482255270971 6 1
1482255271606 6 1
1482255273524 0 -3
1482255275592 8 2
1482255276981 2 2
1482255279899 11 2
1482255281911 2 -1
1482255283298 6 -2
1482255284768 8 -1
1482255287736 10 -1
1482255292265 12 1
1482255299247 11 -2
1482255302951 2 -1
1482255304099 8 -1
1482255307631 10 -1
1482255309050 1 -1
1482255310911 9 -3
1482255312502 4 2
1482255314897 10 1
1482255316465 12 -1
1482255317672 6 1
1482255320914 4 -2
1482255322691 1 1
1482255324726 10 1
1482255326630 4 1
1482255327882 6 -1
1482255331400 12 3
1482255334715 12 -3
1482255337005 10 -2
1482255338625 9 2
1482255340446 3 1
1482255343314 6 2
1482255345034 0 1
1482255346635 3 -1
1482255349349 1 -1
1482255350175 4 1
1482255353347 13 2
1482255355901 13 -2
1482255357512 8 2
1482255359316 4 -2
1482255361575 8 -2
1482255362921 9 1
1482255364483 1 1
1482255366851 10 2
1482255368572 0 2
1482255370501 6 -2
1482255374308 10 -1
1482255376078 1 -1
1482255378964 6 2
1482255384850 0 -3
1482255388002 8 2
1482255391713 6 -2
1482255393423 10 -1
1482255395187 12 1
1482255396805 5 -1
1482255398515 3 -1
1482255399517 1 -1
1482255402841 9 -3
1482255404546 4 2
1482255407136 8 2
1482255411291 13 2
1482255412730 10 1
1482255417086 10 -1
1482255419107 9 1
1482255421940 8 -4
1482255426230 13 -2
1482255427616 9 1
1482255430820 1 1
1482255432679 3 1
1482255433835 5 1
1482255435225 12 -1
1482255436553 6 1
1482255437406 6 1
1482255438916 0 1
1482255441632 13 2
1482255444006 8 2
1482255450318 13 -2
1482255475013 8 -2
1482255476938 7 1
1482255479273 4 -2
1482255480327 9 1
1482255482031 10 1
1482255483479 0 2
1482255485996 7 -1
1482255489065 6 -2
1482255494844 12 1
1482255496693 5 -2
1482255499367 3 -1
1482255502810 1 -1
1482255509420 1 2
1482255511226 10 1
1482255514213 12 2
1482255516659 6 3
1482255518730 12 -2
1482255521327 12 2
1482255522563 5 1
1482255528259 12 -2
1482255532821 0 -3
1482255535698 0 3
1482255539966 10 -1
1482255541527 1 -1
1482255544896 0 -3
1482255546599 10 -1
1482255548641 9 -1
1482255549704 4 2
1482255554167 8 2
1482255556702 13 2
1482255561509 13 -2
1482255569010 4 -2
1482255570605 9 1
1482255572140 1 1
1482255575430 10 2
1482255577704 0 2
1482255579857 5 -1
1482255582794 8 -2
1482255590273 10 -1
1482255592367 1 -1
1482255595515 8 1
1482255596933 8 1
1482255602962 7 1
1482255604020 5 -1
1482255605744 12 -1
1482255607762 6 -1
1482255609263 1 -1
1482255612259 8 -2
1482255617264 0 -1
1482255618820 10 -1
1482255620914 9 -1
1482255623646 4 2
1482255626679 13 2
1482255631994 8 2
1482255635385 1 1
1482255636701 6 1
1482255639291 12 1
1482255642215 5 2
1482255643310 7 -1
1482255672250 8 -2
1482255674216 5 -1
1482255678997 13 -2
