1482887383165 4 -1
1482887384145 9 1
1482887384837 8 -2
1482887385465 10 1
1482887386155 0 2
1482887386875 6 -2
1482887390095 1 1
1482887392225 6 2
1482887392900 12 1
1482887393686 5 2
1482887396547 7 -1
1482887397299 0 -3
1482887406400 R
1482887415643 8 -2
1482887421959 6 -1
1482887429328 4 -1
1482887430417 9 1
1482887432368 10 1
1482887434320 0 2
1482887435799 6 -1
1482887436966 1 1
1482887444655 6 2
1482887445796 12 1
1482887447401 5 2
1482887451282 0 -3
1482887452150 10 -1
1482887453496 9 -1
1482887455172 1 -1
1482887458925 4 2
1482887460020 R
1482887462490 8 -2
1482887463718 4 -1
1482887464600 9 1
1482887465419 1 1
1482887466191 10 2
1482887467992 12 3
1482887469514 6 -1
1482887470053 3 1
1482887470853 5 3
1482887471842 0 -1
1482887474044 7 -1
1482887474601 6 -2
1482887475131 12 -3
1482887475881 10 -2
1482887476396 9 -3
1482887477166 4 1
1482887477798 10 2
1482887482241 2 2
1482887483715 8 3
1482887487601 13 1
1482887488239 11 3
1482887489440 6 -1
1482887493468 6 2
1482887494123 7 3
1482887494780 6 -2
1482887497194 0 1
1482887497510 12 1
1482887498172 5 -4
1482887501964 0 -1
1482887502586 12 -1
1482887502997 9 -1
1482887503342 3 -1
1482887504064 6 4
1482887507257 7 -2
1482887509900 11 -2
1482887510658 13 -1
1482887511781 0 1
1482887512312 12 1
1482887512994 5 2
1482887516342 11 -1
1482887516862 2 -2
1482887517774 0 4
