1481105228975 4 1
1481105230325 8 -2
1481105234106 6 -1
1481105238745 4 -2
1481105239482 9 1
1481105240034 1 1
1481105240869 10 2
1481105244950 6 1
1481105246033 12 3
1481105246752 5 2
1481105248009 7 -1
1481105249914 0 2
1481105250557 6 -3
1481105253087 12 -2
1481105254556 5 -1
1481105259963 3 1
1481105260572 5 2
1481105261212 12 -1
1481105262175 6 2
1481105264335 0 -1
1481105266688 0 -2
1481105267698 2 2
1481105269288 8 2
1481105270962 11 2
1481105271823 7 3
1481105274443 11 -2
1481105277123 7 -3
1481105278606 8 -2
1481105280077 2 -2
1481105282188 10 -2
1481105283009 1 -1
1481105283623 9 -1
1481105284250 4 2
1481105288500 13 1
1481105290235 13 1
1481105290798 8 1
1481105291461 8 1
1481105292731 8 -2
1481105293222 13 -2
1481105294048 4 -2
1481105294778 1 1
1481105295426 9 1
1481105295999 3 1
1481105297407 6 -2
1481105298079 12 1
1481105302196 3 -1
1481105302768 10 2
1481105303291 12 2
1481105305454 6 2
1481105308454 0 3
1481105310669 6 -2
1481105312246 5 -2
1481105312950 3 -1
1481105314249 12 -2
1481105315562 10 -1
1481105316424 1 -2
1481105321191 R
1481105324718 1 1
1481105326385 4 -1
1481105327239 9 1
1481105329885 10 2
1481105337706 8 -2
1481105338583 12 3
1481105340969 6 -1
1481105342431 6 1
1481105343098 12 -3
1481105344154 10 -2
1481105345544 9 -1
1481105348935 12 1
1481105349640 5 2
1481105350632 7 -1
1481105352023 0 -1
1481105354184 9 1
1481105354766 10 2
1481105355410 12 2
1481105356783 6 -3
1481105358572 2 1
1481105359077 8 1
1481105359620 11 2
1481105363311 12 -2
1481105363882 10 -1
1481105364578 1 -2
1481105368066 1 2
1481105368847 10 1
1481105370457 11 -2
1481105371172 2 -1
1481105371842 10 -2
1481105372760 9 -3
1481105373669 10 2
1481105380471 10 -1
1481105381394 1 -2
1481105382582 8 2
1481105386013 8 -1
1481105386564 10 -1
1481105389863 8 1
1481105390568 10 1
1481105392308 4 1
1481105393101 13 1
1481105393646 2 1
1481105394403 11 3
1481105395174 6 -1
1481105401121 1 2
1481105401638 10 1
1481105402391 2 1
1481105403520 6 1
1481105404571 11 -3
1481105405574 2 -2
1481105408882 8 -3
1481105409823 12 2
1481105411735 12 -2
1481105412560 10 -2
1481105413261 9 2
1481105416936 9 -2
1481105417630 10 2
1481105418422 12 2
1481105420457 12 -2
1481105421333 10 -2
1481105421916 9 2
1481105422973 13 -1
1481105423398 4 -1
1481105424932 9 1
1481105425658 10 2
1481105426564 12 2
1481105428801 6 3
1481105429457 12 -2
1481105430280 0 3
1481105434216 12 2
1481105434966 6 -3
1481105436691 12 -2
1481105437442 10 -1
1481105439832 1 -2
1481105441883 5 -1
1481105444375 1 2
1481105445352 10 1
1481105446530 10 -1
1481105448042 R
1481105449760 8 -2
1481105451152 4 -1
1481105451891 9 1
1481105452702 1 1
1481105453234 10 2
1481105454191 0 2
1481105457547 0 -2
1481105458559 10 -2
1481105461261 9 -1
1481105461724 1 -1
1481105462242 4 2
1481105463549 13 2
1481105464019 8 2
1481108187707 R
1481108189256 8 -2
1481108190533 4 -1
1481108191159 9 1
1481108191640 1 1
1481108192429 10 2
1481108203378 0 2
1481108204109 6 -2
1481108205414 6 2
1481108206371 0 -2
1481108208058 12 3
1481108210991 0 2
1481108211712 6 -2
1481108212507 5 2
1481108213007 7 -1
1481108213700 6 -1
1481108214637 5 -1
1481108216250 12 -2
1481108217328 5 1
1481108218818 5 -1
1481108219920 3 1
1481108220413 5 2
1481108221023 12 -1
1481108222316 10 -1
1481108223812 12 1
1481108224344 5 -2
1481108224970 3 -1
1481108225979 1 -2
1481108229995 R
1481108232665 R
1481108233765 R
1481108238343 8 -2
1481108241164 4 -1
1481108241710 9 1
1481108242112 1 1
1481108242832 10 2
1481108246166 12 3
1481108247957 12 -3
1481108249197 10 -2
1481108250382 9 -1
1481108250854 1 -1
1481108251507 4 2
1481108252902 13 2
1481108253439 8 2
1481108255346 6 -1
1481108255924 1 -1
1481108258217 R
1481108262264 1 1
1481108263151 4 -1
1481108263775 9 1
1481108264385 10 2
1481108265039 2 2
1481108265778 11 2
1481108266558 7 2
1481108267528 5 -1
1481108269979 0 -1
1481108273977 6 -3
1481108276937 11 -1
1481108278501 6 1
1481108279182 7 -2
1481108280114 8 -2
1481108280817 2 -1
1481108282340 10 -1
1481108283040 1 -2
1481108284960 1 2
1481108285495 10 1
1481108289529 6 2
1481108291407 12 3
1481108292215 6 -2
1481108293854 6 2
1481108294484 12 -3
1481108296562 8 1
1481108298096 11 1
1481108309992 10 -1
1481108310529 6 -2
1481108311478 1 -2
1481108314296 R
1481108320498 4 -1
1481108321025 9 1
1481108321441 1 1
1481108322100 10 2
1481108324045 2 2
1481108325930 7 2
1481108332795 12 1
1481108333542 5 2
1481108334632 0 -1
1481108337363 7 -3
1481108339259 2 -2
1481108340350 8 -2
1481108341242 12 2
1481108343106 6 -3
1481108344622 12 -2
1481108345188 3 1
1481108345802 5 1
1481108346439 12 -1
1481108348322 6 2
1481108351996 6 -2
1481108352658 10 -2
1481108355185 12 1
1481108356927 9 -3
1481108358784 10 2
1481108360921 2 2
1481108361847 8 2
1481108363040 11 2
1481108364877 4 1
1481108365281 13 1
1481108365800 11 1
1481108366596 6 -1
1481108368909 12 -1
1481108370340 2 -1
1481108371071 8 -1
1481108371682 10 -1
1481108375243 12 1
1481108375730 0 1
1481108377098 5 -2
1481108377822 3 -1
1481108378375 9 -1
1481108379323 10 1
1481108380176 2 1
1481108381387 8 2
1481108382454 8 -2
1481108382784 2 -1
1481108383217 10 -1
1481108383760 1 -2
1481108384248 4 1
1481108384735 13 1
1481108385374 8 3
1481108389405 8 -1
1481108390073 1 1
1481108391549 13 -1
1481108392180 4 -1
1481108392795 1 1
1481108393357 10 1
1481108400572 8 -2
1481108401357 12 2
1481108407304 9 1
1481108407842 3 1
1481108408497 5 2
1481108409155 0 -1
1481108410326 6 2
1481108419450 11 -3
1481108420415 2 -1
1481108420876 8 -1
1481108421483 13 -1
1481108424460 6 -1
1481108425371 12 -3
1481108427975 10 -2
1481108431024 9 1
1481108431844 3 1
1481108433403 9 1
1481108434135 6 2
1481108435552 0 1
1481108439674 0 -1
1481108441729 4 -1
1481108442289 9 1
1481108442862 10 1
1481108444162 0 3
1481108445497 6 -2
1481108447608 3 -1
1481108448237 10 1
1481108449069 12 3
1481108449733 5 -2
1481108450384 3 -1
1481108452985 12 -2
1481108455511 10 -1
1481108456388 1 -2
1481108457657 1 2
1481108458583 10 1
1481108461366 3 1
1481108461991 5 2
1481108462579 12 -1
1481108464277 6 2
1481108466675 0 -2
1481108468464 10 -2
1481108470865 10 2
1481108475643 0 2
1481108476907 6 -2
1481108483127 12 1
1481108484104 5 -2
1481108484722 3 -1
1481108485549 10 -1
1481108486317 1 -2
1481108488240 1 2
1481108488943 10 1
1481108490186 12 2
1481108491288 6 3
1481108492316 12 -2
1481108493061 0 -2
1481108494484 10 -2
1481108495577 9 -1
1481108496030 1 -1
1481108496627 4 2
1481108498024 13 2
1481108498596 8 2
1481108501790 R
1481108505442 1 1
1481108507239 6 -1
1481108512565 1 -2
1481108514301 1 1
1481108515979 4 1
1481108517288 6 1
1481108526909 12 1
1481108527986 5 2
1481108528952 7 -1
1481108529668 0 -1
1481108532493 8 -2
1481108533170 4 -2
1481108533715 9 1
1481108534106 1 1
1481108535083 10 2
1481108536842 12 2
1481108538941 6 -3
1481108540772 12 -2
1481108541883 10 -2
1481108542932 9 -3
1481108545512 10 1
1481108548579 10 1
1481108550711 10 -1
1481108552145 1 -1
1481108553046 4 2
1481108556377 13 1
1481108557195 8 1
1481108557958 2 1
1481108559031 11 3
1481108564043 4 -1
1481108564773 1 1
1481108565512 10 1
1481108567287 2 1
1481108568000 6 -1
1481108573680 2 -1
1481108575643 12 1
1481108579228 12 -1
1481108580390 8 2
1481108581344 2 1
1481108583158 2 -1
1481108585381 10 -1
1481108586085 1 -2
1481108586652 8 1
1481108587127 4 1
1481108587632 13 1
1481108588835 13 -1
1481108589325 4 -1
1481108590122 8 -3
1481108591105 1 2
1481108591831 10 1
1481108593285 2 1
1481108594038 8 2
1481108595854 6 1
1481108598830 6 -1
1481108599929 0 1
1481108600443 5 -1
1481108601361 9 -1
1481108604987 2 -1
1481108605912 12 1
1481108607920 12 -1
1481108608489 10 -1
1481108609111 1 -2
1481108609726 8 1
1481108610212 4 1
1481108610690 13 1
1481108612097 R
1481108618297 6 -1
1481108619299 1 -1
1481108621430 4 1
1481108622406 4 -2
1481108623825 9 1
1481108624481 10 1
1481108625088 2 1
1481108625783 11 2
1481108627907 5 -1
1481108629047 0 -1
1481108630224 6 -1
1481108631883 1 2
1481108632422 10 1
1481108633931 2 1
1481108634618 7 2
1481108636973 6 -1
1481108638628 6 1
1481108642273 11 -1
1481108643624 6 -1
1481108649708 R
1481108651373 4 1
1481108652073 8 -2
1481108655768 8 1
1481108657312 8 -1
1481108658739 4 -2
1481108659457 1 1
1481108660001 9 1
1481108661117 10 2
1481108662525 12 3
1481108669330 6 -1
1481108672147 3 1
1481108673077 5 3
1481108673783 0 -1
1481108674457 7 -1
1481108675530 6 -2
1481108677118 12 -3
1481108678709 10 -2
1481108679782 9 -3
1481108681652 10 2
1481108687333 8 1
1481108688518 2 1
1481108691378 4 1
1481108692007 13 1
1481108692887 11 3
1481108694124 6 -1
1481108698792 0 1
1481108706079 10 -1
1481108708428 12 1
1481108709022 5 -2
1481108710140 9 -1
1481108710690 3 -1
1481108711490 10 1
1481108716090 2 1
1481108718830 8 2
1481108720367 8 -1
1481108721377 2 -1
1481108721819 10 -1
1481108722485 1 -2
1481108723091 4 1
1481108725139 8 2
1481108726072 13 1
1481108728932 R
1481108732773 8 -2
1481108733430 4 1
1481108735052 4 -2
1481108736563 4 2
1481108737650 8 2
1481108738343 13 2
1481108739328 13 -2
1481108739802 8 -2
1481108740481 4 -2
1481108741245 9 1
1481108741714 1 1
1481108742460 10 1
1481108743913 0 2
1481108747297 6 -2
1481108751482 10 1
1481108753410 6 2
1481108754541 12 3
1481108758905 5 2
1481108759456 7 -1
1481108760180 6 -3
1481108762353 12 -2
1481108764275 10 -1
1481108765238 5 -1
1481108767037 1 -2
1481108767782 1 2
1481108768452 10 1
1481108770186 10 -1
1481108771335 10 1
1481108771923 12 2
1481108773221 6 3
1481108774517 7 1
1481108775123 5 -1
1481108777162 12 -3
1481108778410 6 -2
1481108779519 10 -1
1481108780571 10 1
1481108781042 6 2
1481108781885 0 -1
1481108785141 0 -1
1481108785600 2 2
1481108785985 8 2
1481108786563 11 2
1481108788363 7 2
1481108789062 5 -1
1481108794680 12 1
1481108795887 5 3
1481108797378 5 -3
1481108800806 0 -1
1481108801377 12 -1
1481108803655 6 -3
1481108807509 6 1
1481108808306 7 -2
1481108809131 11 -1
1481108809810 8 -2
1481108810691 2 -1
1481108813115 10 -1
1481108813849 1 -2
1481108814559 1 2
1481108815287 10 1
1481108816106 6 2
1481108818248 2 1
1481108819117 7 1
1481108820814 8 2
1481108821542 7 1
1481108822175 11 1
1481108823176 6 -3
1481108825692 12 1
1481108826541 12 -1
1481108828052 R
1481108831931 8 -2
1481108833294 4 -1
1481108833828 9 1
1481108834272 1 1
1481108835310 10 2
1481108840397 12 3
1481108840843 2 1
1481108841276 8 1
1481108842037 11 2
1481108843416 5 -1
1481108844352 0 -1
1481108845945 6 -2
1481108848420 6 2
1481108849625 12 -3
1481108851280 6 -2
1481108854235 6 2
1481108855134 12 3
1481108856365 6 -2
1481108857365 6 2
1481108857947 12 -3
1481108858660 11 -1
1481108859547 8 -1
1481108860968 8 2
1481108861555 2 1
1481108862683 7 2
1481108863963 6 -3
1481108869536 6 1
1481108871702 R
1481108875101 4 -1
1481108875647 9 1
1481108876149 1 1
1481108878604 10 2
1481108879700 12 2
1481108881345 5 2
1481108882106 0 -1
1481108883251 7 -1
1481108884781 12 -1
1481108885780 10 -2
1481108886387 9 -1
1481108886864 1 -1
1481108887592 4 2
1481108888456 13 2
1481108890120 8 -2
1481108891092 8 2
1481108891712 13 -2
1481108892631 13 1
1481108893532 4 -1
1481108896172 13 -1
1481108896605 4 -1
1481108897039 9 1
1481108897449 1 1
1481108898143 10 2
1481108899557 2 2
1481108901650 11 2
1481108906768 11 -1
1481108908007 8 -2
1481108908618 2 -1
1481108910283 12 2
1481108911543 6 -3
1481108913448 3 1
1481108914016 5 1
1481108914835 12 -3
1481108920395 6 2
1481108921003 11 -1
1481108921572 2 -1
1481108922041 6 -2
1481108922758 10 -2
1481108923641 9 -3
1481108926003 10 2
1481108932112 12 3
1481108937713 4 1
1481108938228 2 1
1481108938592 8 1
1481108939084 13 1
1481108939801 11 3
1481108940442 6 -1
1481108942130 0 1
1481108943130 5 -2
1481108943764 3 -1
1481108944486 9 -1
1481108945392 12 -2
1481108946509 10 -1
1481108947137 1 -2
1481108947819 4 1
1481108948958 8 3
1481108951513 8 -3
1481108952967 1 1
1481108953438 4 -1
1481108954066 1 1
1481108954692 10 1
1481108964105 8 2
1481108966095 2 1
1481108970485 2 -1
1481108971270 8 -2
1481108972679 12 2
1481108974086 3 1
1481108974967 9 1
1481108975593 5 2
1481108979311 0 -1
1481108980239 6 2
1481108981768 11 -3
1481108982610 2 -1
1481108983131 8 -1
1481108983703 13 -1
1481108985715 6 -1
1481108988058 12 -3
1481108989364 2 2
1481108990650 8 2
1481108991287 13 1
1481108992272 11 3
1481108994167 6 1
1481108994821 7 3
1481108995663 6 -2
1481108997259 0 1
1481108997752 12 1
1481108998407 5 -4
1481109000139 9 -1
1481109000881 3 -1
1481109003088 12 -1
1481109003558 0 -1
1481109006171 6 4
1481109007767 7 -2
1481109008592 11 -2
1481109009290 2 -1
1481109009858 8 -2
1481109011578 13 -1
1481109014264 10 -1
1481109015369 6 -1
1481109016566 1 -2
1481109017243 4 1
1481109019512 8 4
1481109021344 11 1
1481109021993 13 1
1481109022659 11 1
1481109027756 0 1
1481109028768 0 -1
1481109029990 8 -1
1481109030627 4 -1
1481109031248 1 2
1481109032066 10 1
1481109032515 6 1
1481109033638 2 1
1481109034281 7 2
1481109035891 0 1
1481109037373 0 -1
1481109037921 6 -4
1481109038484 0 1
1481109039242 12 1
1481109040203 12 -1
1481109040587 0 -1
1481109046873 6 2
1481109047863 11 -2
1481109048540 13 -1
1481109050354 7 -2
1481109052533 8 -3
1481109053768 2 -1
1481109055346 10 -1
1481109056234 1 -2
1481109057062 4 1
1481109058000 8 4
1481109059194 13 2
1481109059909 11 2
1481109062090 11 -2
1481109063738 8 -4
1481109065369 1 1
1481109066768 6 2
1481109067739 0 1
1481109069940 13 -2
1481109071522 4 -1
1481109072162 1 1
1481109072598 10 1
1481109073891 2 1
1481109074769 7 1
