1480525272733 8 -2
1480525278085 4 -1
1480525279182 9 1
1480525279878 1 1
1480525280974 10 2
1480525287061 0 2
1480525288094 6 -2
1480525289389 10 -1
1480525290285 1 -2
1480525292182 1 2
1480525294230 10 1
1480525295374 10 -1
1480525297253 1 -2
1480525299574 6 1
1480525300973 0 -1
1480525307358 0 1
1480525308078 6 -1
1480525312645 6 1
1480525313493 0 -1
1480525315198 1 2
1480525315878 10 1
1480525323702 0 -1
1480525325085 10 -2
1480525326037 9 -1
1480525327021 4 1
1480525347950 3 2
1480525349485 3 -2
1480525350389 6 1
1480525354990 1 -1
1480525355621 4 1
1480525364365 12 1
1480525364989 5 2
1480525365629 0 -1
1480525377646 0 1
1480525380005 7 -1
1480525383013 5 -1
1480525394229 5 1
1480525395189 0 -1
1480525399750 4 -2
1480525400685 9 1
1480525401630 1 1
1480525402254 10 2
1480525403269 0 3
1480525405701 10 -1
1480525406613 1 -1
1480525408598 5 -1
1480525409414 7 1
1480525410157 5 -1
1480525411414 12 -1
1480525412294 6 -2
1480525415357 1 1
1480525416053 10 1
1480525424494 6 1
1480525429590 10 -1
1480525430558 10 1
1480525431653 6 1
1480525435309 12 3
1480525436957 0 -2
1480525444749 12 -2
1480525446030 10 -2
1480525446966 9 -1
1480525449045 12 -1
1480525450693 12 1
1480525451373 5 2
1480525452390 0 -1
1480525460317 4 1
1480525464533 0 1
1480525471166 5 -2
1480525473053 12 -1
1480525473734 6 -1
1480525475526 3 2
1480525477014 3 -2
1480525477693 1 -2
1480525478757 4 1
1480525481429 1 1
1480525482189 6 1
1480525489925 6 -1
1480525492157 6 1
1480525494317 12 1
1480525495430 5 2
1480525496157 0 -1
1480525499397 7 -1
1480525514125 7 1
1480525515413 7 -1
1480525527622 0 1
1480525528621 5 -1
1480525532213 4 -2
1480525533021 9 1
1480525533702 1 1
1480525534478 10 2
1480525535525 0 2
1480525537573 12 2
1480525538573 6 -3
1480525544101 12 -2
1480525554461 10 -1
1480525557159 1 -2
1480525563621 1 2
1480525564422 10 1
1480525567333 12 2
1480525568661 6 2
1480525571030 3 1
1480525572021 5 2
1480525574694 0 -3
1480525579951 6 -2
1480525581765 12 -3
1480525583910 10 -2
1480525585229 9 -3
1480525590421 10 2
1480525591702 12 3
1480525594934 6 1
1480525595694 6 -1
1480525597166 6 1
1480525597862 6 -1
1480525598702 6 1
1480525603029 6 -1
1480525603630 12 -3
1480525604678 6 1
1480525605437 10 -2
1480525606373 9 2
1480525607093 6 1
1480525607734 0 1
1480525609470 1 -1
1480525610486 4 2
1480525620277 7 1
1480525623757 4 -1
1480525625534 1 1
1480525631406 3 1
1480525633190 4 -1
1480525635165 9 1
1480525636014 10 1
1480525636974 0 1
1480525637942 0 1
1480525639606 6 -1
1480525640998 3 -1
1480525642502 10 1
1480525646621 6 1
1480525649486 10 -1
1480525650277 10 1
1480525657814 6 -1
1480525671662 6 1
1480525674062 0 -2
1480525675134 10 -2
1480525677206 9 -1
1480525678182 4 1
1480525685486 3 1
1480525690486 3 -1
1480525691110 1 -1
1480525691694 4 1
1480525694246 4 -2
1480525695022 9 1
1480525695686 10 1
1480525696462 0 2
1480525704902 1 1
1480525708590 6 -1
1480525717286 6 1
1480525718069 0 -3
1480525718733 6 -1
1480525719118 10 -1
1480525719806 9 -3
1480525720974 10 1
1480525723374 10 -1
1480525726206 9 1
1480525727069 9 2
1480525727742 3 1
1480525729398 6 1
1480525730598 6 -1
1480525734447 10 1
1480525736206 6 1
1480525737166 0 2
1480525754230 0 -2
1480525755406 10 -1
1480525756831 6 -1
1480525757485 9 -3
1480525759526 4 1
1480525760294 10 1
1480525771774 10 -1
1480525773342 9 2
1480525774558 9 -1
1480525788494 9 1
1480525792198 3 -1
1480525793662 6 1
1480525795015 3 1
1480525797358 3 -1
1480525799534 3 1
1480525807111 3 -1
1480525808302 7 -1
1480525809190 6 -2
1480525809902 12 1
1480525810455 5 -1
1480525811534 3 -1
1480525813141 9 -2
1480525814149 10 2
1480525815926 12 2
1480525818718 6 1
1480525827110 6 -1
1480525827854 12 -2
1480525828598 10 -2
1480525829893 9 2
1480525832006 1 -2
1480525833142 4 1
1480525834966 9 -2
1480525836271 10 1
1480525840543 10 -1
1480525842174 9 2
1480525842822 1 1
1480525847918 9 -2
1480525848686 10 1
1480525850142 10 -1
1480525851486 1 -1
1480525852158 9 2
1480525854830 9 -2
1480525856110 10 1
1480525865046 4 -2
1480525866198 10 -1
1480525866990 9 3
1480525869278 1 2
1480525870334 3 2
1480525871406 5 1
1480525872622 12 -1
1480525873766 6 2
1480525875766 10 1
1480525877390 0 3
1480525878894 6 -2
1480525879687 12 1
1480525880510 5 -2
1480525881702 3 -2
1480525882422 10 1
1480525884542 12 2
1480525885558 6 3
1480525886455 0 -2
1480525887374 12 -2
1480525888567 10 -2
1480525893623 9 -1
1480525894415 4 1
1480525896542 1 -1
1480525897455 1 1
1480525900710 5 1
1480525901518 5 -1
1480525903606 1 -1
1480525904326 4 1
1480525906687 4 -1
1480525907926 1 1
1480525913374 4 -1
1480525919470 9 1
1480525921470 10 1
1480525922366 0 2
1480525926822 5 1
1480525927998 5 -1
1480525932190 1 -1
1480525935358 5 1
1480525936271 5 -1
1480525940302 1 1
1480525941599 0 -1
1480525944110 0 -1
1480525944998 10 -1
1480525945990 9 -1
1480525946910 4 1
1480525965894 5 1
1480525966846 0 -1
1480525971782 1 -1
1480525972295 4 1
1480525978311 4 -2
1480525979022 9 1
1480525979566 1 1
1480525980694 10 2
1480525981374 12 2
1480525982326 0 3
1480525983606 5 -1
1480525985438 6 -3
1480525986854 12 -2
1480525987958 10 -1
1480525988838 1 -2
1480526001342 1 2
1480526001942 10 1
1480526008030 10 -1
1480526009838 10 1
1480526011718 12 2
1480526012543 6 2
1480526014734 6 1
1480526021247 6 -3
1480526027511 12 -2
1480526028447 10 -1
1480526029247 1 -2
1480526041278 1 1
1480526041974 1 1
1480526042847 10 1
1480526045054 12 2
1480526049166 3 1
1480526051503 6 1
1480526052374 7 1
1480526054671 5 -1
1480526056966 3 -1
1480526058166 6 2
1480526059350 12 -3
1480526061758 0 -2
1480526064238 10 -2
1480526065190 9 -1
1480526066063 4 1
1480526071719 4 -1
1480526072359 9 1
1480526074383 10 1
1480526075343 0 2
1480526076846 6 -2
1480526079215 6 1
1480526080302 0 -2
1480526084127 10 -1
1480526086142 3 1
1480526087142 3 -1
1480526087822 10 2
1480526088247 6 1
1480526088878 12 1
1480526089630 5 2
1480526090510 0 -1
1480526091239 12 2
1480526092079 6 -2
1480526100830 6 2
1480526101887 12 -2
1480526102854 10 -2
1480526108918 10 2
1480526110318 0 3
1480526124198 12 2
1480526125679 6 -2
1480526128047 5 -2
1480526132126 6 2
1480526133423 12 -3
1480526134270 6 -2
1480526135462 10 -1
1480526140206 6 2
1480526141150 0 -2
1480526142143 10 -1
1480526143326 6 -1
1480526144430 9 -1
1480526145135 4 1
1480526146663 4 -1
1480526147814 9 1
1480526148999 10 1
1480526175800 0 1
1480526176382 0 -1
1480526177071 10 -1
1480526177790 9 -1
1480526180799 4 1
1480526183822 6 1
1480526185806 12 1
1480526186383 5 2
1480526187078 0 -1
1480526192670 4 -1
1480526193198 9 1
1480526193663 10 2
1480526194583 12 2
1480526196631 6 -1
1480526198910 6 -1
1480526203023 3 1
1480526203735 3 -1
1480526205806 6 1
1480526207207 0 3
1480526208286 6 -1
1480526209871 5 -2
1480526217223 6 2
1480526218134 12 -3
1480526219030 6 -2
1480526219744 10 -1
1480526220383 1 -2
1480526230774 6 1
1480526232510 0 -1
1480526233527 0 -1
1480526247398 10 -1
1480526248878 9 -1
1480526250231 4 2
1480526262246 1 1
1480526262783 6 1
1480526264343 12 1
1480526264959 5 2
1480526265791 0 -1
1480526276279 7 -1
1480526285046 7 1
1480526285766 0 1
1480526286855 5 -2
1480526288742 12 -1
1480526290022 6 -1
1480526290830 1 -1
1480526295351 8 2
1480526296655 13 2
1480526302263 13 -2
1480526302807 8 -1
1480526303743 8 -1
1480526307583 1 1
1480526308110 6 1
1480526309903 12 1
1480526310423 5 1
1480526312735 5 -1
1480526313663 12 -1
1480526315974 12 1
1480526316815 5 2
1480526317559 0 -1
1480526319543 0 1
1480526319951 5 -1
1480526320703 5 -1
1480526324375 4 -2
1480526325047 9 1
1480526325887 10 1
1480526327159 0 2
1480526329919 12 -1
1480526330702 6 -2
1480526332279 1 1
1480526332927 10 1
1480526345575 10 -1
1480526346559 1 -2
1480526350407 1 1
1480526355631 1 1
1480526356246 10 1
1480526357982 6 1
1480526358631 6 1
1480526361984 12 3
1480526364095 6 -2
1480526365647 6 2
1480526367687 12 -2
1480526368479 12 -1
1480526369647 10 -1
1480526371055 6 -2
1480526372535 6 1
1480526373479 0 -2
1480526374079 10 -1
1480526375071 9 -1
1480526376822 1 -2
1480526378799 9 1
1480526379999 10 1
1480526381527 0 2
1480526382487 6 -1
1480526385878 1 1
1480526391240 R
1480526399407 8 -2
1480526409863 4 1
1480526413847 6 -1
1480526418367 4 -2
1480526419487 9 1
1480526420007 1 1
1480526421287 10 2
1480526422559 0 2
1480526425256 6 -1
1480526431487 10 -1
1480526433511 10 1
1480526434047 6 1
1480526436791 6 1
1480526437359 12 2
1480526438055 5 1
1480526439263 5 1
1480526440519 0 -3
1480526441655 12 1
1480526442303 6 -2
1480526445663 3 1
1480526446431 5 1
1480526447487 6 1
1480526448463 0 3
1480526450767 5 -3
1480526452319 6 -1
1480526453431 3 -1
1480526455359 6 1
1480526456640 6 1
1480526459119 12 -1
1480526459863 12 1
1480526464383 12 -1
1480526465199 12 -1
1480526465959 12 -1
1480526466703 12 3
1480526467647 6 -2
1480526469863 3 1
1480526470623 5 3
1480526471263 5 -3
1480526472487 3 -1
1480526473647 6 2
1480526474815 12 -2
1480526475999 12 -1
1480526476895 6 -2
1480526477775 10 -1
1480526478703 1 -2
1480526502471 1 1
1480526503895 1 1
1480526504799 10 1
1480526505727 6 2
1480526507823 12 3
1480526509200 5 2
1480526510415 0 -3
1480526511391 12 -2
1480526512160 10 -2
1480526513247 9 -1
1480526516000 4 1
1480526518031 4 -1
1480526519135 9 1
1480526520207 10 2
1480526521047 12 2
1480526522464 0 3
1480526523136 6 -2
1480526524295 5 -2
1480526526447 6 2
1480526527736 6 -1
1480526529103 6 -1
1480526530255 3 1
1480526538167 3 -1
1480526539279 6 1
1480526541191 0 -2
1480526542615 0 2
1480526543904 6 -1
1480526545759 5 1
1480526546312 5 -1
1480526553736 6 1
1480526555136 0 -2
1480526557607 6 1
1480526558799 12 -2
1480526559495 12 -1
1480526560216 6 -1
1480526560727 10 -1
1480526562231 10 -1
1480526563255 9 -1
1480526565159 1 -1
1480526565863 1 -1
1480526567095 4 2
1480526570399 R
1480526574503 8 -2
1480526597311 6 -1
1480526599447 1 1
