1482795829865 13 1
1482795830679 13 -1
1482795831547 8 -2
1482795833152 4 -1
1482795834311 1 1
1482795834774 9 1
1482795835741 10 2
1482795837132 0 2
1482795838575 12 1
1482795839803 5 2
1482795841969 5 -2
1482795843675 12 -1
1482795844904 6 -2
1482795845779 10 -1
1482795847445 10 1
1482795847937 6 1
1482795849382 R
1482795850758 8 -2
1482795852224 4 -1
1482795852845 9 1
1482795853453 1 1
1482795855642 9 -1
1482795856218 1 -1
1482795857069 4 2
1482795860979 6 -1
1482795861664 3 1
1482795862777 3 -1
1482795863413 6 1
1482795864305 6 -1
1482795864949 6 1
1482795865571 12 1
1482795866985 12 -1
1482795867662 6 -1
1482795869482 1 -1
1482795871585 4 -2
1482795872585 4 2
1482795873551 13 2
1482795874436 13 -2
1482795875341 4 -2
1482795875887 9 1
1482795877407 10 1
1482795879227 0 2
1482795879774 6 -1
1482795880793 6 1
1482795882754 R
1482795885525 12 1
1482795886715 5 2
1482795887807 0 -1
1482795889243 8 -2
1482795891048 8 2
1482795891640 4 -1
1482795892092 8 -1
1482795892629 9 1
1482795893398 10 1
1482795894166 8 -1
1482795895578 0 3
1482795896921 5 -2
1482795897475 12 -1
1482795898658 6 -2
1482795900033 6 2
1482795900539 0 -2
1482795901078 10 -1
1482795902759 10 1
1482795906262 10 -1
1482795907935 9 -1
1482795908642 4 2
1482795910486 8 2
1482795911153 13 2
1482795913104 8 -2
1482795914302 13 -2
1482795915700 4 -2
1482795917106 9 1
1482795917744 1 1
1482795919071 10 2
1482795920784 0 1
1482795921406 10 -1
1482795921960 6 -1
1482795926873 10 1
1482795928410 0 -1
1482795929362 10 -2
1482795930122 9 -1
1482795931920 1 -2
1482795933747 9 1
1482795934423 1 2
1482795935414 10 2
1482795936144 0 2
1482795936974 6 -1
1482795937588 10 -1
1482795938364 1 -2
1482795940735 6 1
1482795942225 6 -1
1482795945581 6 1
1482795947380 0 -2
1482795948523 10 -1
1482795950982 10 1
1482795951688 2 1
1482795952372 11 1
1482795953302 5 -1
1482795954224 0 -1
1482795957632 R
1482795962692 12 1
1482795965802 5 2
1482795967622 7 -1
1482795968129 0 -1
1482795969483 0 1
1482795970088 0 -1
1482795971264 7 1
1482795972353 0 1
1482795973099 5 -2
1482795973866 12 -1
1482795976316 8 -2
1482795977368 4 1
1482795981085 4 -2
1482795981622 9 1
1482795983709 1 1
1482795984524 10 2
1482795986674 0 2
1482795990530 12 3
1482795993218 6 -2
1482795994000 5 2
1482795994930 7 -1
1482795995666 6 -1
1482795996994 12 -2
1482795999622 10 -1
1482796000412 1 -2
1482796003654 1 2
1482796004614 10 1
1482796005726 12 2
1482796006710 6 3
1482796007416 0 -3
1482796009052 12 -2
1482796009713 10 -2
1482796010801 9 -1
1482796011378 1 -1
1482796012354 9 1
1482796013522 9 -1
1482796014358 4 2
1482796016040 4 -2
1482796016532 9 1
1482796017308 1 1
1482796018322 10 2
1482796019474 0 2
1482796020802 10 -1
1482796021446 1 -1
1482796025180 0 1
1482796025932 0 -2
1482796027392 1 1
1482796028844 10 1
1482796031362 2 2
1482796032116 11 1
1482796033574 7 2
1482796034258 5 -3
1482796036532 12 -1
1482796037974 0 -1
1482796038791 6 -2
1482796044464 6 2
1482796046884 7 -1
1482796047553 2 -1
1482796049034 12 3
1482796049918 0 1
1482796051792 6 -1
1482796052520 3 1
1482796055155 5 4
1482796056200 11 -1
1482796057236 7 -1
1482796058112 2 -1
1482796059286 0 2
1482796059862 6 -2
1482796061055 12 -3
1482796061782 10 -1
1482796065300 10 1
1482796067896 10 -1
1482796068619 1 -1
1482796071130 R
1482796072643 8 -2
1482796073557 4 -1
1482796074939 9 1
1482796075999 10 1
1482796076851 0 2
1482796078018 12 1
1482796078740 5 2
1482796080682 7 -1
1482796081980 7 1
1482796083002 5 -2
1482796083663 12 -1
1482796084425 6 -2
1482796088433 1 -1
1482796089906 1 2
1482796090945 6 2
1482796091458 10 1
1482796092986 0 -1
1482796094807 0 -1
1482796095520 10 -2
1482796096159 9 -1
1482796096856 1 -1
1482796097602 4 2
1482796103863 R
1482796105114 8 -1
1482796105698 8 -1
1482796107018 12 1
1482796107840 5 2
1482796108354 0 -1
1482796109590 7 -1
1482796112911 7 1
1482796113770 0 1
1482796114777 5 -2
1482796115367 12 -1
1482796115975 6 -1
1482796117495 1 -1
1482796120466 4 1
1482796123571 4 -2
1482796124054 9 1
1482796124869 10 1
1482796125428 0 2
1482796126137 6 -1
1482796132226 6 1
1482796133830 0 -2
1482796135085 10 -1
1482796135783 9 -1
1482796139790 4 2
1482796141759 4 -2
1482796142242 9 1
1482796143248 10 1
1482796146320 0 2
1482796149530 6 -1
1482796151196 1 2
1482796152835 1 -2
1482796153962 1 2
1482796155569 10 1
1482796157980 6 2
1482796159521 12 3
1482796161960 5 2
1482796169543 12 -2
1482796171608 7 -1
1482796173007 12 2
1482796173745 6 -2
1482796174489 6 -1
1482796175135 12 -2
1482796177054 10 -1
1482796178115 1 -2
1482796181319 1 2
1482796182401 10 1
