1481113544855 8 -2
1481113561985 4 1
1481113571159 4 -2
1481113575299 9 1
1481113576240 1 1
1481113580310 10 2
1481113584028 2 2
1481113584936 8 2
1481113589621 11 2
1481113590970 7 2
1481113594532 5 -1
1481113595733 0 -1
1481113597036 6 -3
1481113604522 6 2
1481113611698 3 1
1481113614852 0 1
1481113620239 0 -1
1481113622065 7 -2
1481113633043 11 -1
1481113636589 8 -2
1481113638069 2 -1
1481113639495 10 -1
1481113640913 3 1
1481113642993 3 -2
1481113643989 6 1
1481113648814 0 1
1481113649570 12 1
1481113650648 5 3
1481113659219 0 -1
1481113660105 7 -1
1481113664205 11 -1
1481113665401 2 -1
1481113676679 10 -1
1481113685035 10 2
1481113688179 0 3
1481113697554 12 2
1481113698609 5 -1
1481113700119 6 -3
1481113703116 12 -2
1481113714232 10 -1
1481113719650 5 1
1481113721462 10 1
1481113722441 12 2
1481113723887 6 3
1481113726402 12 -2
1481113737308 0 -2
1481113738934 10 -2
1481113739734 9 -1
1481113740345 1 -1
1481113741259 4 2
1481113749092 5 -1
1481113767435 7 1
1481113768715 5 -1
1481113769517 12 -1
1481113771127 6 -1
1481113771921 1 -1
1481113777750 4 -2
1481113778465 9 1
1481113779313 10 1
1481113782295 0 2
1481113804963 6 -1
1481113814964 6 1
1481113815968 0 -2
1481113816935 10 -1
1481113818107 9 -1
1481113818963 4 2
1481113832420 R
1481113861000 8 -2
1481113862494 4 -1
1481113863504 9 1
1481113864090 1 1
1481113865259 10 2
1481113866786 0 2
1481113872844 6 -2
1481113875974 10 -1
1481113882894 U
1481113883764 R
