1481115186708 8 -2
1481115187925 4 -1
1481115188485 9 1
1481115189141 6 -1
1481115189772 1 -1
1481115191172 10 1
1481115195132 0 1
1481115197916 0 -1
1481115198580 2 1
1481115199572 8 1
1481115200356 11 2
1481115201132 5 -1
1481115203349 0 -1
1481115204035 6 -1
1481115206636 11 -1
1481115207700 8 -1
1481115209941 8 2
1481115212860 6 1
1481115214644 11 1
1481115216692 0 1
1481115217420 5 1
1481115218148 11 -2
1481115219052 2 -1
1481115220291 8 -2
1481115222356 0 2
1481115223509 6 -1
1481115225700 1 2
1481115229404 1 -1
