1481608450911 R
1481608450917 R
1481608451281 R
1481608451287 R
1481608480618 1 1
1481608498055 1 -1
1481608500753 1 1
1481608505300 6 -1
1481608514875 1 -2
1481608517505 4 1
1481608527384 8 -1
1481608531767 8 -1
1481608569549 1 1
1481608574063 6 1
1481608591092 4 -2
1481608593294 9 1
1481608603182 1 1
1481608616279 6 -1
1481608620572 3 2
1481608624959 9 -1
1481608627840 4 1
1481608651528 R
1481608655326 R
1481608655331 R
1481608655848 R
1481608670022 4 1
1481608674668 8 -1
1481608681837 8 -1
1481608688343 8 2
1481608692837 8 -2
1481608703737 R
1481608704776 R
1481608705093 R
1481608705318 R
1481608705323 R
1481608705460 R
1481608705621 R
1481608705900 R
1481608713278 12 1
1481608722742 5 2
1481608725107 7 -1
1481608728335 0 -1
1481608733830 8 -2
1481608739800 4 1
1481608755729 R
1481608796946 13 1
1481608797676 13 -1
1481608798610 8 -2
1481608800685 R
1481608803994 4 -1
1481608804818 9 1
1481608805642 1 1
1481608807275 10 2
1481608808714 2 2
1481608810596 11 2
1481608812564 7 2
1481608817339 12 1
1481608818572 5 2
1481608820867 0 -1
1481608822428 0 1
1481608829725 5 -3
1481608832852 12 -1
1481608834180 12 1
1481608839707 0 -1
1481608840526 12 -1
1481608842069 6 -3
1481608843381 12 1
1481608848148 11 -1
1481608850277 11 1
1481608855878 U
1481608856982 U
1481608857854 U
1481608860990 U
1481608866581 7 -1
1481608867501 7 -1
1481608868997 11 -1
1481608871101 6 -2
1481608873109 2 -1
1481608874006 8 -2
1481608876519 10 -1
1481608881174 10 1
1481608890663 10 -1
1481608892278 1 -2
1481608897366 6 1
1481608900078 6 -1
