1481611345976 4 1
1481611348288 8 -2
1481611352973 4 -2
1481611353599 9 1
1481611354513 1 1
1481611355482 10 2
1481611356426 0 2
1481611357741 6 -2
1481611359295 10 -1
1481611360656 1 -2
1481611361737 1 2
1481611363824 6 2
1481611364920 0 -2
1481611365878 10 -1
1481611367434 10 2
1481611368796 0 2
1481611370424 12 3
1481611372231 5 2
1481611373426 7 -1
1481611374753 6 -3
1481611376127 12 -2
1481611377423 10 -1
1481611378927 1 -2
1481611380032 5 -1
1481611383278 1 2
1481611384264 3 2
1481611385073 5 2
1481611386093 12 -1
1481611387116 6 2
1481611388169 0 -3
1481611389185 10 -1
1481611390031 6 -2
1481611391391 9 -3
1481611392150 3 -1
1481611393527 10 2
1481611397162 12 3
1481611398009 6 1
1481611398780 2 1
1481611399461 8 1
1481611400651 4 1
1481611401511 13 1
1481611402783 11 3
1481611404294 6 -2
1481611405433 0 1
1481611406769 0 -1
1481611407335 0 1
1481611407978 12 -3
1481611409613 2 1
1481611410910 8 2
1481611413423 2 -1
1481611415658 8 -2
1481611416523 10 -1
1481611417288 1 -1
1481611418766 4 1
1481611419775 13 1
1481611420649 8 2
1481611422268 0 -1
1481611423082 6 2
1481611424046 11 -3
1481611425259 2 -1
1481611426584 13 -2
1481611430932 6 -1
1481611432905 12 1
1481611433863 5 -1
1481611434722 3 -1
1481611436023 3 1
1481611436642 5 1
1481611439268 8 -3
1481611440039 10 -1
1481611441151 9 2
1481611443090 5 -1
1481611444459 3 -1
1481611445457 9 -2
1481611446202 1 -1
1481611447844 4 -2
1481611448482 1 2
1481611449963 10 2
1481611452170 2 2
1481611454252 8 3
1481611455265 4 1
1481611456001 13 1
1481611457879 2 -2
1481611461146 8 -3
1481611463117 12 2
1481611464771 12 -2
1481611465657 10 -2
1481611466325 9 2
1481611468269 13 -1
1481611473541 4 -1
1481611474641 9 1
1481611475562 10 2
1481611476634 12 2
1481611478167 6 3
1481611479257 0 3
1481611481080 6 -3
1481611483072 12 -2
1481611485762 3 1
1481611486514 5 1
1481611487694 12 -1
1481611489901 10 -1
1481611496689 10 1
1481611497460 6 2
1481611498902 7 1
1481611499571 7 -1
1481611500519 7 1
1481611502828 6 -1
1481611505457 10 -1
1481611506485 1 -1
1481611508749 6 1
1481611510301 0 -1
1481611511892 1 1
1481611512931 3 1
1481611514631 0 1
1481611515629 6 -1
1481611516791 3 -1
1481611517549 1 -1
1481611520188 7 -1
1481611521135 6 -1
1481611522284 12 1
1481611523069 5 -2
1481611524297 3 -1
1481611525516 1 -1
1481611527304 1 2
1481611528508 10 1
1481611531920 10 -1
1481611533238 1 -2
1481611535361 5 1
1481611537895 1 2
1481611538932 3 2
1481611540135 5 1
1481611540964 12 -1
1481611541994 6 2
1481611543372 0 -3
1481611544986 6 -2
1481611545694 10 -1
1481611546641 3 -1
1481611548194 9 -3
1481611549986 1 -1
1481611552979 4 1
1481611554328 1 1
1481611555929 10 2
1481611559872 8 3
1481611561306 2 2
1481611562530 11 2
1481611563436 13 1
1481611564206 11 1
1481611565103 6 -1
1481611566021 2 -1
1481611567436 12 2
1481611568185 0 1
1481611570538 8 -2
1481611571339 12 1
1481611574190 R
1481611580387 8 -2
1481611581913 4 1
1481611586847 13 2
1481611587733 13 -2
1481611588856 4 -2
1481611590185 9 1
1481611591443 1 1
1481611592631 10 2
1481611593655 0 2
1481611594900 6 -2
1481611597632 10 -1
1481611598895 1 -2
1481611602355 1 2
1481611603982 3 2
1481611608023 3 -1
1481611609033 10 1
1481611610506 6 1
1481611611744 0 -2
1481611613702 3 -1
1481611614772 6 1
1481611616158 12 3
1481611617410 6 -1
1481611620251 5 2
1481611621031 0 -1
1481611622079 7 -1
1481611623818 2 1
1481611624692 8 1
1481611626228 11 2
1481611627572 6 -2
1481611630707 3 1
1481611632135 5 1
1481611633775 6 2
1481611634758 7 1
1481611635440 0 1
1481611637202 5 -4
1481611638702 3 -1
1481611640412 0 -1
1481611641107 6 -1
1481611642821 6 2
1481611644091 12 -3
1481611646203 2 1
1481611647150 8 1
