1481113243243 8 -2
1481113254411 6 -1
1481113256067 1 -1
1481113257965 4 1
1481113282330 R
1481113298510 R
1481113308931 12 1
1481113327571 8 -2
1481113817118 4 -1
1481113819102 12 -1
1481113830834 6 -1
1481113836103 9 1
1481113837790 1 1
1481113841574 10 2
1481113844489 0 2
1481113852200 6 1
1481113872979 10 -1
1481113874813 1 -1
1481113877808 6 -2
1481113880676 1 -1
1481113932633 U
1481113939388 6 2
1481113945381 12 1
1481113947635 5 2
1481113958648 7 -1
1481113966738 5 -1
1481113970797 5 1
1481113976894 0 -1
1481113982125 8 2
1481114000502 U
1481114018502 5 -1
1481114028444 8 2
1481114037073 8 -2
1481114038723 0 1
1481114044669 5 1
1481114052669 5 -1
1481114059197 R
1481114080953 13 1
1481114088160 8 -2
1481114107069 8 2
1481114109332 13 -1
1481114113381 4 1
1481114117709 8 -2
1481114123187 6 -1
1481114125413 1 -1
1481114130696 13 2
1481114134544 8 2
1481114143361 1 1
1481114145125 6 1
1481114146965 12 1
1481114150236 5 2
1481114154518 7 -1
1481114156638 7 1
1481114159316 R
1481114172407 4 1
1481114176432 8 -2
1481114179894 6 -1
1481114182149 1 -1
1481114194893 4 -2
1481114196428 9 1
1481114198054 10 1
1481114201244 0 2
1481114208148 6 -1
1481114221453 1 2
1481114223507 10 1
1481114230977 6 2
1481114233513 12 3
1481114236104 5 2
1481114240971 6 -2
1481114242699 3 1
1481114244204 5 1
1481114247954 6 1
1481114253490 7 -1
1481114257176 6 -2
1481114261933 12 -3
1481114265042 10 -1
1481114266548 1 -1
1481114269666 6 2
1481114281133 0 -1
1481114284873 1 1
1481114286957 10 1
1481114290175 0 1
1481114292497 6 -2
1481114298240 12 3
1481114300430 5 -2
1481114302412 3 -1
1481114307583 6 3
1481114311968 12 -2
1481114313420 10 -1
1481114315037 1 -1
1481114320339 5 1
1481114325738 0 -1
1481114327688 8 2
1481114329851 5 -1
1481114334865 7 1
1481114336459 5 -1
1481114342922 8 -2
1481114344522 0 1
1481114347835 12 -1
1481114349989 6 -2
1481114351955 1 -1
1481114360230 6 1
1481114365913 0 -1
1481114367855 8 2
1481114374438 8 -2
1481114384214 0 1
1481114387233 6 -1
1481114396155 1 2
1481114397576 10 1
1481114400092 6 2
1481114404008 12 3
1481114408617 6 -2
1481114410094 3 1
1481114411572 6 1
1481114416489 0 -2
1481114421499 3 -1
1481114423177 6 1
1481114428375 12 -2
1481114440269 8 2
1481114442012 10 -2
1481114443577 1 -1
1481114445066 9 -1
1481114446654 4 2
1481114449212 8 -2
1481114456077 12 -1
1481114457826 6 -1
1481114459307 1 -1
1481114467707 8 2
1481114473143 13 2
1481114476631 8 -2
1481114480582 13 -2
1481114487130 4 -2
1481114488468 9 1
1481114489805 10 1
1481114491254 0 2
1481114492996 6 -1
1481114506978 R
1481114518188 1 1
1481114523284 8 -2
1481114527026 4 -1
1481114528822 9 1
1481114530402 10 2
1481114534731 6 -1
1481114538181 0 2
1481114539923 6 -1
1481114543180 10 -1
1481114544705 1 -2
1481114553957 6 1
1481114564395 0 -1
1481114566092 8 2
1481114573092 0 -1
1481114574586 2 1
1481114576207 11 2
1481114577545 5 -1
1481114583376 0 -1
1481114610328 U
1481114625454 5 1
1481114638484 U
1481114642027 8 -1
1481114655305 R
