1481614764696 4 1
1481614765895 13 2
1481614767874 13 -2
1481614768608 8 -2
1481614772743 12 1
1481614774052 5 2
1481614775389 0 -1
1481614775873 7 -1
1481614780040 4 -2
1481614781241 1 1
1481614781832 9 1
1481614782414 10 2
1481614784526 12 2
1481614787260 2 1
1481614787820 8 1
1481614788767 11 2
1481614790662 0 1
1481614791262 7 1
1481614791861 5 -3
1481614794478 11 -1
1481614795444 8 -1
1481614797544 12 -2
1481614798691 12 -1
1481614799179 0 -1
1481614800728 6 -2
1481614803530 10 -1
1481614806770 3 2
1481614808062 6 1
1481614809597 0 1
1481614811562 5 1
1481614812102 11 -1
1481614813295 2 -1
1481614813937 10 -1
1481614815719 9 -1
1481614816775 4 1
1481614820348 8 2
1481614821963 13 1
1481614822714 13 -1
1481614823420 8 -2
1481614826943 3 -2
1481614828113 1 -2
1481614830503 1 2
1481614831065 6 1
1481614831515 1 -1
1481614832199 4 1
1481614834679 12 1
1481614835883 5 2
1481614838079 0 -1
1481614838932 7 -1
1481614845833 4 -2
1481614846382 9 1
1481614846846 1 1
1481614847749 10 2
1481614848732 12 2
1481614849281 6 -2
1481614850327 6 -1
1481614851271 12 -2
1481614852750 10 -2
1481614853589 9 -2
1481614854283 9 -1
1481614854852 1 -2
1481614856243 4 2
1481614858223 8 4
1481614859102 10 1
1481614862850 2 1
1481614863697 11 2
1481614865249 13 2
1481614865784 11 1
1481614867501 6 -1
1481614868667 0 1
1481614874232 8 -2
1481614875050 8 -1
1481614875627 13 -1
1481614876838 4 -1
1481614877729 1 2
1481614878465 10 1
1481614880768 2 1
1481614881584 8 2
1481614883582 3 1
1481614884226 5 1
1481614885998 12 -1
1481614886847 2 -1
1481614888637 8 -2
1481614890282 0 -1
1481614894069 2 1
1481614895000 2 -1
1481614895980 8 2
1481614896662 2 1
1481614897211 6 2
1481614898830 11 -3
1481614899984 13 -1
1481614901365 2 -2
1481614903032 6 -1
1481614904446 8 -2
1481614905161 8 -1
1481614906998 4 -1
1481614907419 4 1
1481614909432 10 -2
1481614910441 9 2
1481614911799 6 2
1481614912616 0 1
1481614914150 1 -1
1481614915181 4 -1
1481614915746 9 1
1481614916497 10 1
1481614918586 0 2
1481614919288 6 -2
1481614926966 12 1
1481614927442 5 -2
1481614927894 3 -1
1481614928428 1 -1
1481614932035 5 1
1481614933601 5 -1
1481614939152 5 1
1481614944490 1 2
1481614945121 10 1
1481614948382 3 1
1481614949366 12 1
1481614950464 12 1
1481614951756 3 -1
1481614953366 6 3
1481614954833 12 -2
1481614957479 12 2
1481614958551 6 -3
1481614959366 12 -2
1481614961471 10 -1
1481614962138 1 -2
1481614964501 1 2
1481614965418 3 2
1481614966079 5 1
1481614966648 12 -1
1481614967966 3 -1
1481614969437 1 -1
1481614970091 1 1
1481614970535 10 1
1481614974552 6 2
1481614980698 6 -2
1481614981969 12 1
1481614982636 12 1
1481614983074 5 -2
1481614983698 3 -1
1481614985118 12 1
1481614986319 12 -2
1481614987755 12 1
1481614988980 12 -1
1481614991171 10 -1
1481614991819 1 -2
1481614998265 1 2
1481614998970 3 2
1481614999909 5 2
1481615000463 12 -1
1481615002019 6 2
1481615003668 0 -2
1481615005808 8 2
1481615007870 2 1
1481615008425 8 -2
1481615010285 2 -1
1481615012819 0 2
1481615015035 6 -2
1481615017332 3 -1
1481615018169 10 1
1481615019169 10 -1
1481615020303 10 1
1481615023586 12 3
1481615024507 6 2
1481615026610 0 -2
1481615027965 0 -1
1481615029051 2 1
1481615029692 8 1
1481615032787 11 2
1481615034542 0 1
1481615035348 5 -2
1481615036082 3 -1
1481615037200 6 1
1481615037883 12 -2
1481615039813 2 1
1481615042643 8 1
1481615044050 11 -2
1481615045720 2 -2
1481615048186 2 2
1481615049407 8 -2
1481615051069 2 -2
1481615052250 0 2
1481615055204 12 2
1481615055911 6 -3
1481615056568 12 -2
1481615059034 10 -1
1481615059783 1 -2
1481615062152 1 2
1481615062784 10 1
1481615063402 12 2
1481615064920 6 3
1481615066169 12 -2
1481615067621 0 -2
1481615068657 2 2
1481615069326 8 2
1481615070704 2 -2
1481615071138 8 -2
