1481616449092 8 -2
1481616452061 4 1
1481616459081 4 -2
1481616460446 9 1
1481616462613 10 1
1481616464961 0 2
1481616466821 6 -2
1481616469274 1 1
1481616470031 10 1
1481616475161 6 2
1481616476316 12 3
1481616478034 5 2
1481616479849 7 -1
1481616481500 6 -3
1481616483943 3 1
1481616485001 5 1
1481616486516 12 -3
1481616489951 6 2
1481616491204 7 1
1481616493041 10 -1
1481616493896 1 -1
1481616497459 0 -3
1481616498614 10 -1
1481616499244 9 -1
1481616500032 4 2
1481616503550 6 -1
1481616505417 9 -2
1481616508094 10 1
1481616509144 8 3
1481616511889 2 1
1481616512745 11 2
1481616513532 7 -1
1481616515414 6 -1
1481616519134 8 -2
1481616520551 4 -2
1481616521714 1 1
1481616522914 10 1
1481616524152 12 3
1481616528089 5 -1
1481616529454 3 -1
1481616530571 12 -2
1481616531951 10 -1
1481616533041 1 -2
1481616533789 4 2
1481616534794 8 3
1481616539257 13 2
1481616539976 11 1
1481616540728 6 -1
1481616544551 8 -3
1481616546621 1 1
1481616549022 8 2
1481616550176 13 -1
1481616550859 4 -1
1481616552809 4 1
1481616553903 3 1
1481616554773 5 1
1481616555479 12 -1
1481616556355 6 2
1481616558860 7 1
1481616562566 11 -3
1481616563281 2 -1
1481616564433 13 -1
1481616566301 8 -3
1481616570838 10 -1
1481616571408 9 2
1481616575842 4 -2
1481616577970 9 1
1481616578541 1 1
1481616579328 10 2
1481616582021 6 1
1481616584218 0 3
1481616586423 6 -1
1481616591013 7 -1
1481616591778 6 -1
1481616596548 10 -1
1481616598220 1 -1
1481616601273 1 1
1481616603163 10 1
1481616607610 6 2
1481616609816 7 1
1481616613753 10 -1
1481616615021 1 -1
1481616615848 6 -1
1481616622357 R
1481616623924 8 -2
1481616625244 4 1
1481616628612 6 -1
1481616629474 1 -1
1481616630673 4 -2
1481616633442 9 1
1481616634326 10 1
1481616635586 0 2
1481616638385 6 -1
1481616715941 6 1
1481616739163 6 -1
1481616764556 R
1481616781003 8 -2
1481616885508 4 1
1481616887338 8 2
1481616906824 8 -2
1481616909150 4 -2
1481616909946 1 1
1481616910640 9 1
1481616911316 10 2
1481616912899 12 3
1481616915080 6 -1
1481616916700 3 1
1481616917833 5 3
1481616923518 0 2
1481616925056 7 -1
1481616926923 6 -2
1481616930420 12 -3
1481616944045 10 -1
1481616949093 10 1
1481616950946 12 3
1481616952213 5 -2
1481616956166 6 2
1481616956923 7 1
1481616958663 5 -1
1481616960230 3 -1
1481616961918 6 1
1481616963073 12 -3
1481616966058 0 -2
1481616967506 10 -2
1481616968541 9 -1
1481616969471 1 -1
1481616970392 4 2
1481616972643 13 2
1481616974743 8 2
1481616975875 6 -1
1481616980480 6 1
1481616981298 12 1
1481616983982 5 2
1481616987575 7 -1
1481616990222 0 -1
1481616995255 8 -2
1481616997654 13 -1
1481617020927 13 -1
1481617049308 4 -2
1481617050335 9 1
1481617051647 1 1
1481617052368 10 2
1481617056508 2 2
1481617057304 8 2
1481617059748 11 2
1481617062800 7 3
1481617064540 0 1
1481617066280 5 -3
1481617084738 12 -1
1481617128597 5 1
1481617129687 5 -1
1481617131574 0 -1
1481617198070 6 -3
