1482059308461 12 1
1482059309837 12 -1
1482059310829 12 1
1482059311685 5 2
1482059312573 0 -1
1482059313300 7 -1
1482059316020 0 1
1482059316740 7 1
1482059317773 5 -1
1482059319484 5 -1
1482059320605 12 -1
1482059321476 6 -1
1482059322300 3 1
1482059324956 13 1
1482059325540 13 -1
1482059326740 8 -2
1482059327572 4 1
1482059329069 4 -2
1482059329844 9 1
1482059330500 1 1
1482059331268 10 2
1482059332684 0 2
1482059333812 6 -1
1482059334676 3 -1
1482059335402 6 2
1482059345437 0 -2
1482059347356 10 -2
1482059347964 9 -1
1482059348556 1 -1
1482059349308 4 2
1482059352514 13 2
1482059353069 8 2
1482059354037 8 -2
1482059354780 13 -2
1482059355572 4 -2
1482059356269 9 1
1482059356788 1 1
1482059357636 10 2
1482059359076 12 3
1482059360420 5 2
1482059361172 0 -1
1482059362028 6 -2
1482059362764 3 1
1482059363508 5 1
1482059364140 6 1
1482059365448 0 3
1482059366876 7 -1
1482059369700 0 -3
1482059370748 2 1
1482059372149 2 -1
1482059372813 6 -2
1482059373797 12 -3
1482059374724 10 -2
1482059375453 9 -3
1482059376284 10 2
1482059377404 4 1
1482059380604 8 3
1482059385541 10 -2
1482059386340 9 1
1482059387044 9 -1
1482059388036 8 -3
1482059391149 9 2
1482059395596 6 2
1482059396316 7 1
1482059396981 0 1
1482059402628 7 -1
1482059413677 1 -1
1482059414564 4 1
1482059415740 13 2
1482059416804 8 2
1482059417860 7 1
1482059418225 0 -1
1482059418908 7 -1
1482059423549 R
1482059425244 8 -2
1482059426684 4 1
1482059430020 6 -1
1482059437036 6 1
1482059442124 4 -2
1482059442676 9 1
1482059443228 1 1
1482059444772 10 2
1482059445652 12 3
1482059448036 5 2
1482059448574 0 -1
1482059449700 6 -2
1482059450524 3 1
1482059451348 5 1
1482059452228 6 1
1482059453837 0 3
1482059455156 0 -3
1482059457948 0 3
1482059458900 5 -3
1482059459780 3 -1
1482059460564 6 1
1482059461272 12 -3
1482059462756 0 -2
1482059475069 R
1482059476621 8 -2
1482059477460 4 1
1482059479189 12 1
1482059480772 12 -1
1482059481548 12 1
1482059482244 5 2
1482059482908 7 -1
1482059483388 0 -1
1482059485900 0 1
1482059486676 7 1
1482059487415 5 -2
1482059488172 12 -1
1482059499013 R
1482059504284 6 -1
1482059505308 1 -1
1482059506116 4 1
1482059507404 8 -2
1482059517660 8 2
1482059518276 13 2
1482059519436 13 -2
1482059520012 8 -2
1482059520788 4 -2
1482059521372 9 1
1482059522492 10 1
1482059524164 1 2
1482059524732 10 1
1482059528092 6 1
1482059528988 12 3
1482059530484 5 2
1482059532172 0 -1
1482059536668 12 -2
1482059537756 10 -2
1482059538396 9 -1
1482059539028 1 -1
1482059539716 4 2
1482059544076 0 1
1482059544700 5 -2
1482059545636 12 -1
1482059546476 6 -1
1482059547220 1 -1
1482059549092 4 -2
1482059549789 9 1
1482059554836 9 -1
1482059555516 4 2
1482059558373 R
1482059560756 6 -1
1482059562148 1 -1
1482059563020 4 1
1482059563700 8 -2
1482059567236 8 2
1482059567788 13 2
1482059569701 R
1482059573092 8 -2
1482059574828 12 1
1482059579516 12 -1
1482059583644 6 -1
1482059584391 1 1
1482059585436 3 2
1482059588100 8 2
1482059591236 8 -2
1482059593037 R
1482059595076 6 -1
1482059596869 8 -2
1482059599452 4 1
1482059603724 8 2
1482059604572 13 2
