1481602073554 8 -2
1481602074718 4 1
1481602076216 6 -1
1481602076798 1 -1
1481602078959 4 -2
1481602079533 9 1
1481602080558 1 2
1481602081134 10 2
1481602083374 10 -2
1481602085889 6 1
1481602087032 12 1
1481602087570 5 2
1481602088744 0 -1
1481602089314 10 2
1481602093039 2 2
1481602093992 8 2
1481602095333 2 -2
1481602096147 2 2
1481602098774 11 2
1481602099222 7 2
1481602099697 0 1
1481602100184 5 -2
1481602100810 12 -1
1481602102253 11 -1
1481602102899 7 -2
1481602104921 8 -2
1481602106291 6 -1
1481602107614 2 -1
1481602108698 10 -1
1481602109273 1 -2
1481602113720 R
1481602117092 8 -2
1481602123622 4 -1
1481602125862 1 1
1481602126694 4 1
1481602128948 6 -1
1481602132198 6 1
1481602134064 4 -1
1481602135336 8 2
1481602136657 4 1
1481602137232 1 -1
1481602137911 4 1
1481602139153 8 -2
1481602143953 12 1
1481602144613 5 2
1481602145421 7 -1
1481602148801 0 -1
1481602150711 R
1481602152984 8 -2
1481602154487 4 -1
1481602155043 9 1
1481602158250 10 1
1481602161515 0 2
1481602162230 6 -2
1481602163165 1 -1
1481602165030 1 2
1481602168315 10 1
1481602171829 6 1
1481602172813 0 -1
1481602175162 0 -1
1481602175744 10 -2
1481602177691 6 1
1481602180182 6 -1
1481602180920 9 -1
1481602181510 4 1
1481602183901 4 -1
1481602184329 9 1
1481602185202 10 2
1481602186133 0 2
1481602190045 10 -1
1481602191343 0 -1
1481602193677 1 -2
1481602196354 1 2
1481602198802 6 1
1481602199254 10 1
1481602200787 12 3
1481602202165 5 2
1481602203046 0 -2
1481602205018 12 -2
1481602206599 10 -2
1481602207257 9 -1
1481602208038 9 1
1481602208548 10 2
1481602210232 2 2
1481602211391 11 1
1481602212083 7 1
1481602212693 0 1
1481602213214 5 -3
1481602213823 12 -1
1481602215321 7 -1
1481602218526 2 -1
1481602220452 10 -1
1481602220810 6 -1
1481602221266 1 -2
1481602223483 1 2
1481602223953 6 1
1481602224417 10 1
1481602228978 0 -1
1481602229631 6 -2
1481602230596 10 -1
1481602233459 1 -2
1481602234449 1 2
1481602234902 10 1
1481602235309 6 2
1481602238852 0 1
1481602242430 U
1481602243523 R
1481602248665 8 -2
1481602250291 4 1
1481602252005 6 -1
1481602252941 1 -1
1481602264360 4 -2
1481602264874 9 1
1481602265508 10 1
1481602266478 0 2
1481602267497 6 -1
1481602268530 1 2
1481602269010 10 1
1481602271655 3 1
1481602272907 6 1
1481602274693 R
1481602275965 12 1
1481602277175 5 2
1481602278065 1 1
1481602278958 0 -1
1481602280266 7 -1
1481602282917 8 -2
1481602284528 4 -1
1481602285063 9 1
1481602285466 10 2
1481602286086 12 2
1481602286696 6 -3
1481602287941 12 -2
1481602288988 10 -2
1481602289512 9 -2
1481602290223 9 -1
1481602290947 1 -2
1481602291790 4 2
1481602294643 9 2
1481602296379 9 -2
1481602296915 10 1
1481602299897 10 -1
1481602300522 1 1
1481602301195 3 1
1481602301671 5 1
1481602302555 12 -1
1481602304824 9 2
1481602305384 6 2
1481602306540 0 1
1481602308026 0 -1
1481602308823 6 -2
1481602309346 9 -2
1481602310058 6 1
1481602312961 7 1
1481602313680 7 -1
1481602316637 10 1
1481602317286 2 1
1481602318037 8 3
1481602318471 13 2
1481602319262 11 3
1481602320765 6 -2
1481602324627 0 1
1481602325705 8 -2
1481602326337 13 -1
1481602327842 4 -1
1481602328282 1 1
1481602328637 10 1
1481602332637 8 2
1481602336768 0 -1
1481602337188 6 2
1481602337688 11 -2
1481602338953 2 1
1481602340818 11 2
1481602341688 6 -2
1481602342672 0 1
1481602345043 2 -1
1481602353030 0 -1
1481602353510 6 2
1481602354018 11 -2
1481602354785 11 -1
1481602355402 2 1
1481602357421 2 -2
1481602424432 13 -1
1481602427803 8 -3
1481602429506 10 -2
1481602431921 1 -1
1481602433009 4 1
1481602435326 4 -2
1481602435887 1 1
1481602436616 9 3
1481602442142 3 1
1481602442915 10 1
1481602443568 6 1
1481602445185 0 3
1481602446127 6 -2
1481602447295 3 -1
1481602447997 10 1
