1482452925796 8 -2
1482452927028 4 1
1482452928506 4 -2
1482452929192 9 1
1482452929776 1 1
1482452931500 10 2
1482452934386 12 3
1482452935508 5 2
1482452936386 0 -1
1482452938810 8 1
1482452939848 8 -1
1482452940842 12 -2
1482452942026 8 2
1482452943092 8 -2
1482452944341 10 -2
1482452945448 10 2
1482452947634 2 2
1482452948546 7 1
1482452953434 11 1
1482452955649 11 -1
1482452957024 11 1
1482452958351 R
1482452974383 4 -1
1482452975185 9 1
1482452976203 10 1
1482452977341 8 -2
1482452978768 0 2
1482452984457 12 1
1482452985634 5 2
1482452990133 5 -2
1482452990771 12 -1
1482452992056 6 -2
1482452993150 1 -1
1482453000000 1 2
1482453001250 10 1
1482453002940 6 2
1482453008466 0 -1
1482453009244 6 -1
1482453010164 10 -1
1482453010811 1 -2
1482453014471 1 2
1482453015351 0 -1
1482453016007 10 -1
1482453016696 9 -1
1482453017569 1 -2
1482453019210 4 2
1482453021560 4 -1
1482453022506 1 2
1482453023956 6 1
1482453027661 6 -1
1482453029570 1 -2
1482453030186 4 1
1482453032108 4 -2
1482453032714 9 1
1482453033652 1 2
1482453035569 10 2
1482453036416 6 1
1482453037767 0 2
1482453038885 10 -1
1482453040260 6 -2
1482453041214 1 -2
1482453044855 6 1
1482453046500 6 -1
1482453050518 R
1482453055853 6 -1
1482453057009 3 1
1482453058137 1 1
1482453059900 3 1
1482453062271 3 -2
1482453063489 6 1
1482453064698 12 1
1482453065729 5 2
1482453067595 0 -1
1482453069990 8 -2
1482453080522 4 -1
1482453081941 9 1
1482453082807 10 2
1482453084858 0 3
1482453087507 5 -2
1482453088823 12 -1
1482453097520 12 3
1482453099152 6 -2
1482453100106 3 1
1482453101278 5 3
1482453103111 6 1
1482453104224 0 -3
1482453105800 6 -1
1482453109091 6 1
1482453111050 2 1
1482453111615 8 1
1482453112255 11 2
1482453114361 0 1
1482453115610 5 -4
1482453117314 3 -1
1482453118228 6 1
1482453119176 12 -3
1482453123689 6 -1
1482453124706 10 -1
1482453127710 6 1
1482453128377 10 1
1482453130336 11 -1
1482453131336 8 -1
1482453134012 5 1
1482453134723 11 -1
1482453135538 2 -1
1482453139479 0 1
1482453146173 12 3
1482453150588 12 -3
1482453153260 10 -1
1482453154162 1 -1
1482453159348 0 -1
1482453160046 10 -1
1482453160726 9 -1
1482453161488 4 1
1482453162470 4 1
1482453166430 6 -1
1482453167812 1 -1
1482453170680 4 -2
1482453171591 9 1
1482453172681 10 1
1482453175032 0 1
1482453177014 0 1
1482453177991 6 -1
1482453183170 1 2
1482453184045 10 1
1482453184935 6 2
1482453187873 12 1
1482453189276 5 2
1482453190550 0 -3
1482453198060 0 1
1482453200266 R
1482453200786 R
1482453201019 R
1482453254384 6 -1
1482453257148 6 1
1482453258911 12 1
1482453263531 5 1
1482453265384 7 -1
1482453267722 5 1
1482453269290 0 -1
1482453271235 8 -2
1482453272649 1 1
1482453274276 4 -1
1482453274981 9 1
1482453277046 10 2
1482453279559 0 1
1482453280817 5 -1
1482453283094 7 1
1482453283854 5 -1
1482453287127 2 1
1482453287831 11 1
1482453289736 8 1
1482453290690 11 1
1482453291326 5 -1
1482453292241 11 -1
1482453292956 8 -1
1482453294641 12 -1
1482453301061 6 -1
1482453301722 3 1
1482453302827 3 -1
1482453303911 10 -1
1482453304896 1 -2
1482453307259 1 2
1482453309151 10 1
1482453310006 6 1
1482453311020 2 1
1482453313564 8 1
1482453315730 2 -1
1482453317155 12 3
1482453319085 12 -3
1482453325050 11 1
1482453328685 2 1
1482453329422 7 1
1482453331448 8 1
1482453332036 7 1
1482453334944 5 1
1482453335608 12 1
1482453336529 5 2
1482453337390 0 -1
1482453338878 7 -3
1482453340184 11 -2
1482453342883 8 -2
1482453345708 2 -2
1482453349744 12 2
1482453351312 6 -3
1482453352473 12 -2
1482453353394 10 -2
1482453354015 9 -3
1482453355137 1 -2
1482453356052 4 2
1482453359297 1 1
1482453360257 10 1
1482453372200 8 3
1482453375300 1 -1
1482453375995 8 1
1482453389814 8 -1
1482453390823 4 -1
1482453391759 1 2
1482453395837 10 1
1482453398767 3 1
1482453399963 5 1
1482453401487 12 -1
1482453402720 6 1
1482453405425 7 1
1482453410148 7 -1
1482453415839 2 2
1482453416715 11 2
1482453421325 7 1
1482453422486 2 -1
1482453423622 10 -1
1482453424533 3 1
1482453428019 7 -1
1482453429277 6 -1
1482453430129 12 1
1482453431451 5 -1
1482453432602 3 -2
1482453433998 10 1
1482453439115 10 -1
1482453441678 3 1
1482453442660 10 1
1482453443820 12 1
1482453444565 12 -1
1482453450170 8 -2
1482453451237 12 2
1482453452005 6 1
1482453452973 6 -1
1482453457131 12 -2
1482453463571 13 1
1482453464106 11 1
1482453465283 6 -1
1482453466059 0 1
1482453467533 5 -1
1482453469655 8 2
1482453471880 2 1
1482453476191 3 -1
1482453476718 9 -1
1482453479246 2 -1
1482453479857 10 -1
1482453480727 1 -2
1482453481664 8 1
1482453482241 4 1
1482453487643 13 1
1482453491195 8 -3
1482453491866 1 1
1482453493541 3 1
1482453495405 3 -1
1482453496472 3 1
1482453497056 9 1
1482453498464 8 2
