1481119640811 8 -2
1481119648572 6 -1
1481119651241 1 -1
1481119654371 4 -1
1481119655673 9 1
1481119657812 10 1
1481119659922 0 2
1481119661940 6 -1
1481119665296 1 2
1481119668616 10 1
1481119671106 6 2
1481119673812 12 3
1481119676245 6 -2
1481119684074 3 1
1481119685540 3 -1
1481119688315 5 2
1481119690847 7 -1
1481119693832 6 2
1481119698391 7 1
1481119699856 12 -2
1481119701564 7 -1
1481119704073 0 -1
1481119707346 0 -1
1481119709372 10 -2
1481119713062 8 2
1481119718000 9 -1
1481119719121 1 -1
1481119721036 4 2
1481119722891 8 -2
1481119726480 5 -1
1481119741658 7 1
1481119743004 5 -1
1481119744832 12 -1
1481119747340 6 -1
1481119750304 1 -1
1481119751973 4 -2
1481119753422 9 1
1481119755399 10 1
1481119759577 0 2
1481119762288 6 -1
1481119764751 1 2
1481119770222 10 1
1481119777150 10 -1
1481119779159 1 -2
1481119781770 6 1
1481119785915 0 -1
1481119793771 0 -1
1481119795690 10 -1
1481119797586 9 -1
1481119799566 4 2
1481119822019 8 2
1481119824541 13 2
1481119828052 1 1
1481119835323 6 1
1481119838486 8 -2
1481119840005 13 -1
1481119842153 13 -1
1481119849055 12 1
1481119850938 5 2
1481119852563 7 -1
1481119854167 0 -1
1481119859569 4 -2
1481119861424 9 1
1481119862641 1 1
1481119864338 10 2
1481119866130 12 2
1481119867618 6 -3
1481119874200 3 1
1481119878820 5 1
1481119880819 12 -3
1481119883990 6 2
1481119886440 0 3
1481119889342 6 -2
1481119891860 12 3
1481119894261 5 -2
1481119896817 3 -1
1481119899766 12 -2
1481119903786 10 -1
1481119905781 1 -2
1481119909463 5 1
1481119921545 1 2
1481119924972 10 1
1481119929669 12 2
1481119933769 6 3
1481119936519 12 -2
1481119939632 10 -1
1481119942598 10 1
1481119945402 0 -2
1481119947210 10 -2
1481119948581 1 -1
1481119949899 9 -1
1481119951783 4 2
1481119956645 8 2
1481119959378 13 2
1481119970059 0 -1
1481119975243 8 -2
1481119977076 13 -2
1481119982325 7 1
1481119983463 0 1
1481119984775 5 -2
1481119997098 12 -1
1481119998261 6 -1
1481120000003 1 -1
1481120003470 4 -2
1481120004646 9 1
1481120007355 10 1
1481120011188 0 2
1481120013370 6 -1
1481120021212 1 2
1481120022719 10 1
1481120027252 6 2
1481120030344 12 3
1481120032758 6 -2
1481120035186 3 1
1481120036456 5 3
1481120037801 7 -1
1481120039328 6 -1
1481120040595 12 -3
1481120044694 10 -1
1481120048701 6 2
1481120051867 3 1
1481120058537 6 -2
1481120059607 3 -1
1481120062633 10 1
1481120064444 12 3
1481120068487 6 2
1481120070948 5 -2
1481120073000 3 -1
1481120075772 6 1
1481120077665 12 -2
1481120081339 7 1
1481120082770 5 -1
1481120083986 12 -1
1481120087555 6 -2
1481120089556 10 -1
1481120090932 1 -2
1481120095748 6 1
1481120098007 0 -2
1481120101242 10 -1
1481120102472 9 -1
1481120103800 4 2
1481120112347 8 2
1481120114172 13 2
