1481100142953 8 -2
1481100144914 4 1
1481100146153 6 -1
1481100147016 1 -1
1481100148423 4 -2
1481100149224 9 1
1481100151829 10 1
1481100152608 1 2
1481100153428 10 1
1481100154733 0 2
1481100155987 6 -1
1481100163016 6 2
1481100165449 12 2
1481100168900 5 2
1481100170350 7 -1
1481100171781 12 1
1481100172785 6 -3
1481100173809 12 -2
1481100175273 10 -1
1481100176189 1 -2
1481100188823 5 -1
1481100191263 1 1
1481100192641 3 1
1481100193505 5 2
1481100194406 12 -1
1481100195647 6 2
1481100199616 0 -3
1481100203632 10 -1
1481100204809 6 -2
1481100207010 9 -3
1481100208190 10 1
1481100210892 6 1
1481100212975 4 2
1481100216611 8 3
1481100219895 2 1
1481100221986 11 2
1481100222536 13 2
1481100223239 11 1
1481100227784 6 -2
1481100228570 0 1
1481100230495 12 1
1481100231457 5 -2
1481100235022 13 -1
1481100235684 4 -1
1481100236435 1 1
1481100237163 3 1
1481100237929 3 -2
1481100238686 10 1
1481100239490 3 1
1481100240200 5 2
1481100241248 12 -1
1481100244178 0 -1
1481100245625 6 1
1481100246537 11 -3
1481100247533 2 -1
1481100248719 8 -3
1481100250499 13 -1
1481100251722 6 1
1481100256657 10 -2
1481100257515 9 2
1481100258831 6 1
1481100261327 0 1
1481100262042 4 -1
1481100262762 9 1
1481100263505 10 2
1481100264500 0 2
1481100269958 6 -2
1481100271606 10 -1
1481100272810 1 -1
1481100275805 6 2
1481100276533 7 1
1481100285917 0 -1
1481100291229 1 1
1481100292030 10 1
1481100295974 0 1
1481100297111 6 -1
1481100301862 10 -1
1481100305659 3 1
1481100307351 6 1
1481100309925 7 -1
1481100310775 6 -2
1481100311672 12 1
1481100312470 5 -2
1481100313168 3 -2
1481100316232 10 1
1481100320677 10 -1
1481100322069 1 -2
1481100331375 1 2
1481100332262 10 1
1481100334369 5 1
1481100338021 10 -1
1481100340383 10 1
1481100343137 12 2
1481100344286 6 3
1481100346061 0 -1
1481100350807 12 -2
1481100355035 10 -1
1481100357107 1 -1
1481100358779 0 -1
1481100360689 10 -1
1481100361369 9 -1
1481100362167 4 2
1481100367097 0 -1
1481100369229 8 2
1481100369752 13 2
1481100373381 7 1
1481100374973 0 1
1481100375751 5 -2
1481100378224 12 -1
1481100379433 6 -1
1481100380177 1 -1
1481100389301 13 -2
1481100391873 8 -2
1481100395584 4 -2
1481100396230 9 1
1481100396759 1 2
1481100397872 10 2
1481100400888 8 2
1481100401921 2 2
1481100402809 7 2
1481100403595 11 2
1481100404625 5 -1
1481100405784 0 -1
1481100408040 0 1
1481100411285 0 -1
1481100411985 6 -2
1481100415312 3 1
1481100415970 12 1
1481100421349 3 -1
1481100421946 12 -1
1481100424345 6 3
1481100425634 0 1
1481100426927 5 1
1481100428036 11 -2
1481100429352 7 -2
1481100430807 8 -2
1481100434792 2 -2
1481100436133 10 -2
1481100436749 9 -1
1481100437400 1 -1
1481100438199 4 2
1481100439755 13 2
1481100443686 8 2
1481100447156 8 -2
1481100449551 12 1
1481100452891 12 -1
1481100454153 6 -1
1481100455065 1 -1
1481100459272 R
1481100465932 1 1
1481100468681 6 -1
1481100469678 3 2
1481100471944 8 -2
1481100477434 3 -2
1481100478055 6 1
1481100479102 12 1
1481100481139 5 2
1481100482221 0 -1
1481100484489 4 -1
1481100485050 9 1
1481100486837 10 2
1481100490084 8 2
1481100491318 2 2
1481100495295 7 2
1481100497827 0 1
1481100499565 11 2
1481100500450 5 -3
1481100502769 12 -1
1481100503757 6 -1
1481100507952 7 -2
1481100508752 2 -1
1481100509408 10 -1
1481100510544 1 -2
1481100514914 11 -1
1481100515837 8 -2
1481100523592 8 1
1481100524424 11 1
1481100526633 5 1
1481100527350 11 -2
1481100527992 2 -1
1481100528541 8 -1
1481100531009 0 2
1481100533500 6 -1
1481100538988 1 2
1481100542524 6 2
1481100543794 12 1
1481100544453 5 2
1481100545455 7 -1
1481100549919 10 1
1481100551151 12 2
1481100552171 6 -3
1481100555363 12 -2
1481100556368 10 -1
1481100557300 1 -2
1481100562265 1 2
1481100567866 5 -1
1481100571156 1 -2
1481100575073 5 1
1481100579325 5 -1
1481100583148 1 2
1481100584392 3 2
1481100585224 5 2
1481100587023 3 -1
1481100587615 1 -1
1481100588519 1 1
1481100589372 10 1
1481100592317 12 -1
1481100593625 6 2
1481100599697 7 1
1481100603113 7 -1
1481100604865 0 -1
1481100617247 0 1
1481100618810 6 -2
1481100620400 12 1
1481100621780 5 -2
1481100624796 3 -1
1481100626491 10 -1
1481100627582 1 -2
1481100631304 5 1
1481100634053 R
1481100644985 13 1
1481100646399 4 1
1481100647165 13 1
1481100652485 13 -1
1481100653358 4 -1
1481100654335 1 1
1481100656726 6 -1
1481100657976 3 2
1481100660637 13 -1
1481100661601 4 -1
1481100662244 8 -2
1481100663832 9 1
1481100667052 10 1
1481100668463 3 -2
1481100669402 6 1
1481100670113 10 1
1481100675052 0 2
1481100677604 12 3
1481100679789 6 -2
1481100682157 3 1
1481100683161 5 3
1481100684540 7 -1
1481100687192 6 -1
1481100693171 5 -2
1481100694207 3 -1
1481100695779 12 -2
1481100696952 10 -1
1481100698153 1 -2
1481100705322 R
1481100708588 4 1
1481100709538 13 2
1481100711882 13 -2
1481100712370 8 -2
1481100714894 6 -1
1481100715477 1 -1
1481100718485 4 -2
1481100719361 9 1
1481100725944 10 1
1481100727829 0 2
1481100728861 6 -1
1481100732932 6 1
1481100734377 0 -2
1481100735261 10 -1
1481100736296 9 -1
1481100737390 4 2
1481100744482 13 2
1481100749968 13 -2
1481100750623 4 -2
1481100752569 9 1
1481100753927 1 1
1481100754863 6 1
1481100758510 9 -1
1481100759950 4 2
1481100763160 4 -2
1481100763690 9 1
1481100764273 1 1
1481100764896 10 2
1481100765926 0 2
1481100766775 10 -1
1481100767449 6 -2
1481100769023 1 -2
1481100782948 6 1
1481100785686 0 -2
1481100787037 10 -1
1481100788065 9 -1
1481100789776 4 2
1481100796176 13 2
1481100798096 13 -2
1481100799456 4 -2
1481100801941 4 2
1481100804306 R
1481100806901 4 1
1481100807673 13 2
1481100809185 13 -2
1481100809879 8 -2
1481100814185 6 -1
1481100814959 3 1
1481100817745 4 -2
1481100818404 9 1
1481100818933 1 1
1481100820201 10 2
1481100827282 0 2
1481100830419 3 -1
1481100831117 6 1
1481100831978 12 3
1481100833268 5 2
1481100834224 7 -1
1481100837426 6 -3
1481100840657 12 -2
1481100842817 10 -1
1481100851228 10 1
1481100852383 12 2
1481100853507 5 -1
1481100854505 6 3
1481100855287 7 1
1481100856149 5 -1
1481100858566 6 -2
1481100860367 6 2
1481100863093 0 -2
1481100865300 8 1
1481100865835 2 1
1481100866551 11 2
1481100867730 5 -1
1481100868429 11 -1
1481100869530 8 -1
1481100871181 12 -3
1481100879444 10 -1
1481100880329 6 -1
1481100883712 1 -2
1481100885367 1 2
1481100887541 5 1
1481100888414 11 -1
1481100889359 2 -1
1481100891263 0 2
1481100892257 6 -1
1481100894056 10 1
1481100895225 6 2
1481100897544 12 1
1481100898501 5 2
1481100900552 12 2
1481100901938 6 -2
1481100902493 7 -1
1481100903248 6 -1
1481100904284 12 -2
1481100905856 10 -1
1481100906664 1 -2
1481100908737 5 -1
1481100909843 1 2
1481100910429 10 1
1481100914104 12 2
1481100923289 12 -2
1481100924913 10 -1
1481100927900 1 -2
1481100938577 5 1
1481100941263 1 2
1481100941731 3 2
1481100942974 5 1
1481100943572 12 -1
1481100944803 6 2
1481100946441 7 1
1481100948705 0 -3
1481100951620 8 2
1481100952741 2 1
1481100953444 11 2
1481100954916 0 1
1481100956248 0 -1
1481100957153 8 -1
1481100959706 6 -1
1481100964458 7 -1
1481100965038 6 -1
1481100966105 12 1
1481100967236 5 -1
1481100967958 3 -2
1481100973111 1 -2
1481100979486 11 -2
1481100980317 8 -1
1481100982358 11 1
1481100985243 R
1481101012433 4 -1
1481101012961 9 1
1481101013493 1 1
1481101014253 10 2
1481101015103 2 2
1481101015933 11 2
1481101018052 7 2
1481101019150 5 -1
1481101021523 0 -1
1481101023014 6 -3
1481101026361 12 1
1481101027191 12 -1
1481101029424 11 -1
1481101031287 6 1
1481101032747 7 -1
1481101033820 8 -2
1481101035161 7 -1
1481101037223 2 -1
1481101037969 6 2
1481101038683 0 1
1481101039499 5 1
1481101040510 11 -1
1481101041606 2 -1
1481101044343 0 2
1481101046525 12 3
1481101049628 5 2
1481101051529 6 -1
1481101054883 3 1
1481101056056 5 1
1481101056947 6 -1
1481101064673 7 -1
1481101065437 6 -1
1481101066567 12 -3
1481101071634 10 -1
1481101072784 12 1
1481101073473 5 -2
1481101074382 3 -1
1481101075089 5 1
1481101080261 1 -2
1481101081833 5 -1
1481101083349 1 2
1481101083941 10 1
1481101088469 12 2
1481101089532 6 3
1481101090581 12 -2
1481101094423 12 2
1481101097941 5 1
1481101101304 5 -1
1481101103251 12 -2
1481101105783 0 -2
1481101107148 10 -2
1481101108384 9 -1
1481101109041 1 -1
1481101109904 4 2
1481101115782 5 1
1481101118342 0 -1
1481101119606 0 1
1481101120150 7 1
1481101120913 5 -2
1481101121738 12 -1
1481101124085 6 -1
1481101126444 1 -1
1481101128508 4 -2
1481101129092 9 1
1481101130547 10 1
1481101131489 0 2
1481101134312 1 2
1481101134949 3 2
1481101138816 0 -2
1481101139601 10 -1
1481101140473 9 -1
1481101141016 4 1
1481101142253 13 1
1481101142936 8 2
1481101147338 R
1481101150672 4 1
1481101153524 12 1
1481101154449 5 2
1481101159218 7 -1
1481101160949 13 2
1481101165888 5 -1
1481101167713 5 1
1481101171602 R
1481101177521 4 -1
1481101178222 9 1
1481101178908 1 1
1481101183959 10 2
1481101188561 12 2
1481101190307 5 2
1481101196316 8 -2
1481101198369 12 -1
1481101205591 10 -2
1481101206720 5 -2
1481101207453 12 -1
1481101208439 6 -1
1481101209694 1 -2
1481101210601 9 -1
1481101212517 4 2
1481101222601 4 -2
1481101224193 9 1
1481101226134 R
1481101234953 12 1
1481101236436 5 2
1481101237375 0 -1
1481101238237 7 -1
1481101242174 4 -1
1481101242822 9 1
1481101243432 1 1
1481101244650 10 2
1481101249160 2 2
1481101252039 11 1
1481101253142 8 -2
1481101254230 7 2
1481101255713 0 1
1481101256722 5 -3
1481101259038 0 -1
1481101260537 12 -1
1481101262241 6 -2
1481101263096 7 -1
1481101263986 2 -1
1481101267769 2 1
1481101274538 8 2
1481101276215 7 2
1481101276972 11 1
1481101280477 11 -1
1481101281338 7 -2
1481101282111 8 -2
1481101282745 2 -1
1481101284079 10 -1
1481101284762 1 -2
1481101287513 6 1
1481101288262 0 1
1481101289542 5 1
1481101291165 11 -1
1481101291815 2 -1
1481101292504 0 2
1481101297920 6 -1
1481101299274 1 2
1481101299943 10 1
1481101302200 6 2
1481101303110 0 -2
1481101304897 6 -1
1481101305974 10 -1
1481101306762 1 -2
1481101309778 0 2
1481101316301 6 -1
1481101318670 1 2
1481101319218 10 1
1481101327845 6 2
1481101329649 12 3
1481101331159 6 -2
1481101333121 5 2
1481101333887 7 -1
1481101334726 6 -1
1481101335778 12 -2
1481101338503 5 -1
1481101340067 3 1
1481101340794 5 2
1481101342245 12 -1
1481101343202 6 2
1481101346318 0 -2
1481101348113 8 2
1481101349346 2 2
1481101350494 7 3
1481101352399 11 2
1481101355529 7 -3
1481101357050 8 -1
1481101358460 2 -1
1481101360598 10 -1
1481101368800 7 1
1481101370009 10 1
1481101371168 0 -1
1481101371857 6 -1
1481101372981 7 -1
1481101373819 6 -1
1481101374780 12 3
1481101376247 6 2
1481101376961 0 1
1481101377511 7 1
1481101378529 5 -4
1481101379742 0 -1
1481101380884 3 -1
1481101381520 6 1
1481101382433 0 1
1481101384464 11 -1
1481101385270 8 -1
1481101387629 0 -1
1481101393014 12 -3
1481101400013 6 -2
1481101403513 10 -1
1481101409678 10 1
1481101411640 2 1
1481101412417 7 1
1481101415654 6 2
1481101416522 0 1
1481101417179 12 1
1481101418681 5 1
1481101419608 11 -1
1481101420655 7 -1
1481101421992 2 -2
1481101424834 0 2
1481101425985 12 -1
1481101430801 6 -1
1481101431996 10 -1
1481101433080 1 -2
1481101434428 6 -1
1481101437298 1 1
1481101438932 6 2
1481101439750 12 1
1481101440779 5 2
1481101441609 7 -1
1481101442833 5 -1
1481101445991 5 1
1481101447128 7 1
1481101447933 5 -2
1481101448677 12 -1
1481101450259 0 -2
1481101452040 6 -1
1481101453114 1 -1
1481101455173 10 -1
1481101455903 9 -1
1481101456831 4 2
1481101464063 8 2
1481101465983 8 -2
1481101469346 1 1
1481101470144 6 1
1481101471896 12 1
1481101472593 5 2
1481101478145 0 -1
1481101479489 0 1
1481101480383 5 -2
1481101480962 12 -1
1481101481824 6 -1
1481101482657 1 -1
1481101485720 4 -2
1481101488144 4 2
1481101495992 1 1
1481101496495 6 1
1481101497014 12 1
1481101497690 5 2
1481101498500 7 -1
1481101499157 0 -1
1481101506286 13 1
1481101507436 8 1
1481101509532 4 -1
1481101510114 1 1
1481101512102 R
1481101529745 12 1
1481101531597 5 2
1481101532937 7 -1
1481101533800 5 -1
1481101539137 4 -1
1481101539701 9 1
1481101540250 1 1
1481101541218 10 2
1481101547234 0 1
1481101547767 12 1
1481101549674 7 1
1481101550345 5 -1
1481101552104 12 -2
1481101554969 6 -1
1481101555592 10 -1
1481101556524 1 -2
1481101558314 1 2
1481101560077 0 -1
1481101563055 10 1
1481101563718 2 2
1481101564559 11 2
1481101566448 7 2
1481101569379 5 -1
1481101569932 0 -1
1481101575321 6 1
1481101580052 6 -3
1481101586188 12 1
1481101586831 3 1
1481101592234 11 -1
1481101593464 12 -1
1481101594769 6 1
1481101595616 7 -1
1481101596368 8 -2
1481101598308 7 -1
1481101598886 2 -1
1481101599853 10 -1
1481101600888 3 -1
1481101601666 1 -2
1481101609673 1 2
1481101612642 6 2
1481101615450 12 1
1481101616879 0 1
1481101617547 5 3
1481101623734 0 -1
1481101624372 11 -1
1481101625001 7 -1
1481101627146 2 -1
1481101627986 10 -1
1481101629364 9 -1
1481101630122 1 -1
1481101631060 4 2
1481101637392 4 -2
1481101637909 9 1
1481101638362 1 1
1481101638938 10 2
1481101640937 12 2
1481101643738 7 1
1481101645002 0 1
1481101645775 5 -2
1481101647878 12 -3
1481101650351 6 -1
1481101651279 10 -1
1481101652978 1 -2
1481101657149 0 2
1481101658309 6 -1
1481101661242 6 1
1481101662760 0 -2
1481101663490 10 -1
1481101664046 9 -1
1481101664985 4 2
1481101673264 13 2
1481101673874 8 2
1481101675210 8 -2
1481101675818 13 -2
1481101676679 4 -2
1481101677240 9 1
1481101677850 10 1
1481101678601 8 2
1481101680143 2 1
1481101680938 11 2
1481101681693 8 -1
1481101683156 5 -1
1481101684865 11 -1
1481101685590 8 -1
1481101690127 1 2
1481101691343 10 1
1481101691858 6 1
1481101692876 2 1
1481101693827 7 1
1481101694796 7 -1
1481101695971 8 2
1481101696685 11 1
1481101697302 7 2
1481101699116 0 -1
1481101700110 6 -3
1481101700949 12 1
1481101701966 3 1
1481101703590 11 -1
1481101706817 R
1481101710026 4 -1
1481101710958 9 1
1481101711554 1 1
1481101712799 8 -2
1481101715327 10 2
1481101717490 0 2
1481101718249 12 3
1481101719796 6 -2
1481101721663 3 1
1481101722395 5 3
1481101723105 7 -1
1481101724663 6 -1
1481101725487 12 -3
1481101727313 10 -1
1481101727941 3 1
1481101728884 6 2
1481101733578 6 -2
1481101734960 12 1
1481101735846 5 -2
1481101736815 3 -2
1481101737655 10 1
1481101740434 12 2
1481101741990 12 -2
1481101742998 10 -1
1481101747081 1 -2
1481101752057 1 2
1481101752960 10 1
1481101753858 12 2
1481101754927 6 1
1481101756367 7 1
1481101757104 5 -1
1481101758794 6 2
1481101765214 12 -3
1481101767568 10 -1
1481101768622 6 -1
1481101775257 10 1
1481101779037 0 -2
1481101789409 10 -2
1481101790713 9 -1
1481101792082 1 -2
1481101793007 4 2
1481101794527 13 2
1481101795221 13 -2
1481101799591 R
1481101804397 6 -1
1481101805725 1 1
1481101806439 3 2
1481101809872 8 -2
1481101810649 13 1
1481101813984 R
1481101814878 12 1
1481101815514 5 2
1481101823160 4 -1
1481101824389 9 1
1481101824911 1 1
1481101826245 1 -1
1481101827201 8 -2
1481101828340 10 1
1481101829114 0 2
1481101830170 5 -2
1481101831605 12 -1
1481101832536 6 -2
1481101834570 1 1
1481101837143 1 -2
1481101841946 R
1481101849030 4 1
1481101850393 8 -2
1481101853287 12 1
1481101855770 5 1
1481101856754 7 -1
1481101862628 13 2
1481101863177 8 2
1481101865780 7 1
1481101866390 5 -1
1481101867049 12 -1
1481101867902 6 -1
1481101869428 1 -1
1481101873401 13 -1
1481101874149 4 -1
1481101874955 4 1
1481101875577 4 -1
1481101876208 1 2
1481101876785 3 2
1481101878095 3 -2
1481101878757 1 -2
1481101880140 8 -2
1481101880977 13 -1
1481101881732 4 -1
1481101882422 9 1
1481101883266 10 1
1481101891913 0 1
1481101893406 0 -1
1481101894193 10 -1
1481101894905 9 -1
1481101895728 4 2
1481101898863 4 -2
1481101899417 9 1
1481101900048 10 1
1481101900718 0 2
1481101901658 6 -1
1481101909747 6 1
1481101910328 0 -2
1481101912813 10 -1
1481101914330 1 2
1481101915079 6 1
1481101915599 12 1
1481101916311 5 2
1481101917377 0 -1
1481101921346 10 2
1481101926955 12 2
1481101930550 12 -2
1481101933631 10 -2
1481101934220 9 -1
1481101934751 1 -1
1481101935456 4 2
1481101939162 4 -2
1481101939950 9 1
1481101940575 10 1
1481101945042 0 1
1481101946606 5 -2
1481101948090 12 -1
1481101949416 10 -1
1481101950274 9 -1
1481101952062 4 2
1481101952774 6 -1
1481101958449 6 1
1481101959104 12 1
1481101959888 5 2
1481101960722 0 -1
1481101962569 7 -1
1481101966311 0 1
1481101966926 5 -1
1481101967498 7 1
1481101968086 5 -1
1481101972095 5 2
1481101972741 0 -1
1481101973166 7 -1
1481101975832 4 -2
1481101976330 9 1
1481101976793 1 1
1481101977400 10 2
1481101981709 7 1
1481101982785 0 1
1481101983689 5 -2
1481101984780 12 -1
1481101986330 6 -1
1481101987974 10 -1
1481101991313 1 -1
1481101994503 0 1
1481101999396 0 -1
1481102000160 2 1
1481102000823 11 1
1481102001730 5 -1
1481102003638 0 -1
1481102004814 6 -1
1481102009946 1 1
1481102010443 10 1
1481102010869 2 1
1481102012041 7 1
1481102014121 7 -1
1481102015687 2 -1
1481102017597 3 1
1481102019256 10 -1
1481102019786 3 1
1481102020649 6 1
1481102021750 0 1
1481102022442 5 1
1481102024018 11 -1
1481102024704 2 -1
1481102025970 10 -1
1481102028793 9 -1
1481102029441 4 1
1481102035333 4 -1
1481102036763 9 1
1481102039226 3 -2
1481102040314 6 1
1481102040893 10 2
1481102042573 0 2
1481102045816 0 -2
1481102046568 10 -2
1481102047413 9 -1
1481102047938 1 -1
1481102048583 4 2
1481102050509 4 -2
1481102051001 9 1
1481102051666 9 -1
1481102053089 6 -1
1481102054633 1 -1
1481102055264 9 1
1481102056000 10 1
1481102058029 0 2
1481102064198 0 -1
1481102067537 0 -1
1481102073080 1 2
1481102073705 6 1
1481102074241 12 1
1481102075443 5 2
1481102076033 0 -1
1481102077956 10 -1
1481102078622 9 -1
1481102079563 1 -1
1481102080342 4 2
1481102082728 7 -1
1481102087251 4 -2
1481102087880 9 1
1481102088794 10 1
1481102089759 1 1
1481102090308 10 1
1481102091322 12 2
1481102092616 6 -3
1481102097045 6 2
1481102097886 0 3
1481102098704 6 -2
1481102099566 12 -2
1481102100579 10 -1
1481102101373 1 -2
1481102103065 5 -1
1481102104944 1 2
1481102107564 10 1
1481102108048 12 2
1481102108729 6 3
1481102109743 0 -2
1481102111381 12 -2
1481102112658 10 -2
1481102116087 10 2
1481102119346 2 2
1481102121529 2 -1
1481102122130 7 1
1481102122688 11 1
1481102123745 5 -2
1481102126852 12 2
1481102128720 6 -1
1481102130410 3 1
1481102131083 0 -1
1481102132526 6 -1
1481102133325 3 -1
1481102136576 6 2
1481102137490 12 -3
1481102141002 6 -2
1481102143381 10 -1
1481102146932 10 1
1481102147665 6 2
1481102150865 6 -2
1481102153530 2 1
1481102158978 2 -1
1481102160918 10 -1
1481102162393 3 2
1481102163447 6 1
1481102164102 3 -2
1481102167113 10 1
1481102168000 6 1
1481102170212 12 3
1481102174540 6 -1
1481102175213 0 1
1481102176358 5 3
1481102181749 0 -1
1481102182704 7 -1
1481102183894 11 -1
1481102184826 2 -1
1481102187306 6 -2
1481102189208 12 -2
1481102190180 10 -2
1481102191119 9 -3
1481102192000 1 -2
1481102193026 10 1
1481102194334 4 2
1481102195905 8 4
1481102198813 2 1
1481102199655 11 2
1481102203754 13 1
1481102204610 11 1
1481102205672 6 -1
1481102206415 0 1
1481102208522 5 -1
1481102209274 9 -1
1481102212797 8 -1
1481102213545 1 1
1481102214786 1 -1
1481102217838 13 1
1481102225578 1 1
1481102226512 9 1
1481102227024 3 1
1481102227634 5 2
1481102228876 0 -1
1481102231182 6 1
1481102231866 11 -3
1481102233074 2 -1
1481102234524 12 -1
1481102235368 6 1
1481102238623 10 -1
1481102239480 8 -1
1481102240283 9 2
1481102241052 6 1
1481102245522 6 -2
1481102246216 12 1
1481102247325 5 -1
1481102248168 3 -1
1481102249781 1 -1
1481102251386 9 -1
1481102253100 8 2
1481102253939 9 -1
1481102255313 9 1
1481102256361 9 -1
1481102256945 10 1
1481102258878 2 1
1481102259458 11 3
1481102260582 6 -1
1481102264811 6 1
1481102265540 11 -3
1481102268546 2 -1
1481102270383 10 -1
1481102271011 9 1
1481102275638 13 -1
1481102276406 4 -1
1481102277152 8 -1
1481102277961 1 1
1481102279130 4 1
1481102279618 13 1
1481102280656 3 1
1481102281247 5 1
1481102282119 9 -1
1481102287105 10 1
1481102290250 12 -1
1481102291385 6 1
1481102296649 7 1
1481102298721 2 1
1481102299719 11 3
1481102301262 11 -3
1481102301960 2 -1
1481102303063 2 1
1481102303732 11 3
1481102304387 7 -1
1481102305115 6 -2
1481102312637 12 1
1481102313415 5 -1
1481102314113 3 -1
1481102317143 3 1
1481102318301 0 1
1481102319642 5 -1
1481102320378 9 -1
1481102321003 3 -1
1481102322615 1 -1
1481102329061 8 -2
1481102330074 8 2
1481102331084 1 1
1481102333358 1 -1
1481102334254 8 1
1481102336649 8 -3
1481102340065 8 1
1481102340953 8 1
1481102341654 1 1
1481102342352 3 1
1481102343059 9 1
1481102343762 5 2
1481102346857 0 -1
1481102347515 12 -1
1481102351878 6 1
1481102354115 11 -3
1481102354842 2 -1
1481102355638 10 -1
1481102356764 8 -1
1481102357750 9 2
1481102360442 6 2
1481102363969 6 -1
1481102365250 9 -2
1481102367881 10 1
1481102368829 8 1
1481102369785 13 -2
1481102374271 2 1
1481102377105 2 -1
1481102379922 8 -1
1481102380465 10 -1
1481102381482 9 2
1481102382230 6 1
1481102382916 0 1
1481102384774 0 -1
1481102386000 6 -2
1481102386573 12 1
1481102387243 5 -1
1481102388231 9 -2
1481102392424 10 1
1481102392959 8 1
1481102397254 3 -1
1481102398196 13 2
1481102399585 2 1
1481102400472 1 -1
1481102401068 8 1
1481102404081 11 3
1481102405064 6 -1
1481102407457 0 1
1481102408077 5 -1
1481102408826 9 -1
1481102410217 9 1
1481102414181 R
1481102428873 4 1
1481102429915 4 -2
1481102430870 9 1
1481102431414 1 1
1481102432408 10 2
1481102434951 12 2
1481102436431 5 2
1481102437429 7 -1
1481102439309 8 -2
1481102440953 12 1
1481102443224 6 -1
1481102443817 3 1
1481102444518 5 1
1481102446676 0 -1
1481102447386 6 -2
1481102448134 12 -3
1481102449579 10 -2
1481102450457 9 -3
1481102452152 10 2
1481102461925 6 1
1481102464220 6 -1
1481102466151 12 3
1481102466914 4 1
1481102468781 6 1
1481102470221 13 1
1481102470778 8 1
1481102471309 2 1
1481102473085 11 1
1481102474084 7 1
1481102475881 8 -1
1481102476453 13 -1
1481102478025 5 -1
1481102478757 3 -1
1481102480314 3 1
1481102483620 4 -1
1481102492324 5 1
1481102495057 7 -1
1481102495744 6 -1
1481102497041 12 -3
1481102498331 2 1
1481102498876 6 1
1481102499572 7 2
1481102501825 7 -2
1481102502572 6 -1
1481102503075 2 -1
1481102504814 12 2
1481102505407 12 1
1481102507804 12 -2
1481102510107 5 -1
1481102511663 12 1
1481102513647 12 1
1481102517518 R
1481102520787 6 -1
1481102521470 1 -1
1481102522826 1 1
1481102523426 6 1
1481102524917 12 1
1481102539474 12 -1
1481102545355 4 -1
1481102545858 9 1
1481102546338 1 1
1481102548029 6 -1
1481102548841 3 2
1481102551576 8 -2
1481102553383 9 -1
1481102554110 4 1
1481102554836 13 1
1481102555605 8 2
1481102557851 R
1481102559726 8 -2
1481102561130 4 1
1481102564567 6 -1
1481102566463 3 1
1481102570750 4 -2
1481102571228 9 1
1481102571725 1 1
1481102572408 10 2
1481102573351 0 2
1481102574984 6 -1
1481102577769 6 1
1481102580410 10 -1
1481102581089 3 1
1481102588123 3 -2
1481102588878 10 1
1481102589454 6 1
1481102591986 12 3
1481102593514 5 2
1481102600656 0 -3
1481102601468 12 -2
1481102602872 10 -2
1481102604330 9 -1
1481102605392 1 -1
1481102606110 4 2
1481102607045 13 2
1481102608470 8 2
1481102610640 0 1
1481102613033 7 -1
1481102614954 0 -1
1481102616034 8 -2
1481102616633 13 -2
1481102617621 4 -2
1481102618090 9 1
1481102618490 1 1
1481102619104 10 2
1481102622530 12 2
1481102631327 0 1
1481102632482 5 -1
1481102636351 6 -1
1481102638425 6 1
1481102639150 0 2
1481102640529 6 -3
1481102643489 12 -2
1481102644876 10 -1
1481102645821 1 -2
1481102648148 1 2
1481102648720 10 1
1481102651837 5 1
1481102654724 12 2
1481102655625 6 3
1481102656925 0 -3
1481102659012 6 -3
1481102660503 12 -2
1481102661597 10 -2
1481102662530 9 -3
1481102663506 1 -2
1481102666357 10 1
1481102667382 4 2
1481102670799 8 4
1481102673337 2 1
1481102674094 11 2
1481102676761 11 -2
1481102678816 8 -1
1481102679567 1 1
1481102681201 3 1
1481102681843 5 1
1481102682656 12 -1
1481102689921 2 -1
1481102691866 10 -1
1481102692879 9 1
1481102694890 9 -1
1481102695579 10 1
1481102696621 4 -1
1481102697364 1 1
1481102698944 10 1
1481102705625 2 2
1481102707081 11 2
1481102708757 6 1
1481102709678 7 3
1481102712801 6 -1
1481102713738 12 1
1481102715125 5 -1
1481102716105 3 -1
1481102717681 3 1
1481102722437 11 -2
1481102724362 11 1
1481102726305 5 1
1481102727399 12 -1
1481102728081 6 1
1481102729137 7 -1
1481102730175 8 -3
1481102737223 7 -2
1481102739050 6 -1
1481102739586 2 -1
1481102740960 12 3
1481102750365 6 1
1481102751216 7 1
1481102756959 13 1
1481102757732 8 1
1481102758905 11 1
1481102759784 11 1
1481102761282 7 -1
1481102762129 6 -2
1481102764993 12 -3
1481102766435 8 2
1481102768170 6 1
1481102769543 11 -3
1481102770778 2 -1
1481102775162 8 -3
1481102776236 13 -1
1481102781428 10 -2
1481102784058 6 1
1481102784873 10 2
1481102787041 7 1
1481102788492 7 -1
1481102789218 10 -2
1481102789918 9 1
1481102790607 9 1
1481102791202 3 1
1481102791849 6 1
1481102792405 0 1
1481102792897 7 1
1481102794665 3 -1
1481102795405 3 1
1481102797287 4 -1
1481102797847 9 1
1481102798508 10 1
1481102802410 0 2
1481102804315 7 -1
1481102804956 6 -2
1481102805482 12 1
1481102806146 5 -2
1481102807524 3 -2
1481102808185 10 1
1481102809064 5 1
1481102810330 10 -1
1481102810973 1 -2
1481102817129 1 2
1481102817759 10 1
1481102821137 12 2
1481102823743 6 1
1481102824520 6 2
1481102825242 7 1
1481102826258 5 -2
1481102828582 6 -2
1481102829192 3 1
1481102829882 5 3
1481102830857 6 1
1481102831572 7 -1
1481102832405 6 -2
1481102833395 12 -3
1481102834917 10 -1
1481102835681 1 -1
1481102837182 1 1
1481102843344 6 2
1481102844374 0 -2
1481102846590 10 -1
1481102847167 9 -1
1481102847683 1 -1
1481102848406 4 2
1481102852020 8 1
1481102853599 8 -1
1481102854226 7 1
