1479434480967 8 -2
1479434484618 4 -1
1479434486017 1 1
1479434489945 9 1
1479434492971 6 -1
1479434494532 1 -2
1479434497811 10 1
1479434501782 0 2
1479434503362 6 -1
1479434506419 1 2
1479434508291 10 1
1479434514083 6 2
1479434521748 6 -2
1479434526523 10 -1
1479434527768 1 -2
1479434531468 6 1
1479434533125 0 -2
1479434536429 8 2
1479434537891 1 2
1479434539736 10 -1
1479434541988 9 -1
1479434544405 4 1
1479434546503 1 -2
1479434547821 4 1
1479434549528 1 1
1479434552524 6 1
1479434556084 8 -2
1479434561668 12 1
1479434562954 5 2
1479434564852 7 -1
1479434567639 5 -1
1479434576190 4 -2
1479434578265 9 1
1479434580181 10 1
1479434583419 0 2
1479434589328 R
1479434609457 4 1
1479434611490 8 -2
1479434616766 4 -2
1479434617987 9 1
1479434618757 1 1
1479434620078 10 2
1479434621372 0 2
1479434622778 6 -2
1479434625960 10 -1
1479434627270 1 -2
1479434632605 6 1
1479434635197 0 -1
1479434642118 8 2
1479434645268 8 -2
1479434647737 1 2
1479434649712 6 1
1479434651046 1 -1
1479434655867 R
1479434666662 4 1
1479434671655 6 -1
1479434673378 1 -1
1479434676123 4 -2
1479434677263 9 1
1479434678633 10 1
1479434682653 0 1
1479434685569 1 2
1479434691802 10 1
1479434694240 8 -2
1479434696003 10 -1
1479434697511 1 -2
1479434710726 0 1
1479434714539 1 2
1479434718889 10 1
1479434720890 6 -1
1479434722184 10 -1
1479434723551 1 -2
1479434727414 1 2
1479434729478 10 1
1479434749958 6 2
1479434751061 12 3
1479434752290 5 2
1479434754676 7 -1
1479434757251 6 -3
1479434760619 12 -2
1479434767668 12 2
1479434768971 6 3
1479434770483 7 1
1479434777521 0 -2
1479434778484 2 1
1479434779721 8 1
1479434781213 11 2
1479434782855 7 -1
1479434784949 7 1
1479434786465 5 -3
1479434797196 6 -1
1479434799268 R
1479434805729 4 1
1479434807104 13 2
1479434808640 8 -2
1479434811103 6 -1
1479434812404 1 -1
1479434817889 8 2
1479434820955 8 -2
1479434822095 13 -2
1479434826781 1 1
1479434830036 4 -2
1479434830893 9 1
1479434831933 1 1
1479434834755 10 2
1479434836170 0 2
1479434837257 6 -1
1479434838390 10 -1
1479434839781 1 -2
