1481114724176 13 1
1481114726110 4 1
1481114728409 13 -1
1481114730908 8 -2
1481114733265 6 -1
1481114734886 1 -1
1481114740380 8 2
1481114742404 13 2
1481114748475 1 1
1481114750149 6 1
1481114751743 12 1
1481114754919 5 2
1481114757555 7 -1
1481114761668 0 -1
1481114764478 0 1
1481114765683 7 1
1481114767176 5 -2
1481114777877 8 -2
1481114780424 13 -2
1481114784243 12 -1
1481114785799 6 -1
1481114794230 1 -1
1481114809362 13 2
1481114816825 13 -2
1481114820123 4 -2
1481114821750 9 1
1481114823323 10 1
1481114825414 0 2
1481114828669 6 -1
1481114841939 1 2
1481114843533 10 1
1481114846689 3 1
1481114850829 6 1
1481114858768 3 -1
1481114860486 6 1
1481114865999 12 3
1481114867817 5 2
1481114870980 7 -1
1481114873148 6 -3
1481114877878 5 -1
1481114879820 3 1
1481114882334 5 2
1481114886324 6 2
1481114900549 0 -2
1481114902153 5 -2
1481114903804 3 -1
1481114905646 6 1
1481114907969 12 -2
1481114911917 5 1
1481114916576 8 2
1481114918723 2 2
1481114920662 11 2
1481114924132 7 3
1481114926142 5 -3
1481114930822 12 -1
1481114933830 6 -1
1481114936652 3 1
1481114943733 7 -2
1481114948132 8 -1
1481114949946 2 -1
1481114952705 3 -1
1481114954542 6 1
1481114962083 12 3
1481114966553 6 -1
1481114968613 5 3
1481114970351 7 -1
1481114972031 11 -2
1481114973774 2 -1
1481114975619 8 -1
1481114977722 0 2
1481114981117 6 -2
1481114982883 5 -1
1481114988756 12 -2
1481114992133 10 -1
1481114993426 1 -2
1481115000694 5 1
1481115007136 1 2
1481115008657 10 1
1481115012130 5 -1
1481115018243 12 2
1481115019677 6 3
1481115021495 12 -2
1481115024482 5 1
1481115029270 10 -1
1481115030621 1 -1
1481115033084 5 -1
1481115037509 7 1
1481115038947 5 -1
1481115040656 12 -1
1481115043155 6 -2
1481115044925 1 -1
1481115050978 6 1
1481115058618 0 -2
1481115063307 8 2
1481115067781 10 -1
1481115069421 9 -1
1481115071182 4 2
1481115072847 8 -2
1481115080975 4 -2
1481115082442 9 1
1481115085085 10 1
1481115087604 0 2
1481115089594 6 -1
1481115099266 1 2
1481115100652 10 1
1481115104382 6 2
1481115106518 12 3
1481115109714 5 2
1481115111221 7 -1
1481115113204 6 -3
1481115117769 5 -1
1481115119678 3 1
1481115122064 5 2
1481115125320 6 2
1481115127015 7 1
1481115129543 5 -3
1481115131030 3 -1
1481115132511 6 1
1481115134733 12 -3
1481115138696 6 -2
1481115140292 10 -1
1481115141790 1 -2
1481115146710 6 1
1481115153845 0 -1
1481115155559 8 2
1481115165721 8 -2
1481115167316 0 1
1481115174658 1 2
1481115176397 10 1
1481115178437 6 1
1481115187971 12 2
1481115192394 12 -2
1481115195654 10 -1
1481115197036 1 -1
1481115201587 6 -2
1481115203222 1 -1
1481115212541 1 2
1481115214276 10 1
1481115216111 3 1
1481115218122 6 1
1481115224402 3 -1
1481115225919 6 1
1481115227696 12 3
1481115230726 5 2
1481115232280 7 -1
1481115233829 6 -3
1481115237639 3 1
1481115239073 5 1
1481115242757 6 2
1481115244329 7 1
1481115246389 5 -3
1481115247876 3 -1
1481115249703 6 -1
1481115252802 6 2
1481115256076 5 2
1481115257502 7 -1
1481115259156 6 -3
1481115261086 3 1
1481115264506 12 -2
1481115268554 5 1
1481115270325 12 -1
1481115271879 6 2
1481115278039 10 -1
1481115279451 1 -1
1481115283127 6 -2
1481115286900 12 1
1481115288203 5 -2
1481115289794 3 -1
1481115293336 5 1
1481115294864 1 -1
1481115299013 5 -1
1481115303204 5 1
1481115307301 5 -1
1481115311855 1 2
1481115313356 10 1
1481115321293 12 2
1481115328345 6 2
1481115342440 6 1
1481115344922 12 -2
1481115346543 7 1
1481115347957 5 -1
1481115349623 12 -1
1481115353725 10 -1
1481115355104 1 -1
1481115358336 6 -1
1481115359742 1 -1
1481115366565 6 -1
1481115372658 6 1
1481115373965 1 2
1481115375362 10 1
1481115376725 6 1
1481115381661 12 1
1481115383097 5 2
1481115386913 12 2
1481115388442 6 -2
1481115390626 7 -1
1481115392175 6 -1
1481115396077 5 -1
1481115400146 3 1
1481115402757 6 2
1481115404320 5 2
1481115406051 7 1
1481115407711 5 -3
1481115409274 3 -1
1481115410902 6 -1
1481115416243 6 2
1481115417701 12 -3
1481115420053 10 -1
1481115421895 6 -2
1481115423249 1 -2
1481115428168 6 1
1481115435338 6 -1
1481115438642 1 2
1481115446026 6 1
1481115448289 0 -2
1481115449675 10 -1
1481115450936 9 -1
1481115452549 1 -2
1481115454296 4 2
1481115464452 8 2
1481115469886 13 2
1481115473454 13 -2
1481115476311 4 -2
1481115477725 1 1
1481115479707 6 1
1481115484212 12 1
1481115487912 12 -1
1481115490748 6 -1
1481115492254 9 1
1481115493622 10 1
1481115494951 0 1
1481115497354 6 1
1481115498678 12 1
1481115500273 5 1
1481115502367 7 -1
1481115505038 5 1
1481115508435 8 -2
1481115509957 0 1
1481115512833 7 1
1481115514381 5 -2
1481115515922 12 -1
1481115517943 6 -2
1481115519292 1 -1
1481115522250 6 1
1481115524796 0 -1
1481115527669 0 -1
1481115528915 10 -1
1481115530208 9 -1
1481115531703 4 2
