1482264169174 8 -2
1482264169951 4 -1
1482264170707 1 1
1482264171188 9 1
1482264171886 10 2
1482264173341 0 2
1482264174384 12 3
1482264175912 6 -2
1482264178955 5 2
1482264179575 7 -1
1482264180684 6 -1
1482264181414 12 -2
1482264183587 10 -1
1482264185284 1 -2
1482264188152 5 -1
1482264192369 R
1482264198965 6 -1
1482264200229 1 -1
1482264201368 8 -2
1482264201991 4 -1
1482264202517 9 1
1482264203209 10 1
1482264204067 0 2
1482264211181 6 -1
1482264218070 R
1482264245005 4 1
1482264246263 8 -2
1482264247985 12 1
1482264248749 5 2
1482264249665 0 -1
1482264252135 4 -2
1482264252583 9 1
1482264253063 1 1
1482264253529 10 2
1482264255367 2 2
1482264256043 8 2
1482264257961 11 2
1482264258691 7 2
1482264259737 0 1
1482264260870 5 -3
1482264261397 12 -1
1482264262140 0 -1
1482264264414 6 -3
1482264266058 6 1
1482264266827 7 -2
1482264267456 2 -1
1482264268062 8 -1
1482264269658 10 -1
1482264276506 U
1482264276946 U
1482264277552 U
1482264278038 U
1482264278534 U
1482264279014 U
1482264279486 U
1482264281890 5 1
1482264282890 11 -2
1482264283652 7 -2
1482264284476 2 -2
1482264285168 8 -2
1482264287661 10 -2
1482264289809 9 -1
1482264290254 1 -1
1482264290828 4 2
1482264293968 6 -1
1482264294643 1 -1
1482264297670 R
1482264301656 12 1
1482264302369 5 2
1482264302865 7 -1
1482264304295 8 -2
1482264305875 0 -1
1482264307809 4 -1
1482264308204 9 1
1482264308651 1 1
1482264309260 10 2
1482264310162 12 2
1482264312186 0 3
1482264314012 6 -3
1482264314978 12 -2
1482264316182 10 -1
1482264317644 1 -2
1482264327209 1 2
1482264333313 10 1
1482264333877 12 2
1482264334732 6 3
1482264337039 0 -3
1482264338257 6 -3
1482264339113 12 -2
1482264340143 10 -2
1482264340961 9 -3
1482264342619 1 -2
1482264343327 10 1
1482264344089 4 2
1482264346431 8 4
1482264350512 2 1
1482264351175 11 2
1482264352111 13 2
1482264352887 11 1
1482264353937 6 -1
1482264354952 0 1
1482264355706 5 -1
1482264356306 9 -1
1482264359361 8 -3
1482264361130 13 -1
1482264362412 4 -1
1482264362868 1 2
1482264363677 10 1
1482264366122 12 2
1482264370538 9 1
1482264370970 3 1
1482264371949 5 2
1482264372842 0 -1
1482264375908 12 -3
1482264377290 8 2
1482264378502 6 2
1482264379180 11 -3
1482264380507 2 -1
1482264384931 6 -1
1482264385784 13 -1
1482264387493 8 -3
1482264397069 8 3
1482264397705 2 2
1482264398774 11 2
1482264399261 13 1
1482264399632 11 1
1482264400213 6 -1
1482264400763 0 1
1482264405676 2 -1
1482264408428 12 2
1482264409717 5 -2
1482264410464 9 -1
1482264410982 3 -1
1482264411626 12 -1
1482264413080 2 1
1482264422797 3 1
1482264423261 9 1
1482264423825 5 2
1482264424667 0 -1
1482264425109 12 -1
1482264426076 6 2
1482264426930 11 -3
1482264430376 11 3
1482264431489 6 -2
1482264436658 6 2
1482264437266 11 -3
1482264438809 2 -2
1482264440839 2 2
1482264442267 7 3
1482264444743 11 3
1482264445691 6 -2
1482264446763 0 1
1482264447472 12 1
1482264448547 5 -4
1482264449602 12 -1
1482264450104 9 -1
1482264450761 3 -1
1482264451280 0 -1
1482264451851 6 4
1482264453853 11 -2
1482264454521 7 -2
1482264455993 0 1
1482264456502 5 1
1482264456928 11 -1
1482264458010 2 -2
1482264458686 13 -1
1482264459320 0 4
