1482795974457 4 1
1482795974457 4 1
1482795974457 4 1
1482795976008 8 -2
1482795976008 8 -2
1482795976008 8 -2
1482795983316 6 -1
1482795983316 6 -1
1482795983316 6 -1
1482795984617 1 -1
1482795984617 1 -1
1482795984617 1 -1
1482795993213 R
1482795993213 R
1482795993213 R
1482796002476 12 1
1482796002476 12 1
1482796002476 12 1
1482796003417 5 2
1482796003417 5 2
1482796003417 5 2
1482796008586 8 -2
1482796008586 8 -2
1482796008586 8 -2
1482796010669 4 1
1482796010669 4 1
1482796010669 4 1
1482796014107 5 -2
1482796014107 5 -2
1482796014107 5 -2
1482796015919 12 -1
1482796015919 12 -1
1482796015919 12 -1
1482796017586 6 -1
1482796017586 6 -1
1482796017586 6 -1
1482796019396 1 -1
1482796019396 1 -1
1482796019396 1 -1
1482796020313 1 1
1482796020313 1 1
1482796020313 1 1
1482796021198 3 1
1482796021198 3 1
1482796021198 3 1
1482796025667 R
1482796025667 R
1482796025667 R
1482796035896 1 1
1482796035896 1 1
1482796035896 1 1
1482796039886 6 -1
1482796039886 6 -1
1482796039886 6 -1
1482796040790 3 2
1482796040790 3 2
1482796040790 3 2
1482796043750 8 -2
1482796043750 8 -2
1482796043750 8 -2
1482796044835 4 -1
1482796044835 4 -1
1482796044835 4 -1
1482796045699 9 1
1482796045699 9 1
1482796045699 9 1
1482796046641 10 1
1482796046641 10 1
1482796046641 10 1
1482796050111 0 1
1482796050111 0 1
1482796050111 0 1
1482796052833 8 2
1482796052833 8 2
1482796052833 8 2
1482796054566 3 -2
1482796054566 3 -2
1482796054566 3 -2
1482796055397 1 -2
1482796055397 1 -2
1482796055397 1 -2
1482796058161 1 2
1482796058161 1 2
1482796058161 1 2
1482796058950 6 1
1482796058950 6 1
1482796058950 6 1
1482796059619 10 1
1482796059619 10 1
1482796059619 10 1
1482796062685 12 2
1482796062685 12 2
1482796062685 12 2
1482796066085 12 -2
1482796066085 12 -2
1482796066085 12 -2
1482796067479 10 -1
1482796067479 10 -1
1482796067479 10 -1
1482796068523 6 -1
1482796068523 6 -1
1482796068523 6 -1
1482796069537 1 -2
1482796069537 1 -2
1482796069537 1 -2
1482796070618 1 2
1482796070618 1 2
1482796070618 1 2
1482796071393 10 1
1482796071393 10 1
1482796071393 10 1
1482796073254 6 1
1482796073254 6 1
1482796073254 6 1
1482796076587 8 -2
1482796076587 8 -2
1482796076587 8 -2
1482796078904 0 1
1482796078904 0 1
1482796078904 0 1
1482796082151 10 -1
1482796082151 10 -1
1482796082151 10 -1
1482796082965 6 -2
1482796082965 6 -2
1482796082965 6 -2
1482796083740 1 -2
1482796083740 1 -2
1482796083740 1 -2
1482796089221 U
1482796089221 U
1482796089221 U
1482796092918 6 1
1482796092918 6 1
1482796092918 6 1
1482796096886 6 -1
1482796096886 6 -1
1482796096886 6 -1
1482796102679 1 -2
1482796102679 1 -2
1482796102679 1 -2
1482796105555 6 1
1482796105555 6 1
1482796105555 6 1
1482796109680 0 -2
1482796109680 0 -2
1482796109680 0 -2
1482796113010 10 -1
1482796113010 10 -1
1482796113010 10 -1
1482796113803 10 1
1482796113803 10 1
1482796113803 10 1
1482796116384 10 -1
1482796116384 10 -1
1482796116384 10 -1
1482796119941 1 2
1482796119941 1 2
1482796119941 1 2
1482796120864 10 2
1482796120864 10 2
1482796120864 10 2
1482796121654 6 1
1482796121654 6 1
1482796121654 6 1
1482796123752 12 3
1482796123752 12 3
1482796123752 12 3
1482796125142 0 2
1482796125142 0 2
1482796125142 0 2
1482796126924 5 2
1482796126924 5 2
1482796126924 5 2
1482796130485 12 -2
1482796130485 12 -2
1482796130485 12 -2
1482796131767 10 -1
1482796131767 10 -1
1482796131767 10 -1
1482796133015 10 1
1482796133015 10 1
1482796133015 10 1
1482796133877 10 -1
1482796133877 10 -1
1482796133877 10 -1
1482796139508 7 -1
1482796139508 7 -1
1482796139508 7 -1
1482796142073 R
1482796142073 R
1482796142073 R
1482796147561 4 1
1482796147561 4 1
1482796147561 4 1
1482796149676 4 -2
1482796149676 4 -2
1482796149676 4 -2
1482796150844 9 1
1482796150844 9 1
1482796150844 9 1
1482796151484 1 1
1482796151484 1 1
1482796151484 1 1
1482796152419 10 2
1482796152419 10 2
1482796152419 10 2
1482796155738 8 -2
1482796155738 8 -2
1482796155738 8 -2
1482796159549 10 -2
1482796159549 10 -2
1482796159549 10 -2
1482796160433 9 -1
1482796160433 9 -1
1482796160433 9 -1
1482796160923 1 -1
1482796160923 1 -1
1482796160923 1 -1
1482796161680 4 2
1482796161680 4 2
1482796161680 4 2
1482796164119 4 -2
1482796164119 4 -2
1482796164119 4 -2
1482796164931 9 1
1482796164931 9 1
1482796164931 9 1
1482796165417 1 1
1482796165417 1 1
1482796165417 1 1
1482796166160 10 2
1482796166160 10 2
1482796166160 10 2
1482796171931 0 2
1482796171931 0 2
1482796171931 0 2
1482796172874 6 -2
1482796172874 6 -2
1482796172874 6 -2
1482796173707 10 -1
1482796173707 10 -1
1482796173707 10 -1
1482796174719 1 -2
1482796174719 1 -2
1482796174719 1 -2
1482796187877 6 1
1482796187877 6 1
1482796187877 6 1
1482796193531 1 2
1482796193531 1 2
1482796193531 1 2
1482796194675 10 1
1482796194675 10 1
1482796194675 10 1
1482796195457 6 1
1482796195457 6 1
1482796195457 6 1
1482796197538 12 3
1482796197538 12 3
1482796197538 12 3
1482796199977 5 2
1482796199977 5 2
1482796199977 5 2
1482796201638 7 -1
1482796201638 7 -1
1482796201638 7 -1
1482796203184 6 -3
1482796203184 6 -3
1482796203184 6 -3
1482796207916 12 -2
1482796207916 12 -2
1482796207916 12 -2
1482796209491 10 -1
1482796209491 10 -1
1482796209491 10 -1
1482796210526 1 -2
1482796210526 1 -2
1482796210526 1 -2
1482796211733 1 2
1482796211733 1 2
1482796211733 1 2
1482796213196 1 -2
1482796213196 1 -2
1482796213196 1 -2
