1480522018784 4 1
1480522022491 8 -2
1480522030670 8 2
1480522032762 8 -2
1480522038111 4 -2
1480522040594 4 1
1480522042526 4 1
1480522044710 6 -1
1480522046564 1 -1
1480522057650 4 -2
1480522058350 9 1
1480522059584 10 1
1480522060448 0 2
1480522062780 6 -1
1480522066039 1 2
1480522066512 10 1
1480522068224 6 2
1480522070286 12 2
1480522074723 12 1
1480522084011 0 -2
1480522084825 12 -1
1480522086531 12 -2
1480522091198 2 2
1480522091935 2 -2
1480522092591 8 2
1480522098100 10 -2
1480522100896 6 -1
1480522103148 10 2
1480522105610 8 -2
1480522107035 0 2
1480522108695 6 -1
1480522114143 10 -1
1480522114972 10 1
1480522115533 10 -1
1480522116188 1 -2
1480522125231 6 1
1480522125838 6 -1
1480522135706 1 2
1480522136209 10 1
1480522141534 10 -1
1480522142480 1 -2
1480522157646 6 1
1480522162954 0 -1
1480522163685 0 -1
1480522165321 10 -1
1480522166070 9 -1
1480522166856 4 2
1480522177808 4 -1
1480522178618 4 1
1480522180077 4 -2
1480522180766 9 1
1480522181563 10 1
1480522182459 0 2
1480522199307 6 -1
1480522202638 1 2
1480522203151 10 1
1480522205311 10 -1
1480522206235 1 -2
1480522222263 6 1
1480522225794 6 -1
1480522228532 1 2
1480522229093 3 2
1480522234438 6 1
1480522239208 3 -2
1480522239846 6 1
1480522240563 10 1
1480522243460 0 -1
1480522244368 0 -1
1480522250023 10 -2
1480522250645 6 -1
1480522252227 1 -2
1480522256997 9 -1
1480522257519 4 2
1480522267158 1 1
1480522270131 1 -1
1480522277958 R
1480522286900 12 1
1480522288706 12 -1
1480522290215 6 -1
1480522291091 1 -1
1480522292902 4 1
1480522295285 8 -1
1480522300344 8 -1
1480522304232 1 1
1480522305048 6 1
1480522308952 6 -1
1480522312184 3 1
1480522313116 3 -1
1480522313832 3 1
1480522314570 3 -1
1480522316174 1 -1
1480522329594 13 1
1480522330155 13 1
1480522337112 R
1480522342347 R
1480522346397 4 1
1480522348065 8 -2
1480522353299 12 1
1480522354153 12 -1
1480522354825 6 -1
1480522355833 1 -1
