1480091915555 4 1
1480091919934 8 -2
1480091921099 4 -2
1480091921970 9 1
1480091923307 10 1
1480091924216 0 2
1480091925355 6 -2
1480091928535 1 -1
1480091932607 1 1
1480091933648 1 1
1480091935527 6 2
1480091936508 12 1
1480091937968 5 2
1480091939028 7 -1
1480091940952 5 -1
1480091943391 10 1
1480091944629 12 2
1480091945304 0 -2
1480091958242 12 -2
1480091960019 10 -2
1480091962758 R
1480091966953 8 -2
1480091968330 4 1
1480091969616 4 -2
1480091972647 9 1
1480091973335 1 1
1480091974685 10 2
1480091975912 0 2
1480091979421 10 -1
1480091980341 6 -2
1480091981862 1 -2
1480091984011 6 1
1480091987398 1 2
1480091988466 6 1
1480091989053 10 1
1480091993654 0 -2
1480091995593 8 2
1480091996489 2 2
1480091997948 8 -2
1480091998957 2 -2
1480092000011 10 -2
1480092000894 9 -1
1480092001901 1 -1
1480092002711 4 2
1480092007580 13 2
1480092008561 8 2
1480092010746 13 -2
1480092011408 8 -2
1480092012353 4 -2
1480092013311 9 1
1480092014304 10 1
1480092015164 2 1
1480092016022 11 1
1480092017901 6 -1
1480092020381 1 -1
1480092021729 5 -1
1480092024821 0 -1
1480092025999 6 -1
1480092028908 R
1480092030821 6 -1
1480092032037 6 1
1480092036539 4 -1
1480092037534 9 1
1480092038491 10 1
1480092039438 2 1
1480092040380 11 2
1480092041361 5 -1
1480092042453 0 -1
1480092045681 6 -2
1480092048699 1 -1
1480092050835 1 2
1480092051745 6 2
1480092053915 11 -1
1480092055277 8 -2
1480092056405 10 1
1480092058087 2 1
1480092061377 0 1
1480092061922 12 1
1480092062946 5 3
1480092064421 7 -1
1480092065204 11 -1
1480092066198 2 -2
1480092068086 0 2
1480092070909 10 -1
1480092072492 10 1
1480092073584 12 2
1480092074692 5 -1
1480092075842 6 -3
1480092076910 12 -2
1480092080222 10 -1
1480092081646 1 -2
1480092083806 1 2
1480092088774 10 1
1480092089952 12 2
1480092090971 6 2
1480092092050 0 -2
1480092093535 0 1
1480092102788 R
1480092111808 8 -2
1480092113268 4 1
1480092119328 12 1
1480092120347 5 2
1480092122016 0 -1
1480092124335 8 2
1480092125316 13 2
1480092127721 8 -2
1480092128776 13 -2
1480092129881 4 -2
1480092130680 9 1
1480092131317 1 1
1480092133869 10 2
1480092134947 12 2
1480092136021 0 3
1480092137451 6 -2
1480092142936 7 -1
1480092144481 5 -1
1480092147046 6 2
1480092148334 0 -1
1480092149598 12 -2
1480092150434 12 1
1480092151169 12 -1
1480092152383 10 -1
1480092153475 1 -1
1480092155467 8 2
1480092157392 7 1
1480092158518 5 -1
1480092159500 12 -1
1480092160554 6 -1
1480092161807 1 -1
1480092170767 R
1480092179897 4 -1
1480092180667 9 1
1480092181554 1 1
1480092182967 10 2
1480092183813 2 2
1480092185028 11 2
1480092185978 5 -1
1480092191827 0 -1
1480092194710 11 -1
1480092195887 2 -1
1480092196895 6 -2
1480092197840 10 -1
1480092199032 1 -2
1480092200747 8 -2
1480092205546 1 2
1480092206295 10 1
1480092208577 6 2
1480092209657 2 1
1480092211142 8 2
1480092212320 7 2
1480092214100 6 -3
1480092217967 3 1
1480092218799 3 -1
1480092219683 6 3
1480092221487 7 -2
1480092222639 2 -1
1480092223265 8 -2
1480092225327 10 -1
1480092226382 1 -1
1480092227401 6 -2
1480092230149 6 2
1480092231132 0 1
1480092231877 5 1
1480092232827 11 -1
1480092233955 2 -1
1480092234923 0 2
1480092236175 6 -2
1480092237341 1 -1
1480092250875 R
1480092263025 6 -1
1480092264766 6 1
1480092268938 1 1
1480092270313 6 -1
1480092271199 3 2
1480092273883 8 -2
1480092275258 4 -1
1480092276449 9 1
1480092277476 10 1
1480092278547 0 2
1480092279860 6 -1
1480092281294 3 -2
1480092282437 10 1
1480092285565 6 2
1480092286832 12 3
1480092288240 6 -2
1480092291729 5 2
1480092292792 7 -1
1480092293761 6 -1
1480092295099 12 -2
1480092296595 10 -1
1480092297284 1 -2
1480092301442 5 -1
1480092307087 R
1480092325481 8 -2
1480092328508 4 -1
1480092329343 9 1
1480092330361 1 1
1480092332962 10 2
1480092336200 0 2
1480092341333 12 3
1480092342951 12 -3
1480092347697 0 -1
1480092350999 0 1
1480092354716 6 -2
1480092356115 10 -1
1480092357121 1 -2
1480092358506 6 1
1480092361292 0 -2
1480092362093 10 -1
1480092362874 9 -1
1480092363625 4 2
1480092367195 1 1
1480092368557 6 1
1480092369723 12 1
1480092372201 13 2
1480092372892 8 2
1480092374836 12 -1
1480092375849 6 -1
1480092376619 1 -1
1480092381882 R
1480092427977 4 1
1480092430325 4 -2
1480092431013 9 1
1480092431761 1 1
1480092433171 10 2
1480092434154 2 2
1480092435146 11 2
1480092435947 5 -1
1480092465550 0 -1
1480092467464 11 -1
1480092472420 2 -1
1480092474972 6 -2
1480092475916 10 -1
1480092477006 1 -2
1480092483722 8 -2
1480092486430 1 2
1480092487484 10 1
1480092488297 6 2
1480092491901 0 1
1480092492883 5 1
1480092493730 11 -1
1480092494650 2 -1
1480092495741 10 -2
1480092497237 9 -1
1480092499924 4 1
1480092501102 8 2
1480092501973 13 1
1480092503335 1 -1
1480092505421 6 -1
1480092506536 1 -1
1480092508658 13 -1
1480092509921 4 1
1480092511209 8 -2
1480092516606 4 -2
1480092517259 9 1
1480092518275 10 1
1480092519000 2 1
1480092520140 11 1
1480092521135 5 -1
1480092522226 0 -1
1480092524694 6 -1
1480092527281 8 2
1480092528202 11 1
1480092534497 R
1480092541845 4 -1
1480092542743 9 1
1480092543747 1 1
1480092545785 10 2
1480092546825 2 2
1480092548345 2 -2
1480092549450 0 1
1480092550382 12 2
1480092551270 5 2
1480092552541 0 -2
1480092554601 8 -2
1480092557630 12 -1
1480092558845 10 -2
1480092560036 9 -1
1480092561520 1 -1
1480092562108 4 2
1480092570179 4 -2
1480092570927 9 1
1480092571515 1 1
1480092572496 10 2
1480092573588 12 2
1480092581698 6 -2
1480092583768 6 2
1480092585990 7 -1
1480092587313 6 -3
1480092588858 12 -2
1480092591067 10 -2
1480092592000 9 -3
1480092592887 1 -2
1480092596992 10 1
1480092598084 4 2
1480092598931 8 4
1480092601949 10 -1
1480092602796 9 1
1480092605003 8 -4
1480092605894 9 1
1480092607641 1 1
1480092610218 9 -2
1480092611211 10 1
1480092613322 1 -1
1480092615641 2 1
1480092616892 11 1
1480092617677 8 3
1480092618844 8 1
1480092620242 11 1
1480092621028 13 2
1480092621656 11 1
1480092623000 6 -1
1480092624024 0 1
1480092626021 5 -1
1480092626795 9 -1
1480092628401 8 -3
1480092630069 13 -1
1480092631395 4 -1
1480092632438 1 2
1480092633395 10 1
1480092634156 2 1
1480092661475 2 -1
1480092662433 12 2
1480092663748 9 1
1480092665169 5 1
1480092666176 0 -1
1480092667709 6 2
1480092668715 11 -3
1480092670064 2 -1
1480092670856 8 -1
1480092671708 13 -1
1480092672507 4 -1
1480092674690 6 -1
1480092675488 12 -2
1480092676776 10 -2
1480092678126 9 3
1480092679076 10 2
1480092683316 12 2
1480092684309 6 3
1480092685439 0 3
1480092686493 6 -3
1480092687488 12 -2
1480092688384 10 -1
1480092689403 1 -2
1480092690371 5 -1
1480092693380 1 2
1480092694387 10 1
1480092698285 12 2
1480092702384 6 3
1480092703454 7 1
1480092704277 5 -1
1480092705392 6 -2
1480092707047 6 2
1480092708028 12 -3
1480092711243 0 -1
1480092712408 8 2
1480092713465 10 -1
1480092714684 6 -1
1480092715478 1 -2
1480092718532 8 -2
1480092719562 0 1
1480092720593 6 -1
1480092741926 R
1480092761987 4 1
1480092765804 8 -2
1480092767252 4 -2
1480092768455 9 1
1480092770210 1 1
1480092771670 10 2
1480092778209 10 -2
1480092779435 10 2
1480092780565 0 2
1480092781730 6 -2
1480092783951 10 -1
1480092784957 6 2
1480092785546 10 1
1480092786810 0 -2
1480092792123 12 2
1480092793853 5 2
1480092795288 0 -1
1480092796687 12 -1
1480092797902 10 -2
1480092798693 9 -1
1480092800921 1 -1
1480092802100 4 2
1480092803227 0 1
1480092804429 5 -2
1480092805485 12 -1
1480092808012 6 -1
1480092809595 1 -1
1480092810687 4 -2
1480092811523 9 1
1480092812478 10 1
1480092813558 0 2
1480092821998 1 2
1480092823705 6 -1
1480092824909 10 1
1480092827693 10 -1
1480092828625 1 -2
1480092839659 R
1480092859698 8 -2
1480092862192 4 1
1480092864091 4 -2
1480092864792 9 1
1480092865563 1 1
1480092866558 10 2
1480092869477 0 2
1480092872324 12 3
1480092877232 5 2
1480092878227 7 -1
1480092879441 6 -3
1480092880668 12 -2
1480092884078 5 -1
1480092886089 10 -1
1480092887294 1 -2
1480092894519 1 2
1480092895905 10 1
1480092901917 12 2
1480092904016 6 2
1480092905045 6 1
1480092911830 12 -2
1480092913891 0 -2
1480092917093 10 -2
1480092918810 9 -1
1480092919623 1 -1
1480092920204 4 2
1480092926945 4 -2
1480092927914 9 1
1480092928811 1 1
1480092932624 10 2
1480092933867 0 2
1480092935274 12 2
1480092936355 7 1
1480092937556 5 -1
1480092938810 12 -3
1480092942257 0 -2
1480092943999 10 -2
1480092949345 10 2
1480092950155 2 2
1480092951137 11 1
1480092952167 5 -1
1480092953125 0 -1
1480092954413 2 -1
1480092955224 10 -1
1480092956303 6 -2
1480092958880 1 -2
1480092963308 1 2
1480092964461 10 1
1480092965996 6 2
1480092969835 0 1
1480092970867 5 1
1480092971848 11 -1
1480092972856 2 -1
1480092983184 12 1
1480092984080 5 2
1480092984964 0 -1
1480092988525 12 2
1480092993249 12 -2
1480092995018 7 -1
1480092996919 12 2
1480092998159 6 -3
1480092999276 12 -2
1480093000417 10 -2
1480093001559 9 -3
1480093002860 1 -2
1480093004518 4 2
1480093008335 8 4
1480093009320 10 1
1480093010765 13 2
1480093011958 13 -2
1480093016895 13 2
1480093017860 2 1
1480093018844 11 3
1480093019773 6 -1
1480093020807 0 1
1480093022853 0 -1
1480093023675 6 1
1480093024633 11 -3
1480093025712 2 -1
1480093026965 13 -2
1480093028595 8 -4
1480093030535 1 1
1480093032649 4 -2
1480093033933 1 1
1480093034561 4 1
1480093036338 10 1
1480093038143 12 2
1480093039296 6 1
1480093043554 6 -1
1480093047984 12 -2
1480093048893 2 2
1480093049835 8 3
1480093051134 11 2
1480093051810 13 1
1480093052437 11 1
1480093053209 6 -1
1480093055392 0 1
1480093056264 5 -1
1480093057738 2 -1
1480093058913 8 -2
1480093060165 12 2
1480093064154 9 -1
1480093066509 9 1
1480093067565 5 1
1480093068631 0 -1
1480093070768 6 2
1480093071629 11 -3
1480093072549 2 -1
1480093078109 8 -1
1480093079408 13 -1
1480093080747 6 -1
1480093082771 12 -2
1480093093582 10 -2
1480093094968 9 2
1480093096912 9 -2
1480093098514 1 -2
1480093099487 4 1
1480093100404 10 1
1480093102430 8 4
1480093112911 8 -4
1480093114076 4 -2
1480093114948 1 2
1480093115992 10 1
1480093117243 4 1
1480093119772 12 2
1480093121586 6 1
1480093127147 3 1
1480093128117 5 1
1480093130154 6 -1
1480093131004 12 -3
1480093133786 10 -2
1480093134682 9 2
1480093136057 6 2
1480093139505 1 -1
1480093140844 4 -1
1480093141593 1 1
1480093142244 9 1
1480093143021 10 2
1480093145838 0 3
1480093146623 6 -2
1480093147961 10 -1
1480093149396 12 1
1480093150231 5 -2
1480093151507 3 -1
1480093152858 1 -2
1480093154907 1 2
1480093155818 10 1
1480093159472 12 2
1480093160859 6 3
1480093162358 12 -2
1480093163584 5 1
1480093167428 10 -1
1480093169192 1 -1
1480093170947 5 -1
1480093171969 7 1
1480093172618 5 -1
1480093173477 12 -1
1480093174396 6 -2
1480093176433 1 1
1480093177451 10 1
1480093190728 6 2
1480093191772 0 -2
1480093192583 10 -2
1480093193822 9 -1
1480093194754 6 -1
1480093195564 1 -2
1480093196351 4 2
1480093200964 4 -2
1480093201604 9 1
1480093202535 10 1
1480093204007 0 2
1480093205038 6 -1
1480093208121 1 2
1480093209006 10 1
1480093223242 6 2
1480093224370 0 -2
1480093228101 12 2
1480093228986 5 2
1480093229867 0 -1
1480093231073 12 1
1480093233696 12 -2
1480093234471 10 -2
1480093235309 9 -1
1480093235966 1 -1
1480093237366 4 2
1480093241783 0 1
1480093244950 13 2
1480093246067 8 2
1480093248104 5 -2
1480093249109 12 -1
1480093250018 6 -1
1480093254264 1 -1
1480093259358 R
1480093270453 12 1
1480093271446 5 2
1480093272895 0 -1
1480093273827 7 -1
1480093280137 4 -1
1480093281155 9 1
1480093281832 1 1
1480093283438 10 2
1480093284863 12 1
1480093286788 2 1
1480093287946 11 2
1480093290261 11 -2
1480093291428 12 -1
1480093292410 2 1
1480093294262 2 -2
1480093295075 8 -2
1480093298152 12 2
1480093299379 6 -3
1480093300532 12 -2
1480093301808 10 -2
1480093302913 9 -3
1480093304532 1 -2
1480093305625 10 1
1480093309023 10 -1
1480093310361 1 2
1480093311822 10 2
1480093313343 12 2
1480093314303 6 1
1480093315785 7 1
1480093317466 4 1
1480093320926 3 1
1480093321577 5 1
1480093326350 7 -1
1480093328950 2 1
1480093329764 8 1
1480093330583 13 1
1480093331480 11 3
1480093332804 6 -2
1480093334744 12 -3
1480093337528 6 2
1480093340301 11 -3
1480093345383 11 3
1480093347652 6 -2
1480093359692 6 1
1480093361116 11 -3
1480093362049 13 -1
1480093362837 8 -1
1480093363546 2 -1
1480093365770 6 1
1480093367523 6 -1
1480093370394 2 2
1480093371278 11 1
1480093372054 8 3
1480093373045 11 1
1480093374103 13 1
1480093374653 11 1
1480093375648 6 -1
1480093376410 0 1
1480093377108 12 1
1480093378409 5 -2
1480093381856 9 -1
1480093382863 3 -1
1480093385291 2 -1
1480093386187 10 -1
1480093387193 1 -2
1480093388214 4 1
1480093388923 8 1
1480093390408 13 1
1480093392923 8 -3
1480093394229 1 1
1480093397143 8 2
1480093410149 1 -1
1480093419362 13 -1
1480093420404 4 -1
1480093421049 1 2
1480093422416 10 1
1480093424084 12 1
1480093424829 9 1
1480093425351 3 1
1480093426394 5 2
1480093428023 0 -1
1480093428907 6 1
1480093429961 11 -3
1480093430776 2 -1
1480093435238 13 -1
1480093437092 12 -2
1480093443066 8 -3
1480093445644 10 -2
1480093446759 9 2
1480093447753 6 2
1480093449752 0 1
1480093452096 7 1
1480093455518 4 -1
1480093457715 9 1
1480093458721 3 1
1480093460732 10 1
1480093462892 10 -1
1480093463775 3 -1
1480093464661 1 -1
1480093465346 9 -1
1480093466083 4 2
1480093470572 4 -2
1480093471224 9 1
1480093471844 1 1
1480093473222 10 2
1480093474313 0 2
1480093476228 6 -1
1480093476890 7 -1
1480093477846 6 -1
1480093479195 12 3
1480093480201 5 -2
1480093481526 3 -1
1480093482520 12 -2
1480093483345 10 -1
1480093484544 1 -2
1480093490262 1 2
1480093491301 10 1
1480093495975 5 1
1480093498257 12 2
1480093499902 6 3
1480093501214 12 -2
1480093504060 0 -1
1480093505139 10 -1
1480093507003 5 -1
1480093509591 5 1
1480093513369 1 -1
1480093517920 0 1
1480093520654 0 -2
1480093521661 1 1
1480093524323 10 -1
1480093525304 9 -1
1480093526162 1 -1
1480093528432 4 2
1480093532369 4 -2
1480093536713 R
1480093554173 8 -2
1480093555782 4 1
1480093564441 4 -2
1480093565118 9 1
1480093565988 1 1
1480093567008 10 2
1480093569018 0 2
1480093570576 12 3
1480093572146 5 2
1480093573471 7 -1
1480093574880 6 -3
1480093576857 12 -2
1480093579960 5 -1
1480093581706 5 1
1480093582997 12 2
1480093584474 6 2
1480093586780 0 -3
1480093588067 6 -2
1480093588976 2 1
1480093589701 8 1
1480093590842 11 2
1480093593224 12 -2
1480093595848 10 -1
1480093596803 1 -2
1480093598485 11 -2
1480093600349 2 -1
1480093601038 10 -1
1480093601956 9 -3
1480093602893 4 2
1480093603859 8 3
1480093612711 10 1
1480093616477 13 2
1480093617214 2 1
1480093618047 11 3
1480093619802 6 -1
1480093621015 0 1
1480093622033 5 -1
1480093623003 9 -1
1480093628864 8 -3
1480093630238 1 1
1480093635244 1 -1
1480093636703 8 3
1480093643548 9 1
1480093644467 5 1
1480093645669 0 -1
1480093646564 6 1
1480093647511 11 -3
1480093648891 13 -2
1480093650031 2 -1
1480093651705 8 -4
1480093654023 10 -1
1480093657617 9 2
1480093658844 1 1
1480093660548 3 1
1480093661394 5 1
1480093661937 12 -1
1480093663026 6 2
1480093664326 0 1
1480093669761 0 -1
1480093670952 6 -2
1480093671981 9 -2
1480093672913 10 1
1480093679193 4 -2
1480093680383 1 1
1480093681204 10 1
1480093682198 12 3
1480093683683 5 -1
1480093684396 3 -1
1480093686564 12 -1
1480093689791 12 1
1480093690821 6 1
1480093691484 7 1
1480093692797 7 -1
1480093697102 6 -1
1480093698783 4 1
1480093701935 3 1
1480093703015 5 1
1480093704805 12 -3
1480093706193 6 1
1480093712165 7 1
1480093715906 7 -1
1480093717478 2 2
1480093718202 8 2
1480093719282 13 1
1480093720210 11 3
1480093724604 7 3
1480093725575 6 -2
1480093726285 0 1
1480093727242 12 1
1480093728725 5 -4
1480093732835 12 -1
1480093733669 9 -1
1480093734883 3 -1
1480093736162 0 -1
1480093737042 6 4
1480093738232 11 -2
1480093739275 7 -2
1480093740391 13 -1
1480093741261 8 -2
1480093743681 2 -1
1480093746377 4 -1
1480093747531 10 -1
1480093748303 6 -2
1480093749616 1 -2
1480093750965 4 2
1480093752363 8 3
1480093753323 8 1
1480093755148 11 1
1480093755788 13 2
1480093756655 11 1
1480093758385 6 1
1480093759588 0 1
1480093760631 5 1
1480093761759 11 -3
1480093762740 2 -1
1480093763501 13 -2
1480093764440 0 4
