1482795262141 12 1
1482795264086 5 2
1482795273403 8 -2
1482795274799 1 1
1482795276735 4 -1
1482795278129 9 1
1482795281012 10 2
1482795283128 0 2
1482795287107 12 2
1482795291584 6 -2
1482795292864 5 -2
1482795297129 3 1
1482795298981 6 1
1482795301682 3 -1
1482795302858 6 1
1482795304502 12 -3
1482795307909 6 -1
1482795309479 10 -1
1482795311126 1 -2
1482795322637 0 -2
1482795325771 8 2
1482795327395 2 1
1482795328735 11 2
1482795330481 5 -1
1482795334878 11 -1
1482795336398 8 -2
1482795341843 0 -1
1482795344370 6 -1
1482795350195 1 2
1482795353989 10 1
1482795356197 6 2
1482795359100 12 3
1482795362547 6 -2
1482795365756 6 2
1482795370699 0 1
1482795372287 5 3
1482795373658 7 -1
1482795375199 11 -1
1482795376679 2 -1
1482795381105 12 -2
1482795384999 0 2
1482795386396 10 -1
1482795387984 1 -1
1482795390903 5 -1
1482795398746 0 -2
1482795400725 10 -1
1482795402674 9 -1
1482795404289 4 2
1482795437929 4 -2
1482795439866 9 1
1482795441173 1 1
1482795443182 10 2
1482795448660 2 2
1482795452426 8 2
1482795459851 5 1
1482795462137 0 -1
1482795464437 2 -2
1482795466291 8 -2
1482795472146 12 2
1482795473292 0 3
1482795476594 6 -3
1482795478190 12 -2
1482795482679 10 -1
1482795485619 1 -2
1482795490018 5 -1
1482795497201 1 2
1482795498960 10 1
1482795504681 10 -1
1482795510867 10 1
1482795512842 12 2
1482795514705 6 3
1482795516850 0 -2
1482795518260 12 -2
1482795520675 10 -2
1482795521992 9 -1
1482795523278 1 -1
1482795525020 4 2
1482795533256 5 1
1482795534647 0 -1
1482795540301 7 1
1482795542297 0 1
1482795560974 7 -1
1482795563190 0 -1
1482795568287 4 -2
1482795569550 9 1
1482795571447 10 1
1482795572593 0 3
1482795575597 5 -1
1482795586806 7 1
1482795587873 5 -1
1482795589629 12 -1
1482795593394 6 -2
1482795595367 1 1
1482795601498 6 2
1482795602730 0 -2
1482795604304 10 -1
1482795606121 9 -1
1482795607361 1 -1
1482795610644 4 2
1482795616752 6 -1
1482795618131 1 -1
1482795621924 8 2
1482795623097 4 -2
1482795626374 9 1
1482795628678 10 1
1482795632295 0 1
1482795635867 1 2
1482795639988 6 1
1482795641602 10 1
1482795643667 12 2
1482795645237 5 2
1482795646672 7 -1
1482795649629 12 -1
1482795651348 10 -1
1482795653175 1 -1
1482795655999 8 -2
1482795661341 0 1
1482795665966 5 -1
1482795668252 7 1
1482795669192 5 -1
1482795670325 12 -1
1482795672336 6 -2
1482795676227 1 1
1482795678163 10 1
1482795682672 10 -1
1482795684574 6 2
1482795694455 12 1
1482795696048 5 2
1482795697709 7 -1
1482795707440 10 1
1482795709762 12 2
1482795710891 6 -3
1482795713325 12 -2
1482795717011 10 -1
1482795718875 1 -2
1482795723276 5 -1
1482795728557 5 1
