1481975994536 12 -2
1481975997113 8 2
1481975998560 7 -1
1481975999719 4 2
1481976000631 9 -2
1481976002495 4 -2
1481976003312 3 2
1481976004632 8 -1
1481976007480 12 3
1481976011136 11 -1
1481976012447 6 -1
1481976022881 R
1481976026048 12 -2
1481976030119 9 -1
1481976031911 3 2
1481976038712 4 1
1481976039968 8 2
1481976042096 7 -1
1481976042848 9 -1
1481976047879 4 -1
1481976048753 8 -1
1481976049488 12 3
1481976054344 11 -1
1481976055425 6 -1
1481976058761 R
1481976062888 12 -2
1481976064288 3 1
1481976075425 9 -1
1481976076665 3 1
1481976081264 8 2
1481976082440 7 -1
1481976083544 9 -1
1481976084704 8 -1
1481976085712 12 3
1481976087832 11 -1
1481976088800 6 -1
1481976092057 R
1481976098024 2 1
1481976099272 1 1
1481976101064 10 2
1481976104672 10 -2
1481976105792 12 -1
1481976106824 2 -1
1481976109335 3 1
1481976110215 12 1
1481976111255 12 -1
1481976112495 3 -1
1481976117415 2 1
1481976122247 3 1
1481976123151 12 1
1481976124158 3 -1
1481976125527 12 -1
1481976126967 2 -1
1481976131543 4 2
1481976149639 2 2
1481976150591 0 1
1481976152415 1 -1
1481976156023 R
1481976159711 12 -2
1481976163255 3 1
1481976290855 12 2
1481976291607 12 -2
1481976292910 2 1
1481976293431 2 -1
1481976294558 3 -1
1481976297126 4 2
1481976299094 8 2
1481976300279 7 -1
1481976301231 8 -1
1481976302471 12 1
1481976303959 4 -2
1481976304815 3 1
1481976306319 12 1
1481976308143 11 -1
1481976309527 6 -1
1481976313022 9 -2
1481976313942 12 1
1481976314878 3 1
1481976321719 6 1
1481976322919 11 1
1481976327998 11 -1
1481976329014 6 -1
