1481429764204 12 -2
1481429771383 4 2
1481429777137 8 2
1481429778885 7 -1
1481429785745 9 -2
1481429793716 8 -1
1481429795295 4 -2
1481429797580 3 2
1481429800000 12 3
1481429806765 11 -1
1481429808361 6 -1
1481429818473 12 -2
1481429820003 3 -2
1481429823750 9 2
1481429826054 7 1
1481429827897 8 -1
1481429830652 4 2
1481429832722 2 2
1481429835895 0 1
1481429839347 9 -1
1481429847476 5 -1
1481429848992 9 2
1481429852386 2 1
1481429856767 0 -1
1481429858329 2 -3
1481429864626 4 -1
1481429867994 4 -1
1481429870675 9 -2
1481429874318 5 1
1481429876854 3 2
1481429878628 12 1
1481429880165 2 1
1481429890502 10 3
1481429892912 2 -1
1481429895227 8 1
1481429896469 7 -1
1481429898046 9 -1
1481429900418 12 1
1481429910805 5 -1
1481429912658 3 -1
1481429913808 12 -1
1481429915476 9 3
1481429919745 7 1
1481429921400 8 -1
1481429924076 2 1
1481429926286 9 -2
1481429928153 5 1
1481429929613 3 1
1481429934442 6 1
1481429936157 10 -3
1481429937861 2 -1
1481429940889 11 1
1481429946427 12 -2
1481429949375 8 2
1481429950671 7 -1
1481429964391 4 1
1481429967706 9 -1
1481429972476 3 -2
1481429974168 4 1
1481429975543 8 -1
1481429977377 12 1
1481429980667 1 1
1481429981784 1 -1
1481429983537 11 -1
1481429984921 6 -1
1481429989645 4 -2
1481429990854 12 2
1481429991959 3 2
1481430039185 3 -2
1481430042170 12 -2
1481430044659 9 2
1481430045953 4 2
1481430048091 7 1
1481430049680 8 -1
1481430051515 2 2
1481430056100 9 -1
1481430062515 10 1
1481430069425 10 -1
1481430074031 9 1
