1482586340048 9 -1
1482586342376 3 2
1482586344776 12 -2
1482586347848 2 1
1482586349337 12 2
1482586351801 10 3
1482586356762 10 -3
1482586358368 11 -1
1482586359705 6 -1
1482586366048 6 1
1482586370744 3 -2
1482586371593 11 1
1482586374824 12 -2
1482586377568 4 2
1482586378936 9 1
1482586380672 2 1
1482586382320 0 1
1482586386928 10 1
1482586390626 9 -1
1482586397776 12 1
1482586402024 11 -1
1482586403815 6 -1
1482586410944 9 1
1482586419568 10 -1
1482586449032 9 -1
1482586450887 0 -1
1482586452008 2 -2
1482586453344 4 -2
1482586454664 3 2
1482586457335 12 1
1482586461487 6 1
1482586465415 11 1
1482586467807 1 1
1482586471360 1 -1
1482586473208 12 -2
1482586474440 12 2
1482586477655 11 -1
1482586478975 6 -1
1482586483799 2 1
1482586495439 5 -1
1482586496736 5 1
1482586499703 5 -1
1482586500691 3 -2
1482586501744 9 2
1482586503432 12 -1
1482586504503 4 2
1482586506136 2 2
1482586508345 0 1
1482586510079 2 -1
1482586511951 9 -2
1482586518983 5 1
1482586533823 5 -1
1482586535103 9 2
1482586537095 2 1
1482586542039 0 -1
1482586544847 2 -3
1482586548431 2 2
1482586552599 2 -2
1482586554039 4 -2
1482586555160 2 1
1482586557991 12 1
1482586560664 12 -1
1482586561857 9 -2
1482586564215 3 2
1482586565687 12 1
1482586567063 5 1
1482586571583 6 1
1482586572441 11 1
1482586573791 1 1
1482586575918 1 -1
1482586577328 12 -2
1482586580374 12 2
1482586582150 11 -1
1482586585550 6 -1
1482586586583 5 -1
1482586587902 3 -2
1482586589008 9 2
1482586592519 12 -1
1482586594210 4 2
1482586602735 2 2
1482586604303 0 1
1482586605351 8 1
1482586606903 7 -2
1482586611286 10 1
1482586612559 7 -1
1482586617087 8 -1
1482586618823 2 -1
1482586620751 9 -3
1482586622983 5 1
1482586628094 6 1
1482586629009 11 1
1482586630871 12 -1
1482586638790 12 1
1482586640406 11 -1
1482586643246 6 -1
1482586644658 5 -1
1482586646158 9 3
1482586651863 2 1
1482586653678 8 1
1482586658503 8 -1
1482586665807 8 1
1482586667024 7 3
1482586670711 10 -1
1482586674350 8 -1
1482586676184 2 -1
1482586678182 9 -2
1482586680118 5 1
1482586683918 0 -1
1482586685326 2 -2
1482586686918 4 -2
1482586690214 3 2
1482586693590 12 1
1482586697014 12 -1
1482586698966 8 1
1482586700559 7 -1
1482586702494 9 -1
1482586704270 12 2
1482586711654 6 1
1482586712408 11 1
1482586715710 1 1
1482586718950 1 -1
1482586723470 11 -1
1482586725374 6 -1
1482586735318 12 -2
1482586736910 3 -2
1482586738486 5 -1
1482586739590 5 1
1482586740966 6 1
1482586742093 11 1
1482586743942 1 1
1482586745806 1 -1
1482586747350 12 -1
1482586750190 3 2
1482586752392 3 -2
1482586754870 8 1
1482586757877 8 -1
1482586759397 12 3
1482586761205 3 2
1482586768709 12 -3
1482586771830 12 3
1482586773126 11 -1
1482586774326 6 -1
1482586777342 5 -1
1482586779486 12 -2
1482586780974 3 -2
1482586782526 4 2
1482586784211 9 3
1482586788606 7 1
1482586789485 8 -1
1482586792910 2 1
1482586794382 4 -2
1482586795973 9 -2
1482586797685 12 1
1482586802341 2 -1
1482586804870 9 2
1482586806029 12 -1
1482586807318 4 2
1482586810325 9 -2
1482586813093 2 2
1482586816430 2 -2
1482586818694 2 2
1482586819973 0 1
1482586823573 9 2
1482586825461 2 1
1482586826581 8 1
1482586827989 7 -2
1482586839077 7 2
1482586840270 8 -1
1482586843173 0 -1
1482586846965 2 -3
1482586849013 4 -2
1482586850381 9 -2
1482586852149 5 1
1482586854045 6 1
1482586855765 3 2
1482586857437 12 1
1482586859685 6 -1
1482586861797 2 1
1482586867655 2 -1
1482586868813 12 -1
1482586869749 3 -2
1482586870925 5 -1
1482586872886 4 2
1482586875885 2 2
1482586877916 2 -2
1482586878973 4 -2
1482586880653 2 1
1482586882268 3 2
1482586883373 12 1
1482586886325 5 1
1482586914285 6 1
1482586917692 11 1
1482586920284 1 1
1482586922164 10 3
1482586926989 10 -3
1482586929228 12 -1
1482586930245 12 1
1482586931685 2 -1
1482586935269 8 1
1482586939205 7 -1
1482586940189 9 -1
1482586941829 12 1
1482586942748 1 -1
1482586945252 11 -1
1482586946288 6 -1
1482586952860 5 -1
1482586955284 3 -2
1482586956316 12 -2
1482586957239 4 2
1482586959605 9 3
1482586960965 7 1
1482586961748 8 -1
1482586963157 2 3
1482586964509 0 1
1482586968261 8 1
1482586969749 7 -2
1482586973444 10 1
1482586975020 7 -1
1482586975916 8 -1
1482586980500 2 -1
1482586981508 9 -3
1482586983396 5 1
1482586987207 6 1
1482586989164 11 1
1482586990612 12 -1
1482586996948 9 2
1482586999988 12 1
1482587001364 1 1
1482587002672 7 -1
1482587005780 0 -1
1482587009740 9 -2
1482587012460 2 -1
1482587013724 4 -3
1482587016164 2 1
1482587017548 12 2
1482587018852 3 2
1482587026228 0 3
1482587027916 7 1
1482587029036 1 -1
1482587029988 11 -1
1482587031092 6 -1
1482587031980 0 2
