1481981921997 8 1
1481981922736 7 -1
1481981923682 9 -2
1481981924748 12 1
1481981926041 3 2
1481981927412 11 -1
1481981934671 12 -2
1481981935550 3 -2
1481981936406 9 2
1481981937274 4 2
1481981938360 7 1
1481981939149 8 -1
1481981940007 2 2
1481981940912 11 1
1481981942067 12 -1
1481981944525 9 -1
1481981946111 2 -2
1481981947304 4 -2
1481981949238 3 2
1481981950184 12 2
1481981953361 11 -1
1481981954545 6 -1
1481981955442 3 -2
1481981956329 5 -1
1481981957179 9 2
1481981959032 8 1
1481981960147 7 -1
1481981961921 9 -3
1481981963520 12 1
1481981964665 3 2
1481981965324 5 1
1481981966824 6 1
1481981967592 11 1
1481981971035 1 1
1481981973490 12 -2
1481981974921 1 -1
1481981975709 12 -1
1481981979458 3 -2
1481981980326 8 1
1481981981361 4 2
1481981982230 9 2
1481981983530 7 1
1481981984577 8 -2
1481981985949 2 2
1481981987073 0 1
1481981991303 R
1481982000012 9 -1
1481982002321 3 2
1481982004983 2 1
1481982006571 11 -1
1481982007795 6 -1
1481982009126 3 -2
1481982009894 5 -1
1481982011246 9 2
1481982012786 12 -1
1481982013840 4 2
1481982015044 2 2
1481982017254 0 1
1481982018199 10 1
1481982019146 8 1
1481982020162 7 -3
1481982021266 8 -1
1481982022480 2 -1
1481982023535 9 -3
1481982025676 5 1
1481982026682 6 1
1481982028408 11 1
1481982029246 12 -1
1481982035134 9 2
1481982041198 12 1
1481982043270 11 -1
1481982045538 6 -1
1481982046969 5 -1
1481982048151 9 1
1481982049139 2 1
1481982064609 8 1
1481982066454 7 2
1481982068605 7 -2
1481982069364 8 -1
1481982070536 2 -1
1481982071405 9 -3
1481982073022 5 1
1481982074059 6 1
1481982074909 11 1
1481982075804 12 -1
1481982079965 R
1481982090814 12 -2
1481982092077 4 2
1481982093920 2 2
1481982095498 0 1
1481982097841 10 1
1481982099067 10 -1
1481982099690 0 -1
1481982100734 2 -2
1481982101632 8 2
1481982104739 7 -1
1481982105794 9 -2
1481982108625 8 -1
1481982109542 4 -2
1481982110538 12 3
1481982114060 1 1
1481982120403 3 2
1481982121576 1 -1
1481982123115 12 -3
1481982126390 3 -2
1481982132702 8 1
1481982133461 4 2
1481982134221 9 2
1481982135523 7 1
1481982136529 8 -2
1481982138315 4 -2
1481982139815 12 2
1481982141322 3 1
1481982142763 11 -1
1481982143532 6 -1
1481982144252 5 -1
1481982144961 9 1
1481982147141 2 1
1481982148059 10 3
1481982149705 2 -1
1481982151204 8 1
1481982152052 7 -1
1481982153887 9 -3
1481982155099 12 1
1481982156165 3 1
1481982157201 5 1
1481982161729 6 1
1481982162841 11 1
1481982164025 1 1
1481982166542 12 -1
1481982167300 3 -1
1481982168492 9 2
1481982169706 7 1
1481982170958 8 -1
1481982173464 2 1
1481982177922 9 -1
1481982178888 3 1
1481982179942 10 -3
1481982184045 12 -1
1481982184836 4 1
1481982186661 4 -1
1481982187763 3 -2
1481982188601 4 2
1481982189895 2 1
1481982191067 0 1
1481982193178 1 -1
1481982194006 12 -1
1481982197920 9 1
1481982200623 12 1
1481982201868 11 -1
1481982202566 6 -1
1481982203346 5 -1
1481982205348 9 1
1481982206482 2 1
1481982207754 8 1
1481982208809 7 -2
1481982210210 10 1
1481982210998 7 -1
1481982211905 8 -1
1481982216570 2 -1
1481982217496 9 -3
1481982219311 5 1
1481982220257 6 1
1481982221205 11 1
1481982222063 12 -1
1481982228422 12 1
1481982229539 11 -1
1481982230357 6 -1
1481982232427 5 -1
1481982233541 9 3
1481982234497 2 1
1481982235721 8 1
1481982236588 7 3
1481982237871 10 -1
1481982240614 0 -1
1481982241352 8 -1
1481982242102 2 -3
1481982243236 9 -2
1481982244015 4 -2
1481982247023 3 2
1481982247802 5 1
1481982250435 6 1
1481982251205 11 1
1481982251924 12 -1
1481982252664 2 1
1481982254665 10 1
1481982255958 4 1
1481982259844 R
1481982273515 12 -2
1481982275197 8 2
1481982276184 4 2
1481982277437 7 -1
1481982278827 9 -2
1481982280404 4 -2
1481982281529 8 -1
1481982282909 12 3
1481982284300 3 2
1481982287753 11 -1
1481982288699 6 -1
1481982294005 12 -2
1481982294941 3 -2
1481982300791 5 -1
1481982301569 4 2
1481982302241 9 3
1481982303265 7 1
1481982304596 8 -1
1481982305474 2 3
1481982309745 10 1
1481982310722 0 1
1481982312052 8 1
1481982312951 7 -3
1481982313916 8 -1
1481982315742 2 -1
1481982316569 9 -3
1481982319282 5 1
1481982320642 6 1
1481982322703 11 1
1481982323650 12 -1
1481982329429 12 1
1481982330050 11 -1
1481982330643 6 -1
1481982331253 5 -1
1481982332585 9 3
1481982333620 2 1
1481982334596 8 1
1481982335721 7 3
1481982337121 10 -1
1481982337644 0 -1
1481982338157 8 -1
1481982338928 2 -3
1481982340098 4 -2
1481982340820 9 -2
1481982342584 5 1
1481982343748 6 1
1481982344320 11 1
1481982345533 3 2
1481982347062 12 -1
1481982353274 3 -2
1481982354446 4 2
1481982355710 2 2
1481982357199 0 1
1481982358105 10 1
1481982359240 12 1
1481982360257 11 -1
1481982361074 6 -1
1481982361865 5 -1
1481982362850 9 2
1481982364339 2 1
1481982365325 8 1
1481982366173 7 -3
1481982367434 8 -1
1481982368351 2 -1
1481982369130 9 -3
1481982370739 5 1
1481982371764 6 1
1481982374032 11 1
1481982374948 12 -1
1481982378479 9 2
1481982379890 9 -2
1481982382859 9 2
1481982384161 12 1
1481982385127 11 -1
1481982385779 6 -1
1481982386882 5 -1
1481982387899 9 1
1481982388914 2 1
1481982389644 8 1
1481982390521 7 3
1481982391537 10 -1
1481982392109 0 -1
1481982392879 8 -1
1481982393659 2 -3
1481982394733 4 -2
1481982395403 9 -2
1481982397732 12 1
1481982398283 3 2
1481982401063 5 1
1481982404713 6 1
1481982405602 11 1
1481982406607 12 -2
1481982410325 8 2
1481982412644 4 1
1481982413472 7 -1
1481982414358 9 -1
1481982416370 3 -2
1481982417831 4 1
1481982420839 9 2
1481982421677 7 1
1481982422750 8 -2
1481982423639 2 2
1481982424971 0 1
1481982425976 12 1
1481982426932 11 -1
1481982427633 6 -1
1481982428916 5 -1
1481982429862 9 1
1481982434724 R
1481982437061 11 -1
1481982438117 6 -1
1481982438827 5 -1
1481982439521 9 1
1481982440247 3 1
1481982440927 12 -1
1481982441736 4 1
1481982442712 8 1
1481982443521 7 -1
1481982444339 9 -3
1481982445986 3 -1
1481982446799 4 1
1481982448098 5 1
1481982450897 6 1
1481982451637 11 1
1481982452534 12 -1
1481982453629 4 -2
1481982455177 12 3
1481982458491 3 2
1481982464584 11 -1
1481982465454 6 -1
1481982467582 12 -1
1481982471319 3 -1
1481982473499 5 -1
1481982474377 9 3
1481982476349 7 1
1481982477483 8 -1
1481982478775 2 1
1481982479743 10 3
1481982481191 2 -1
1481982482374 8 1
1481982483715 7 -1
1481982485334 9 -3
1481982486339 12 1
1481982487464 3 1
1481982488677 5 1
1481982490028 6 1
1481982490807 11 1
1481982492139 1 1
1481982497572 12 -1
1481982498469 3 -1
1481982499357 9 2
1481982500324 7 1
1481982501103 8 -1
1481982502857 2 1
1481982503589 1 -1
1481982504574 10 -3
1481982506999 9 -1
1481982508234 3 1
1481982509130 12 -2
1481982513087 3 -2
1481982514259 4 2
1481982515401 2 1
1481982516378 0 1
1481982522620 12 1
1481982523388 11 -1
1481982523902 6 -1
1481982525332 5 -1
1481982533421 9 2
1481982537475 2 1
1481982538521 8 1
1481982539576 7 -2
1481982541220 10 1
1481982541958 7 -1
1481982543260 8 -1
1481982545715 2 -1
1481982546524 9 -3
1481982548270 5 1
1481982549176 6 1
1481982550577 11 1
1481982551600 12 -1
1481982556079 12 1
1481982556986 11 -1
1481982557726 6 -1
1481982558682 5 -1
1481982561759 9 3
1481982564529 2 1
1481982567841 2 -1
1481982568768 9 -3
1481982570011 5 1
1481982571225 6 1
1481982571836 11 1
1481982572655 12 -1
