1482635000782 9 -1
1482635001495 3 2
1482635003216 1 1
1482635010429 2 1
1482635011279 10 3
1482635013633 1 -1
1482635015912 2 -1
1482635017948 3 -1
1482635018867 9 1
1482635021594 8 1
1482635022424 7 -1
1482635024189 9 -2
1482635025138 3 1
1482635026312 12 1
1482635027406 3 -1
1482635033267 12 -1
1482635034359 9 2
1482635035790 7 1
1482635037583 8 -1
1482635038466 2 1
1482635042014 2 -1
1482635043054 8 1
1482635043918 7 -1
1482635044807 9 -2
1482635045713 12 1
1482635049730 3 1
1482635052008 11 -1
1482635052730 6 -1
1482635055886 6 1
1482635059661 11 1
1482635061651 1 1
1482635062831 1 -1
1482635065057 12 -1
1482635066346 9 1
1482635067413 7 1
1482635068008 8 -1
1482635068753 2 1
1482635069799 10 -3
1482635070934 12 -2
1482635072374 2 -1
1482635075399 4 1
1482635076878 8 2
1482635078432 7 -1
1482635079120 9 -1
1482635080823 4 -1
1482635082967 8 -1
1482635083689 12 3
1482635087605 11 -1
1482635089784 6 -1
1482635097108 6 1
1482635097719 11 1
1482635098590 1 1
1482635103795 1 -1
1482635106862 12 -2
1482635107748 4 1
1482635109920 9 1
1482635110491 7 1
1482635111103 8 -1
1482635111998 2 1
1482635113165 10 1
1482635115933 12 -1
1482635123279 3 -2
1482635123912 4 1
1482635124621 2 1
1482635126373 0 1
1482635131492 9 1
1482635136871 10 -1
1482635142619 12 1
1482635143416 1 1
1482635145492 10 1
1482635147038 9 -1
1482635152457 10 -1
1482635153980 10 1
1482635154363 1 -1
1482635154980 12 -1
1482635159836 9 1
1482635161572 9 -1
1482635167410 0 -1
1482635169061 12 1
1482635170123 1 1
1482635172919 2 -1
1482635174257 9 1
1482635176021 2 1
1482635177605 2 -1
1482635178312 9 -1
1482635179695 4 -2
1482635180185 3 2
1482635181316 12 1
1482635182674 10 2
1482635183439 2 -1
1482635188002 3 -1
1482635188783 9 1
1482635192090 8 1
1482635193002 7 -1
1482635193661 9 -2
1482635194582 12 1
1482635196981 3 1
1482635200083 1 -1
1482635202091 11 -1
1482635203273 6 -1
1482635205704 6 1
1482635206232 6 -1
1482635207051 5 -1
1482635209326 5 1
1482635209920 6 1
1482635223082 11 1
1482635226130 11 -1
1482635230155 U
1482635234718 12 -1
1482635235226 3 -1
1482635240171 9 1
1482635241079 3 1
1482635242665 7 1
1482635243737 8 -1
1482635244721 2 1
1482635246034 10 -3
1482635246989 12 -2
1482635249778 4 1
1482635252267 2 -1
1482635253105 8 2
1482635253879 7 -1
1482635254544 9 -1
1482635256768 4 -1
1482635258010 8 -1
1482635258591 12 3
1482635259652 1 1
1482635265048 12 -2
1482635267192 12 2
1482635268257 1 -1
1482635269889 12 -3
1482635272332 12 3
1482635281897 1 1
1482635289859 12 -2
1482635290672 4 1
1482635291277 9 1
1482635292010 7 1
1482635292643 8 -1
1482635293376 2 1
1482635294199 10 1
1482635299324 3 -2
1482635300116 9 1
1482635302872 4 1
1482635304744 2 1
1482635308961 9 -1
1482635310222 9 1
1482635310934 1 -1
1482635311695 11 -1
1482635312276 6 -1
1482635312823 5 -1
1482635313493 9 1
1482635314292 2 1
1482635315026 8 1
1482635315904 7 -1
1482635316521 0 1
1482635317443 7 -2
1482635318431 8 -1
1482635323317 2 -1
1482635323859 9 -3
1482635328150 5 1
1482635330089 6 1
1482635330801 11 1
1482635331608 12 -1
1482635336545 12 1
1482635338184 1 1
1482635338912 7 -1
1482635354727 9 2
1482635355526 9 -2
1482635356657 9 2
1482635358513 9 -2
1482635361600 7 1
1482635362529 1 -1
1482635363249 12 -1
1482635371766 12 1
1482635373576 1 1
1482635374650 7 -1
1482635381087 9 2
1482635381968 9 -2
1482635384280 7 1
1482635384764 1 -1
1482635385569 11 -1
1482635386178 6 -1
1482635386885 5 -1
1482635387535 9 3
1482635388625 2 1
1482635389302 8 1
1482635391077 7 2
1482635391726 10 -1
1482635395473 7 1
1482635396150 8 -1
1482635399656 2 -1
1482635400423 9 -2
1482635402275 5 1
1482635403258 5 -1
1482635407266 5 1
1482635412209 5 -1
1482635413109 5 1
1482635418915 10 1
1482635423833 5 -1
1482635424516 9 2
1482635425293 2 1
1482635425985 8 1
1482635426578 7 -3
1482635427240 8 -1
1482635428163 8 1
1482635429630 8 -1
1482635433109 2 -1
1482635433953 9 -3
1482635435029 5 1
1482635440542 5 -1
1482635441831 5 1
1482635444841 9 2
1482635447204 9 -2
1482635450514 5 -1
1482635460782 9 3
1482635462102 2 1
1482635463013 8 1
1482635464539 7 2
1482635465159 10 -1
1482635467182 7 -1
1482635469052 10 1
1482635469933 7 -1
1482635470893 8 -1
1482635472023 2 -1
1482635472933 9 -3
1482635474520 5 1
1482635476076 6 1
1482635476619 11 1
1482635477206 12 -1
1482635491025 9 2
1482635493367 9 -2
1482635498455 9 2
1482635502117 12 1
1482635502907 1 1
1482635503725 7 -1
1482635504972 0 -1
1482635506448 0 1
1482635507265 9 -2
1482635525494 7 1
1482635526052 1 -1
1482635527075 12 -1
1482635540300 9 2
1482635541557 9 -2
1482635542478 9 2
1482635550140 9 -2
1482635556068 12 1
1482635557495 1 1
1482635558250 7 -1
1482635560023 0 -1
1482635561526 2 -1
1482635563403 9 1
1482635564482 4 -3
1482635565397 2 1
1482635566157 0 1
1482635568195 9 1
1482635571291 7 1
1482635571796 1 -1
1482635572297 11 -1
1482635573052 6 -1
1482635573676 5 -1
1482635574242 9 1
1482635575118 2 1
1482635578899 3 1
1482635580844 12 1
1482635581616 10 2
1482635587675 2 -1
1482635588486 9 -3
1482635589625 12 1
1482635591267 0 1
1482635592850 3 1
1482635594812 5 1
1482635600795 0 2
1482635608355 0 1
