1481983098769 3 1
1481983104849 1 1
1481983107136 1 -1
1481983108472 11 -1
1481983110128 6 -1
1481983122868 8 1
1481983125169 7 -1
1481983126416 9 -2
1481983127648 12 1
1481983128705 3 1
1481983141521 12 -2
1481983142329 3 -2
1481983143209 5 -1
1481983144777 9 3
1481983148058 4 2
1481983150618 7 1
1481983151785 8 -1
1481983174921 4 -2
1481983177162 4 2
1481983180225 2 3
1481983181946 2 -2
1481983183737 2 -1
1481983190625 9 -2
1481983192097 2 2
1481983196817 2 -2
1481983197897 4 -2
1481983199328 2 1
1481983205992 5 1
1481983207472 3 2
1481983211401 12 1
1481983212793 10 3
1481983226849 10 -3
1481983230154 6 1
1481983230795 11 1
1481983233488 12 -2
1481983235440 2 -1
1481983238528 8 2
1481983240152 8 -2
1481983242168 12 2
1481983242912 R
1481983249904 9 -1
1481983255088 12 -2
1481983256824 9 1
1481983258648 4 2
1481983266480 2 2
1481983274584 12 1
1481983275610 11 -1
1481983276704 6 -1
1481983282088 2 -2
1481983283025 9 -1
1481983284810 9 1
1481983285864 4 -2
1481983291720 4 2
1481983292656 8 1
1481983293663 7 -1
1481983295303 9 -2
1481983297472 4 -2
1481983299633 12 2
1481983300624 3 2
1481983329015 3 -2
1481983329695 12 -2
1481983331256 5 -1
1481983338968 12 2
1481983339831 3 2
1481983341697 3 -2
1481983344759 12 -2
1481983345535 9 3
1481983350952 7 1
1481983352609 9 -2
1481983354568 8 -1
1481983357330 9 2
1481983359999 9 -2
1481983366296 R
1481983371672 11 -1
1481983374431 6 -1
1481983376271 6 1
1481983377111 11 1
1481983391263 2 1
1481983392615 10 2
1481983396671 10 -2
1481983398687 3 1
1481983400562 12 -2
1481983405087 4 1
1481983409927 9 -1
1481983411143 4 -1
1481983413991 3 1
1481983417326 12 2
1481983419153 10 3
1481983421063 10 -3
1481983422575 2 -1
1481983426479 2 1
1481983427880 11 -1
1481983428911 6 -1
1481983430999 10 3
1481983437895 2 -1
1481983441979 8 1
