1482585663698 9 -1
1482585666652 3 2
1482585678027 1 1
1482585679441 1 -1
1482585680889 2 1
1482585682463 10 3
1482585689698 1 1
1482585704449 1 -1
1482585705707 11 -1
1482585707081 6 -1
1482585708182 10 -3
1482585712035 2 -1
1482585715856 2 1
1482585720091 12 -1
1482585721210 4 1
1482585725097 4 -1
1482585727524 3 -2
1482585728922 4 2
1482585730433 2 1
1482585731705 0 1
1482585741373 0 -1
1482585743065 2 -2
1482585745449 4 -2
1482585746554 3 2
1482585749329 6 1
1482585750713 11 1
1482585752297 12 -1
1482585756985 4 1
1482585758696 8 2
1482585763165 8 -2
1482585764281 4 -1
1482585773952 R
1482585779225 3 1
1482585786962 2 1
1482585795346 R
1482585807663 9 -1
1482585809053 3 2
1482585812515 12 -2
1482585814435 12 2
1482585815973 12 -2
1482585817858 12 2
1482585818953 8 1
1482585820274 7 -1
1482585822526 9 -1
1482585823795 12 1
1482585827066 11 -1
1482585828766 6 -1
1482585847654 6 1
1482585848376 11 1
1482585850754 12 -3
1482585852356 4 1
1482585853986 4 -1
1482585856053 9 1
1482585856834 7 1
1482585858521 8 -1
1482585861490 3 -2
1482585862803 9 1
1482585864122 4 2
1482585865497 2 2
1482585866682 12 1
1482585875261 11 -1
1482585876323 6 -1
1482585877269 5 -1
1482585879162 9 1
1482585880153 2 1
1482585881441 0 1
1482585883650 2 -1
1482585884833 9 -2
1482585886553 5 1
1482585887683 6 1
1482585889844 11 1
1482585891122 12 -1
1482585895770 12 1
1482585899349 11 -1
1482585900289 6 -1
1482585901362 5 -1
1482585903383 9 2
1482585908858 2 1
1482585910402 8 1
1482585911890 7 -2
1482585913156 10 1
1482585914210 7 -1
1482585916643 8 -1
1482585927145 2 -1
1482585928241 9 -3
1482585929466 5 1
1482585932844 6 1
1482585934090 11 1
1482585935867 1 1
1482585937370 7 -1
1482585942554 9 2
1482585943738 9 -2
1482585948594 R
1482585956706 11 -1
1482585958258 6 -1
1482585961529 9 -1
1482585963648 3 2
1482585975474 6 1
1482585976401 11 1
1482585979626 2 1
1482585982474 10 3
1482585993723 11 -1
1482585994858 10 -3
1482585996466 R
1482586004246 12 -2
1482586005034 12 2
1482586007002 9 -1
1482586008884 9 1
1482586014824 11 -1
1482586019164 6 -1
1482586026994 9 -1
1482586031678 3 2
1482586039298 2 1
1482586049147 12 -1
1482586050250 4 1
1482586051602 3 -2
1482586052898 5 -1
1482586054602 4 1
1482586055714 2 1
1482586060539 9 2
1482586062130 2 1
1482586064723 0 1
1482586069546 8 1
1482586070787 7 -2
1482586076958 10 1
1482586078066 7 -1
1482586079866 8 -1
1482586081268 2 -1
1482586082311 9 -3
1482586084670 5 1
