1482208813241 9 -1
1482208819721 3 2
1482208822081 11 -1
1482208823505 6 -1
1482208828785 2 1
1482208832112 10 3
1482208838088 2 -1
1482208844153 8 1
1482208845824 7 -1
1482208847113 9 -1
1482208848460 12 1
1482208862163 R
1482208890849 12 -2
1482208892584 4 2
1482208896001 9 -1
1482208903105 2 2
1482208910584 0 1
1482208926656 0 -1
1482208929009 2 -2
1482208930369 8 2
1482208931777 4 -2
1482208936880 8 -2
1482208938288 2 1
1482208940696 10 1
1482208947600 12 2
1482208949088 11 -1
1482208950352 3 2
1482208953681 6 -1
1482208955033 10 2
1482208958033 2 -1
1482208960201 3 -1
1482208961256 5 -1
1482208964921 3 1
1482208966329 5 1
1482208968200 8 1
1482208972280 7 -1
1482208973704 9 -1
1482208975072 12 1
1482208994875 R
1482209008697 12 -2
1482209013704 4 2
1482209015024 8 2
1482209016353 7 -1
1482209017368 9 -2
1482209023008 4 -2
1482209024600 8 -1
1482209026665 12 3
1482209033936 3 2
1482209036848 11 -1
1482209038049 6 -1
1482209059808 6 1
1482209060800 11 1
1482209065232 1 1
1482209066960 12 -2
1482209068017 3 -2
1482209077168 4 2
1482209078568 9 2
1482209080057 7 1
1482209081097 8 -1
1482209082401 2 2
1482209083945 10 1
1482209084745 0 1
1482209088953 9 -1
1482209093769 1 -1
1482209095074 11 -1
1482209096050 6 -1
1482209098009 5 -1
1482209108393 9 2
1482209109482 2 1
1482209110225 8 1
1482209111266 7 -3
1482209112281 8 -1
1482209114034 2 -1
1482209114913 9 -3
1482209118505 5 1
1482209129001 6 1
1482209129905 11 1
1482209130945 12 -1
1482209154795 R
1482209168105 8 1
1482209170273 7 -1
1482209172729 9 -2
1482209180098 12 -2
1482209185305 12 3
1482209186713 11 -1
1482209187929 6 -1
1482209192826 3 2
1482209214601 12 -2
1482209215961 3 -2
1482209219112 4 2
1482209220352 9 2
1482209221560 7 1
1482209222712 8 -1
1482209225952 9 -1
1482209228305 4 -2
1482209229769 12 1
1482209231640 3 2
1482209235896 12 -1
1482209238192 2 1
1482209239264 12 1
1482209241120 10 3
1482209243536 6 1
1482209244593 11 1
1482209246328 1 1
1482209250057 2 -1
1482209251521 8 1
1482209252841 7 -1
1482209254544 9 -1
1482209258359 1 -1
1482209260080 3 -1
1482209265672 9 2
1482209272595 1 1
1482209274137 9 -2
1482209275313 12 1
1482209276216 3 1
1482209284304 1 -1
1482209285304 11 -1
1482209286297 6 -1
1482209299049 6 1
1482209300282 11 1
1482209303320 1 1
1482209304704 12 -1
1482209305530 3 -1
1482209306840 9 2
1482209310864 7 1
1482209311912 8 -1
1482209313513 2 1
1482209316337 10 -3
1482209318200 12 -1
1482209319328 3 -1
1482209321408 2 -1
1482209322545 8 1
1482209323592 7 -1
1482209324809 9 -2
1482209326121 12 2
1482209327601 3 2
1482209329872 1 -1
1482209334056 1 1
1482209345100 12 -2
1482209345835 3 -2
1482209346496 9 2
1482209351450 4 2
1482209353281 7 1
1482209354136 8 -1
1482209355304 2 2
1482209358712 0 1
1482209360576 9 -1
1482209365264 1 -1
1482209366312 12 -1
1482209378650 12 1
1482209380984 11 -1
1482209382056 6 -1
1482209383289 5 -1
1482209394570 9 2
1482209396224 2 1
1482209399616 8 1
1482209400992 7 -2
1482209408345 10 1
1482209409449 7 -1
1482209410449 8 -1
1482209412456 2 -1
1482209413408 9 -3
1482209417744 5 1
1482209419560 6 1
1482209420416 11 1
1482209421416 12 -1
1482209425104 12 1
1482209426010 1 1
1482209427440 7 -1
1482209433776 9 2
1482209439825 9 -2
1482209440578 7 1
1482209441352 1 -1
1482209442111 11 -1
1482209443024 6 -1
1482209443840 5 -1
1482209444624 9 3
1482209446184 2 1
1482209462712 2 -1
1482209463312 9 -3
1482209464290 5 1
1482209464954 6 1
1482209465554 11 1
1482209466146 1 1
1482209466962 7 -1
1482209467583 0 -1
1482209480439 9 2
1482209481528 2 -1
1482209482584 4 -3
1482209486304 2 1
1482209490418 12 1
1482209491631 3 1
1482209497119 10 2
1482209505447 10 -2
1482209506352 12 -1
1482209507424 3 -1
1482209512840 2 -1
1482209516503 9 -2
1482209522378 3 2
1482209526712 12 2
1482209532144 2 1
1482209535727 0 1
1482209536640 7 1
1482209537456 1 -1
1482209538359 11 -1
1482209539528 6 -1
1482209540352 0 4
