1479611682590 9 -1
1479611683582 3 2
1479611685669 2 1
1479611686814 10 3
1479611687765 1 1
1479611689045 2 -1
1479611690909 3 -1
1479611691885 8 1
1479611693718 1 -1
1479611695357 1 1
1479611696686 9 1
1479611699197 7 -1
1479611700070 9 -2
1479611701165 3 1
1479611701965 12 1
1479611703870 1 -1
1479611704998 11 -1
1479611705998 6 -1
1479611712077 5 -1
1479611712813 3 -1
1479611713541 12 -1
1479611714421 9 3
1479611716045 7 1
1479611717086 8 -1
1479611718773 9 -2
1479611719613 5 1
1479611720406 3 1
1479611721397 6 1
1479611721933 11 1
1479611745084 1 1
1479611747044 8 1
1479611748181 7 -1
1479611749996 9 -1
1479611751756 12 1
1479611759323 1 -1
1479611760620 11 -1
1479611761835 6 -1
1479611762900 5 -1
1479611763748 3 -1
1479611764852 12 -1
1479611768228 9 3
1479611769892 7 1
1479611771132 8 -1
1479611772628 2 1
1479611773932 9 -2
1479611775492 5 1
1479611776675 3 1
1479611778437 10 -3
1479611780356 6 1
1479611780963 11 1
1479611782196 12 -2
1479611783339 4 1
1479611785292 2 -1
1479611786212 8 2
1479611787196 7 -1
1479611788908 9 -1
1479611792036 3 -2
1479611793035 4 1
1479611795291 4 -2
1479611796555 3 2
1479611798740 3 -2
1479611801980 9 2
1479611802995 8 -1
1479611804115 12 2
1479611805084 3 1
1479611807220 1 1
1479611809374 1 -1
1479611810428 11 -1
1479611811573 6 -1
1479611812516 5 -1
1479611813501 9 1
1479611815694 7 1
1479611816541 8 -1
1479611818292 2 1
1479611820428 12 -1
1479611821268 4 1
1479611821988 3 -1
1479611823228 9 -2
1479611825549 5 1
1479611827172 4 1
1479611828308 2 1
1479611829212 0 1
1479611830485 10 1
1479611831301 6 1
1479611831932 11 1
1479611832644 1 1
1479611835804 9 1
1479611837940 10 -1
1479611838933 1 -1
1479611840084 12 -1
1479611844252 9 -1
1479611846461 0 -1
1479611847564 2 -2
1479611848580 4 -2
1479611849293 3 2
1479611852324 4 1
1479611855036 8 2
1479611856020 7 -1
1479611857140 9 -1
1479611857924 4 -1
1479611858692 8 -1
1479611859340 12 3
1479611861229 11 -1
1479611862116 6 -1
1479611862892 5 -1
1479611864572 3 -2
1479611865252 12 -2
1479611866028 9 3
1479611867451 4 2
1479611868804 7 1
1479611869789 8 -1
1479611871181 2 3
1479611872051 8 1
1479611872877 7 -1
1479611873828 0 1
1479611875220 10 1
1479611876389 7 -2
1479611877429 8 -1
1479611878349 2 -1
1479611879808 9 -3
1479611881340 5 1
1479611882732 6 1
1479611883484 11 1
1479611884204 1 1
1479611884940 7 -1
1479611885981 0 -1
1479611887363 2 -1
1479611888116 4 -3
1479611889492 2 1
1479611890040 12 2
1479611891205 3 2
1479611893293 10 2
1479611894332 0 1
1479611895339 7 1
1479611896004 1 -1
1479611896821 11 -1
1479611897588 10 -2
1479611912027 6 -1
1479611919068 0 3
1479611920428 0 1
