1479402679704 2 1
1479402683918 1 1
1479402685175 1 -1
1479402686766 11 -1
1479402688214 6 -1
1479402689614 3 1
1479402691094 12 -1
1479402692070 2 -1
1479402693222 2 1
1479402694080 12 1
1479402695327 10 3
1479402698454 2 -1
1479402699582 8 1
1479402700758 8 -1
1479402702975 8 1
1479402704094 7 -1
1479402705502 9 -2
1479402706758 12 1
1479402707886 3 1
1479402715255 3 -1
1479402716102 12 -1
1479402718462 9 2
1479402719726 7 1
1479402721431 8 -1
1479402722679 2 1
1479402725022 2 -1
1479402725639 2 1
1479402726759 10 -3
1479402729767 12 -1
1479402730552 2 -1
1479402732471 3 -1
1479402733790 4 2
1479402735525 9 -1
1479402737293 2 2
1479402738501 0 1
1479402740415 0 -1
1479402741334 2 -2
1479402742397 4 -2
1479402743549 12 1
1479402745197 3 2
1479402749198 6 1
1479402754110 11 1
1479402755013 12 -2
1479402756741 4 1
1479402759494 4 -1
1479402760557 12 2
1479402761405 11 -1
1479402762085 6 -1
1479402764174 R
1479402773213 1 1
1479402774181 12 -1
1479402775661 4 2
1479402777253 8 1
1479402778189 7 -1
1479402779213 9 -2
1479402780638 4 -2
1479402781653 12 2
1479402782557 3 2
1479402785773 1 -1
1479402787501 11 -1
1479402788597 6 -1
1479402794293 12 -2
1479402795064 3 -2
1479402796358 5 -1
1479402799358 9 3
1479402800967 4 2
1479402802287 7 1
1479402803886 8 -1
1479402805430 2 3
1479402809694 8 1
1479402810950 0 1
1479402813182 8 -1
1479402813935 0 -1
1479402817039 2 -3
1479402817958 4 -2
1479402818774 9 -2
1479402822416 5 1
1479402823431 3 2
1479402826174 12 1
1479402826982 12 -1
1479402827806 3 -2
1479402833702 6 1
1479402834735 11 1
1479402835654 12 -1
1479402836775 2 1
1479402837679 10 1
1479402838727 10 -1
1479402840784 9 1
1479402874445 2 -1
1479402875613 8 2
1479402877198 7 -1
1479402878517 9 -2
1479402880285 3 2
1479402883118 8 -1
1479402884101 12 3
1479402888126 11 -1
1479402889078 6 -1
1479402928487 R
1479402932374 9 -1
1479402933990 3 2
1479402935878 12 -2
1479402937958 8 2
1479402944167 8 -2
1479402945238 2 1
1479402948150 2 -1
1479402949558 12 2
1479402951231 11 -1
1479402952422 6 -1
1479402954542 3 -2
1479402955383 12 -1
1479402956735 4 2
1479402958519 9 1
1479402960031 2 2
1479402961863 0 1
1479402963870 10 1
1479402971662 6 1
1479402973022 11 1
1479402987461 12 -1
1479402994622 12 1
1479402995631 1 1
1479402998365 0 -1
1479402999141 10 -1
1479403000085 1 -1
1479403001685 12 -1
1479403003037 0 1
1479403004085 10 1
1479403004886 0 -1
1479403005542 10 -1
