1481434015460 9 -1
1481434016635 3 2
1481434017626 12 -2
1481434024812 8 2
1481434027290 8 -2
1481434029085 12 2
1481434030010 11 -1
1481434030951 6 -1
1481434031759 3 -2
1481434032626 9 1
1481434033726 12 -1
1481434034692 4 2
1481434036024 2 2
1481434041816 6 1
1481434042520 11 1
1481434043684 12 -1
1481434044669 2 -2
1481434045951 4 -2
1481434046813 9 -1
1481434048354 3 2
1481434050102 12 2
1481434051913 11 -1
1481434052821 6 -1
1481434053564 12 -1
1481434054198 2 1
1481434056878 4 1
1481434060222 4 -1
1481434060943 12 1
1481434062244 10 3
1481434065760 2 -1
1481434068803 2 1
1481434070823 10 -3
1481434075012 12 -1
1481434075909 3 -2
1481434077088 4 2
1481434078154 2 1
1481434082391 6 1
1481434083204 11 1
1481434084129 12 -1
1481434085130 2 -2
1481434086093 4 -2
1481434087480 12 2
1481434088416 11 -1
1481434089516 6 -1
1481434090213 5 -1
1481434090831 3 2
1481434091774 2 1
1481434093255 3 -2
1481434093975 12 -1
1481434094794 9 2
1481434095601 4 2
1481434096491 2 2
1481434101440 2 -3
1481434103942 9 -2
1481434104840 9 1
1481434106069 5 1
1481434107433 2 2
1481434116059 2 -2
1481434116953 4 -2
1481434118314 9 -1
1481434119211 3 2
1481434121001 6 1
1481434122054 11 1
1481434123649 12 -1
1481434124857 2 1
1481434125818 4 1
1481434128304 R
1481434131927 9 -1
1481434132873 9 1
1481434139252 11 -1
1481434139840 6 -1
1481434140475 5 -1
1481434141596 9 1
1481434146046 12 -1
1481434147235 4 2
1481434148987 2 3
1481434153700 2 -3
1481434154613 4 -2
1481434155597 9 -2
1481434156921 3 2
1481434157572 5 1
1481434159931 12 1
1481434160596 2 1
1481434161720 10 3
1481434169611 6 1
1481434170362 11 1
1481434171106 1 1
1481434172025 2 -1
1481434174573 2 1
1481434175479 10 -3
1481434176255 1 -1
1481434176824 11 -1
1481434177815 6 -1
1481434181113 3 -1
1481434182353 9 1
1481434182896 5 -1
1481434184147 9 1
1481434184960 2 -1
1481434185690 12 -1
1481434187757 3 -1
1481434188772 4 2
1481434190962 2 3
1481434205526 2 -3
1481434206975 4 -2
1481434207771 9 -2
1481434209041 12 1
1481434210405 3 2
1481434211325 2 1
1481434212743 5 1
1481434214731 6 1
1481434215445 11 1
1481434216776 12 -2
1481434218007 2 -1
1481434220349 3 -2
1481434221275 4 2
1481434222150 9 1
1481434225008 8 2
1481434228033 7 -1
1481434228916 9 -2
1481434230015 4 -2
1481434230573 8 -1
1481434231340 12 3
1481434232315 3 2
1481434235063 11 -1
1481434235940 6 -1
1481434251045 6 1
1481434251698 11 1
1481434253580 1 1
1481434255609 12 -2
1481434256243 3 -2
1481434257226 4 2
1481434260210 4 -1
1481434262460 9 1
1481434263407 7 1
1481434264210 8 -1
1481434265046 4 1
1481434268161 2 2
1481434269220 1 -1
1481434270274 12 -1
1481434271627 12 1
1481434272194 11 -1
1481434272860 6 -1
1481434274193 0 1
1481434277243 5 -1
1481434278054 9 2
1481434279262 2 1
1481434280122 8 1
1481434281252 7 -2
1481434282451 10 1
1481434283212 7 -1
1481434283916 8 -1
1481434284860 2 -1
1481434285728 9 -3
1481434286957 5 1
1481434287848 6 1
1481434288467 11 1
1481434289413 12 -1
1481434290876 12 1
1481434291464 1 1
1481434292114 7 -1
1481434292941 0 -1
1481434293959 2 -1
1481434294926 4 -3
1481434296643 2 1
1481434297264 12 2
1481434298725 3 2
1481434300700 0 3
1481434301382 7 1
1481434302131 1 -1
1481434302905 11 -1
1481434303612 6 -1
1481434304252 0 2
