1479353077927 6 1
1479353078503 2 1
1479353079351 5 -1
1479353079943 2 -2
1479353080686 6 -1
1479353082407 9 -1
1479353083104 3 -1
1479353083943 12 -1
1479353085273 8 -1
1479353086087 11 -2
1479353086673 6 2
1479353087375 2 3
1479353088160 1 2
1479353088935 0 1
1479353090215 8 -2
1479353090794 5 1
1479353091511 8 -1
1479353092826 1 -1
1479353093671 0 -1
1479353094655 12 1
1479353095183 4 1
1479353095991 10 2
1479353097295 0 1
1479353098263 0 -1
1479353098847 10 -2
1479353100011 12 -1
1479353100591 4 -1
1479353101271 1 -1
1479353101767 6 -2
1479353102319 2 -2
1479353103215 11 2
1479353103936 4 3
1479353104640 12 1
1479353106095 10 2
1479353106624 3 2
1479353107264 10 1
1479353107784 9 1
1479353108639 1 -2
1479353109455 0 1
1479353110175 8 1
1479353113407 5 -3
1479353114056 8 -1
1479353114575 6 -1
1479353115160 2 -1
1479353116000 12 2
1479353116679 0 2
1479353117320 1 2
1479353118367 10 -1
1479353119071 9 -1
1479353119800 3 -1
1479353120615 3 -1
1479353121679 0 2
