1483130992555 9 -1
1483131001895 10 1
1483131006549 3 -1
1483131025667 10 -1
1483131033645 12 -1
1483131046237 6 1
1483131050951 2 1
1483131063033 2 -1
1483131067607 6 -1
1483131118365 3 1
1483131119286 9 1
1483131123423 9 -1
1483131136816 3 -1
1483131145298 8 -1
1483131147431 3 2
1483131167055 3 -2
1483131196755 6 1
1483131205161 2 1
1483131210526 11 -2
1483131211678 6 1
1483131213041 2 1
1483131214398 1 2
1483131215385 8 -3
1483131219968 1 -2
1483131220949 6 -2
1483131223039 2 -2
1483131224944 4 3
1483131226969 12 1
1483131228184 10 2
1483131229521 11 2
1483131231081 3 2
1483131232317 10 1
1483131233893 9 1
1483131255367 1 -2
1483131259005 0 1
1483131260066 8 1
1483131261091 5 -3
1483131263746 6 -1
1483131264878 2 -1
1483131265897 12 2
1483131269273 0 2
1483131272773 8 2
1483131274022 1 2
1483131275476 10 -1
1483131276772 9 -1
1483131295116 U
1483131295689 U
1483131296335 U
1483131297360 U
1483131298320 U
1483131311909 0 2
1483131629154 8 -1
1483131631763 12 -1
1483131633285 4 -1
1483131637021 1 2
1483131638967 10 -2
1483131640096 9 -1
1483131641455 3 -2
1483131642685 0 1
1483131644480 0 1
