1479810215313 6 1
1479810217624 6 -1
1479810219840 2 1
1479810222250 9 -1
1479810222879 3 -1
1479810226952 6 1
1479810230096 5 -1
1479810230936 2 -2
1479810232304 6 -1
1479810235647 3 1
1479810236279 9 1
1479810237520 12 -1
1479810238170 8 -1
1479810239040 11 -1
1479810242232 6 1
1479810245647 6 -1
1479810246768 11 1
1479810251607 2 2
1479810252263 6 1
1479810254104 5 1
1479810256305 5 -1
1479810258081 9 -1
1479810258791 3 -1
1479810259406 8 1
1479810260643 6 -1
1479810261607 12 1
1479810262305 2 -2
1479810265432 R
1479810270351 12 -1
1479810270873 8 -1
1479810271487 11 -1
1479810272014 2 2
1479810273255 6 1
1479810280167 2 -2
1479810281359 11 1
1479810282475 3 1
1479810283202 9 -1
1479810283734 3 -1
1479810284591 3 -1
1479810285278 11 -2
1479810285782 6 1
1479810286872 1 1
1479810287439 5 -1
1479810288142 2 -1
1479810290758 1 -1
1479810291390 6 -2
1479810292246 11 2
1479810292798 8 1
1479810295798 12 1
1479810297230 10 1
1479810297734 10 -1
1479810300198 2 2
1479810300974 5 1
1479810301695 5 -1
1479810302206 2 -2
1479810304648 3 1
1479810305189 9 1
1479810305722 9 -1
1479810306375 3 -1
1479810307294 12 -1
1479810307927 8 -1
1479810308742 11 -2
1479810309743 R
1479810312709 9 -1
1479810313344 3 -1
1479810315441 3 1
1479810317152 12 -1
1479810317902 8 -1
1479810318889 3 1
1479810322606 3 -2
1479810325365 11 -2
1479810326366 6 2
1479810327165 2 2
1479810328238 1 2
1479810331173 0 1
1479810333359 5 -2
1479810334062 1 -1
1479810334909 2 -3
1479810337505 2 3
1479810341181 5 2
1479810342326 5 -2
1479810343040 1 1
1479810343989 8 -2
1479810345637 12 1
1479810346317 4 1
1479810347053 10 2
1479810348061 5 -1
1479810348797 8 -1
1479810349500 1 -1
1479810350134 2 -3
1479810351461 2 3
1479810355164 1 1
1479810358789 10 -1
1479810360485 10 1
1479810363053 1 -1
1479810363686 R
1479810375780 9 -1
1479810380763 3 -1
1479810383276 6 1
1479810385388 6 -1
1479810386508 3 1
1479810387668 10 1
1479810388011 9 1
1479810389196 10 -1
1479810389891 12 -1
1479810390692 8 -1
1479810393094 9 -1
1479810393645 3 -1
1479810394628 11 -2
1479810395315 6 2
1479810396187 2 2
1479810397551 1 2
1479810398700 8 -3
1479810400051 1 -2
1479810401076 6 -2
1479810401747 2 -2
1479810402724 4 3
1479810403668 11 2
1479810406060 3 2
1479810406644 9 1
1479810408436 9 -1
1479810409283 3 -2
1479810410676 4 -3
1479810412990 3 2
1479810413595 9 1
1479810415109 4 2
1479810415700 12 1
1479810416299 10 3
1479810417675 1 -2
1479810421229 4 1
1479810427717 4 -2
1479810428963 6 1
1479810429603 2 1
1479810431619 8 1
1479810432355 5 -1
1479810432914 2 -2
1479810434091 6 -1
1479810435035 4 2
1479810438942 1 1
1479810440122 1 -1
1479810441379 1 1
1479810443290 1 -1
1479810445459 4 -2
1479810446162 6 1
1479810447827 6 -1
1479810449675 2 2
1479810450406 5 1
1479810450898 8 -1
1479810451883 1 2
1479810452803 7 1
1479810453178 10 -3
1479810454506 7 -1
1479810455082 9 -1
1479810455786 9 1
1479810456747 12 -1
1479810457685 12 1
1479810458099 10 3
1479810458770 1 -2
1479810462178 2 -1
1479810462994 4 2
1479810464090 4 -2
1479810465066 2 1
1479810465474 6 1
1479810467666 1 2
1479810468274 10 -3
1479810469267 3 -1
1479810469738 4 -1
1479810470307 12 -1
1479810471266 11 -1
1479810472289 2 1
1479810473281 6 -1
1479810474098 4 2
1479810476434 12 1
1479810477098 9 -1
1479810477962 3 -1
1479810479058 11 -1
1479810479490 4 -2
1479810480218 6 2
1479810481234 1 2
1479810482506 0 1
1479810483529 12 -1
1479810485634 8 3
1479810487625 5 -2
1479810488913 1 -1
1479810489345 2 -3
1479810491555 2 3
1479810492058 1 1
1479810492441 8 -2
1479810494818 R
1479810496994 9 -1
1479810499700 3 -1
1479810501586 12 -1
1479810502282 8 -1
1479810502865 11 -2
1479810503699 6 2
1479810504347 2 2
1479810505265 1 2
1479810506209 0 1
1479810506939 5 -2
1479810508113 8 -2
1479810509532 12 1
1479810509980 4 1
1479810510441 10 2
1479810511659 5 -1
1479810512241 8 -1
1479810513634 1 -1
1479810514297 2 -3
1479810517385 2 3
1479810518993 1 1
1479810519665 8 1
1479810520345 5 3
1479810521394 10 -2
1479810522169 4 -1
1479810522976 12 -1
1479810525865 8 -1
1479810526882 1 -1
1479810528041 1 1
1479810528690 0 -1
1479810529320 1 -2
1479810529803 6 -2
1479810530337 2 -2
1479810530848 6 2
1479810531283 2 2
1479810531931 12 1
1479810532424 12 -1
1479810533000 1 2
1479810533596 12 1
1479810535952 0 1
1479810536649 8 1
1479810537609 5 -2
1479810538921 12 -1
1479810539632 8 2
1479810542234 1 -1
1479810544217 5 2
1479810544715 1 1
1479810545176 8 -3
1479810546330 12 1
1479810546760 4 1
1479810547377 10 2
1479810548121 8 1
1479810548840 5 -3
1479810549786 5 3
1479810550523 10 -2
1479810551232 4 -1
1479810551762 12 -1
1479810554160 8 -1
