1479342000177 9 -1
1479342002096 3 -1
1479342003718 12 -1
1479342004968 8 -1
1479342006902 11 -2
1479342008198 2 2
1479342009304 6 2
1479342010756 1 2
1479342013089 8 -3
1479342029452 0 1
1479342032862 8 1
1479342044864 8 2
1479342058386 8 -3
1479342061280 1 -1
1479342064160 2 -2
1479342086856 0 -1
1479342088455 1 -1
1479342089446 6 -2
1479342090889 11 2
1479342093549 4 3
1479342099269 3 2
1479342100471 9 1
1479342101538 7 1
1479342102232 12 1
1479342103373 10 3
1479342105540 1 -1
1479342107016 8 1
1479342672092 7 -1
1479342673082 1 -1
1479342674589 0 1
1479342676726 5 -2
1479342677691 6 -1
1479342678566 2 -1
1479342679986 12 2
1479342681842 0 2
1479342692622 8 2
1479342693823 1 2
1479342694768 10 -3
1479342695549 9 -1
1479342696610 3 -2
1479342697521 0 2
