1482418097918 9 -1
1482418099268 12 -1
1482418100618 6 1
1482418101821 5 -1
1482418104589 5 1
1482418105387 6 -1
1482418107503 3 -1
1482418108560 8 -1
1482418109471 11 -2
1482418110394 6 2
1482418111091 2 2
1482418111980 1 2
1482418113847 0 1
1482418114961 5 -2
1482418116750 8 -2
1482418117897 12 1
1482418120890 4 1
1482418123556 5 2
1482418124344 0 -1
1482418125244 8 -1
1482418126278 1 -2
1482418127313 6 -2
1482418129732 10 2
1482418131206 10 -2
1482418132094 11 1
1482418132837 4 1
1482418133625 12 -1
1482418134502 3 1
1482418135278 9 1
1482418136403 12 1
1482418137371 10 2
1482418139756 2 -2
1482418140509 11 1
1482418141443 3 1
1482418142324 10 1
1482418143289 1 -2
1482418146991 4 -1
1482418152704 4 2
1482418154561 4 -2
1482418155314 2 1
1482418155989 6 1
1482418159983 8 1
1482418160840 0 1
1482418161997 5 -3
1482418162946 6 -2
1482418163754 2 -2
1482418167554 12 2
1482418168364 4 2
1482418170918 0 2
1482418172470 1 1
1482418173754 9 -1
1482418175193 8 -1
1482418175980 1 1
1482418177037 10 -2
1482418178061 3 -2
1482418178821 0 2
