1484754343641 6 1
1484754344758 2 1
1484754346137 9 -1
1484754347638 3 -1
1484754350014 3 1
1484754351115 9 1
1484754354037 12 -1
1484754355381 8 -1
1484754356644 11 -1
1484754358108 2 1
1484754363178 6 -1
1484754367655 9 -1
1484754368771 3 -1
1484754369768 11 -1
1484754371313 6 2
1484754373008 1 2
1484754374217 8 -3
1484754375536 1 -2
1484754378923 1 1
1484754385780 1 -1
1484754387452 6 -1
1484754388929 6 -1
1484754396292 6 1
1484754398045 6 1
1484754404266 12 1
1484754405280 4 1
1484754407289 10 2
1484754409378 6 -1
1484754410917 2 -1
1484754411940 11 2
1484754413014 3 2
1484754414241 10 1
1484754415314 9 1
1484754416622 1 -2
1484754418172 0 1
1484754425000 8 1
1484754426099 5 -3
1484754427150 8 -1
1484754428204 6 -2
1484754429406 2 -2
1484754430562 12 2
1484754431600 4 2
1484754432779 0 2
1484754433845 1 2
1484754434793 10 -1
1484754435910 9 -1
1484754436935 3 -2
1484754438780 0 1
1484754439772 0 1
