1481411761711 12 -1
1481411765737 12 1
1481411769350 9 -1
1481411770320 3 -1
1481411772610 3 1
1481411774334 5 -1
1481411775819 2 -1
1481411781974 12 -1
1481411783170 6 1
1481411785496 6 -1
1481411786264 2 2
1481411787283 5 1
1481411790675 5 -1
1481411792325 2 -1
1481411793430 2 -1
1481411798039 8 -1
1481411799653 9 1
1481411800893 9 -1
1481411801861 3 -1
1481411803447 8 1
1481411804464 12 1
1481411805568 10 1
1481411807770 10 -1
1481411810194 6 1
1481411812808 6 -1
1481411816098 12 -1
1481411818521 6 1
1481411819415 2 2
1481411821783 5 1
1481411823629 5 -1
1481411824283 2 -1
1481411826559 8 -1
1481411828530 11 -2
1481411829760 2 2
1481411831086 6 1
1481411833153 1 2
1481411834695 8 -2
1481411838613 0 1
1481411839306 5 -1
1481411842551 4 1
1481411844244 12 1
1481411845775 10 2
1481411846496 5 -1
1481411847376 8 -1
1481411849824 1 -1
1481411850544 2 -3
1481411854545 10 -1
1481411859349 2 2
1481411861537 2 -1
1481411862969 2 -1
1481411865579 10 1
1481411869389 2 3
1481411870244 1 1
1481411871267 8 1
1481411872002 5 3
1481411873934 8 -1
1481411877265 1 -1
1481411877911 2 -2
1481411881622 10 -2
1481411884129 12 -1
1481411886374 4 -1
1481411888507 2 2
1481411889155 1 1
1481411891911 8 3
1481411895084 8 -2
1481411896012 8 -1
1481411901497 12 1
1481411902027 4 1
1481411903673 10 2
1481411907023 10 -2
1481411910058 1 -1
1481411911016 2 -2
1481411913151 2 2
1481411914017 1 1
1481411914485 8 1
1481411915137 5 -2
1481411918269 10 2
1481411918852 5 -1
1481411919611 8 -1
1481411920969 1 -1
1481411921608 2 -2
1481411922494 2 -1
1481411926617 10 -1
1481411927493 4 -1
1481411929295 4 1
1481411932147 4 -1
1481411933627 2 3
1481411934312 1 1
1481411934899 8 1
1481411935677 5 1
1481411936887 10 -1
1481411938003 12 -1
1481411944527 8 2
1481411945256 1 -1
1481411946669 2 -2
1481411947392 2 -1
1481411950412 5 1
1481411955184 R
1481411962785 9 -1
1481411965875 9 1
1481411976920 5 -1
1481411977568 2 -1
1481411980443 2 2
1481411982999 5 1
1481411983510 6 1
1481411985800 6 -1
1481411986607 5 -1
1481411987500 2 -2
1481411991634 9 -1
1481411993577 3 -1
1481411995348 12 -1
1481411996202 8 -1
1481412000562 11 -2
1481412001684 6 2
1481412002355 2 2
1481412003251 2 1
1481412004700 1 2
1481412006556 5 1
1481412007304 0 1
1481412009348 8 -2
1481412010418 8 -1
1481412014782 8 1
1481412016421 5 -2
1481412018008 5 2
1481412018537 8 -1
1481412019248 1 -1
1481412020416 2 -2
1481412022152 2 2
1481412028445 1 1
1481412029090 8 2
1481412029878 8 1
1481412033030 5 -2
1481412034758 1 -1
1481412035689 2 -2
1481412036379 2 -1
1481412037939 2 3
1481412039830 1 1
1481412040528 8 -1
1481412041210 8 -1
1481412044550 12 1
1481412045148 10 1
1481412046023 5 -1
1481412047097 8 -1
1481412051618 1 -1
1481412053993 2 -1
1481412054776 2 -2
1481412056798 2 3
1481412059415 4 1
1481412060118 10 1
1481412062224 10 -1
1481412064593 10 1
1481412065739 1 1
1481412066638 8 1
1481412067742 5 3
1481412068929 10 -2
1481412069969 12 -1
1481412071023 4 -1
1481412074318 8 2
1481412074890 1 -1
1481412076530 5 -2
1481412077442 2 -2
1481412078161 2 -1
1481412078972 5 1
1481412081081 0 -1
1481412082122 1 -1
1481412082780 2 3
1481412083506 5 1
1481412084759 6 -2
1481412086252 6 2
1481412086801 1 2
1481412088498 0 1
1481412089053 8 -3
