1482873806128 7 1
1482873807851 12 -1
1482873811488 6 1
1482873812509 2 1
1482873813889 5 -1
1482873815769 2 -2
1482873817526 6 -1
1482873818989 8 -1
1482873819911 3 1
1482873826786 7 -1
1482873828186 9 -1
1482873829764 3 -2
1482873832529 8 1
1482873833621 6 1
1482873837424 6 -1
1482873838281 8 -1
1482873839954 11 -2
1482873841136 6 2
1482873842486 2 3
1482873843784 1 2
1482873847566 5 1
1482873851046 8 -3
1482873853209 1 -2
1482873854451 6 -2
1482873855399 2 -2
1482873856399 4 3
1482873859806 11 2
1482873861056 3 2
1482873862089 9 1
1482873863306 12 1
1482873864339 10 3
1482873865309 7 1
1482873866736 7 -1
1482873867416 1 -2
1482873873019 0 1
1482873874876 4 -2
1482873875676 6 1
1482873876536 2 1
1482873877729 8 1
1482873878736 5 -3
1482873879586 8 -1
1482873880509 6 -2
1482873881566 2 -2
1482873882491 12 2
1482873883349 4 2
1482873885046 0 2
1482873887666 1 2
1482873888574 10 -2
1482873889361 9 -1
1482873890789 3 -2
1482873891616 0 2
