1479515584417 4 -2
1479515585340 6 -1
1479515585924 12 -2
1479515586524 7 -2
1479515587000 1 -1
1479515587461 8 2
1479515587972 5 3
1479515589371 2 2
1479515589974 0 1
1479515590712 2 -1
1479515591140 8 -3
1479515591755 8 -1
1479515594078 2 1
1479515595053 11 1
1479515597552 3 3
1479515598239 4 -1
1479515598656 10 -1
1479515599094 9 -1
1479515599650 6 -1
1479515600124 1 -1
1479515600980 11 2
1479515602036 2 -1
1479515602569 3 -1
1479515603079 8 3
1479515603806 8 1
1479515605215 2 1
1479515605819 11 -2
1479515606784 1 1
1479515607244 6 1
1479515607967 4 1
1479515608336 9 1
1479515608741 10 1
1479515609131 3 -2
1479515610840 0 -1
1479515613712 11 -1
1479515614093 2 -2
1479515614923 8 -3
1479515615604 5 -3
1479515616423 1 2
1479515617081 6 2
1479515617500 7 2
1479515619550 4 1
1479515621230 4 -1
1479515621953 6 -2
1479515622639 6 1
1479515623482 7 -2
1479515624066 1 -2
1479515624891 8 3
1479515626136 5 1
1479515626504 6 -1
1479515627073 5 2
1479515628166 2 2
1479515629999 8 -1
1479515630849 2 -2
1479515632117 5 -3
1479515634988 7 2
1479515635522 5 2
1479515636930 12 2
1479515638283 9 1
1479515638801 10 1
1479515639797 10 -1
1479515640200 9 -1
1479515640648 12 -2
1479515641232 7 -2
1479515641726 5 1
1479515642532 8 1
1479515644297 2 2
1479515645636 0 1
1479515646133 11 1
1479515646714 3 4
1479515648561 8 -1
1479515649285 10 -1
1479515649805 4 -1
1479515651060 4 1
1479515651416 9 -1
1479515652497 6 -1
1479515653681 4 -1
1479515654058 1 -1
1479515655609 11 -1
1479515656296 2 -1
1479515656983 8 -2
1479515661144 0 -1
1479515662020 2 -1
1479515663701 8 2
1479515665740 1 1
1479515666452 1 -1
1479515666866 6 1
1479515667660 1 1
1479515668108 8 -2
1479515668523 5 -2
1479515668940 6 2
1479515669534 7 2
1479515670246 4 2
1479515671275 9 1
1479515671948 10 1
1479515672329 4 -2
1479515672817 1 -1
1479515673218 6 -2
1479515673713 7 -2
1479515674177 5 2
1479515675150 8 2
1479515675789 1 1
1479515676463 1 -1
1479515677089 2 2
1479515677624 11 2
1479515678158 0 1
1479515679119 3 -2
1479515679701 11 -1
1479515680983 1 1
1479515681855 10 -1
1479515682280 9 -1
1479515682920 6 -1
1479515683834 1 -1
1479515702139 11 2
1479515703657 2 -1
1479515704249 8 -3
1479515704959 8 1
1479515705507 8 -1
1479515706167 8 1
1479515706641 3 2
1479515707116 0 -1
1479515707732 2 -1
1479515708633 5 -2
1479515709239 7 2
1479515709830 12 2
1479515710543 12 -2
1479515711084 11 1
1479515711583 5 1
1479515712175 1 1
1479515712697 4 1
1479515713608 4 -1
1479515714490 1 -1
1479515714947 8 2
1479515715469 3 -1
1479515715884 5 -1
1479515716405 5 1
1479515717094 5 -1
1479515717506 8 -2
1479515718882 1 1
1479515719416 4 1
1479515720185 4 -1
1479515722035 8 2
1479515722425 5 1
1479515724012 1 -1
1479515724676 11 -1
1479515725531 12 2
1479515726144 12 -1
1479515726809 12 -1
1479515727329 7 -2
1479515728052 5 1
1479515728613 8 1
1479515729153 2 2
1479515730433 3 1
1479515730886 0 1
1479515731511 3 -2
1479515732461 2 -1
1479515733076 8 -3
1479515733809 8 -1
1479515756474 2 1
1479515757077 11 -2
1479515757943 1 1
1479515758312 6 1
1479515759269 9 1
1479515759614 4 1
1479515760097 10 1
1479515760622 3 -2
1479515761915 11 -1
1479515762376 2 -1
1479515763096 8 3
1479515764131 0 -1
1479515764534 2 -1
1479515765290 8 1
1479515767613 2 2
1479515769095 11 1
1479515770221 11 -1
1479515770482 11 1
1479515770907 0 1
1479515771575 3 4
1479515772142 4 -1
1479515772520 10 -1
1479515772935 9 -1
1479515773503 6 -1
1479515773812 1 -1
1479515774916 11 2
1479515776395 2 -1
1479515776908 8 -3
1479515778764 3 -2
1479515779410 8 -1
1479515781148 2 1
1479515781684 2 -1
1479515783685 8 2
1479515784149 8 2
1479515784597 2 1
1479515785084 11 -2
1479515787074 1 1
1479515787630 1 -1
1479515789126 6 1
1479515789776 1 1
1479515790713 9 1
1479515791448 10 1
1479515792086 4 1
1479515792611 3 -2
1479515793130 11 -1
1479515793899 11 1
1479515794256 0 -1
1479515794665 11 -1
1479515795015 2 -2
1479515795785 5 -3
1479515796619 8 -3
1479515797338 1 2
1479515804663 6 2
1479515805170 7 2
1479515805987 12 2
1479515806559 12 -2
1479515807148 4 1
1479515808819 6 -1
1479515809212 7 -2
1479515809838 1 -2
1479515810692 5 1
1479515811168 8 3
1479515822686 7 1
1479515823385 7 -1
1479515823737 7 1
1479515826610 5 -1
1479515827697 1 2
1479515829547 4 -1
1479515829914 6 -1
1479515830467 7 -1
1479515831227 1 -2
1479515831822 5 3
1479515832390 2 2
1479515832924 11 1
1479515833600 11 -1
1479515834479 2 -2
1479515839041 5 -2
1479515840310 5 -1
1479515841045 6 1
1479515841497 1 2
1479515842090 7 1
1479515842718 1 -1
1479515843182 8 -3
1479515843701 6 1
1479515844460 1 1
1479515844841 7 1
1479515846345 12 2
1479515847044 9 1
1479515847401 4 2
1479515848031 10 1
1479515848457 2 -1
1479515849287 2 1
1479515849677 2 -1
1479515850070 11 2
1479515851515 10 -1
1479515852547 11 -2
1479515853032 2 1
1479515855356 1 -2
1479515855959 5 1
1479515856399 8 1
1479515860834 2 -1
1479515864011 9 -1
1479515864402 9 1
1479515865777 5 -1
1479515866231 1 1
1479515867360 2 1
1479515867743 4 -2
1479515868520 1 -1
1479515869025 6 -2
1479515869664 5 2
1479515870127 8 1
1479515872854 9 -1
1479515873235 12 -2
