1482858498082 2 -1
1482858501623 8 1
1482858504107 8 -3
1482858504773 2 1
1482858506594 1 -1
1482858508463 4 -2
1482858509753 12 -2
1482858510445 6 1
1482858511155 1 2
1482858512951 1 -2
1482858513589 5 1
1482858516447 7 -2
1482858517423 6 -2
1482858518022 5 2
1482858519090 2 2
1482858520050 0 1
1482858522913 3 1
1482858523566 10 -1
1482858524270 9 -1
1482858525368 6 -1
1482858526419 2 -1
1482858529280 8 4
1482858531272 2 1
1482858532692 2 -1
1482858533285 8 -3
1482858535552 8 -1
1482858599401 2 1
1482858601223 2 -1
1482858601845 8 4
1482858603151 2 1
1482858603935 2 -1
1482858605665 2 1
1482858606506 11 1
1482858607438 3 3
1482858622426 0 -1
1482858623043 4 -1
1482858623878 11 -1
1482858624762 1 -1
1482858625605 0 1
1482858626981 2 -1
1482858627765 8 -3
1482858645425 8 2
1482858656956 2 1
1482858657878 11 3
1482858658684 0 -1
1482858659622 11 -3
1482858661160 2 -2
1482858661942 5 -2
1482858663574 8 -2
1482858664380 7 2
1482858666354 12 2
1482858666999 6 3
1482858668864 9 2
1482858669897 10 2
1482858897491 10 -2
1482858898239 1 1
1482858898769 4 3
1482858900113 2 -2
1482858900791 0 1
1482858902305 0 -1
1482858903774 2 2
1482858904749 9 -2
1482858905786 4 -3
1482858907014 6 -3
1482858907792 12 -2
1482858909038 7 -2
1482858909608 5 2
1482858911158 5 -2
1482858912210 8 3
1482858913902 6 2
1482858915954 6 -2
1482858916537 1 -1
1482858917148 5 2
1482858918482 2 2
1482858919180 0 1
1482858920012 11 3
1482858921686 11 -3
1482858923371 2 -1
1482858924246 8 -3
1482858925135 8 3
1482858926736 2 1
1482858927989 1 1
1482858928603 6 1
1482858930341 1 -1
1482859059867 11 2
1482859060627 0 -1
1482859061537 11 -2
1482859062828 2 -2
1482859065488 5 -2
1482859066280 6 -1
1482859067554 8 -3
1482859177767 5 2
1482859179273 2 1
1482859180073 0 1
1482859181535 1 1
1482859182178 6 1
1482859183001 4 1
1482859185291 0 -1
1482859185968 2 -1
1482859187192 8 3
1482859188458 2 2
1482859189162 0 1
1482859189712 11 1
1482859190732 3 -3
1482859191600 11 -1
1482859193384 2 -1
1482859194238 8 -4
1482859195592 2 1
1482859196550 6 -1
1482859198496 11 1
1482859200432 11 -1
1482859201092 2 -1
1482859202062 2 1
1482859204782 2 -1
1482859206528 8 4
1482859207389 2 1
1482859208434 11 1
1482859209716 3 3
1482859210654 4 -1
1482859212107 1 -1
1482859212799 11 2
