1480112282434 2 -1
1480112285181 1 -1
1480112286607 5 1
1480112287899 11 1
1480112289369 11 -1
1480112290240 2 1
1480112290885 5 -1
1480112297700 4 -2
1480112298513 12 -2
1480112300840 6 1
1480112301471 1 1
1480112304113 7 -2
1480112305434 6 -1
1480112306424 8 2
1480112307235 1 1
1480112309006 4 1
1480112310718 7 1
1480112311557 12 1
1480112312296 9 1
1480112313039 10 1
1480112318270 1 -1
1480112318990 8 -1
1480112319560 7 1
1480112320101 12 1
1480112320807 4 1
1480112321558 2 -1
1480112322669 11 1
1480112330146 10 -1
1480112332862 9 -1
1480112336767 8 -3
1480112337592 1 1
1480112338207 6 1
1480112343748 11 1
1480112347501 11 -2
1480112348058 2 1
1480112350533 1 -2
1480112351464 5 1
1480112354241 5 -1
1480112355096 1 2
1480112357845 4 -2
1480112358834 12 -2
1480112359587 4 1
1480112362965 1 -2
1480112363925 6 -1
1480112364810 7 -2
1480112366404 4 -1
1480112366882 6 -1
1480112367603 5 3
1480112368324 2 2
1480112369141 0 1
1480112369914 11 1
1480112370696 3 3
1480112372601 10 -1
1480112373129 9 -1
1480112373969 6 -1
1480112375350 6 1
1480112377510 4 -1
1480112378067 1 -1
1480112379433 11 1
1480112380410 3 -1
1480112381025 11 -1
1480112382466 1 1
1480112386700 4 1
1480112387225 3 -1
1480112387810 11 -1
1480112388710 2 -1
1480112390078 6 -1
1480112392960 2 1
1480112393591 11 1
1480112394304 3 2
1480112395092 0 -1
1480112396052 4 -1
1480112398951 1 -1
1480112399627 11 2
1480112400647 2 -2
1480112401232 5 -2
1480112403349 7 2
1480112404160 11 1
1480112405091 1 1
1480112405888 4 1
1480112411847 8 1
1480112413678 3 1
1480112416861 5 1
1480112418302 4 -1
1480112418798 1 -1
1480112419338 11 -1
1480112420285 12 2
1480112424773 12 -1
1480112425449 7 -1
1480112425839 12 -1
1480112426334 7 -1
1480112427040 5 1
1480112427777 2 1
1480112429065 8 2
1480112429818 2 1
1480112431333 11 -2
1480112435418 11 -1
1480112436154 2 -1
1480112437278 2 -1
1480112438136 5 -2
1480112440311 8 1
1480112441318 1 1
1480112444529 6 2
1480112445251 7 1
1480112449304 8 -1
1480112449831 7 1
1480112450730 12 2
1480112451812 4 3
1480112453073 2 -1
1480112453600 9 1
1480112454170 2 -1
1480112456120 0 1
1480112460204 11 1
1480112461104 3 -3
1480112462111 5 -1
1480112462712 3 1
1480112463462 1 1
1480112464259 0 1
1480112469903 8 -1
1480112470504 6 1
1480112471164 0 1
1480112472169 2 1
1480112473176 3 -1
1480112473626 11 -1
1480112474049 2 1
1480112474708 4 -1
1480112475413 12 -2
1480112476882 0 2
