1482858952250 1 -1
1482858953594 8 1
1482858964274 8 -3
1482858965866 4 -2
1482858974474 6 -1
1482858976979 12 -2
1482858977706 7 -2
1482858978466 5 3
1482858979874 2 2
1482858986938 0 1
1482858988955 11 1
1482858990098 3 3
1482858992994 10 -1
1482858994074 4 -1
1482859006986 0 -1
1482859011428 R
1482859027676 4 -2
1482859028713 1 -1
1482859034137 6 -1
1482859034721 12 -2
1482859035745 7 -2
1482859036770 5 3
1482859044097 2 1
1482859045809 0 1
1482859048161 8 2
1482859053602 2 1
1482859054361 11 1
1482859055057 3 4
1482859057097 11 -1
1482859060801 10 -1
1482859061273 4 -1
1482859065609 9 -1
1482859066313 1 -1
1482859066819 6 -1
1482859070937 0 -1
1482859072001 2 -2
1482859076425 5 -2
1482859077313 8 -3
1482859078217 7 2
1482859080393 6 3
1482859084489 12 2
1482859085393 9 2
1482859087625 1 1
1482859088449 4 3
1482859089857 2 -2
1482859098889 0 1
1482859099369 11 1
1482859100185 3 -3
1482859102054 11 -1
1482859103201 5 -1
1482859103889 8 -1
1482859105249 1 2
1482859108513 0 2
1482859109459 2 2
1482859110297 4 -2
1482859112169 9 -2
1482859113505 12 -2
1482859114497 0 3
