1482365125969 4 -2
1482365127182 12 -2
1482365127974 6 1
1482365144318 8 -2
1482365145238 1 -1
1482365145958 6 -2
1482365146707 7 -2
1482365147549 5 3
1482365148726 2 2
1482365150591 2 -2
1482365151166 5 -3
1482365152440 7 1
1482365152993 6 2
1482365154126 1 1
1482365155726 4 1
1482365156870 4 -1
1482365157583 7 1
1482365158110 12 2
1482365158855 4 2
1482365160014 2 -1
1482365161576 2 1
1482365164510 9 1
1482365165862 10 1
1482365167983 4 -2
1482365168854 10 -1
1482365172686 12 -1
1482365175502 1 -1
1482365176847 8 2
1482365177998 6 -2
1482365178878 5 2
1482365180270 7 -1
1482365181194 8 -2
1482365181990 5 -2
1482365182742 6 2
1482365183206 1 2
1482365185264 9 -1
1482365187512 12 -1
1482365188486 7 1
1482365190878 1 -2
1482365191646 7 -2
1482365192262 6 -2
1482365192958 5 3
1482365193758 2 2
1482365194537 0 1
1482365197438 2 -1
1482365199336 3 1
1482365199862 10 -1
1482365200551 9 -1
1482365201318 6 -1
1482365203382 2 1
1482365204127 11 1
1482365204968 3 2
1482365205871 4 -1
1482365206838 1 -1
1482365207990 11 2
1482365208768 3 -1
1482365210662 2 -1
1482365211430 8 4
1482365212230 2 1
1482365213664 11 -2
1482365215247 11 2
1482365216142 2 -1
1482365217788 3 2
1482365219182 2 1
1482365219719 11 -3
1482365221318 0 -1
1482365222494 1 1
1482365223360 4 1
1482365224614 4 -1
1482365225426 4 1
1482365230096 0 1
1482365230889 11 1
1482365231592 3 -3
1482365232246 11 -1
1482365235104 2 -1
1482365235646 8 -4
1482365236710 2 1
1482365238334 2 -1
1482365238974 6 1
1482365239838 9 1
1482365240502 10 1
1482365241142 3 -1
1482365242328 0 -1
1482365243424 2 -1
1482365244015 5 -3
1482365246200 7 2
1482365246647 6 2
1482365247071 1 2
1482365248582 12 2
1482365249231 4 2
1482365252791 9 1
1482365253496 10 1
1482365254193 10 -1
1482365254768 10 1
1482365255542 2 -1
1482365256230 1 -2
1482365261134 1 2
1482365263998 10 -1
1482365264882 2 1
1482365265702 4 -2
1482365266832 1 -2
1482365267648 6 -2
1482365268470 5 2
1482365269760 5 -2
1482365270655 1 1
1482365271214 6 2
1482365273230 4 2
1482365274023 4 -2
1482365274822 9 -1
1482365275798 12 -2
1482365276646 4 1
1482365279814 6 -1
1482365280822 1 -1
1482365281542 6 1
1482365282311 5 1
1482365285230 5 -1
1482365285998 6 -1
1482365286662 6 1
1482365287338 4 -1
1482365288161 6 -2
1482365289208 7 -2
1482365289870 8 1
1482365290455 8 -1
1482365291142 5 3
1482365292046 2 2
1482365293935 0 1
1482365298582 3 1
1482365299262 10 -1
1482365299838 9 -1
1482365300638 6 -1
1482365301907 2 -1
1482365302744 8 4
1482365303406 2 1
1482365304095 11 1
1482365307670 6 1
1482365308550 9 1
1482365309039 10 1
1482365309631 3 -1
1482365310760 11 -1
1482365312996 2 -1
1482365313663 8 -4
1482365314366 2 1
1482365315670 0 -1
1482365318087 11 1
1482365319064 0 1
1482365319718 3 3
1482365321123 4 -1
1482365321536 10 -1
1482365322145 9 -1
1482365322912 1 -1
1482365326145 3 -1
1482365326856 11 1
1482365327595 11 -1
1482365328847 9 1
1482365329379 10 1
1482365330686 1 1
1482365331870 4 1
1482365332400 3 -2
1482365333161 11 -1
1482365334318 2 -1
1482365335287 8 4
1482365336031 2 1
1482365338366 2 -1
1482365338974 8 -4
1482365339718 2 1
1482365340881 0 -1
1482365342638 2 -2
1482365343607 5 -3
1482365345118 1 2
1482365346054 6 2
1482365347792 7 2
1482365348698 12 2
1482365349400 4 2
1482365350238 9 1
1482365351015 10 1
1482365351654 2 -1
1482365352398 11 2
1482365354022 10 -1
1482365354648 9 -1
1482365356022 9 1
1482365356534 10 1
1482365357518 11 -2
1482365358927 2 1
1482365361654 2 -1
1482365363721 6 -1
1482365365612 R
1482365366952 R
1482365368392 R
1482365373799 8 -2
1482365374630 1 -1
1482365375302 5 1
1482365376862 5 -1
1482365377726 6 1
1482365378566 1 2
1482365379568 2 -1
1482365380462 6 -1
1482365381262 1 -2
1482365382478 5 1
1482365383174 11 1
1482365384614 11 -1
1482365384960 5 -1
1482365385942 1 2
1482365386582 2 1
1482365387774 1 -2
1482365388486 6 1
1482365389070 1 2
1482365389974 4 -2
1482365390814 12 -2
1482365392519 6 -2
1482365393287 1 -2
1482365394087 7 -2
1482365394823 5 3
1482365395721 2 2
1482365398694 0 1
1482365399342 11 1
1482365400607 3 3
1482365401694 0 -1
1482365402310 4 -1
1482365402894 10 -1
1482365404431 9 -1
1482365405046 1 -1
1482365406694 11 1
1482365407854 11 -1
1482365408504 6 -1
1482365409199 11 2
1482365409889 2 -2
1482365410678 5 -2
1482365411430 7 2
1482365412022 12 2
1482365413080 12 -2
1482365413894 11 1
1482365415142 5 1
1482365416152 8 3
1482365416935 3 1
1482365417702 5 -1
1482365418527 8 -2
1482365419950 11 -1
1482365420934 12 2
1482365421950 12 -2
1482365424390 7 -2
1482365425423 5 2
1482365426078 8 3
1482365426790 2 2
1482365427561 0 1
1482365428346 3 -2
1482365429145 2 -1
1482365429782 8 -4
1482365430766 2 1
1482365431358 11 -2
1482365433422 1 1
1482365434280 6 1
1482365434920 4 1
1482365435431 9 1
1482365435945 10 1
1482365436536 3 -2
1482365437190 11 -1
1482365437847 0 -1
1482365438615 2 -2
1482365439407 5 -3
1482365444463 1 2
1482365445246 6 2
1482365445775 7 2
1482365448686 4 1
1482365449990 4 -1
1482365450550 12 2
1482365451190 9 1
1482365452235 4 2
1482365453054 10 1
1482365453776 2 -1
1482365454734 1 -2
1482365455184 6 -1
1482365456033 5 1
1482365456606 5 -1
1482365460870 10 -1
1482365461472 2 1
1482365461990 4 -2
1482365462574 9 -1
1482365464206 12 -2
1482365465622 6 1
1482365466455 1 2
1482365469503 12 2
1482365470111 4 2
1482365471279 2 -1
1482365473046 9 1
1482365473527 10 1
1482365475026 1 -2
1482365475441 6 -1
1482365480009 1 2
1482365480472 6 1
1482365481166 6 -1
1482365483079 1 -2
1482365484446 1 2
1482365485010 10 -1
1482365485658 2 1
1482365486136 4 -2
1482365486648 9 -1
1482365487377 6 -1
1482365488176 9 1
1482365488843 9 -1
1482365489647 12 -2
1482365490447 7 -2
1482365490998 1 -2
1482365491625 5 3
1482365492546 2 1
1482365493166 2 1
1482365494342 2 -1
1482365495047 0 1
1482365495878 3 1
1482365496486 10 -1
1482365497023 9 -1
1482365497855 6 -1
1482365499550 2 1
1482365501256 11 1
1482365502446 3 2
1482365503534 4 -1
1482365504934 1 -1
1482365505766 11 2
1482365506578 3 -1
1482365507431 2 -1
1482365508175 8 4
1482365508791 2 1
1482365509359 11 -2
1482365511200 11 2
1482365512454 3 2
1482365513302 0 -1
1482365514313 2 -2
1482365514950 5 -2
1482365515530 8 -3
1482365517148 7 2
1482365518647 11 1
1482365519465 5 1
1482365520384 3 -1
1482365521560 3 1
1482365522134 11 -1
1482365523798 7 -2
1482365524392 5 1
1482365525038 2 1
1482365525598 0 1
1482365526774 3 -2
1482365527374 8 -1
1482365528167 2 1
1482365528799 11 -2
1482365531614 1 1
1482365532023 6 1
1482365532736 4 1
1482365533974 4 -1
1482365534969 6 -1
1482365535958 1 -1
1482365537879 11 2
1482365538402 2 -1
1482365540342 8 3
1482365540937 2 1
1482365541452 11 -2
1482365543638 1 1
1482365544270 6 1
1482365545878 9 1
1482365546606 10 1
1482365547385 3 2
1482365548552 3 -2
1482365553136 R
1482365564124 2 -1
1482365564657 1 -1
1482365566041 5 1
1482365566798 8 -1
1482365568182 11 1
1482365569703 9 1
1482365570192 10 1
1482365572910 6 1
1482365574076 6 -1
1482365574737 5 -1
1482365575806 1 2
1482365576375 6 1
1482365578260 11 1
1482365582430 11 -2
1482365583183 2 1
1482365584231 4 -2
1482365585194 1 -2
1482365585646 6 -2
1482365586487 6 1
1482365587695 4 2
1482365588998 10 -1
1482365589679 4 -2
1482365591752 4 2
1482365592442 2 -1
1482365593179 2 1
1482365594239 8 2
1482365596097 8 -3
1482365596950 6 1
1482365597847 4 -2
1482365599114 6 -2
1482365600129 12 -1
1482365601249 9 -1
1482365601969 12 -1
1482365602654 7 -2
1482365603615 5 3
1482365604632 8 1
1482365606282 8 -1
1482365606849 2 2
1482365608599 0 1
1482365609148 11 1
1482365610086 3 3
1482365611350 0 -1
1482365611857 4 -1
1482365612289 10 -1
1482365613158 9 -1
1482365613943 6 -1
1482365614384 1 -1
1482365615431 11 2
1482365616224 2 -2
1482365616838 5 -2
1482365618321 7 2
1482365619111 11 1
1482365619919 11 -1
1482365622774 5 1
1482365625182 8 1
1482365625664 5 -1
1482365627072 11 1
1482365628838 3 1
1482365630550 5 1
1482365631360 5 -1
1482365631849 11 -1
1482365632470 7 -2
1482365633158 5 2
1482365633770 8 3
1482365634494 2 2
1482365635103 11 -3
1482365637102 2 -2
1482365637646 5 -2
1482365638634 8 -3
1482365641326 6 3
1482365642719 9 1
1482365643280 10 1
1482365644324 10 -1
1482365644848 9 -1
1482365647015 6 -3
1482365647912 6 1
1482365648550 5 2
1482365649448 2 1
1482365649903 0 1
1482365651441 8 2
1482365651839 2 1
1482365653223 11 2
1482365653870 11 -1
1482365654489 3 -2
1482365659150 9 1
1482365660048 10 1
1482365661214 1 1
1482365661657 4 1
1482365662368 3 -2
1482365663226 11 -1
1482365663616 0 -1
1482365665043 2 -2
1482365665614 5 -3
1482365666375 8 -3
1482365668041 5 3
1482365668953 2 2
1482365669792 0 1
1482365670631 11 1
1482365671182 11 -1
1482365671814 3 1
1482365672384 10 -1
1482365672975 9 -1
1482365673696 6 -1
1482365675168 2 -1
1482365675902 8 4
1482365676545 2 1
1482365677767 11 1
1482365679041 3 3
1482365679544 0 -1
1482365679985 11 -1
1482365680870 2 -2
1482365681862 5 -2
1482365683345 8 -3
1482365684065 6 3
1482365685382 7 2
1482365686327 7 -1
1482365694854 4 -1
1482365698240 9 1
1482365699214 10 1
1482365699918 4 2
1482365701350 10 -1
1482365701820 4 -2
1482365718847 6 -2
1482365719618 8 3
1482365720326 5 1
1482365721255 5 -1
1482365721954 6 1
1482365722454 8 -3
1482365723071 7 1
1482365723526 6 1
1482365729622 9 -1
1482365730226 4 2
1482365731334 9 1
1482365731846 10 1
1482365732479 10 -1
1482365733625 9 -1
1482365734383 4 -2
1482365735262 1 -1
1482365736153 6 -3
1482365737063 5 1
1482365737638 7 -2
1482365738374 5 1
1482365738998 2 1
1482365739890 0 1
1482365741464 8 2
1482365742167 2 1
1482365742926 11 1
1482365743599 3 -2
1482365745927 1 1
1482365746416 6 1
1482365747528 9 1
1482365748048 10 1
1482365748875 4 1
1482365749494 3 -2
1482365750080 0 -1
1482365750480 11 -1
1482365751876 2 -2
1482365752398 5 -3
1482365753328 8 -3
1482365756441 6 2
1482365757231 6 -1
1482365758028 4 1
1482365759268 4 -1
1482365760135 7 2
1482365760696 12 2
1482365761320 4 2
1482365762227 2 -1
1482365763750 1 2
1482365764878 6 1
1482365766329 11 2
1482365768996 9 1
1482365770400 10 1
1482365771097 10 -1
1482365772672 11 -2
1482365774625 9 -1
1482365775185 2 1
1482365775847 4 -2
1482365776711 4 1
1482365779914 12 -1
1482365780753 12 -1
1482365784711 1 -1
1482365785703 7 -1
1482365786622 8 2
1482365787991 6 -1
1482365788783 8 2
1482365789424 1 1
1482365792192 4 -1
1482365792886 6 -1
1482365793918 1 -2
1482365795382 8 -1
1482365796071 7 1
1482365797327 12 2
1482365798254 5 2
1482365799742 8 -3
1482365800786 5 -2
1482365803569 12 -2
1482365804072 7 -2
1482365804758 5 3
1482365808799 2 1
1482365810354 0 1
1482365811025 3 1
1482365811754 10 -1
1482365812319 9 -1
1482365813094 6 -1
1482365814775 2 1
1482365815449 11 1
1482365818095 3 2
1482365819422 4 -1
1482365822015 3 -1
1482365823727 1 -1
1482365824567 11 2
1482365825311 2 -1
1482365826855 8 3
1482365827672 3 2
1482365828719 2 1
1482365831974 11 -3
1482365832622 1 1
1482365833042 6 1
1482365834224 9 1
1482365834694 10 1
1482365835262 4 1
1482365837592 2 -1
1482365838695 2 1
1482365839471 0 -1
1482365840048 2 -2
1482365840623 5 -2
1482365841080 8 -2
1482365841783 7 2
1482365842210 6 2
1482365843393 4 -1
1482365843943 10 -1
1482365844462 9 -1
1482365845663 1 -1
1482365847047 6 -2
1482365847767 7 -2
1482365848330 5 2
1482365848991 8 3
1482365849647 2 2
1482365850264 0 1
1482365852529 2 -1
1482365853648 2 1
1482365854264 6 -1
1482365855033 11 3
1482365855792 3 -2
1482365856584 2 -1
1482365857230 8 -4
1482365857888 2 1
1482365858534 11 -2
1482365859097 1 1
1482365859481 6 1
1482365861136 6 -1
1482365861547 1 -1
1482365865432 3 1
1482365865898 0 -1
1482365867456 0 1
1482365867937 3 -1
1482365869104 1 1
1482365869400 6 1
1482365869882 9 1
1482365870350 10 1
1482365870672 4 1
1482365871343 3 -2
1482365872666 11 -1
1482365873008 0 -1
1482365873626 2 -2
1482365874582 5 -3
1482365877847 1 1
1482365878727 6 1
1482365880047 7 1
1482365881624 8 2
1482365882606 6 1
1482365893231 12 1
1482365894095 9 1
1482365895705 9 -1
1482365896735 6 -1
1482365897424 1 -1
1482365897920 12 -1
1482365898439 7 -1
1482365899496 6 -1
1482365900215 5 3
1482365901800 8 -2
1482365902417 2 2
1482365903759 2 -1
1482365904591 8 2
1482365905815 0 1
1482365906599 3 1
1482365907127 10 -1
1482365907657 9 -1
1482365909036 6 -1
1482365910310 8 -2
1482365910999 2 1
1482365912057 2 -1
1482365912664 8 2
1482365917256 6 1
1482365917985 9 1
1482365918641 10 1
1482365919096 3 -1
1482365919999 0 -1
1482365921145 2 -1
1482365921743 5 -2
1482365922847 6 2
1482365923338 7 2
1482365924490 8 -2
1482365926175 4 1
1482365927375 12 2
1482365928047 4 1
1482365928664 2 -1
1482365930137 9 1
1482365930712 10 1
1482365933411 5 -1
1482365933945 1 2
1482365939113 2 1
1482365939777 4 -2
1482365940536 10 -1
1482365940936 9 -1
1482365941584 12 -2
1482365942930 6 -2
1482365943433 1 -2
1482365943996 7 -2
1482365944647 5 3
1482365948152 2 2
1482365950383 2 -1
1482365951472 8 3
1482365952999 8 -3
1482365953817 2 1
1482365955103 2 -2
1482365955670 5 -3
1482365956425 1 2
1482365956799 7 2
1482365957347 6 2
1482365959224 4 1
1482365959903 12 2
1482365960385 4 1
1482365960953 2 -1
1482365961664 11 2
1482365964487 6 -1
1482365965665 9 1
1482365966129 10 1
1482365968482 6 1
1482365969143 11 -2
1482365970160 2 1
1482365970884 4 -2
1482365971808 12 -1
1482365973836 10 -1
1482365974960 9 -1
1482365975665 12 -1
1482365977215 6 -2
1482365978655 1 -2
1482365980087 5 1
1482365981289 6 2
1482365983912 6 -2
1482365984695 8 1
1482365986536 12 2
1482365987296 9 1
1482365993424 R
1482365996506 1 -1
1482365997009 2 -1
1482365997728 5 1
1482365998138 11 1
1482365999464 11 -1
1482365999848 5 -1
1482366000207 8 -1
1482366000626 1 2
1482366002593 8 -1
1482366003567 6 1
1482366003969 1 -2
1482366004442 6 -1
1482366006495 2 1
1482366006975 4 -2
1482366007529 6 -1
1482366008906 12 -2
1482366009416 7 -2
1482366010064 5 3
1482366011864 2 2
1482366012753 0 1
1482366013145 11 1
1482366013968 3 3
1482366014353 4 -1
1482366014811 10 -1
1482366015745 9 -1
1482366016329 1 -1
1482366016697 6 -1
1482366018073 11 2
1482366018779 0 -1
1482366019402 2 -2
1482366020000 5 -2
1482366021081 8 4
1482366022081 3 1
1482366023279 5 2
1482366023929 2 2
1482366024639 11 -3
1482366026281 2 -2
1482366026849 5 -2
1482366027412 8 -3
1482366028233 7 2
1482366028865 6 3
1482366031114 9 1
1482366031584 10 1
1482366032168 10 -1
1482366033152 1 1
1482366033704 4 2
1482366035951 12 2
1482366036888 4 1
1482366037456 2 -2
1482366038997 6 -1
1482366040001 8 2
1482366041672 11 1
1482366042512 0 1
1482366043209 3 -3
1482366043639 11 -1
1482366044040 5 -1
1482366045119 8 -3
1482366045768 1 2
1482366046415 6 1
1482366048545 0 2
1482366049407 2 2
1482366049946 9 -1
1482366050385 4 -2
1482366051067 12 -2
1482366051551 0 2
