1482858368929 6 1
1482858371009 4 -2
1482858371777 12 -2
1482858375645 8 -2
1482858377034 1 -1
1482858377794 6 -2
1482858379937 5 2
1482858381045 7 -2
1482858381672 5 1
1482858383144 2 2
1482858385721 R
1482858388545 8 -2
1482858390521 8 3
1482858392980 4 -2
1482858395322 4 2
1482858397169 4 -2
1482858397913 6 -1
1482858399681 1 -1
1482858401081 5 2
1482858402178 5 -2
1482858403017 1 1
1482858403858 1 -1
1482858405680 8 -3
1482858407994 5 1
1482858409090 12 -2
1482858409866 7 -2
1482858410584 5 2
1482858418699 5 -3
1482858419786 1 2
1482858422786 6 2
1482858479275 R
1482858483154 9 1
1482858483839 10 1
1482858484971 10 -1
1482858488546 9 -1
1482858496282 4 -2
1482858499412 1 -1
1482858500690 8 1
1482858502299 R
1482858510283 1 -1
1482858511018 4 -2
1482858512219 6 -1
1482858513499 5 2
1482858515659 12 -2
1482858516371 7 -2
1482858517155 5 1
1482858518610 8 2
1482858521947 2 2
1482858523219 0 1
1482858524354 11 1
1482858526058 3 4
1482858528162 11 -1
1482858532523 4 -1
1482858536697 1 -1
1482858538210 10 -1
1482858540722 9 -1
1482858545113 9 1
1482858552618 9 -1
1482858554570 6 -1
1482858558546 11 3
1482858559385 2 -1
1482858561178 0 -1
1482858561990 2 -1
1482858563162 5 -2
1482858565978 5 2
1482858570570 2 2
1482858572642 2 -2
1482858574442 3 -1
1482858577978 2 2
1482858579522 11 -2
1482858583018 11 2
1482858586530 11 -2
1482858589586 11 2
1482858590562 2 -2
1482858592881 5 -2
1482858594834 R
1482858598658 2 -1
1482858600713 11 1
1482858602506 1 -1
1482858603602 5 1
1482858607274 9 1
1482858610426 10 1
1482858611266 R
1482858613578 8 -2
1482858614395 1 1
1482858615402 6 1
1482858617258 4 -2
1482858617988 12 -2
1482858618971 6 -2
1482858619763 7 -2
1482858620652 1 -2
1482858621426 5 3
1482858626019 5 -3
1482858627146 1 2
1482858629700 R
1482858636987 R
1482858644330 6 1
1482858645331 6 -1
1482858647762 4 -2
1482858648954 4 2
1482858651122 2 -1
1482858653163 2 1
1482858659276 4 -2
1482858659987 4 2
1482858663739 4 -2
1482858664982 6 -1
1482858665492 1 -1
1482858666292 5 2
1482858667764 12 -2
1482858668364 7 -2
1482858668995 5 1
1482858670460 2 1
1482858672147 0 1
1482858673003 8 2
1482858673819 2 1
1482858675892 11 1
1482858676909 3 4
1482858679212 4 -1
1482858680380 10 -1
1482858688571 1 -1
1482858689508 11 1
1482858692124 9 -1
1482858692909 6 -1
1482858693687 11 1
1482858700597 2 -1
1482858702228 8 -3
1482858703149 3 -2
1482858703989 8 -1
1482858705156 2 1
1482858709524 3 1
1482858710835 11 -2
1482858712140 1 1
1482858713509 6 1
1482858715388 4 1
1482858716452 3 -2
1482858717691 11 -1
1482858733308 9 1
1482858734188 10 1
1482858735053 3 -1
1482858735979 0 -1
1482858736949 2 -2
1482858739164 5 -3
1482858742236 6 2
1482858744676 1 2
1482858746604 7 2
1482858747484 12 2
1482858748340 4 2
1482858749174 9 1
1482858752276 10 1
1482858753556 2 -1
1482858754878 2 1
1482858756908 10 -1
1482858759734 9 -1
1482858760974 4 -2
1482858761812 6 -2
1482858762620 1 -2
1482858764156 12 -2
1482858764854 7 -2
1482858765516 5 3
1482858766636 2 2
1482858767612 0 1
1482858768253 11 1
1482858769244 3 3
1482858770476 4 -1
1482858771230 10 -1
1482858772629 9 -1
1482858775324 9 1
1482858777764 1 -1
1482858778772 1 1
1482858783191 0 -1
1482858785796 0 1
1482858797748 9 -1
1482858798734 6 -1
1482858800013 1 -1
1482858801364 11 2
1482858805948 0 -1
1482858806900 2 -2
1482858808423 5 -2
1482858809220 8 2
1482858809957 3 1
1482858811517 8 -1
1482858814228 7 2
1482858817596 11 1
1482858818924 1 1
1482858821109 1 -1
1482858823629 11 -1
1482858829068 11 1
1482858832236 11 -1
1482858832814 7 -2
1482858833340 5 2
1482858834253 2 1
1482858835636 0 1
1482858837084 3 -2
1482858837876 8 -1
1482858839092 2 1
1482858840124 2 -1
1482858841075 8 1
1482858842246 3 2
1482858845308 8 3
1482858847700 2 1
1482858850331 11 -3
1482858852700 1 1
1482858854403 4 1
1482858856127 11 1
1482858861036 6 1
1482858865620 4 -1
1482858867108 9 1
1482858868525 1 -1
1482858869892 11 1
1482858871508 9 -1
1482858872204 6 -1
1482858872974 11 1
1482858878756 11 -2
1482858882372 11 2
1482858883156 0 -1
1482858884060 2 -2
1482858885468 5 -2
1482858889892 7 1
1482858890428 8 -1
1482858891276 7 1
1482858892404 11 1
1482858893998 1 1
1482858898428 4 1
1482858899228 12 1
1482858901332 4 -1
1482858902997 R
1482858905484 6 1
1482858906411 4 -2
1482858907405 12 -2
1482858909229 6 -2
1482858910284 8 1
1482858911156 8 -3
1482858911719 1 1
1482858912639 1 -2
1482858913436 5 2
1482858914284 7 -2
1482858915003 5 1
1482858916260 2 2
1482858917829 0 1
1482858919796 11 1
1482858922764 3 3
1482858925188 4 -1
1482858927236 10 -1
1482858928861 9 -1
1482858929572 9 1
1482858930588 9 -1
1482858931524 9 1
1482858932229 1 -1
1482858933516 11 1
1482858936956 9 -1
1482858938012 11 -1
1482858938676 1 1
1482858939406 6 -1
1482858940156 4 1
1482858942172 3 -2
1482858943247 11 -1
1482858943965 2 -1
1482858947260 2 1
1482858948776 2 -1
1482858949677 8 4
1482858950717 2 1
1482858951332 8 -1
1482858953277 2 -1
1482858953996 8 -3
1482858955493 2 1
1482858957237 11 1
1482858958118 3 2
1482858958988 4 -1
1482858960022 1 -1
1482858965134 1 1
1482858966477 4 1
1482858967566 4 -1
1482858968408 1 -1
1482858968942 6 1
1482858969701 9 1
1482858972294 10 1
1482858973541 1 1
1482858974350 4 1
1482858976205 3 -2
1482858978574 3 -1
1482858980630 11 -1
1482858982110 3 1
1482858984878 2 -1
1482858986599 2 1
1482858987485 11 1
1482858988343 3 -1
1482858991077 11 -1
1482858992143 11 1
1482858993957 11 -1
1482858994798 2 -1
1482858995895 8 4
1482858998838 0 -1
1482858999533 2 -1
1482859004758 5 -3
1482859006054 5 3
1482859007822 5 -3
1482859011062 6 1
1482859012957 4 1
1482859015382 1 1
1482859018700 8 -1
1482859019317 7 2
1482859020477 12 2
1482859022095 12 -2
1482859027733 4 -1
1482859028525 6 -1
1482859029262 8 -3
1482859030109 1 1
1482859035709 6 2
1482859038235 4 1
1482859041845 4 -1
1482859044060 12 1
1482859045156 9 1
1482859050356 10 1
1482859057341 1 -2
1482859058254 5 1
1482859059927 6 -2
1482859061085 7 -1
1482859061925 5 1
1482859064677 10 -1
1482859065141 9 -1
1482859065687 12 -1
1482859066197 7 -1
1482859066678 5 1
1482859071470 8 4
1482859072389 2 2
1482859074804 11 1
1482859075821 0 1
1482859077630 3 4
1482859078261 11 -1
1482859078807 0 -1
1482859082214 4 -1
1482859085734 0 1
1482859091854 0 -1
1482859092702 4 1
1482859093926 2 -2
1482859095206 4 -1
1482859098415 10 -1
1482859099727 9 -1
1482859101056 5 -2
1482859102751 R
