1482158833851 2 -1
1482158836994 11 1
1482158843802 6 1
1482158849201 9 1
1482158862082 6 -1
1482158863665 1 -1
1482158866073 5 1
1482158870355 9 -1
1482158880441 8 1
1482158883192 11 -1
1482158885513 2 1
1482158894172 9 1
1482158896241 10 1
1482158904641 4 -2
1482158906113 12 -1
1482158908033 6 -1
1482158909945 7 -1
1482158912777 8 1
1482158915904 5 -1
1482158917775 1 2
1482158922972 6 1
1482158927817 4 1
1482158942456 4 -1
1482158944808 6 -1
1482158946544 1 -2
1482158947718 5 2
1482158960325 R
1482158980460 9 1
1482158983800 6 1
1482158996543 1 -1
1482158997952 5 1
1482159001055 10 1
1482159005192 4 -2
1482159007071 12 -1
1482159008783 7 -1
1482159010783 6 -2
1482159011991 8 2
1482159014103 5 1
1482159017921 10 -1
1482159020083 9 -1
1482159021671 12 -1
1482159023039 7 -1
1482159025815 5 1
1482159028607 2 2
1482159031407 11 1
1482159038023 8 -1
1482159040513 8 1
1482159046119 0 1
1482159047846 3 4
1482159049744 0 -1
1482159058936 8 -1
1482159064578 10 -1
1482159067382 4 -1
1482159068830 1 -1
1482159070614 9 -1
1482159073102 11 1
1482159083335 6 -1
1482159084798 11 1
