1481812497700 9 1
1481812499243 10 1
1481812503259 2 -1
1481812505724 11 1
1481812507107 1 -1
1481812508027 5 1
1481812508851 6 1
1481812511442 10 -1
1481812514771 9 -1
1481812515819 11 -1
1481812516428 5 -1
1481812517178 1 1
1481812518116 2 1
1481812518884 8 -2
1481812519812 1 1
1481812521731 4 -2
1481812525491 9 1
1481812526652 4 2
1481812528068 2 -1
1481812529507 10 1
1481812534155 2 1
1481812537867 6 -1
1481812538923 1 -2
1481812539763 5 1
1481812540685 8 3
1481812541587 5 -1
1481812542403 8 -3
1481812543891 1 2
1481812544875 6 1
1481812546021 4 -2
1481812546978 10 -1
1481812547723 9 -1
1481812548701 12 -2
1481812550811 6 -1
1481812554931 6 -1
1481812556211 7 -2
1481812557140 1 -2
1481812557900 5 3
1481812558764 2 2
1481812560251 11 1
1481812562443 0 1
1481812563539 3 3
1481812566194 4 -1
1481812570962 10 -1
1481812574410 9 -1
1481812575771 0 -1
1481812577323 1 -1
1481812577978 6 -1
1481812579618 11 2
1481812580332 2 -2
1481812581186 5 -2
1481812582467 7 2
1481812583970 11 1
1481812584803 1 1
1481812586243 12 1
1481812589067 5 1
1481812589938 8 3
1481812590722 3 1
1481812591683 5 -1
1481812592987 8 -2
1481812594506 1 -1
1481812599586 1 1
1481812600354 1 -1
1481812601716 11 -1
1481812602634 12 1
1481812606081 5 1
1481812606970 8 2
1481812608017 3 -1
1481812609033 5 -1
1481812610977 8 -3
1481812612265 5 1
1481812613337 8 3
1481812614369 3 1
1481812616729 12 -2
1481812617538 11 1
1481812618482 1 1
1481812619154 5 -1
1481812620282 8 -2
1481812621361 5 1
1481812622178 8 2
1481812623601 5 -1
1481812624850 R
1481812639450 4 -2
1481812640632 12 -2
1481812643401 6 1
1481812659642 1 -1
1481812662513 6 -2
1481812663385 7 -2
1481812664187 5 3
1481812665394 2 1
1481812669489 0 1
1481812673890 3 1
1481812677610 8 -2
1481812678276 2 1
1481812681290 2 -1
1481812696499 2 1
1481812698003 3 -1
1481812701289 0 -1
1481812703929 2 -2
1481812704811 5 -3
1481812705907 1 2
1481812706986 6 2
1481812708081 7 2
1481812709842 4 1
1481812710714 12 2
1481812711426 4 1
1481812712529 2 -1
1481812713577 11 2
1481812721841 11 -2
1481812722873 2 1
1481812723537 9 1
1481812724464 10 1
1481812725593 2 -1
1481812730024 2 1
1481812733281 2 -1
1481812736505 2 1
1481812737480 4 -2
1481812747248 1 -2
1481812749096 1 2
1481812769800 4 2
1481812772767 2 -1
1481812774032 10 -1
1481812777680 11 2
1481812783650 11 -2
1481812785033 2 1
1481812788505 4 -2
1481812789737 4 2
1481812791513 10 1
1481812792355 2 -1
1481812797688 10 -1
1481812798585 10 1
1481812800433 11 2
1481812801729 8 1
1481812802433 6 -1
1481812811625 10 -1
1481812812793 9 -1
1481812819785 R
1481812833773 R
1481812873505 9 1
1481812875679 10 1
1481812883935 2 -1
1481812885055 1 -1
1481812886567 8 1
1481812887231 5 1
1481812888190 11 1
1481812890199 10 -1
1481812891438 9 -1
1481812899110 11 -1
1481812899881 5 -1
1481812904544 8 -3
1481812906136 6 1
1481812907176 1 2
1481812910928 11 2
1481812912935 9 1
1481812915632 10 1
1481812917959 10 -1
1481812919040 11 -1
1481812919904 11 -1
1481812920992 2 1
1481812921823 4 -2
1481812922976 6 -2
1481812924895 12 -1
1481812925639 7 -1
1481812926585 1 -2
1481812927855 5 2
1481812929104 8 4
1481812930736 5 -2
1481812931921 1 2
1481812934047 1 -2
1481812934975 5 2
