1481813228724 6 1
1481813231891 9 1
1481813236844 4 -2
1481813239770 9 -1
1481813241366 12 -2
1481813252159 12 2
1481813253861 4 2
1481813256115 2 -1
1481813260904 1 -1
1481813262252 5 1
1481813263699 11 1
1481813272085 6 -1
1481813273405 8 1
1481813275044 5 -1
1481813280695 5 1
1481813287669 9 1
1481813290170 10 1
1481813297766 11 -1
1481813299836 5 -1
1481813302496 1 1
1481813304164 2 1
1481813307152 8 -3
1481813308846 1 1
1481813310375 6 1
1481813315898 4 -2
1481813317756 12 -1
1481813322224 6 -2
1481813328325 6 2
1481813338044 6 -2
1481813339516 1 -2
1481813341096 5 2
1481813347875 10 -1
1481813348927 9 -1
1481813350023 12 -1
1481813352757 7 -1
1481813359659 8 4
1481813361468 5 -2
1481813363446 1 2
1481813364650 6 1
1481813370567 1 -2
1481813372809 8 -4
1481813374395 6 1
1481813379026 1 2
1481813400336 7 1
1481813401684 12 2
1481813403491 4 2
1481813405953 2 -1
1481813422300 R
1481813470392 6 1
1481813479621 1 -1
1481813488096 2 -1
1481813490975 11 1
1481813494790 8 -2
1481813497093 1 2
1481813503160 11 1
1481813508587 9 1
1481813519430 10 1
1481813525325 11 -2
1481813526657 2 1
1481813548605 4 -1
1481813551891 R
1481813591706 4 -2
1481813593322 6 -1
1481813594828 12 -2
1481813596457 7 -2
1481813597827 1 -1
1481813599627 5 3
1481813601459 2 1
1481813605025 8 2
1481813606884 2 1
1481813612080 0 1
1481813628476 11 1
1481813631027 3 4
1481813637431 10 -1
1481813639733 4 -1
1481813648349 11 -1
1481813649587 2 -1
1481813654203 8 -3
1481813660224 9 -1
1481813661904 6 -1
1481813672954 8 2
1481813674610 2 1
1481813684720 11 1
1481813686416 3 -2
1481813694183 3 2
1481813696951 4 1
1481813700090 3 -3
1481813701158 11 -1
1481813704278 2 -1
1481813705986 8 -3
1481813709624 2 1
1481813712445 11 1
1481813715285 3 2
1481813716711 4 -1
1481813717762 1 -1
1481813730983 11 2
1481813739321 3 -1
1481813741213 3 1
1481813742227 2 -1
1481813746550 3 -1
1481813753537 2 1
1481813755027 11 -2
1481813769689 1 1
1481813770737 4 1
1481813771853 3 -1
1481813773053 11 -1
1481813774597 2 -1
1481813779977 2 1
1481813789736 R
1481813812302 8 -2
1481813826166 1 -1
1481813835857 4 -2
1481813837389 12 -2
1481813840326 6 1
1481813844178 1 2
1481813852347 12 2
1481813853791 4 2
1481813854991 2 -1
1481813861056 1 -2
1481813862298 5 1
1481813864156 11 1
1481813866598 9 1
1481813867624 10 1
1481813872398 5 -1
1481813877850 R
1481813920649 4 -2
1481813921796 6 -1
1481813924108 12 -2
1481813925334 1 -1
1481813927502 7 -2
1481813928937 5 3
1481813934923 8 2
1481813936330 2 2
1481813938685 0 1
1481813940885 11 1
1481813942615 3 4
1481813949810 10 -1
1481813952850 9 -1
1481813954014 6 -1
1481813962705 4 -1
1481813963806 1 -1
1481813964866 11 2
1481813972466 2 -1
1481813973867 8 -3
1481813975645 3 -2
1481813976647 8 -1
1481813977793 2 1
1481813979908 11 -2
1481813996000 6 1
1481813999173 9 1
1481814004619 R
1481814027522 4 -2
1481814038753 6 -1
1481814049725 6 2
1481814052677 12 -2
1481814056658 12 2
1481814058616 4 2
1481814080471 1 -1
1481814081647 6 -1
1481814083537 6 1
1481814092256 4 -2
1481814093536 6 -2
1481814097587 12 -2
1481814099147 7 -2
1481814100513 5 3
1481814102840 8 2
1481814106758 2 2
1481814108034 0 1
1481814113495 2 -1
1481814115949 8 -4
1481814118324 2 1
1481814119362 11 1
1481814120313 3 3
1481814121282 10 -1
1481814122171 9 -1
1481814123999 6 -1
1481814134080 4 -1
1481814135114 1 -1
1481814139285 11 2
1481814140369 2 -1
1481814151488 R
1481814407132 8 -2
1481814408470 1 1
1481814411521 2 -1
1481814415173 6 1
1481814424426 1 -2
1481814425904 6 -1
1481814428109 5 1
1481814429794 2 1
1481814430555 4 -2
1481814431705 12 -2
1481814432911 7 -2
1481814435786 8 2
1481814438002 6 1
1481814440982 5 -1
1481814441924 1 1
1481814459329 7 2
1481814460756 12 2
1481814461840 4 2
1481814463045 2 -1
1481814464741 9 1
1481814474850 R
1481814636220 4 -2
1481814642893 12 -2
1481814644303 6 -1
1481814645277 1 -1
1481814646840 5 2
1481814649936 7 -2
1481814651044 5 1
1481814655011 2 1
1481814656843 0 1
1481814658471 8 2
1481814662770 8 -4
1481814663916 2 1
1481814666184 11 1
1481814667984 3 3
1481815265106 R
