1484592894558 1 -1
1484592899991 8 1
1484592901298 5 1
1484592903140 5 -1
1484592904294 8 -3
1484592907349 4 -2
1484592910404 6 -1
1484592912123 12 -2
1484592913248 7 -2
1484592914565 5 3
1484592916293 8 4
1484592922673 8 -4
1484592923509 2 2
1484592925681 0 1
1484592927568 3 1
1484592928814 10 -1
1484592929868 9 -1
1484592931392 6 -1
1484592933329 2 -1
1484592935127 8 3
1484592936597 2 1
1484592937728 11 1
1484592939087 3 3
1484592941536 11 -1
1484592943016 2 -1
1484592944274 8 -2
1484592946261 8 2
1484592947956 0 -1
1484592948923 4 -1
1484592950209 1 -1
1484592952284 2 -1
1484592953392 5 -2
1484592954693 8 -2
1484592956846 7 2
1484592957641 6 3
1484592959991 9 1
1484592963482 1 1
1484592964464 4 2
1484592967070 12 2
1484592968131 4 1
1484592969019 9 1
1484592971126 2 -2
1484592972486 0 1
1484592974966 11 1
1484592977774 3 -2
1484592978823 5 -1
1484592980641 1 2
1484592982137 0 2
1484592985811 3 -1
1484592987142 11 -1
1484592988282 2 2
1484592989315 4 -2
1484592991165 9 -2
1484592992415 12 -2
1484592993956 0 1
1484592995204 0 1
