1482858441084 8 -2
1482858442148 1 -1
1482858443091 5 1
1482858445100 5 -1
1482858446332 6 1
1482858447602 1 2
1482858450108 9 1
1482858451972 10 1
1482858452868 2 -1
1482858458500 1 -2
1482858459924 6 -1
1482858461091 6 1
1482858462669 10 -1
1482858463579 9 -1
1482858464731 2 1
1482858467763 4 -2
1482858469300 12 -2
1482858475484 12 2
1482858478053 4 2
1482858479420 2 -1
1482858480459 2 1
1482858481364 6 -1
1482858483252 4 -2
1482858484380 6 -1
1482858485683 5 2
1482858487316 12 -2
1482858488243 7 -2
1482858489436 5 1
1482858491052 2 2
1482858493644 0 1
1482858495451 2 -1
1482858502407 8 4
1482858502421 2 1
1482858505483 11 1
1482858507365 3 4
1482858509148 10 -1
1482858509987 4 -1
1482858511684 9 -1
1482858512692 1 -1
1482858514651 11 -1
1482858515764 2 -1
1482858517932 8 -3
1482858520932 1 1
1482858522724 6 -1
1482858531996 6 1
1482858533516 9 1
1482858534532 10 1
1482858535355 4 1
1482858544356 4 -1
1482858545036 10 -1
1482858546553 9 -1
1482858547636 6 -1
1482858549043 0 -1
1482858550324 2 -1
1482858551380 5 -2
1482858552535 7 2
1482858553940 12 2
1482858554956 6 3
1482858557116 9 2
1482858558212 1 -2
1482858560948 1 2
1482858562249 4 3
1482858563236 2 -2
1482858564404 0 1
1482858566708 0 -1
1482858567884 2 2
1482858569148 4 -3
1482858571680 9 -2
1482858573812 12 -2
1482858575644 6 -3
1482858577979 6 3
1482858581157 1 -1
1482858585967 R
1482858594660 4 -1
1482858595772 12 -2
1482858598100 6 1
1482858603324 8 -2
1482858608237 1 -1
1482858610899 4 -1
1482858612101 6 -2
1482858614245 7 -2
1482858615552 5 3
1482858616869 2 2
1482858619189 0 1
1482858620381 2 -1
1482858628669 R
1482858636365 8 -1
1482858637621 6 1
1482858639765 4 -2
1482858640957 12 -2
1482858651461 12 1
1482858652501 9 1
1482858653985 9 -1
1482858655477 12 1
1482858656463 9 1
1482858657149 10 1
1482858658165 4 2
1482858659909 10 -1
1482858660461 9 -1
1482858660981 4 -2
1482858663645 8 -1
1482858666692 4 2
1482858667660 9 1
1482858668580 6 -1
1482858669364 1 -1
1482858671288 4 -2
1482858672228 9 -1
1482858673323 6 -1
1482858674668 5 2
1482858676387 5 -2
1482858677260 12 -2
1482858678124 7 -2
1482858679939 5 3
1482858681694 2 2
1482858685940 0 1
1482858686650 11 1
1482858691100 3 3
1482858692147 0 -1
1482858693189 4 -1
1482858694085 10 -1
1482858694877 9 -1
1482858700483 6 -1
1482858707696 R
1482858713236 9 1
1482858713932 10 1
1482858715196 2 -1
1482858716125 2 1
1482858717308 10 -1
1482858718164 10 1
1482858719404 2 -1
1482858720748 11 1
1482858722332 11 -1
1482858723211 2 1
1482858724412 10 -1
1482858725106 9 -1
1482858725779 4 -2
1482858746212 6 -1
1482858747620 12 -2
1482858749256 7 -2
1482858750209 1 -1
1482858751158 5 3
