1479748344834 5 1
1479748345447 1 -2
1479748346402 8 1
1479748349394 8 -1
1479748351723 1 2
1479748352658 5 -1
1479748353399 6 -4
1479748357191 2 1
1479748361183 2 -1
1479748362106 3 3
1479748362735 4 1
1479748363311 7 1
1479748366351 6 3
1479748367023 5 1
1479748368303 1 -2
1479748369063 8 1
1479748370527 7 -1
1479748372847 3 -2
1479748373663 6 1
1479748375127 8 -1
1479748375943 1 2
1479748376807 1 -2
1479748377778 8 1
1479748378751 2 1
1479748379319 8 2
1479748380199 0 2
1479748383479 1 2
1479748384258 5 -3
1479748385711 1 -2
1479748387554 8 -1
1479748388215 6 -4
1479748389423 8 1
1479748390775 1 2
1479748391431 9 3
1479748392031 5 2
1479748392823 7 -1
1479748393655 4 -2
1479748394375 10 -1
1479748394999 3 -1
1479748395975 1 2
1479748396679 5 -2
1479748397335 9 -2
1479748399655 5 2
1479748400927 9 2
1479748401479 0 -2
1479748402159 8 -3
1479748402927 2 -1
1479748403855 1 -2
1479748404479 3 3
1479748407839 6 3
1479748411015 6 -3
1479748412039 3 -3
1479748413071 2 1
1479748413639 1 1
1479748414847 8 2
1479748415727 0 2
1479748416311 5 -2
1479748416847 9 -2
1479748418375 8 1
1479748419138 1 -3
1479748421778 8 -1
1479748422799 8 1
1479748423983 1 4
1479748427298 5 2
1479748427947 9 2
1479748428519 0 -2
1479748429263 8 -3
1479748431267 2 -1
1479748445521 R
1479748453511 3 2
1479748454239 4 1
1479748454775 7 1
1479748457703 6 -4
1479748458895 3 1
1479748460231 3 -2
1479748461183 6 4
1479748462095 5 1
1479748462599 1 -2
1479748464991 2 1
1479748465743 8 3
1479748468263 0 2
1479748469186 1 2
1479748469831 5 -4
1479748470490 0 -2
1479748471111 1 -2
1479748471887 8 -3
1479748474247 2 -3
1479748476847 6 -4
1479748477567 10 2
1479748478463 3 2
1479748480047 10 -2
1479748480695 2 2
1479748482303 2 -2
1479748482935 10 2
1479748485367 8 1
1479748492687 10 -2
1479748493271 3 -2
1479748493799 2 3
1479748494674 8 -1
1479748495274 1 2
1479748496056 6 4
1479748502290 2 -3
1479748506839 10 1
1479748507455 3 1
1479748510583 10 -1
1479748511034 3 -1
1479748512735 2 3
1479748513247 1 -2
1479748513951 2 -3
1479748515127 2 3
1479748515983 8 3
1479748517114 0 2
1479748517767 1 2
1479748518303 9 4
1479748519071 5 4
1479748519791 0 -2
1479748520687 1 -2
1479748522679 7 -2
1479748523215 4 -2
1479748523887 10 -1
1479748524923 3 -1
1479748525623 8 -3
1479748526563 2 -1
1479748527183 6 -2
1479748529599 2 1
1479748530303 8 2
1479748532031 0 2
1479748535935 0 -2
1479748536599 8 -2
1479748537047 1 4
1479748538127 8 2
1479748538623 0 2
1479748539354 9 -3
1479748540519 5 -3
1479748543711 6 2
1479748544610 8 1
1479748545055 1 -4
1479748548322 8 -1
1479748548760 6 -4
1479748552143 8 1
1479748553359 1 4
1479748554407 9 2
1479748555055 5 2
1479748556671 0 -2
1479748557282 8 -3
1479748560487 8 3
1479748561263 1 -2
1479748561831 10 1
1479748562802 3 1
1479748563295 4 2
1479748563895 7 2
1479748564775 0 2
1479748565271 9 -3
1479748565815 5 -3
1479748566567 1 -2
1479748568466 8 -1
1479748569879 8 1
1479748570719 0 -2
1479748571423 8 -3
1479748573319 2 -3
1479748573847 10 2
1479748574311 3 2
1479748575303 2 1
1479748575823 8 1
1479748577791 8 -1
1479748578335 10 -2
1479748578815 3 -2
1479748579431 2 2
1479748582791 8 3
1479748584263 0 2
1479748585145 9 1
1479748585506 5 1
1479748585847 7 -2
1479748586407 4 -2
1479748586951 10 -1
1479748587682 3 -1
1479748592079 1 4
1479748593175 9 2
1479748593583 5 2
1479748594383 0 -2
1479748596423 8 -3
1479748596927 2 -1
1479748597599 1 -2
1479748598178 10 1
1479748598511 3 3
1479748599799 10 -1
1479748602319 1 1
1479748604656 1 -1
1479748605959 R
1479748608474 5 1
1479748609879 2 1
1479748610527 1 -2
1479748611271 8 3
1479748619743 8 -3
1479748620731 2 -1
1479748622175 2 1
1479748628647 2 -1
1479748629146 6 -2
1479748629640 3 3
1479748632071 1 2
1479748633527 1 -2
1479748634306 8 1
1479748635935 3 -3
1479748636415 2 1
1479748637079 8 1
1479748637951 0 2
1479748642215 6 2
1479748642850 8 1
1479748643402 1 2
1479748647362 5 -3
1479748648711 1 -2
1479748649415 8 -1
1479748650199 6 -4
1479748651631 8 1
1479748653367 3 1
1479748654743 4 1
1479748655239 7 1
1479748655679 5 -1
1479748656359 0 -2
1479748657327 8 -3
1479748657839 2 -3
1479748659335 10 2
1479748659954 3 2
1479748674591 8 1
1479748677895 8 -1
1479748681512 10 -2
1479748682250 3 -2
1479748682895 2 3
1479748683535 6 4
1479748684295 1 2
1479748686783 1 -2
1479748687471 8 3
1479748688303 1 2
1479748691327 0 2
1479748693015 9 4
1479748693871 5 4
1479748694879 7 -2
1479748695514 4 -2
1479748696735 10 -1
1479748698274 3 -1
1479748699047 1 2
1479748702930 0 -2
1479748703519 8 -3
1479748704383 8 3
1479748705079 0 2
1479748705770 5 -3
1479748706263 9 -3
1479748708594 8 -1
1479748709703 8 1
1479748710450 5 3
1479748711119 9 3
1479748714511 9 -3
1479748715178 5 -3
1479748715823 8 -1
1479748716391 8 1
1479748716858 5 3
1479748717458 9 3
1479748718399 0 -1
1479748718975 9 -3
1479748720159 1 -4
1479748723362 6 -1
1479748725490 0 1
1479748727063 1 2
1479748727714 5 -3
1479748728351 1 -2
1479748734415 1 4
1479748735159 5 3
1479748737095 1 -4
1479748738007 10 1
1479748738394 3 1
1479748738911 4 2
1479748740810 1 2
1479748741760 9 3
1479748742391 0 -2
1479748743111 1 -2
1479748746775 8 -4
1479748750911 0 2
1479748751466 1 2
1479748752112 9 -3
1479748752823 5 -3
1479748753399 2 -3
1479748753967 6 -3
1479748754967 10 2
1479748755543 3 2
1479748756327 0 3
