1481165207520 6 -1
1481165216706 5 1
1481165217218 1 -2
1481165220402 2 1
1481165221095 8 3
1481165221864 0 2
1481165227438 1 2
1481165229384 9 1
1481165229867 7 -1
1481165230294 4 -1
1481165230855 10 -1
1481165231624 1 2
1481165236371 9 3
1481165238721 1 -2
1481165239351 10 1
1481165244146 3 1
1481165245096 4 2
1481165245727 7 2
1481165247109 9 -4
1481165248107 5 -4
1481165249810 1 -2
1481165251451 0 -2
1481165254020 8 -3
1481165254822 2 -3
1481165256644 2 3
1481165261467 1 2
1481165262060 1 -2
1481165262953 8 3
1481165263599 0 2
1481165264114 1 2
1481165264720 5 3
1481165265826 0 -2
1481165266463 0 1
1481165267451 9 3
1481165269756 7 -2
1481165270456 0 1
1481165271164 9 -2
1481165271793 5 -2
1481165272837 1 -2
1481165277011 1 2
1481165277724 5 2
1481165278347 0 -1
1481165280931 7 2
1481165281583 0 1
1481165282129 5 -3
1481165282638 0 -1
1481165283077 1 -2
1481165283826 8 -1
1481165290760 9 -1
1481165291180 0 -1
1481165292371 8 -2
1481165294603 8 1
1481165296161 8 1
1481165297103 0 2
1481165297570 8 1
1481165298053 1 2
1481165298660 9 4
1481165300097 5 4
1481165300574 1 -2
1481165301150 0 -2
1481165301897 8 -2
1481165302534 7 -2
1481165303141 8 -2
1481165306137 1 2
1481165306698 0 2
1481165307273 9 -2
1481165307739 5 -3
1481165308418 2 -3
1481165309476 6 -3
1481165310028 10 2
1481165311172 3 2
1481165311646 0 3
