1482813605805 5 1
1482813606634 1 -2
1482813610973 2 1
1482813611892 8 3
1482813612672 0 2
1482813614800 1 2
1482813616062 9 1
1482813617013 7 -1
1482813617709 4 -1
1482813618996 10 -1
1482813623972 9 3
1482813624820 1 2
1482813631948 0 -2
1482813636345 0 2
1482813637128 5 -3
1482813638326 9 -3
1482813643644 1 -4
1482813644262 10 1
1482813644615 3 1
1482813645099 4 2
1482813645609 7 2
1482813645962 5 -1
1482813646393 9 -1
1482813648078 1 2
1482813648837 5 4
1482813650500 9 4
1482813651362 5 -4
1482813652083 9 -4
1482813652890 0 -2
1482813653628 1 -2
1482813654367 8 -3
1482813655125 2 -3
1482813655734 6 -4
1482813656485 10 2
1482813657093 3 2
1482813662114 2 1
1482813662900 1 2
1482813664812 1 -2
1482813665211 2 -1
1482813666988 R
1482813669689 5 1
1482813670456 1 -2
1482813672630 2 1
1482813673322 8 3
1482813673935 0 2
1482813674602 9 1
1482813675346 7 -1
1482813675904 4 -1
1482813677363 10 -1
1482813679840 1 4
1482813680999 9 3
1482813681654 0 -2
1482813682232 8 -3
1482813685899 8 3
1482813686348 0 2
1482813686905 5 -3
1482813690282 5 3
1482813693454 0 -2
1482813694386 8 -3
1482813712314 R
1482813714200 5 1
1482813714979 1 -2
1482813715838 8 1
1482813725276 2 1
1482813726926 8 2
1482813729784 1 2
1482813730220 0 2
1482813731027 9 4
1482813733004 7 -1
1482813733604 4 -1
1482813734388 10 -1
1482813735040 1 2
1482813736732 8 -1
1482813738656 5 -3
1482813739802 9 -3
1482813740426 8 1
1482813741157 1 -4
1482813741754 10 1
1482813742130 3 1
1482813742582 4 2
1482813743088 7 2
1482813743583 5 -1
1482813743973 9 -1
1482813744773 0 -2
1482813745317 8 -3
1482813745890 2 -3
1482813746403 6 -4
1482813747081 10 2
1482813747850 3 2
1482813766276 R
1482813771360 5 1
1482813772297 1 -2
1482813773135 8 1
1482813774779 2 1
1482813775379 8 2
1482813775966 1 2
1482813776616 0 2
1482813777744 9 4
1482813784304 1 -2
1482813785067 8 -1
1482813786802 6 -2
1482813787364 0 -2
1482813787880 8 -2
1482813789019 2 -1
1482813789416 1 2
1482813791918 7 -1
1482813792287 8 -1
1482813792763 0 2
1482813793318 5 -3
1482813793900 2 -1
1482813794239 6 -1
1482813794712 10 2
1482813795154 3 3
1482813795580 0 2
1482813796260 0 1
