1482813794313 5 1
1482813795451 1 -2
1482813801140 2 1
1482813801894 8 3
1482813802616 0 2
1482813806725 1 2
1482813807460 5 -3
1482813808463 1 -2
1482813809333 8 -1
1482813810475 8 1
1482813811504 1 2
1482813812110 5 3
1482813813378 9 4
1482813815494 7 -1
1482813816322 4 -1
1482813816972 10 -1
1482813817976 1 -2
1482813826569 6 -1
1482813829952 1 4
1482813830602 9 -3
1482813831178 5 -3
1482813833296 1 -4
1482813833977 8 -1
1482813834531 6 -3
1482813835265 8 1
1482813836803 10 1
1482813837330 3 1
1482813839696 8 -1
1482813840396 8 1
1482813841433 1 2
1482813842219 5 2
1482813842610 9 2
1482813843216 0 -2
1482813844084 0 2
1482813847144 0 -2
1482813848998 0 2
1482813849479 5 -2
1482813849877 9 -2
1482813850715 1 -2
1482813851532 8 -1
1482813853274 6 4
1482813853847 8 1
1482813855796 1 2
1482813856585 5 3
1482813857042 9 3
1482813858175 0 -2
1482813858760 1 -2
1482813859410 8 -3
1482813860418 2 -1
1482813861139 3 1
1482813861580 6 -2
1482813862198 3 1
1482813864911 8 1
1482813865758 8 -1
1482813866418 1 2
1482813867540 5 -1
1482813867899 9 -1
1482813869510 6 -2
1482813870367 6 3
1482813871230 5 1
1482813871635 9 1
1482813874662 10 -1
1482813878067 1 1
1482813878614 8 1
1482813879146 8 -1
1482813881472 5 -1
1482813881746 9 -1
1482813882322 6 -2
1482813885777 6 -1
1482813887778 8 1
1482813889946 8 -1
1482813890305 1 -1
1482813890763 10 1
1482813892086 3 -3
1482813893979 6 4
1482813894922 5 1
1482813895302 9 1
1482813896252 2 1
1482813896705 3 1
1482813898320 R
1482813908687 5 1
1482813910062 6 -2
1482813910971 3 3
1482813912764 4 1
1482813914187 7 1
1482813916808 1 -2
1482813917907 8 1
1482813924276 8 -1
1482813924895 1 2
1482813925491 5 -1
1482813926256 6 -2
1482813928748 7 -1
1482813929472 7 1
1482813931369 6 3
1482813932227 5 1
1482813932922 1 -2
1482813936608 3 -2
1482813937000 6 1
1482813937333 2 1
1482813937857 8 3
1482813943804 0 2
1482813944614 7 -1
1482813945491 1 2
1482813946215 5 -3
1482813949387 4 -1
1482813949922 3 -1
1482813951567 6 -1
1482813952835 1 -1
1482813953766 1 -1
1482813954846 8 -1
1482813955580 6 -3
1482813957625 8 1
1482813960784 1 2
1482813961331 5 2
1482813961760 9 3
1482813962283 7 -1
1482813962900 4 -1
1482813963560 10 -1
1482813967729 5 -2
1482813968064 9 -2
1482813968821 1 -2
1482813972267 8 -1
1482813973136 8 1
1482813974390 8 -1
1482813975040 6 4
1482813976443 8 1
1482813977522 10 1
1482813977857 3 1
1482813980089 4 2
1482813980738 4 -2
1482813981883 4 2
1482813983105 8 -1
1482813983682 8 1
1482813984823 1 2
1482813985568 5 2
1482813985947 9 2
1482813986855 0 -2
1482813988583 0 2
1482813989086 5 -2
1482813989551 9 -2
1482813993099 6 -1
1482813993496 6 1
1482813994159 1 -2
1482813995079 8 -1
1482813995780 6 -4
1482813996630 8 1
1482813998367 4 -2
1482813999691 10 -1
1482814000058 3 -1
1482814007440 8 -1
1482814009725 R
1482814012361 6 -4
1482814013545 3 3
1482814017466 4 1
1482814018585 7 1
1482814021841 7 -1
1482814023790 3 -2
1482814025549 2 1
1482814027565 6 4
1482814028044 5 1
1482814028995 1 -2
1482814029813 8 3
1482814034726 0 1
1482814035542 1 1
1482814036373 9 4
1482814037108 7 -1
1482814037899 4 -2
1482814038884 3 -1
1482814039222 10 -1
1482814040414 1 -1
1482814043378 0 1
1482814044394 1 4
1482814045288 5 -3
1482814045822 9 -3
1482814046721 8 -1
1482814048460 5 3
1482814048877 9 3
1482814049495 0 -2
1482814051320 8 1
1482814052118 0 2
1482814052711 5 -3
1482814053300 9 -3
1482814054052 1 -4
1482814055069 8 -1
1482814056157 6 -3
1482814057084 6 -1
1482814057650 8 1
1482814059352 10 1
1482814059771 3 1
1482814063963 1 2
1482814066382 5 2
1482814066763 9 2
1482814067471 0 -2
1482814068445 10 -1
1482814068824 3 -1
1482814069231 1 2
1482814070038 8 -3
1482814074710 2 -1
1482814075258 1 -2
1482814075938 3 3
1482814078848 10 1
1482814081130 4 2
1482814081791 8 -1
1482814082460 0 2
1482814083130 5 -2
1482814083514 9 -2
1482814084179 1 -2
1482814084628 2 -2
1482814085321 10 2
1482814085982 0 4
