1481738637254 5 1
1481738638449 1 -2
1481738639703 2 1
1481738640703 8 3
1481738644188 8 -3
1481738645149 1 2
1481738649152 1 -2
1481738652366 1 2
1481738653159 5 -1
1481738654707 6 -4
1481738655842 2 -1
1481738657231 3 3
1481738659509 6 3
1481738660653 5 1
1481738661666 1 -2
1481738663871 4 1
1481738665151 7 1
1481738667453 1 2
1481738668710 5 -1
1481738670545 6 -3
1481738672073 3 -2
1481738672862 2 1
1481738674352 6 4
1481738675191 5 1
1481738676052 1 -2
1481738677135 8 3
1481738679364 0 2
1481738680695 1 2
1481738681742 5 -4
1481738684747 9 4
1481738686544 9 -4
1481738687591 9 4
1481738689932 5 4
1481738691372 7 -2
1481738692062 1 -2
1481738693762 8 -1
1481738695029 6 -2
1481738697003 7 2
1481738697937 6 2
1481738698849 8 1
1481738699908 1 2
1481738701029 5 -4
1481738702064 9 -4
1481738703035 1 -2
1481738706424 8 -1
1481738707458 6 -4
1481738708565 8 1
1481738710833 1 2
1481738711979 5 3
1481738713174 9 3
1481738713998 7 -2
1481738714886 4 -2
1481738715757 10 -1
1481738716707 3 -1
1481738717348 1 2
1481738718358 8 -1
1481738719084 0 -2
1481738719883 8 -2
1481738720760 2 -1
1481738721486 1 -2
1481738722372 3 3
1481738725019 1 1
1481738727694 1 -1
1481738728777 3 -3
1481738729835 2 1
1481738730525 1 2
1481738732299 8 2
1481738735315 0 2
1481738736301 8 1
1481738737201 1 -2
1481738738753 10 1
1481738739444 3 1
1481738740318 4 2
1481738741129 7 2
1481738741931 5 -3
1481738742830 9 -3
1481738743912 1 -2
1481738747092 0 -2
1481738748051 8 -3
1481738748994 2 -3
1481738750355 10 2
1481738751783 3 2
1481738753988 8 1
1481738756340 2 1
1481738757400 8 -1
1481738759628 1 2
1481738760872 10 -2
1481738761746 3 -2
1481738763432 1 -2
1481738764062 2 -1
1481738765233 8 1
1481738766587 2 3
1481738767424 8 2
1481738769321 0 2
1481738772302 8 -1
1481738776624 8 1
1481738777635 1 2
1481738778252 5 3
1481738779913 9 3
1481738782745 7 -2
1481738783522 4 -2
1481738784273 10 -1
1481738784939 3 -1
1481738789360 5 -2
1481738790936 9 -2
1481738792008 1 -2
1481738795518 8 -1
1481738798043 U
1481738799026 U
1481738799262 U
1481738799433 U
1481738799606 U
1481738799791 U
1481738799964 U
1481738800161 U
1481738800381 U
1481738800566 U
1481738801045 U
1481738801294 U
1481738801649 U
1481738801798 U
1481738801957 U
1481738802092 U
1481738802254 U
1481738802402 U
1481738802549 U
1481738802697 U
1481738802844 U
1481738802980 U
1481738803115 U
1481738803252 U
1481738803397 U
1481738803534 U
1481738803683 U
1481738803817 U
1481738803966 U
1481738804113 U
1481738804274 U
1481738804421 U
1481738804593 U
1481738804754 U
1481738804901 U
1481738805073 U
1481738805233 U
1481738805381 U
1481738805566 U
1481738805725 U
1481738805899 U
1481738806071 U
1481738806268 U
1481738806428 U
1481738806760 U
1481738806847 U
1481738807032 U
1481738807426 U
1481738807931 U
1481738808117 U
1481738808301 U
1481738808460 U
1481738808596 U
1481738808731 U
1481738808879 U
1481738809014 U
1481738809163 U
1481738809322 U
1481738809458 U
1481738809616 U
1481738809755 U
1481738809902 U
1481738810074 U
1481738810221 U
1481738810380 U
1481738810555 U
1481738810713 U
1481738810874 U
1481738811035 U
1481738811181 U
1481738811343 U
1481738811492 U
1481738811637 U
1481738811799 U
1481738811932 U
1481738812106 U
1481738812241 U
1481738812402 U
1481738812574 U
1481738812907 U
1481738813080 U
1481738813239 U
1481738813386 U
1481738813560 U
1481738813708 U
1481738813866 U
1481738814015 U
1481738814164 U
1481738814311 U
1481738814607 U
1481738814778 U
1481738814927 U
1481738815072 U
1481738815260 U
1481738815407 U
1481738815580 U
1481738815739 U
1481738815925 U
1481738816096 U
1481738816282 U
1481738816455 U
1481738816625 U
1481738816786 U
1481738816960 U
1481738817145 U
1481738817304 U
1481738817476 U
1481738881422 6 -4
1481738917609 3 3
1481738919518 3 -3
1481738920517 6 4
1481738921501 5 1
1481738923387 2 1
1481738924016 1 -2
1481738926048 8 3
1481738928252 1 2
1481738929028 0 2
1481738933117 9 1
1481738934745 7 -1
1481738935618 4 -1
1481738936850 1 -2
1481738938612 10 -1
1481738940102 1 4
1481738941384 5 -3
1481738942247 1 -4
1481738944808 1 4
1481738948010 5 1
1481738949267 5 1
1481738951077 0 -1
1481738951877 0 1
1481738953307 9 2
1481738954391 0 -2
1481738955351 8 -3
1481738960452 6 -2
1481738961732 8 2
1481738962705 0 2
1481738963447 5 -2
1481738967030 5 2
1481738969641 6 -2
1481738971158 8 1
1481738972057 1 -2
1481738972871 10 1
1481738973486 3 1
1481738975494 4 2
1481738976480 7 2
1481738978696 5 -2
1481738980323 9 -3
1481738988379 1 -2
1481738990891 5 -1
1481738992788 0 -2
1481738994169 8 -3
1481738994995 2 -3
1481738998344 10 2
1481739002325 8 1
1481739004999 10 -2
1481739005711 2 3
1481739006944 8 2
1481739008313 0 2
1481739009716 5 1
1481739010384 9 1
1481739011392 7 -2
1481739012193 4 -2
1481739012798 10 -1
1481739015299 3 -1
1481739019204 8 -1
1481739020202 6 4
1481739021336 8 1
1481739022494 1 4
1481739023566 5 3
1481739024686 9 3
1481739027017 0 -2
1481739028571 1 -4
1481739030283 10 1
1481739030885 3 1
1481739031735 4 2
1481739032549 8 -4
1481739035555 0 2
1481739037231 2 -1
1481739038697 6 -2
1481739040288 3 2
1481739042763 4 -1
1481739044218 1 2
1481739045031 5 -3
1481739045880 2 -1
1481739047200 10 2
1481739047901 0 3
