1479681866593 6 -4
1479681868576 3 3
1479681873220 4 1
1479681881228 4 -1
1479681882295 3 -3
1479681883635 2 1
1479681885488 3 1
1479681886387 4 1
1479681887442 7 1
1479681890679 6 4
1479681892119 5 1
1479681893269 1 -2
1479681894700 8 3
1479681898338 0 2
1479681899345 9 1
1479681900331 7 -2
1479681901258 4 -2
1479681902531 10 -1
1479681903457 3 -1
1479681904700 1 4
1479681906898 9 3
1479681911448 9 -3
1479681912460 5 -3
1479681913792 1 -4
1479681917855 8 -1
1479681918743 6 -4
1479681920005 8 1
1479681923634 1 4
1479681924728 5 2
1479681925687 9 2
1479681926711 0 -2
1479681927866 8 -3
1479681928821 1 -2
1479681929452 2 -1
1479681930489 3 3
1479681933536 10 1
1479681934433 4 2
1479681935301 8 -1
1479681936761 0 2
1479681937867 9 -2
1479681939158 5 -2
1479681940096 1 -2
1479681940924 2 -2
1479681941712 10 2
1479681942737 0 4
