1482870625472 8 -1
1482870626140 5 -2
1482870627140 3 1
1482870629085 3 -2
1482870629932 4 1
1482870630788 7 -2
1482870631444 4 1
1482870632092 2 1
1482870634796 10 1
1482870642029 7 1
1482870643164 3 1
1482870645045 10 -1
1482870648892 8 1
1482870649453 9 1
1482870650197 10 -1
1482870650828 0 1
1482870653484 1 1
1482870654300 0 -1
1482870654973 1 -1
1482870690444 2 -2
1482870693909 4 -2
1482870699372 3 1
1482870701659 3 -2
1482870703153 12 -2
1482870704045 12 2
1482870709460 3 2
1482870712956 2 1
1482870715076 7 1
1482870719052 0 2
1482870720367 6 1
1482870729012 8 1
1482870732948 6 -1
1482870744396 0 -2
1482870752588 12 -2
1482870757820 12 2
1482870760205 5 2
1482870768582 R
1482870774070 8 -1
1482870775188 3 1
1482870787598 R
1482870802004 4 1
1482870802828 7 -1
1482870803948 4 1
1482870805244 2 1
1482870807796 9 2
1482870808893 10 -1
1482870811564 0 1
1482870815332 1 1
1482870817636 11 -4
1482870821548 1 -1
1482870823188 3 -2
1482870828797 2 -1
1482870829980 4 -2
1482870831292 7 1
1482870832700 8 1
1482870834005 3 3
1482870836236 0 1
1482870838868 4 -1
1482870840156 2 1
1482870844852 1 1
1482870847028 11 3
1482870848772 6 1
1482870851348 9 -1
1482870852676 5 -2
1482870854481 8 -1
1482870882276 11 -3
1482870883549 1 -1
1482870889452 6 -1
1482870894015 0 -2
1482870898988 8 1
1482870912137 0 1
1482870913524 0 1
1482870914892 6 1
1482870915820 11 1
1482870919781 6 -1
1482870920940 0 -1
1482870921877 11 -1
1482870922517 0 -1
1482870923852 10 2
1482870925220 9 -1
1482870926180 10 -1
1482870927084 1 1
1482870929165 8 -2
1482870929901 7 -2
1482870930479 12 -2
1482870931445 3 -2
1482870933493 3 2
1482870935437 7 2
1482870936677 8 2
1482870937581 9 1
1482870938845 10 -1
1482870939533 0 2
1482870940453 11 3
1482870941509 0 -2
1482870943141 10 1
1482870943837 9 -1
1482870945309 8 -2
1482870946109 7 -2
1482870946677 3 -2
1482870948333 3 2
1482870948957 7 2
1482870949526 12 2
1482870956013 8 2
1482870956781 5 2
1482870958045 9 2
1482870958597 8 -1
1482870959246 5 -1
1482870960053 10 -1
1482870961693 3 -3
1482870962893 1 3
1482870963965 3 3
1482870966111 9 -1
1482870966837 5 -1
1482870971285 2 -1
1482870972141 4 1
1482870972797 11 1
1482870973701 0 2
1482870974893 6 3
1482870975869 0 -2
1482870980005 10 1
1482870980773 9 -3
1482870981854 8 -1
1482870982557 10 -1
1482870983557 0 4
1482870988285 0 1
