1482406897512 3 1
1482406900368 8 -1
1482406906440 5 -2
1482406913665 8 2
1482406914408 9 1
1482406915176 10 -1
1482406916288 0 2
1482406920472 0 -2
1482406929193 5 2
1482406929977 9 1
1482406930816 3 -3
1482406940641 8 -1
1482406943354 7 -1
1482406944866 4 2
1482406945746 2 1
1482406946818 1 2
1482406954049 0 1
1482406955617 11 -4
1482406956441 1 -2
1482406957545 2 -1
1482406958601 4 -3
1482406961522 3 3
1482406967354 0 -1
1482406968049 10 1
1482406969074 9 -2
1482406969985 8 -1
1482406971449 7 1
1482406972905 5 -2
1482406973897 2 1
1482406975977 8 1
1482406977978 9 1
1482406978723 10 -1
1482406979738 0 2
1482406983281 8 1
1482406988209 5 2
1482406989169 9 1
1482407000386 6 1
1482407001201 11 1
1482407015170 6 -1
1482407016106 0 -1
1482407017042 3 -3
1482407018330 8 -1
1482407018906 5 -1
1482407020338 1 4
1482407021562 11 2
1482407025289 3 3
1482407029450 0 1
1482407030498 6 3
1482407031442 0 -2
1482407032442 10 2
1482407033530 9 -4
1482407034650 10 -2
1482407035450 8 -1
1482407036297 5 -1
1482407037441 0 4
1482407038346 0 1
