1479798748763 8 -1
1479798749635 3 1
1479798750867 8 1
1479798752122 9 2
1479798752851 10 -1
1479798753538 0 2
1479798757034 0 -2
1479798759922 10 1
1479798760659 9 -2
1479798761355 8 -1
1479798762067 5 -2
1479798762899 7 -2
1479798763666 12 -2
1479798764243 3 -2
1479798765019 4 3
1479798765643 7 1
1479798766218 12 1
1479798767387 3 2
1479798768147 2 1
1479798769403 10 1
1479798771803 10 -1
1479798772474 1 1
1479798773283 11 -1
1479798774570 11 1
1479798775634 1 -1
1479798777243 10 1
1479798777747 8 1
1479798778332 9 1
1479798778922 10 -2
1479798780739 0 2
1479798781331 1 1
1479798782227 11 -3
1479798783027 11 -1
1479798783731 1 -1
1479798787187 6 1
1479798787810 11 1
1479798788498 5 1
1479798789051 9 1
1479798790619 9 -1
1479798791266 5 -1
1479798791907 12 -1
1479798793107 2 -1
1479798794123 2 1
1479798794586 6 -1
1479798795019 0 -1
1479798795714 3 -2
1479798797396 4 -1
1479798798403 12 2
1479798799235 5 1
1479798799891 9 1
1479798800611 3 -1
1479798802242 1 2
1479798803315 11 3
1479798804907 1 -2
1479798806971 2 -1
1479798807675 4 -2
1479798808523 3 3
1479798809387 7 1
1479798810195 9 -1
1479798810819 5 -1
1479798812546 0 1
1479798813778 6 1
1479798814995 8 1
1479798815730 5 2
1479798816283 9 1
1479798816907 8 -1
1479798817930 6 -1
1479798818571 0 -2
1479798819099 10 1
1479798819626 8 1
1479798820395 9 -2
1479798821083 5 -2
1479798821603 8 -2
1479798823147 3 -2
1479798825011 7 -2
1479798825770 4 2
1479798826491 2 1
1479798827874 10 1
1479798831635 7 1
1479798832043 3 1
1479798832619 5 2
1479798833043 8 1
1479798833582 9 2
1479798834259 10 -2
1479798834795 0 1
1479798836091 3 -2
1479798837099 2 -1
1479798837565 4 -2
1479798838227 3 3
1479798839003 0 1
1479798842011 7 1
1479798842634 8 1
1479798843258 9 -1
1479798843859 5 -2
1479798844499 8 -1
1479798846115 12 -2
1479798846786 7 -1
1479798847195 7 1
1479798847755 8 1
1479798848371 6 1
1479798850155 8 -1
1479798850819 12 2
1479798852379 5 1
1479798854019 9 1
1479798855723 6 -1
1479798856586 0 -1
1479798858043 0 -1
1479798858650 2 -1
1479798859291 3 -3
1479798859826 7 -1
1479798860267 12 -1
1479798861210 4 3
1479798862395 2 2
1479798863418 1 2
1479798863939 0 1
1479798864851 11 -4
1479798865939 0 -1
1479798866882 1 -2
1479798869331 3 3
1479798870355 0 2
1479798871035 6 1
1479798871459 11 1
1479798872555 9 -1
1479798873122 5 -1
1479798873602 12 -1
1479798874626 2 -1
1479798875299 2 1
1479798875827 6 -1
1479798876219 11 -1
1479798876835 0 -1
1479798877426 0 -1
1479798877963 10 2
1479798878579 9 -1
1479798879370 8 -1
1479798879780 12 1
1479798880138 5 1
1479798880540 8 1
1479798881052 9 2
1479798881939 3 -3
1479798882602 10 -2
1479798884419 2 -2
1479798884972 4 -4
1479798886178 2 2
1479798886819 7 1
1479798887267 12 1
1479798889763 3 3
1479798893971 0 2
1479798895155 6 1
1479798895723 6 -1
1479798897274 11 1
1479798897699 1 1
1479798898539 1 -1
1479798899267 0 -1
1479798900163 3 -3
1479798901971 1 2
1479798903003 11 2
1479798903970 1 -1
1479798905098 3 3
1479798905723 0 1
1479798906370 6 1
1479798907179 6 -1
1479798907883 0 -2
1479798911307 8 1
1479798911851 9 -1
1479798912803 5 1
1479798913835 5 -2
1479798914755 12 -2
1479798916410 8 -1
1479798916883 8 1
1479798917474 10 1
1479798918011 9 -1
1479798918626 8 -2
1479798919834 7 -2
1479798923380 7 2
1479798923755 12 2
1479798924787 8 2
1479798925106 5 2
1479798925762 9 2
1479798926356 10 -1
1479798927291 0 2
1479798927995 6 1
1479798928475 6 -1
1479798928979 11 -3
1479798929546 1 -1
1479798930522 2 -1
1479798932299 4 1
1479798932835 0 -2
1479798933354 2 -1
1479798934547 3 -3
1479798935282 2 1
1479798935995 3 3
1479798937843 10 1
1479798938418 9 -2
1479798939082 8 -2
1479798939851 5 -2
1479798941042 3 -2
1479798941731 4 -1
1479798942442 2 1
1479798943139 3 2
1479798944571 8 1
1479798945171 9 1
1479798945867 10 -1
1479798946987 0 2
1479798950019 0 -1
1479798951835 5 2
1479798952683 9 1
1479798954075 3 -3
1479798955955 R
1479798957498 9 2
1479798958011 U
1479798959483 9 1
1479798960891 5 -2
1479798962331 9 -1
1479798963002 8 -1
1479798966123 7 -1
1479798966539 12 -1
1479798967244 4 3
1479798968419 3 1
1479798969427 2 1
1479798970475 10 1
1479798972970 10 -1
1479798973595 2 -1
1479798974595 3 -2
1479798975707 3 2
1479798976059 8 1
1479798976410 5 1
1479798976964 9 1
1479798977699 10 -1
1479798979171 0 2
1479798979666 5 -1
1479798981411 2 1
1479798983627 6 1
1479798986010 1 1
1479798986747 11 -4
1479798987251 1 -1
1479798990979 6 -1
1479798992034 0 -1
1479798993466 0 -1
1479798994091 10 2
1479798994683 9 -1
1479798995227 8 -1
1479798997731 10 -1
1479798999075 1 1
1479798999675 1 -1
1479799000283 10 1
1479799001411 8 1
1479799001796 5 1
1479799002171 9 1
1479799002587 9 1
1479799003195 10 -2
1479799003987 0 2
1479799058091 6 1
1479799058539 11 1
1479799060939 9 -1
1479799061395 5 -1
1479799062202 2 -1
1479799064011 2 1
1479799064659 1 1
1479799065148 11 3
1479799066147 11 -4
1479799066707 1 -1
1479799067163 6 -1
1479799069555 0 -2
1479799069971 10 2
1479799071931 10 -2
1479799072667 3 -2
1479799073282 3 2
1479799073755 10 1
1479799074250 9 -1
1479799075747 5 1
1479799076227 9 2
1479799076783 3 -3
1479799081460 1 2
1479799086267 U
1479799087419 R
1479799091083 9 2
1479799091755 5 -1
1479799092395 3 -2
1479799092882 10 -1
1479799093507 0 1
1479799095018 4 1
1479799095402 7 -1
1479799095723 12 -1
1479799096291 4 2
1479799096802 2 1
1479799097539 1 2
1479799098147 11 -4
1479799099787 1 -2
1479799101611 3 3
1479799102795 0 1
1479799105964 1 1
1479799107627 9 -1
1479799108595 6 1
1479799109091 11 1
1479799109747 5 -1
1479799111843 12 -1
1479799113171 1 -1
1479799114187 2 -1
1479799118098 6 -1
1479799118947 0 -1
1479799120043 3 -2
1479799121746 4 -4
1479799122899 2 1
1479799124075 3 2
1479799125579 7 1
1479799126899 12 2
1479799130643 5 2
1479799134043 0 1
1479799135219 6 1
1479799135699 1 1
1479799136266 11 2
1479799137187 6 -1
1479799138059 0 -1
1479799138947 9 1
1479799139802 8 1
1479799140682 3 -3
1479799142714 1 1
1479799143123 1 -1
1479799144642 3 3
1479799145331 9 -1
1479799145923 5 -2
1479799147555 0 1
1479799148259 6 1
1479799149690 11 -3
1479799150315 1 -1
1479799153202 1 1
1479799153603 8 -1
1479799154738 5 2
1479799155387 9 1
1479799157451 1 -1
1479799158795 6 -1
1479799159283 0 -2
1479799159771 10 2
1479799160971 3 -3
1479799162730 10 -1
1479799163387 1 3
1479799164131 10 1
1479799165619 10 -1
1479799166571 2 -1
1479799167371 4 2
1479799168499 5 -1
1479799169114 1 1
1479799169827 3 2
1479799171002 9 -2
1479799171538 8 -1
1479799172011 5 -1
1479799173058 3 -1
1479799174826 4 -2
1479799175331 2 1
1479799176195 10 1
1479799177164 3 2
1479799179098 10 -1
1479799182251 3 -2
1479799183194 2 -1
1479799183843 4 2
1479799185034 8 1
1479799185388 5 1
1479799185971 9 2
1479799186571 10 -1
1479799187115 0 1
1479799188355 11 3
1479799189083 4 -2
1479799189803 2 1
1479799190266 3 2
1479799193011 0 1
1479799193699 6 3
1479799194418 0 -2
1479799195211 3 -3
1479799196411 1 -2
1479799196979 8 1
1479799197323 5 1
1479799198539 8 -1
1479799198947 5 -1
1479799199619 1 2
1479799200219 3 3
1479799202299 9 -1
1479799202795 5 -1
1479799206060 10 2
1479799206643 9 -3
1479799207242 10 -2
1479799207715 8 -1
1479799208227 0 5
