1480954285434 8 -1
1480954287117 3 1
1480954287780 8 2
1480954288464 9 2
1480954289033 10 -1
1480954292738 3 -3
1480954296771 8 -1
1480954297445 5 -1
1480954298276 7 -1
1480954298877 12 -1
1480954299561 4 3
1480954300246 2 1
1480954301763 3 3
1480954303680 1 1
1480954304532 1 -1
1480954305184 3 -3
1480954306775 4 -1
1480954307511 2 -2
1480954308207 4 -2
1480954309132 7 1
1480954309786 12 1
1480954310765 4 1
1480954311417 2 1
1480954312396 8 1
1480954313408 8 -1
1480954314208 3 2
1480954315481 10 1
1480954316691 10 -1
1480954317397 3 -2
1480954318756 4 -1
1480954319863 3 3
1480954320578 0 2
1480954321389 6 1
1480954323526 6 -1
1480954325663 12 -1
1480954326791 12 1
1480954327969 0 -1
1480954328611 3 -3
1480954333550 4 1
1480954334455 7 -1
1480954335173 12 -1
1480954335762 4 2
1480954336740 2 1
1480954337710 3 3
1480954338510 9 -1
1480954339215 5 -1
1480954340152 3 -2
1480954340952 4 -1
1480954341521 12 1
1480954342480 5 2
1480954343429 9 1
1480954344104 3 -1
1480954346599 1 2
1480954347494 11 -4
1480954351203 1 -1
1480954353781 1 -1
1480954356181 2 -1
1480954357634 4 -3
1480954358709 7 1
1480954359604 3 3
1480954360510 9 -1
1480954361341 5 -2
1480954362594 12 -2
1480954363710 7 -1
1480954364416 3 -2
1480954365426 12 2
1480954366079 7 1
1480954366880 3 2
1480954367564 8 1
1480954370881 0 1
1480954371682 6 1
1480954372419 11 1
1480954374462 8 -1
1480954375157 12 -2
1480954376199 2 1
1480954377146 1 1
1480954378357 11 2
1480954379326 6 -1
1480954380337 0 -2
1480954381179 3 -2
1480954381885 7 -1
1480954383327 3 2
1480954384054 0 2
1480954385371 6 1
1480954386339 12 2
1480954388214 7 1
1480954390404 5 2
1480954391099 8 1
1480954391731 9 1
1480954392574 8 -1
1480954393679 6 -1
1480954395238 11 -3
1480954397785 1 -1
1480954399555 2 -1
1480954400923 0 -1
1480954401798 3 -3
1480954403906 2 1
1480954405539 3 3
1480954406318 0 1
1480954407687 9 -1
1480954409171 5 -2
1480954412214 11 1
1480954414048 8 1
1480954414846 8 -1
1480954415615 5 2
1480954420933 11 -1
1480954421564 0 -2
1480954423050 10 2
1480954424366 9 -1
1480954425861 8 -1
1480954426682 5 -2
1480954428683 10 -1
1480954429673 3 -2
1480954430462 2 -1
1480954431726 3 2
1480954432358 2 1
1480954433169 10 1
1480954434653 8 2
1480954435338 9 1
1480954436201 10 -2
1480954439055 0 2
1480954440741 8 -1
1480954442825 1 1
1480954443773 11 3
1480954445658 6 1
1480954446616 6 -1
1480954447163 0 -2
1480954448123 10 1
1480954448848 9 -1
1480954449711 8 -1
1480954450534 7 -2
1480954451124 12 -2
1480954451765 3 -2
1480954454619 3 2
1480954455587 7 2
1480954457146 R
1480954458178 8 -1
1480954458968 5 -2
1480954459811 3 1
1480954464510 12 -2
1480954465468 7 -2
1480954466501 3 -2
1480954467227 4 3
1480954468038 2 1
1480954470397 1 1
1480954471123 11 -1
1480954472028 3 2
1480954474050 7 1
1480954474597 12 1
1480954475409 8 1
1480954475935 5 1
1480954476430 9 2
1480954477094 10 -1
1480954477652 0 2
1480954478241 6 1
1480954479010 11 -3
1480954482348 1 -1
1480954483507 2 -1
1480954485002 9 -1
1480954485991 5 -1
1480954486822 5 1
1480954487402 5 -1
1480954489508 11 1
1480954490055 6 -1
1480954490708 11 -1
1480954495637 0 -2
1480954496753 3 -2
1480954497363 2 1
1480954497996 0 1
1480954498996 4 -1
1480954499732 12 1
1480954500680 5 2
1480954501428 9 1
1480954501965 3 -1
1480954504324 2 -1
1480954505103 4 -3
1480954505851 2 1
1480954506577 7 1
1480954507335 3 3
1480954508262 8 1
1480954509021 0 1
1480954511285 0 -1
1480954512011 8 -1
1480954512886 5 -1
1480954513328 5 1
1480954513823 8 1
1480954514412 9 -1
1480954514960 5 -2
1480954517361 12 -2
1480954517993 8 -1
1480954519330 0 1
1480954521247 2 -1
1480954521804 4 1
1480954523152 4 -1
1480954524058 7 -1
1480954524787 12 2
1480954525589 7 1
1480954527189 11 1
1480954527790 6 1
1480954529274 2 1
1480954530033 1 1
1480954531317 11 2
1480954531823 6 -1
1480954534413 0 -2
1480954535425 8 1
1480954536299 5 2
1480954537088 9 1
1480954539436 3 -3
1480954542617 1 1
1480954543701 8 -1
1480954544165 5 -1
1480954544670 1 2
1480954545419 2 -2
1480954546292 4 2
1480954547282 11 1
1480954548178 2 1
1480954548661 4 -1
1480954550104 3 3
1480954551642 9 -1
1480954552126 5 -1
1480954553075 0 2
1480954554137 6 3
1480954556401 0 -2
1480954557243 10 1
1480954557696 9 -3
1480954558528 10 -1
1480954559508 8 -1
1480954560234 0 5
