1482778895525 3 1
1482778896822 9 2
1482778897821 10 -1
1482778899013 0 2
1482778901109 8 1
1482778902085 9 -1
1482778903050 5 -2
1482778903911 8 -1
1482778904878 6 1
1482778905942 7 -1
1482778907214 12 -2
1482778909341 6 -1
1482778910429 0 -2
1482778911349 3 -2
1482778912662 4 3
1482778913389 2 1
1482778914301 3 2
1482778915541 0 2
1482778917806 0 -2
1482778918757 10 2
1482778920222 10 -2
1482778921005 0 2
1482778922117 1 1
1482778923158 6 1
1482778924485 1 -1
1482778925104 2 -1
1482778927621 2 1
1482778929397 6 -1
1482778930015 0 -2
1482778930902 10 2
1482778931653 9 -1
1482778932542 8 -1
1482778933242 7 -1
1482778933869 3 -2
1482778935613 10 -1
1482778937645 1 1
1482778939053 11 -1
1482778940341 3 2
1482778942134 7 1
1482778942613 12 1
1482778943053 5 1
1482778943461 8 1
1482778944038 9 2
1482778945093 10 -1
1482778946005 0 2
1482778948005 11 -3
1482778948670 1 -1
1482778951977 2 -1
1482778952869 0 -2
1482778953599 3 -3
1482778954901 4 -4
1482778956149 3 3
1482778957637 7 1
1482778958221 12 1
1482778959373 9 -1
1482778960269 5 -1
1482778962734 2 -1
1482778963373 3 -2
1482778965038 3 2
1482778965933 2 2
1482778967525 0 2
1482778968197 11 1
1482778968717 6 1
1482778970094 8 1
1482778971853 8 -1
1482778974925 5 2
1482778975645 9 1
1482778977797 8 1
1482778980736 2 -1
1482778981469 4 1
1482778983637 6 -1
1482778984271 11 -1
1482778985332 9 -1
1482778986110 5 -2
1482778986768 8 -1
1482778987558 7 -1
1482778988341 12 -2
1482778989645 4 -1
1482778990349 2 1
1482778991065 1 1
1482778991725 7 1
1482778993821 6 1
1482778994365 11 2
1482778995997 11 1
1482778997309 6 -1
1482778997949 0 -1
1482778999223 3 -2
1482779000542 7 -1
1482779001621 12 2
1482779002549 5 2
1482779003157 9 1
1482779003941 3 -1
1482779005485 1 1
1482779006469 11 -3
1482779007310 1 -2
1482779008670 2 -1
1482779009534 7 1
1482779010997 8 1
1482779012309 8 -1
1482779012877 5 -1
1482779014101 3 3
1482779015373 0 1
1482779018342 0 -2
1482779019485 2 1
1482779020557 10 2
1482779021461 3 -3
1482779022989 10 -2
1482779025229 1 4
1482779026254 10 2
1482779027069 10 -2
1482779028346 2 -2
1482779029142 4 2
1482779029925 2 1
1482779031093 0 1
1482779034045 11 3
1482779034894 3 2
1482779036165 9 -1
1482779037046 5 -1
1482779039334 3 -1
1482779040570 4 -2
1482779041269 3 2
1482779042981 0 1
1482779043941 6 3
1482779047581 0 -2
1482779048426 10 1
1482779049165 9 -3
1482779049990 10 -1
1482779052054 8 -1
1482779053783 0 4
1482779055240 0 1
