1481954150430 7 -1
1481954151293 4 2
1481954152259 2 1
1481954154256 9 2
1481954154600 10 -1
1481954155406 1 1
1481954155797 0 1
1481954156362 11 -4
1481954156816 1 -1
1481954157105 0 -1
1481954157531 2 -2
1481954158697 4 -3
1481954159187 2 2
1481954159897 3 1
1481954189184 7 1
1481954191901 0 2
1481954201286 0 -1
1481954201650 3 -3
1481954202744 1 3
1481954203713 2 -1
1481954204203 4 2
1481954205192 0 -1
1481954205717 2 -1
1481954207334 5 -1
1481954207719 1 1
1481954208486 2 1
1481954208940 3 2
1481954210503 0 1
1481954211486 11 4
1481954211876 0 -1
1481954216232 4 -1
1481954216547 3 1
1481954217012 0 2
1481954217518 6 3
1481954218195 0 -2
1481954218504 10 1
1481954218897 9 -4
1481954219935 10 -1
1481954220355 8 -1
1481954220717 5 -1
1481954221365 0 6
