1480943055332 3 1
1480943069673 9 2
1480943070971 10 -1
1480943072223 0 2
1480943073691 6 1
1480943075167 9 -1
1480943080035 5 -2
1480943083899 8 1
1480943087162 U
1480943087896 U
1480943088490 U
1480943089132 U
1480943089834 U
1480943099965 3 -3
1480943104331 3 3
1480943122415 0 2
1480943131441 0 -2
1480943136565 3 -3
1480943140747 3 3
1480943148541 9 -1
1480943152661 5 -2
1480943156847 8 1
1480943163085 8 -1
1480943164778 R
1480943175827 8 -1
1480943177250 7 -2
1480943178477 4 2
1480943179908 2 1
1480943184459 1 1
1480943185671 1 -1
1480943190601 10 1
1480943191414 10 -1
1480943193073 10 1
1480943193969 10 -1
1480943197062 7 1
1480943197841 8 1
1480943199085 9 2
1480943200962 10 -1
1480943202314 0 1
1480943204299 3 -2
1480943205295 3 2
1480943206331 2 -1
1480943207425 4 -2
1480943208348 3 1
1480943209321 0 1
1480943210579 9 -1
1480943212366 6 1
1480943213685 7 1
1480943215867 5 -2
1480943217257 8 1
1480943218167 8 -1
1480943225798 R
1480943235404 5 -2
1480943275987 8 1
1480943284209 3 1
1480943295735 9 1
1480943300897 10 -1
1480943305657 10 1
1480943306538 R
1480943322491 3 1
1480943334439 9 1
1480943335785 10 -1
1480943341200 R
1480943344360 3 1
1480943348663 5 -2
