1481389302537 9 2
1481389310002 3 1
1481389313041 10 -1
1481389315288 0 2
1481389317591 6 1
1481389323192 6 -1
1481389324447 0 -2
1481389325215 9 -1
1481389326591 8 1
1481389329439 5 -2
1481389333158 10 1
1481389333815 9 -1
1481389335054 8 -2
1481389336599 3 -2
1481389340936 4 1
1481389341631 7 -2
1481389342485 12 -2
1481389343375 4 2
1481389344326 2 1
1481389350517 10 1
1481389357662 10 -1
1481389358479 3 2
1481389361335 7 1
1481389362343 10 1
1481389366335 10 -1
1481389377655 8 1
1481389378230 9 1
1481389378901 10 -1
1481389384422 0 2
1481389386366 1 1
1481389389350 11 -4
1481389392198 1 -1
1481389396917 6 1
1481389402318 1 1
1481389411902 12 1
1481389415252 6 -1
1481389416197 1 -1
1481389610799 11 1
1481389611527 6 1
1481389613471 1 1
1481389614807 1 -1
1481389618519 1 1
1481389619841 6 -1
1481389620275 11 -1
1481389620872 0 -2
1481389623047 1 -1
1481389634390 10 2
1481389634994 9 -1
1481389637766 5 1
1481389638478 9 2
1481389639535 10 -2
1481389640750 3 -3
1481389644207 1 2
1481389646112 0 1
1481389678525 4 -1
1481389680607 12 1
1481389684517 12 -1
1481389685445 4 1
1481389686638 1 -2
1481389688527 2 -1
1481389689743 4 -4
1481389700573 2 1
1481389702879 7 1
1481389705598 12 1
1481389706613 1 4
1481389712190 3 3
1481389715838 0 1
1481389720445 0 -2
1481389723316 10 2
1481389726694 9 -2
1481389731588 9 2
1481389733542 10 -1
1481389736198 10 -1
1481389736934 0 2
1481389737860 11 3
1481389739205 6 3
1481389741357 0 -2
1481389742084 10 2
1481389743076 9 -4
1481389744548 10 -2
1481389747550 0 2
1481389750821 8 -1
1481389751684 5 -1
1481389752812 0 3
