1481743164696 5 2
1481743165789 4 -1
1481743166569 3 2
1481743167584 3 -2
1481743168777 4 1
1481743169530 4 -1
1481743175413 5 -4
1481743175964 1 -2
1481743178969 10 2
1481743179882 2 3
1481743182197 2 -3
1481743183831 10 -4
1481743184365 1 2
1481743184934 4 3
1481743187365 7 1
1481743187745 5 1
1481743188977 4 -3
1481743189709 3 3
1481743190301 9 3
1481743191175 6 -1
1481743191701 0 2
1481743192991 8 1
1481743194678 1 -1
1481743196724 9 -1
1481743197950 5 -1
1481743198852 1 1
1481743201967 8 -1
1481743202930 0 -2
1481743203823 6 1
1481743204273 9 -2
1481743204825 7 -1
1481743205598 3 -3
1481743206620 4 3
1481743207973 2 1
1481743208611 10 2
1481743209865 6 1
1481743211782 7 1
1481743212170 5 1
1481743214501 R
1481743218169 7 2
1481743219341 7 -2
1481743220471 7 2
1481743220882 4 -1
1481743221942 3 2
1481743222538 9 3
1481743223331 6 -1
1481743224433 3 -2
1481743225477 7 -1
1481743226014 5 -1
1481743227999 1 -1
1481743228605 10 2
1481743229877 4 1
1481743230419 2 1
1481743230844 0 1
1481743231366 8 4
1481743232686 4 -1
1481743233626 3 1
1481743235092 0 -1
1481743235565 6 1
1481743238154 9 -3
1481743238869 9 -1
1481743239591 6 -1
1481743240010 3 -1
1481743240474 7 -1
1481743240954 5 -1
1481743243637 10 -3
1481743244166 1 1
1481743245044 1 -2
1481743246593 1 2
1481743247152 0 1
1481743248047 4 3
1481743288856 4 -3
1481743290151 1 -2
1481743290767 2 2
1481743291457 10 3
1481743293347 3 1
1481743294959 5 2
1481743296378 2 -2
1481743296955 10 -3
1481743297589 1 2
1481743297928 7 2
1481743298357 5 2
1481743300882 7 -2
1481743302732 1 -2
1481743303242 2 1
1481743304010 5 -3
1481743304506 2 1
1481743311230 5 -1
1481743312082 3 -1
1481743313310 2 -2
1481743313771 1 2
1481743315416 4 3
1481743317702 0 -1
1481743318148 6 2
1481743320123 9 1
1481743320812 8 -1
1481743321283 10 -1
1481743324156 7 1
1481743324508 5 1
1481743327150 10 2
1481743327876 8 1
1481743330242 9 -1
1481743330895 6 -2
1481743332224 0 1
1481743333029 4 -3
1481743336483 5 -1
1481743336895 7 -1
1481743340296 1 -2
1481743340930 2 2
1481743341569 10 2
1481743343318 4 1
1481743343734 8 -3
1481743344575 4 -1
1481743345881 2 -3
1481743346627 3 3
1481743347426 0 1
1481743349020 1 1
1481743349731 0 4
