1480016339914 5 -2
1480016340679 4 2
1480016343637 4 -3
1480016345192 1 -2
1480016346280 10 2
1480016358082 10 -4
1480016359198 1 2
1480016360191 4 3
1480016361670 6 1
1480016369539 6 -1
1480016370245 4 -3
1480016371362 3 3
1480016375265 7 2
1480016376277 9 2
1480016377203 6 -1
1480016378796 0 2
1480016383435 5 2
1480016387407 0 -1
1480016388399 3 -2
1480016391377 9 1
1480016392236 3 -1
1480016392877 4 1
1480016393400 2 1
1480016395090 8 3
1480016397485 10 1
1480016398249 8 1
1480016399795 0 -1
1480016401723 4 -1
1480016402543 3 1
1480016403126 6 1
1480016404805 9 -4
1480016406037 6 -1
1480016409177 7 -2
1480016409864 5 -2
1480016410847 3 -1
1480016412794 1 -2
1480016413720 2 2
1480016415657 10 3
1480016416908 4 1
1480016417843 8 -1
1480016418712 10 -4
1480016419494 2 -2
1480016421012 1 2
1480016425585 10 2
1480016426339 8 1
1480016426960 4 -1
1480016428028 3 1
1480016434847 5 4
1480016453604 3 -1
1480016454615 0 1
1480016455723 4 1
1480016456687 8 -3
1480016457488 4 -1
1480016458129 2 -1
1480016459045 10 -2
1480016459933 3 3
1480016460752 0 4
