1482512635711 4 -1
1482512636752 10 -2
1482512639014 3 3
1482512646763 7 2
1482512647890 9 3
1482512648944 6 -1
1482512650197 0 2
1482512653924 8 1
1482512655224 9 -1
1482512656988 5 -2
1482512660570 0 -1
1482512668378 5 4
1482512690953 3 -2
1482512692907 5 -4
1482512693797 7 -1
1482512695719 1 -1
1482512697876 10 4
1482512699117 2 1
1482512715447 U
1482512716151 R
1482512731332 5 -2
1482512732575 1 -2
1482512733879 1 2
1482512735300 4 2
1482512738043 6 1
1482512750894 10 -2
1482512758438 6 -1
1482512759804 4 -3
1482512766039 3 3
1482512768746 5 4
1482512770364 7 2
1482512771738 9 3
1482512773402 6 -1
1482512775314 0 2
1482512786332 0 -2
1482512794643 3 -3
1482512795392 4 1
1482512796056 2 1
1482512797468 0 1
1482512799226 8 3
1482512800920 0 -1
1482512803241 7 -1
1482512804380 4 2
1482512809761 10 1
1482512810817 8 1
1482512820362 4 -3
1482512827751 6 1
1482512828289 3 1
1482512829570 9 -4
1482512831089 6 -1
1482512832186 7 -1
1482512833287 3 -1
1482512839585 5 -4
1482512840583 1 -2
1482512842801 2 2
1482512852799 10 2
1482512854064 4 1
1482512854937 8 -1
1482512856273 2 -2
1482512860773 0 1
1482512862029 8 -2
1482512862873 4 -1
1482512863623 2 -1
1482512865904 10 -3
1482512867575 3 3
1482512868465 1 2
1482512869349 0 4
