1481905456382 4 -1
1481905461593 10 -2
1481905464392 3 3
1481905464770 7 2
1481905465076 5 2
1481905465600 9 3
1481905466140 6 -1
1481905466544 0 2
1481905467773 0 -2
1481905480345 3 -3
1481905482245 7 -1
1481905482764 1 -1
1481905484879 5 -2
1481905485278 2 1
1481905485877 4 1
1481905486202 10 2
1481905486608 0 1
1481905487021 8 4
1481905487583 4 -1
1481905487858 0 -1
1481905488237 6 1
1481905488747 3 1
1481905489110 9 -4
1481905489590 6 -1
1481905489927 3 -1
1481905491074 7 -1
1481905491491 1 1
1481905491981 5 -2
1481905493535 4 3
1481905494336 0 1
1481905494738 8 -3
1481905495345 2 -1
1481905495851 10 -2
1481905496265 4 -3
1481905496636 3 3
1481905497258 0 5
