1482878900257 5 1
1482878909815 1 -1
1482878913597 10 2
1482878914859 4 -1
1482878920499 3 2
1482878922497 7 1
1482878923118 9 3
1482878924181 6 -1
1482878924874 9 -1
1482878927157 10 -3
1482878928292 3 1
1482878928748 1 1
1482878933441 0 2
1482878934543 8 1
1482878935701 9 1
1482878940619 8 -1
1482878942999 0 -1
1482878947287 9 -1
1482878949295 5 -3
1482878952419 5 4
1482878953567 9 1
1482878954759 0 1
1482878955328 8 1
1482878957237 8 -1
1482878960112 R
1482878975219 5 -2
1482878976320 4 2
1482878983435 4 -3
1482878984526 1 -2
1482878985631 2 3
1482878986385 10 2
1482878988042 3 1
1482878993029 2 -3
1482878994893 1 1
1482878997897 3 2
1482879002792 3 -2
1482879003350 10 -4
1482879003985 1 1
1482879006217 7 2
1482879007191 9 2
1482879008155 6 -1
1482879011094 5 4
1482879030521 3 2
1482879035765 6 1
1482879036257 9 -2
1482879037105 7 -2
1482879040873 3 -3
1482879045941 5 -4
1482879048210 4 3
1482879059273 4 -3
1482879060165 1 -2
1482879060803 4 1
1482879061909 2 3
1482879062985 10 4
1482879068536 R
1482879076755 4 -1
1482879085616 10 -2
1482879100136 3 3
1482879104283 7 2
1482879105255 9 3
1482879114647 U
1482879133045 R
1482879144470 5 -2
1482879147097 1 -2
1482879149739 1 2
1482879150781 5 3
1482879153838 7 2
1482879156299 10 -2
1482879156977 4 -1
1482879157539 3 3
1482879158309 9 3
1482879159829 6 -1
1482879160520 0 2
1482879161637 8 1
1482879165521 7 -1
1482879168524 9 -1
1482879172439 7 1
1482879173159 5 -3
1482879184483 R
1482879196149 10 -2
1482879214451 5 -2
1482879215297 4 2
1482879216411 6 1
1482879237247 2 1
1482879239450 10 2
1482879240524 2 -1
1482879243336 R
1482879354065 4 -1
1482879360516 4 2
1482879370044 4 -2
1482879407153 3 2
1482879409873 7 1
1482879411027 7 1
1482879412051 9 3
1482879412886 6 -1
1482879414275 0 1
1482879415728 8 1
1482879418759 10 -1
1482879419755 3 1
1482879468286 R
1482879477297 4 1
1482879477993 5 -2
1482879478855 4 1
1482879485822 4 -3
1482879486442 1 -2
1482879487853 2 3
1482879489275 10 2
1482879493487 2 -3
1482879494273 10 -4
1482879495960 5 4
1482879496821 1 2
1482879499882 4 3
1482879503856 6 1
1482879512694 6 -1
1482879513663 4 -3
1482879515690 1 -2
1482879516735 2 2
1482879520065 5 -2
1482879522937 2 1
1482879524569 4 1
1482879526417 2 -3
1482879527447 1 2
1482879528344 4 1
1482879529549 5 -1
1482879530153 4 1
1482879531571 6 1
1482879533775 7 1
1482879538976 R
1482879552729 5 -2
1482879557679 5 2
1482879574898 4 -1
1482879578033 7 1
1482879578747 3 2
1482879581039 9 2
1482879582078 6 -1
1482879583561 0 1
1482879593494 10 -2
1482879595123 3 1
1482879600146 8 1
1482879616865 9 1
1482879618592 3 -3
1482879620297 4 1
1482879621491 8 1
1482879624442 2 1
1482879625439 8 1
1482879628415 10 2
1482879633763 8 1
1482879634837 4 -1
1482879639229 4 1
1482879644061 8 -3
1482879644985 4 -1
1482879645546 2 -1
1482879646695 10 -2
1482879648997 3 3
1482879652783 0 1
1482879706440 0 -1
1482879717219 3 -3
1482879720773 4 1
1482879721289 2 1
1482879721835 10 2
1482879722879 8 3
1482879724185 4 -1
1482879725481 10 -1
1482879726791 3 1
1482879729591 0 -1
1482879730573 6 1
1482879731387 9 -4
1482879732638 6 -1
1482879734887 0 1
1482879736351 3 -1
1482879736875 4 2
1482879737331 8 -3
1482879737984 4 -2
1482879738337 2 -1
1482879738728 10 -1
1482879739421 3 3
1482879740087 7 -1
1482879740647 0 2
1482879740997 5 2
1482879741375 0 2
