1482879080080 7 2
1482879150152 5 -2
1482879153484 7 -2
1482879155815 4 2
1482879161056 6 1
1482879165583 6 -1
1482879177776 10 -2
1482879179316 4 -3
1482879180587 3 3
1482879184947 5 4
1482879187468 9 1
1482879189464 9 -1
1482879201204 3 -3
1482879203044 4 3
1482879206071 6 1
1482879209596 7 1
1482879211855 7 -1
1482879215251 2 1
1482879218136 10 2
1482879219707 7 1
1482879221825 2 -1
1482879222784 6 -1
1482879224064 10 -2
1482879225092 4 -3
1482879226019 3 3
1482879230038 9 3
1482879232012 6 -1
1482879233712 0 2
1482879236404 0 -1
1482879238644 3 -3
1482879247010 3 2
1482879248579 9 -1
1482879249903 0 -1
1482879250999 3 1
1482879253947 0 2
1482879254859 7 1
1482879256686 9 1
1482879259410 0 -2
1482879262352 0 2
1482879265171 10 1
1482879267543 8 1
1482879269371 0 -1
1482879272574 3 -3
1482879285146 4 1
1482879286379 8 1
1482879288806 7 -1
1482879289534 4 2
1482879293563 2 1
1482879295535 4 -2
1482879296430 7 1
1482879305071 U
1482879316591 8 2
1482879333039 4 -1
1482879345763 5 -1
1482879347930 5 -2
1482879357244 R
1482879362022 5 -2
1482879368199 4 2
1482879376867 4 -3
1482879381795 10 -2
1482879384124 3 3
1482879389827 9 1
1482879393387 9 -1
1482879403391 7 2
1482879404431 9 2
1482879409579 7 -1
1482879412168 5 4
1482879414074 9 1
1482879416046 9 -3
1482879417531 7 -1
1482879420826 5 -4
1482879426883 3 -3
1482879427759 4 3
1482879428983 2 1
1482879431715 4 -2
1482879436587 4 2
1482879437810 4 -3
1482879439223 2 -1
1482879440207 4 3
1482879441899 4 -3
1482879443243 1 -2
1482879444559 2 3
1482879447255 2 -3
1482879448199 1 2
1482879457491 5 4
1482879462106 3 3
1482879464142 9 1
1482879465459 7 2
1482879466474 9 2
1482879467539 6 -1
1482879468243 9 -1
1482879470527 0 2
1482879473834 5 -4
1482879478495 0 -1
1482879481412 5 2
1482879482155 9 1
1482879483367 3 -3
1482879487863 7 -1
1482879489452 5 -1
1482879490699 4 3
1482879493692 0 -1
1482879494896 6 2
1482879495888 2 1
1482879497088 2 -1
1482879499660 6 -2
1482879510088 4 -3
1482879515896 5 3
1482879517700 7 1
1482879521240 3 3
1482879523084 7 -1
1482879523740 7 1
1482879524975 9 -1
1482879526784 6 1
1482879527780 9 -2
1482879531127 9 2
1482879532396 6 -1
1482879533275 0 2
1482879534172 8 1
1482879534991 0 -1
1482879540120 0 1
1482879552420 7 -1
1482879553496 0 -1
1482879556635 3 -1
1482879557947 3 -1
1482879558720 9 1
1482879559728 3 -1
1482879560640 4 3
1482879564479 8 1
1482879573043 4 -2
1482879574535 7 1
1482879578436 7 -1
1482879579253 4 2
1482879583796 8 -2
1482879584841 0 -1
1482879586072 6 2
1482879590320 6 -2
1482879593141 4 -3
1482879594276 3 3
1482879595700 7 1
1482879601687 9 -1
1482879605420 6 1
1482879606315 9 -2
1482879607928 7 -2
1482879612807 7 2
1482879619519 7 -2
1482879622202 3 -3
1482879623483 4 3
1482879624575 2 1
1482879625679 7 1
1482879627883 4 -3
1482879629050 5 -4
1482879630207 7 1
1482879633339 7 -1
1482879634683 4 3
1482879637779 6 1
1482879647722 6 -1
1482879660639 R
1482879672859 7 2
1482879674091 4 -1
1482879675823 3 2
1482879677119 9 3
1482879679290 3 -2
1482879682767 7 -1
1482879683786 5 -1
1482879685346 4 3
1482879695043 4 -3
1482879697607 3 1
1482879699043 7 1
1482879701074 9 -2
1482879703167 7 -2
1482879706402 9 -1
1482879708055 3 -1
1482879713471 5 -1
1482879717490 10 -2
1482879719503 3 3
1482879723075 3 -3
1482879724103 4 3
1482879726987 4 -3
1482879729706 1 -2
1482879731871 2 3
1482879736591 2 -3
1482879740887 1 2
1482879743118 4 3
1482879744963 6 1
1482879749039 2 1
1482879751123 10 2
1482879752696 2 -1
1482879759062 7 1
1482879760150 5 1
1482879761482 5 -1
1482879762362 7 -1
1482879763546 6 -1
1482879764422 4 -3
1482879766867 3 2
1482879767954 9 1
1482879769520 7 2
1482879770479 5 3
1482879771966 9 2
1482879772899 6 -1
1482879774133 0 1
1482879777846 10 -2
1482879779194 3 1
1482879780147 0 1
1482879781044 7 -1
1482879787567 7 1
1482879788591 9 -1
1482879790707 0 -2
1482879795874 5 -3
1482879800991 0 2
1482879802659 8 1
1482879804083 0 -1
1482879811183 5 1
1482879813914 9 1
1482879816766 3 -3
1482879820938 3 3
1482879829966 3 -3
1482879833102 7 -1
1482879835110 4 3
1482879838670 8 -1
1482879844710 0 -1
1482879846270 6 2
