1479922286222 5 -2
1479922287974 4 -1
1479922289767 1 -2
1479922290706 10 2
1479922291957 3 3
1479922293699 9 1
1479922296129 5 3
1479922298381 1 1
1479922299650 7 1
1479922300918 9 2
1479922301868 6 -1
1479922302825 0 2
1479922304824 9 -1
1479922306126 5 -2
1479922306915 5 -1
1479922314158 5 3
1479922315310 9 1
1479922321552 0 -2
1479922323278 0 1
1479922324353 3 -3
1479922326938 10 -4
1479922328049 5 1
1479922329967 1 1
1479922332287 3 3
1479922334467 9 -1
1479922336313 8 1
1479922337615 0 1
1479922339075 7 1
1479922350160 5 -4
1479922353371 7 -1
1479922356798 5 4
1479922358415 9 1
1479922360070 7 1
1479922363747 8 -1
1479922366168 0 -1
1479922367418 0 -1
1479922368480 6 1
1479922369509 9 -3
1479922371827 7 -2
1479922374154 5 -4
1479922377659 3 -3
1479922379289 1 -2
1479922381517 2 2
1479922382343 4 1
1479922384316 5 3
1479922385327 5 1
1479922388175 4 -1
1479922389065 2 -2
1479922391604 3 3
1479922393151 9 1
1479922394759 1 2
1479922395763 7 2
1479922396949 9 1
1479922397662 6 -1
1479922398512 0 2
1479922408498 7 -1
1479922412503 7 1
1479922415216 9 1
1479922416711 7 -1
1479922418372 10 1
1479922419921 1 -1
1479922420989 5 -2
1479922421810 5 -1
1479922423222 1 1
1479922428876 0 -1
1479922429621 3 -3
1479922430923 4 3
1479922431965 2 1
1479922434053 0 -1
1479922434997 6 2
1479922436800 2 -1
1479922447298 R
1479922465741 4 -1
1479922470768 3 2
1479922472386 10 -2
1479922473338 3 1
1479922478404 7 2
1479922479993 5 2
1479922481367 9 2
1479922482560 9 1
1479922483483 6 -1
1479922487750 6 1
1479922490826 6 -1
1479922491636 0 1
1479922492422 8 1
1479922493880 9 -1
1479922498742 0 1
1479922501422 7 -1
1479922503108 1 -1
1479922504953 0 -1
1479922505828 3 -1
1479922507055 10 3
1479922509441 3 -1
1479922510273 2 1
1479922512106 10 -3
1479922513705 1 1
1479922515970 7 1
1479922517227 5 -4
1479922518287 7 -1
1479922518969 1 -1
1479922519929 10 4
1479922521171 2 -1
1479922522080 3 2
1479922526692 0 1
1479922528065 8 -1
1479922544346 0 -1
1479922544900 0 -1
1479922545654 6 1
1479922546497 9 -2
1479922547900 7 -1
1479922550308 3 -3
1479922551416 4 1
1479922552162 2 1
1479922554828 1 -1
1479922555710 2 2
1479922559188 5 2
1479922563647 4 -1
1479922565751 2 -3
1479922567262 3 3
1479922568843 9 1
1479922569792 1 1
1479922570435 7 1
1479922571077 9 2
1479922571993 6 -1
1479922576791 5 -1
1479922578463 3 -3
1479922579491 10 -4
1479922580656 1 1
1479922582337 5 3
1479922583976 3 3
1479922586451 9 -1
1479922587783 6 1
1479922588506 9 -2
1479922589343 7 -1
1479922599167 3 -3
1479922600222 4 3
1479922604136 6 1
1479922606200 6 -1
1479922609582 4 -3
1479922610764 5 -3
1479922612034 1 -2
1479922613193 2 3
1479922614526 3 1
1479922615833 9 1
1479922617755 5 -1
1479922620459 10 4
1479922622828 R
1479922625513 10 -2
1479922626887 4 -1
1479922628931 3 3
1479922632064 7 2
1479922633243 9 3
1479922634425 6 -1
1479922635269 0 2
1479922640509 8 1
1479922642334 5 2
1479922643970 9 -1
1479922646061 10 1
1479922653317 9 1
1479922654594 0 -1
1479922656146 3 -3
1479922657978 R
1479923610432 4 -1
1479923612128 10 -2
1479923613938 1 -2
1479923615120 5 -1
1479923615908 5 -1
1479923616858 2 3
1479923635394 2 -3
1479923636632 1 2
1479923639318 3 2
1479923640617 9 1
1479923644312 3 1
1479923645894 7 2
1479923647146 5 4
1479923648747 9 2
1479923650241 6 -1
1479923651027 0 2
1479923653051 8 1
1479923657478 7 -1
1479923658513 9 -1
1479923659557 5 -3
1479923662079 0 -1
1479923662803 3 -2
1479923663905 1 -1
1479923664908 10 4
1479923666335 3 2
1479923667773 0 1
1479923671599 5 -1
1479923680821 5 2
1479923681832 9 1
1479923683246 0 -1
1479923684032 3 -3
1479923685969 4 1
1479923686570 2 1
1479923687560 8 3
1479923689317 4 -1
1479923690652 3 1
1479923692054 9 -1
1479923693211 5 -2
1479923694154 10 -3
1479923695289 1 1
1479923698463 5 4
1479923699811 9 1
1479923700800 3 -1
1479923702057 7 1
1479923704249 5 -2
1479923706387 5 -1
1479923707479 7 -1
1479923708790 4 3
1479923713461 10 1
1479923716831 4 -3
1479923720911 3 1
1479923721654 9 -1
1479923722443 5 -1
1479923726148 10 -1
1479923727531 1 -1
1479923732110 1 1
1479923734298 7 1
1479923735850 5 4
1479923736957 9 1
1479923738042 3 -1
1479923749534 R
1479923752040 5 -2
1479923753584 4 -1
1479923755793 10 -2
1479923759950 4 3
1479923765127 2 1
1479923766719 6 1
1479923768875 10 2
1479923769911 2 -1
1479923772341 5 1
1479923773398 7 1
1479923775799 6 -1
1479923777195 2 1
1479924935691 2 -1
1479924936801 10 -2
1479924937813 10 2
1479924938866 7 -1
1479924939699 5 -1
1479924940865 4 -3
1479924942205 1 -2
1479924943097 10 2
1479924944151 2 3
1479924945765 3 1
1479924946585 9 1
1479924960347 9 -1
1479924986149 3 -1
1479924987216 4 1
1479924990159 5 2
1479924991916 2 -1
1479924992977 5 1
1479924994114 10 -2
1479924994844 5 1
1479924996184 2 -1
1479924996938 1 2
1479924999433 4 -1
1479925000338 7 2
1479925001188 3 1
1479925002071 9 3
1479925005486 6 -1
1479925006464 0 1
1479925007988 8 1
1479925010139 3 -1
1479925010949 4 1
1479925011979 8 3
1479925013147 0 -1
1479925014173 4 -1
1479925015079 3 1
1479925016249 9 -1
1479925016947 6 1
1479925017614 9 -3
1479925019345 6 -1
1479925020068 3 -1
1479925020734 7 -1
1479925021543 7 -1
1479925022803 5 -3
1479925025163 4 3
1479925026341 6 2
1479925029505 6 -2
1479925030683 4 -2
1479925031381 4 -1
1479925033187 10 -1
1479925034100 1 -1
1479925034903 1 -1
1479925035764 2 2
1479925039076 5 -1
1479925039918 2 -2
1479925040736 1 2
1479925043408 4 3
1479925045826 4 -2
1479925046628 4 -1
1479925063434 0 1
1479925072737 1 -1
1479925075519 4 1
1479925076674 8 -3
1479925077403 4 -1
1479925078629 1 1
1479925085576 2 -1
1479925086854 3 3
1479925088107 0 4
