1482879672596 5 -2
1482879672596 5 -2
1482879676510 4 2
1482879676510 4 2
1482879690117 4 -3
1482879690117 4 -3
1482879697164 1 -2
1482879697164 1 -2
1482879700283 10 -2
1482879700283 10 -2
1482879702563 3 3
1482879702563 3 3
1482879704636 1 2
1482879704636 1 2
1482879721778 5 4
1482879721778 5 4
1482879741380 3 -3
1482879741380 3 -3
1482879752499 1 -2
1482879752499 1 -2
1482879754245 5 -4
1482879754245 5 -4
1482879772250 1 2
1482879772250 1 2
1482879775542 4 3
1482879775542 4 3
1482879779805 6 1
1482879779805 6 1
1482879786220 6 -1
1482879786220 6 -1
1482879789083 4 -3
1482879789083 4 -3
1482879790149 U
1482879790149 U
1482879791502 U
1482879791502 U
1482879792189 U
1482879792189 U
1482879792564 U
1482879792564 U
1482879792971 U
1482879792971 U
1482879793611 U
1482879793611 U
1482879794361 U
1482879794361 U
1482879795096 U
1482879795096 U
1482879795830 U
1482879795830 U
1482879796564 U
1482879796564 U
1482879797314 U
1482879797314 U
1482879798127 U
1482879798127 U
1482879798939 U
1482879798939 U
1482879799690 U
1482879799690 U
1482879800486 U
1482879800486 U
1482879801283 U
1482879801283 U
1482879819492 1 -2
1482879819492 1 -2
1482879822163 2 3
1482879822163 2 3
1482879837878 U
1482879837878 U
1482879838597 U
1482879838597 U
1482879862803 4 -1
1482879862803 4 -1
1482879865577 7 2
1482879865577 7 2
1482879870074 7 -1
1482879870074 7 -1
1482879873619 3 1
1482879873619 3 1
1482879877523 9 2
1482879877523 9 2
1482879880298 6 -1
1482879880298 6 -1
1482879885667 0 1
1482879885667 0 1
1482879896923 10 -2
1482879896923 10 -2
1482879900578 3 2
1482879900578 3 2
1482879907347 9 1
1482879907347 9 1
1482879934747 0 1
1482879934747 0 1
1482879957995 0 -2
1482879957995 0 -2
1482879960138 6 1
1482879960138 6 1
1482879967699 9 -2
1482879967699 9 -2
1482879971251 7 -1
1482879971251 7 -1
1482880011156 5 -2
1482880011156 5 -2
1482880021628 9 -1
1482880021628 9 -1
1482880035680 U
1482880035680 U
1482880036070 U
1482880036070 U
1482880036398 U
1482880036398 U
1482880036726 U
1482880036726 U
1482880037086 U
1482880037086 U
1482880037476 U
1482880037476 U
1482880037930 U
1482880037930 U
1482880038414 U
1482880038414 U
1482880038898 U
1482880038898 U
1482880039258 U
1482880039258 U
1482880039570 U
1482880039570 U
1482880039898 U
1482880039898 U
1482880040227 U
1482880040227 U
1482880040523 U
1482880040523 U
1482880040852 U
1482880040852 U
1482880041117 U
1482880041117 U
1482880041461 U
1482880041461 U
1482880103283 1 -1
1482880103283 1 -1
1482880105856 10 2
1482880105856 10 2
1482880110910 4 -1
1482880110910 4 -1
1482880134182 U
1482880134182 U
1482880134744 U
1482880134744 U
1482880135291 U
1482880135291 U
1482880151067 5 -2
1482880151067 5 -2
1482880153537 5 4
1482880153537 5 4
1482880156308 4 2
1482880156308 4 2
1482880163964 6 1
1482880163964 6 1
1482880175558 U
1482880175558 U
1482880176339 U
1482880176339 U
1482880177230 U
1482880177230 U
1482880178105 U
1482880178105 U
1482880193636 4 -1
1482880193636 4 -1
1482880197292 10 -2
1482880197292 10 -2
1482880200292 3 3
1482880200292 3 3
1482880235299 7 2
1482880235299 7 2
1482880237979 7 -1
1482880237979 7 -1
1482880240523 9 3
1482880240523 9 3
1482880242611 6 -1
1482880242611 6 -1
1482880246546 0 1
1482880246546 0 1
1482880248403 8 1
1482880248403 8 1
1482880290364 U
1482880290364 U
1482880290788 U
1482880290788 U
1482880291132 U
1482880291132 U
1482880291412 U
1482880291412 U
1482880291692 U
1482880291692 U
1482880291972 U
1482880291972 U
1482880292268 U
1482880292268 U
1482880292572 U
1482880292572 U
1482880292940 U
1482880292940 U
1482880355260 5 -2
1482880355260 5 -2
1482880358845 4 2
1482880358845 4 2
1482880373515 4 -3
1482880373515 4 -3
1482880378828 5 4
1482880378828 5 4
1482880400443 1 -1
1482880400443 1 -1
1482880403623 5 -1
1482880403623 5 -1
1482880406115 10 2
1482880406115 10 2
1482880415219 3 3
1482880415219 3 3
1482880429284 7 1
1482880429284 7 1
1482880436532 9 3
1482880436532 9 3
1482880438660 6 -1
1482880438660 6 -1
1482880454388 3 -3
1482880454388 3 -3
1482880456415 10 -4
1482880456415 10 -4
1482880458747 1 1
1482880458747 1 1
1482880461556 3 3
1482880461556 3 3
1482880473427 9 -1
1482880473427 9 -1
1482880493604 6 1
1482880493604 6 1
1482880495094 9 -2
1482880495094 9 -2
1482880497037 7 -1
1482880497037 7 -1
1482880499652 3 -3
1482880499652 3 -3
1482880504293 5 1
1482880504293 5 1
1482880506259 4 3
1482880506259 4 3
1482880514403 4 -3
1482880514403 4 -3
1482880516157 1 -2
1482880516157 1 -2
1482880518948 5 -2
1482880518948 5 -2
1482880522356 2 3
1482880522356 2 3
1482880537772 2 -3
1482880537772 2 -3
1482880539756 1 2
1482880539756 1 2
1482880542493 5 2
1482880542493 5 2
1482880545996 5 -2
1482880545996 5 -2
1482880547376 1 -2
1482880547376 1 -2
1482880564525 3 3
1482880564525 3 3
1482880578519 1 2
1482880578519 1 2
1482880582476 7 1
1482880582476 7 1
1482880587908 9 2
1482880587908 9 2
1482880591436 6 -1
1482880591436 6 -1
1482880602131 6 1
1482880602131 6 1
1482880604476 U
1482880604476 U
1482880604980 U
1482880604980 U
1482880605348 U
1482880605348 U
1482880605668 U
1482880605668 U
1482880606020 U
1482880606020 U
1482880606340 U
1482880606340 U
1482880606692 U
1482880606692 U
1482880607108 U
1482880607108 U
1482880607780 U
1482880607780 U
1482880608268 U
1482880608268 U
1482880608556 U
1482880608556 U
1482880608820 U
1482880608820 U
1482880609084 U
1482880609084 U
1482880609348 U
1482880609348 U
1482880609660 U
1482880609660 U
1482880609940 U
1482880609940 U
1482880610236 U
1482880610236 U
1482880610548 U
1482880610548 U
1482880610845 U
1482880610845 U
1482880611140 U
1482880611140 U
1482880611460 U
1482880611460 U
1482880611788 U
1482880611788 U
1482880612100 U
1482880612100 U
1482880612365 U
1482880612365 U
1482880612412 U
1482880612412 U
1482880612725 U
1482880612725 U
1482880613076 U
1482880613076 U
1482880613381 U
1482880613381 U
1482880613444 U
1482880613444 U
1482880613812 U
1482880613812 U
1482880614188 U
1482880614188 U
1482880614532 U
1482880614532 U
1482880614876 U
1482880614876 U
1482880615188 U
1482880615188 U
1482880615239 U
1482880615239 U
1482880615549 U
1482880615549 U
1482880615589 U
1482880615589 U
1482880662091 5 -2
1482880662091 5 -2
1482880665419 4 2
1482880665419 4 2
1482880669837 4 -3
1482880669837 4 -3
1482880672410 1 -2
1482880672410 1 -2
1482880682961 3 2
1482880682961 3 2
1482881077672 5 3
1482881077672 5 3
1482881099571 5 1
1482881099571 5 1
1482881102614 1 2
1482881102614 1 2
1482881104153 3 -2
1482881104153 3 -2
1482881106217 4 3
1482881106217 4 3
1482881111476 2 1
1482881111476 2 1
1482881117092 2 -1
1482881117092 2 -1
1482881118556 4 -3
1482881118556 4 -3
1482881126772 3 2
1482881126772 3 2
1482881128836 7 2
1482881128836 7 2
1482881135988 9 3
1482881135988 9 3
1482881142342 6 -1
1482881142342 6 -1
1482881146852 10 -2
1482881146852 10 -2
1482881149243 3 1
1482881149243 3 1
1482881154459 0 2
1482881154459 0 2
1482881166455 7 -1
1482881166455 7 -1
1482881171604 0 -1
1482881171604 0 -1
1482881175660 3 -3
1482881175660 3 -3
1482881204516 4 3
1482881204516 4 3
1482881205794 2 1
1482881205794 2 1
1482881206708 10 2
1482881206708 10 2
1482881208981 8 4
1482881208981 8 4
1482881214075 0 -1
1482881214075 0 -1
1482881217243 6 2
1482881217243 6 2
