1482879580964 5 -2
1482879586946 1 -2
1482879588721 10 2
1482879590081 2 3
1482879591767 4 -1
1482879593370 3 1
1482879595185 9 1
1482879605603 2 -3
1482879607262 10 -4
1482879608713 1 2
1482879615824 5 4
1482879616821 3 2
1482879622285 7 2
1482879624392 9 -1
1482879626291 9 3
1482879627655 6 -1
1482879634347 9 -1
1482879636399 7 -1
1482879638391 0 2
1482879645785 1 -1
1482879647577 10 1
1482879650174 5 -2
1482879651200 1 1
1482879653666 7 1
1482879655945 9 1
1482879659848 R
1482879686479 5 2
1482879689825 4 2
1482879696006 6 1
1482879699135 7 1
1482879701235 2 1
1482879706174 6 -1
1482879717168 7 -1
1482879718972 4 -3
1482879723360 1 -2
1482879724983 5 -4
1482879737027 2 2
1482879740662 4 1
1482879743327 4 -1
1482879744706 10 -2
1482879747208 2 -3
1482879748950 1 2
1482879753127 U
1482879756821 1 2
1482879759501 3 3
1482879765399 9 1
1482879768713 9 -1
1482879807447 5 4
1482879813175 3 -3
1482879825083 2 1
1482879827725 4 2
1482879831390 4 1
1482879835393 10 2
1482879840160 6 1
1482879844634 6 -1
1482879887811 4 -3
1482879890997 5 -4
1482879899697 2 -1
1482879901185 10 -2
1482879902599 3 3
