1482735408506 5 2
1482735409470 4 -1
1482735411208 3 2
1482735413962 7 2
1482735415060 9 3
1482735416220 6 -1
1482735417293 3 -2
1482735418603 7 -1
1482735422439 4 3
1482735425822 0 1
1482735431737 4 -3
1482735435069 10 -2
1482735436206 3 3
1482735437620 7 1
1482735442195 5 -3
1482735444420 5 3
1482735453498 3 -3
1482735455554 0 -1
1482735456454 4 1
1482735457156 2 1
1482735458456 7 -1
1482735459121 4 2
1482735462388 4 -3
1482735463263 5 -3
1482735469496 3 1
1482735470006 6 1
1482735470707 9 -3
1482735472388 3 -1
1482735472912 7 -1
1482735474412 1 -2
1482735475323 2 2
1482735476005 10 4
1482735478605 4 1
1482735480122 4 -1
1482735481622 2 -3
1482735483472 3 3
1482735485723 1 1
1482735487156 5 -1
1482735489658 3 -3
1482735493345 1 -1
1482735493931 2 3
1482735495616 2 -3
1482735497205 3 3
1482735500529 9 1
1482735501911 9 -1
1482735504173 3 -3
1482735507355 2 3
1482735509772 3 1
1482735510513 9 1
1482735513731 10 -4
1482735515073 2 -3
1482735515893 3 2
1482735516523 1 2
1482735518523 7 2
1482735519108 5 4
1482735520039 9 2
1482735520759 6 -1
1482735521690 0 2
1482735524973 9 -1
1482735525757 7 -1
1482735526973 7 1
1482735530643 5 -4
1482735532456 7 -1
1482735534993 0 -2
1482735535606 3 -2
1482735537733 5 4
1482735538409 9 1
1482735538941 3 -1
1482735541306 4 3
1482735542425 6 2
1482735550372 6 -2
1482735551056 4 -3
1482735554688 3 3
1482735562255 6 1
1482735564170 6 -1
1482735566572 9 -1
1482735568629 7 1
1482735569456 0 2
1482735572247 5 -4
1482735575390 7 -1
1482735583121 R
1482735589177 1 -2
1482735590512 10 2
1482735591574 2 3
1482735594124 4 -1
1482735595014 3 1
1482735597024 9 1
1482735599427 5 -2
1482735602341 2 -3
1482735603256 3 2
1482735605996 1 1
1482735608225 5 3
1482735613323 7 1
1482735614125 9 2
1482735614841 6 -1
1482735616066 0 2
1482735622024 0 -1
1482735623158 3 -3
1482735626441 10 -4
1482735627391 1 1
1482735627845 5 1
1482735630931 7 1
1482735631648 3 3
1482735639413 0 -1
1482735640009 6 1
1482735640977 9 -3
1482735642073 7 -2
1482735645955 3 -3
1482735647544 4 3
1482735649116 4 -3
1482735650952 1 -2
1482735652242 10 3
1482735652907 1 1
1482735656642 1 -1
1482735659159 2 2
1482735664358 4 1
1482735667260 4 -1
1482735668310 2 -2
1482735671205 3 2
1482735673186 9 1
1482735675325 1 1
1482735675759 7 1
1482735676258 9 2
1482735679658 3 -2
1482735682247 5 -3
1482735683609 4 1
1482735684393 2 1
1482735685393 10 -3
1482735686037 1 1
1482735686943 4 2
1482735688409 6 1
1482735692676 2 -1
1482735696667 R
1482735705945 4 1
1482735710593 5 -2
1482735712709 4 1
1482735716160 4 -2
1482735717293 1 -2
1482735718100 10 2
1482735718995 2 3
1482735722227 2 -2
1482735722994 1 1
1482735727313 4 -1
1482735728513 4 1
1482735733359 2 -1
1482735733959 4 -1
1482735734677 3 3
1482735736193 9 1
1482735737619 7 1
1482735738203 9 1
1482735738893 6 -1
1482735739595 0 2
1482735741526 8 1
