1479885940222 4 -1
1479885943543 3 2
1479885944248 3 -1
1479885945070 3 -1
1479885946351 10 -2
1479885947382 3 3
1479885951190 7 2
1479885952399 9 3
1479885953463 6 -1
1479885954503 0 2
1479885955598 8 1
1479885957326 7 -1
1479885958127 7 1
1479885960158 5 -1
1479885962471 5 3
1479885963414 9 -1
1479885965190 0 -1
1479885966719 R
1479885970280 10 -2
1479885973142 5 2
1479885974920 4 -1
1479885978974 3 3
1479885984837 7 2
1479885985749 9 3
1479885986973 6 -1
1479885990045 0 2
1479885995173 R
1479885997245 4 1
1479885999261 5 -2
1479886000221 4 1
1479886007245 6 1
1479886008269 10 -2
1479886011045 6 -1
1479886011749 2 1
1479886012749 10 2
1479886014053 10 -2
1479886014821 2 -1
1479886016125 4 -3
1479886018261 3 3
1479886021277 5 4
1479886024343 7 2
1479886025261 9 3
1479886026277 6 -1
1479886028397 0 2
1479886031966 9 -1
1479886035933 R
1479886039310 5 2
1479886040765 10 -2
1479886042062 4 2
1479886043365 6 1
1479886045774 R
1479886048422 1 -2
1479886050238 10 2
1479886051519 2 3
1479886052262 4 -1
1479886055118 5 -2
1479886056158 2 -3
1479886057566 10 -4
1479886058854 1 2
1479886060198 4 3
1479886064358 6 1
1479886067390 10 2
1479886069694 R
1479886080606 4 -1
1479886081486 10 -2
1479886083390 3 3
1479886087102 5 2
1479886096838 3 -3
1479886097742 4 3
1479886098878 6 1
1479886100542 7 1
1479886102462 6 -1
1479886104493 4 -3
1479886108277 5 -4
1479886110645 4 3
1479886113941 R
1479886116085 1 -2
1479886118789 2 3
1479886121229 4 -1
1479886125781 10 -2
1479886126573 2 -3
1479886127541 1 2
1479886128389 5 2
1479886134133 3 3
1479886135945 7 2
1479886136749 9 3
1479886137957 6 -1
1479886140237 0 2
1479886143661 0 -2
1479886145821 6 1
1479886150237 7 -1
1479886151861 1 -1
1479886153301 5 -1
1479886155260 3 -1
1479886157693 10 4
1479886159869 3 1
1479886160885 3 -3
1479886162189 2 1
1479886162989 4 1
1479886166894 6 -1
1479886167718 0 1
1479886169086 8 4
1479886170430 4 -1
1479886173590 5 -2
1479886174830 10 -3
1479886175798 1 1
1479886177141 5 3
1479886179038 3 1
1479886180151 9 -1
1479886181014 7 1
1479886182750 0 -1
1479886185942 R
1479886190014 7 2
1479886192069 10 -2
1479886193797 5 2
1479886195807 7 -2
1479886197245 4 2
1479886204494 7 1
1479886206014 4 -3
1479886208342 3 1
1479886211197 10 1
1479886213623 3 2
1479886214414 7 1
1479886215701 7 -2
1479886216638 7 2
1479886217757 9 3
1479886218973 7 -1
1479886220550 6 -1
1479886222333 0 2
1479886223925 0 -2
1479886224925 7 1
1479886225901 9 -1
1479886226572 6 1
1479886227556 9 -2
1479886230076 7 -2
1479886231788 3 -3
1479886234228 1 -2
1479886235292 5 -2
1479886236324 4 1
1479886237204 2 2
1479886238788 2 -1
1479886240100 2 -1
1479886242078 5 -2
1479886242917 1 2
1479886243980 4 2
1479886247940 4 -3
1479886248988 1 -2
1479886253500 10 3
1479886254788 3 3
1479886257548 5 3
1479886258108 1 1
1479886258708 7 1
1479886259933 9 2
1479886261020 6 -1
1479886262764 0 1
1479886264164 8 1
1479886271028 9 1
1479886271716 9 -1
1479886273628 8 -1
1479886274637 0 -1
1479886275540 6 1
1479886276916 9 -2
1479886278164 3 -3
1479886280173 10 -4
1479886281052 1 1
1479886281652 5 1
1479886282444 7 1
1479886283351 3 3
1479886285516 9 3
1479886286276 6 -1
1479886287196 0 2
1479886299636 7 -1
1479886300188 7 1
1479886301220 5 -3
1479886302260 7 -1
1479886303148 9 -1
1479886303940 5 -1
1479886305389 1 -1
1479886307324 8 1
1479886308740 0 -1
1479886309524 0 1
1479886311252 R
1479886313356 4 -1
1479886314132 3 2
1479886316054 9 1
