1483563904076 9 -3
1483563912083 6 -1
1483563913227 8 1
1483563915235 5 1
1483563916251 4 -1
1483563917140 1 3
1483563918204 10 -1
1483563919755 4 -1
1483563920651 3 3
1483563921826 8 2
1483563923458 0 1
1483563925381 0 -1
1483563926147 8 -3
1483563927451 6 1
1483563928395 7 -1
1483563929227 4 2
1483563930162 6 1
1483563931242 10 1
1483563939253 7 1
1483563940139 6 -2
1483563941674 8 3
1483563942635 0 1
1483563943691 10 1
1483563945859 10 -2
1483563946636 5 -1
1483563947683 9 1
1483563949083 0 2
1483563950115 2 1
1483563951059 8 -3
1483563952515 5 -1
1483563954202 9 -1
1483563955803 5 2
1483563958061 8 3
1483563960227 2 -1
1483563961131 8 -3
1483563967083 4 -1
1483563970267 8 3
1483563974475 0 -2
1483563975538 4 1
1483563976555 5 -1
1483563977515 9 1
1483563981411 9 -1
1483563982227 5 1
1483563983891 4 -2
1483563989538 0 -1
1483563990419 8 -3
1483563991747 6 1
1483563992947 7 -1
1483563993690 4 2
1483563995010 5 -1
1483563995939 9 1
1483563997290 9 -1
1483563998066 5 1
1483563999549 6 1
1483564001898 7 1
1483564002595 6 -2
1483564003611 8 3
1483564004779 0 3
1483564005881 8 -3
1483564008819 6 2
1483564013859 2 4
1483564015937 6 -2
1483564017739 8 3
1483564019682 0 -2
1483564021251 5 -1
1483564022235 5 1
1483564023149 0 2
1483564024291 8 -3
1483564025995 6 2
1483564029002 2 -4
1483564030098 7 -4
1483564031299 6 -2
1483564032363 4 -1
1483564034315 1 -4
1483564035267 4 1
1483564039547 8 3
1483564041379 0 -2
1483564042715 4 -2
1483564047434 4 1
1483564052914 10 1
1483564054154 4 1
1483564055059 5 -1
1483564056859 9 1
1483564058115 0 -1
1483564058835 8 -3
1483564064675 5 -1
1483564065595 10 -1
1483564066746 5 1
1483564067758 9 -1
1483564068550 5 1
1483564069715 4 -2
1483564071051 3 -4
1483564073027 8 3
1483564074987 4 2
1483564076035 5 -1
1483564078346 9 3
1483564080114 0 4
1483564082059 0 1
