1482785636705 10 -1
1482785638506 9 -3
1482785639553 5 1
1482785647152 6 1
1482785654368 6 -2
1482785655082 5 -2
1482785656119 5 2
1482785657692 4 -2
1482785658888 3 3
1482785660176 8 2
1482785662186 8 -2
1482785663809 4 2
1482785668023 5 -2
1482785672767 5 2
1482785679369 5 -2
1482785682929 10 1
1482785684794 10 -1
1482785685792 5 2
1482785686639 8 2
1482785688002 8 -2
1482785688976 4 -2
1482785689847 1 3
1482785690606 8 3
1482785691326 0 1
1482785695733 4 2
1482785697382 10 2
1482785702736 10 -2
1482785703534 0 2
1482785705224 8 -3
1482785706046 6 2
1482785707103 2 4
1482785709050 6 -2
1482785710311 8 3
1482785711055 0 -3
1482785711704 10 2
1482785752576 10 -2
1482785754461 0 3
1482785755449 8 -3
1482785756566 5 -2
1482785758876 5 2
1482785760094 6 2
1482785760710 7 -4
1482785761436 2 -4
1482785763285 6 -2
1482785764822 4 -1
1482785765532 1 -4
1482785766606 4 1
1482785767286 5 -2
1482785771703 5 2
1482785772214 6 2
1482785773124 1 1
1482785774156 6 -2
1482785775172 8 2
1482785776876 5 -1
1482785779092 5 1
1482785779807 8 -2
1482785780765 4 -1
1482785784087 1 3
1482785785718 4 1
1482785786398 5 -2
1482785787780 9 1
1482785788663 5 1
1482785789918 5 -1
1482785794160 R
1482785795446 10 -1
1482785796924 9 -3
1482785799103 9 3
1482785800864 7 -1
1482785801564 1 -1
1482785808867 9 -3
1482785809859 5 1
1482785811487 4 -2
1482785812115 3 3
1482785813075 1 4
1482785815181 4 2
1482785816829 6 1
1482785817588 6 -1
1482785820051 7 1
1482785820755 6 -1
1482785821700 8 3
1482785822886 0 3
1482785824830 8 -3
1482785825879 5 -2
1482785828419 9 1
1482785833399 9 -1
1482785838517 2 1
1482785841529 5 2
1482785843138 6 2
1482785843969 2 3
1482785846267 7 -4
1482785847243 2 -4
1482785852643 6 -2
1482785856953 5 -2
1482785858640 5 2
1482785861866 4 -1
1482785862696 1 -4
1482785864096 4 1
1482785864960 5 -2
1482785869314 5 2
1482785872106 4 -1
1482785873353 4 1
1482785875544 8 3
1482785876644 2 1
1482785879199 5 -1
1482785881025 5 1
1482785882230 8 -3
1482785884242 8 3
1482785885203 0 -1
1482785891331 2 -1
1482785892071 0 -2
1482785893009 10 2
1482785894304 0 1
1482785894927 7 1
1482785897639 10 -2
1482785902015 4 -2
1482785902812 3 -1
1482785903661 3 1
1482785904432 4 2
1482785911431 4 -2
1482785912672 4 2
1482785913591 0 1
1482785914440 0 1
1482785915449 8 -3
1482785920207 5 -2
1482785921360 9 1
1482785922067 9 -1
1482785925751 9 1
1482785929641 7 -1
1482785933135 5 1
1482785934073 8 3
1482785940439 9 -1
1482785941527 5 1
1482785942858 4 -1
1482785944239 8 -2
1482785946670 8 2
1482785947702 0 -3
1482785948377 4 -1
1482785949153 3 -1
1482785952816 8 -3
1482785953702 3 -3
1482785954863 4 2
1482785956311 5 -2
1482785958752 5 1
1482785960318 8 3
1482785961586 0 3
1482785963544 8 -3
1482785964295 5 -1
1482785964797 9 3
1482785965694 0 2
