1482209777350 9 -3
1482209778452 10 -1
1482209779116 5 1
1482209780204 4 -2
1482209781108 1 3
1482209781703 3 3
1482209783003 7 -1
1482209784124 7 1
1482209784696 6 -1
1482209785411 4 2
1482209786111 8 3
1482209786940 0 3
1482209788011 2 1
1482209788596 8 -3
1482209791171 4 -1
1482209791963 1 -3
1482209793859 8 2
1482209796708 4 1
1482209797463 5 -1
1482209800069 8 -2
1482209801861 5 -1
1482209803323 2 -1
1482209806747 5 2
1482209807387 6 2
1482209808050 7 -4
1482209809968 6 -2
1482209811820 1 -1
1482209814035 5 -2
1482209815923 5 2
1482209817203 4 -1
1482209823508 R
1482209826220 9 -3
1482209827363 5 1
1482209828763 10 -1
1482209831994 6 -1
1482209834003 4 -2
1482209834675 1 3
1482209835268 3 3
1482209835971 8 3
1482209837747 4 2
1482209838516 0 3
1482209840811 8 -3
1482209843427 5 -2
1482209852835 5 2
1482209854331 8 3
1482209855099 0 -3
1482209856875 4 -2
1482209859107 3 -1
1482209859795 1 -1
1482209860659 8 -3
1482209861355 3 -2
1482209862059 1 -2
1482209862851 4 2
1482209865267 5 -2
1482209866427 9 3
1482209868419 5 1
1482209872460 5 -1
1482209873565 9 -3
1482209875660 5 2
1482209876820 4 -2
1482209877451 1 3
1482209878051 3 2
1482209879059 3 1
1482209880475 8 3
1482209883091 4 2
1482209884075 0 3
1482209887475 8 -2
1482209888460 8 -1
1482209889499 4 -1
1482209891427 1 -3
1482209892331 4 1
1482209899971 5 -2
1482209903635 2 1
1482209905555 9 1
1482209912708 R
1482209918963 6 -1
1482209919595 5 -1
1482209921956 9 -3
1482209925284 5 2
1482209928435 10 -1
1482209929995 4 -2
1482209930762 1 3
1482209931362 3 3
1482209933164 8 3
1482209934771 4 2
1482209935651 0 3
1482209937379 8 -3
1482209942980 8 3
1482209946549 8 -3
1482209948212 5 -2
1482209949660 9 1
1482209952835 2 1
1482209954547 2 -1
1482209955932 5 1
1482209959125 9 -1
1482209960917 5 -1
1482209964724 R
1482209966911 9 -3
1482209968395 10 -1
1482209969303 5 1
1482209971460 4 -2
1482209974411 4 2
1482209986060 4 -2
1482209986721 1 2
1482209987427 3 3
1482209987991 1 1
1482209989220 6 -1
1482209991099 8 3
1482209992411 4 2
1482209994012 5 -1
1482209996460 10 1
1482209998371 5 1
1482209999307 4 -1
1482210000019 1 -1
1482210000672 8 -3
1482210002474 10 -1
1482210003203 4 -1
1482210003799 3 -3
1482210005698 1 -2
1482210006907 4 2
1482210008586 5 -2
1482210009443 9 3
1482210012083 9 -3
1482210012714 5 2
1482210013539 4 -2
1482210014298 3 3
1482210014978 1 3
1482210016523 6 1
1482210019800 4 2
1482210020915 10 2
1482210022267 6 -1
1482210024724 10 -2
1482210025613 5 -2
1482210027539 5 2
1482210028352 4 -2
1482210028858 3 -3
1482210029698 1 -3
1482210030403 4 2
1482210033282 4 -2
1482210033922 1 3
1482210034603 3 3
1482210035259 8 3
1482210036923 4 2
1482210037523 0 3
1482210039491 8 -3
1482210040955 6 2
1482210041767 7 -4
1482210043781 6 -2
1482210046330 8 3
1482210047283 0 -3
1482210050467 4 -2
1482210051523 8 -3
1482210052259 1 -4
1482210053059 3 -4
1482210054171 4 2
1482210057660 8 3
1482210059066 5 -1
1482210059723 9 3
1482210060484 0 4
1482210061765 0 1
