1479570551232 10 -1
1479570553900 6 -1
1479570554998 8 1
1479570557194 9 -3
1479570557938 5 1
1479570559412 4 -2
1479570560462 3 3
1479570561266 1 3
1479570562555 8 2
1479570564063 0 1
1479570564837 4 1
1479570567011 0 2
1479570569044 8 -3
1479570574087 6 1
1479570576684 7 -4
1479570577954 6 -1
1479570579691 4 1
1479570580584 5 -2
1479570585907 9 1
1479570589813 5 1
1479570591305 8 3
1479570592819 0 -3
1479570595674 8 -3
1479570598230 5 -1
1479570601500 9 -1
1479570602611 5 2
1479570603643 4 -2
1479570604694 3 -4
1479570605874 1 -4
1479570607423 4 2
1479570608970 8 3
1479570610141 5 -1
1479570611110 9 3
1479570612111 0 5
