1482785627486 10 -1
1482785630985 9 -3
1482785635451 9 3
1482785638750 9 -3
1482785639404 5 1
1482785640507 6 1
1482785641985 6 -2
1482785642834 8 1
1482785644070 10 2
1482785646207 10 -2
1482785647842 5 -1
1482785648702 9 3
1482785650945 9 -3
1482785651831 5 1
1482785652972 4 -2
1482785653661 4 1
1482785654901 4 -1
1482785655349 4 2
1482785656773 5 -1
1482785657641 9 3
1482785660837 8 -1
1482785663027 6 1
1482785665453 9 -3
1482785666259 5 1
1482785666991 6 1
1482785668548 7 -1
1482785669761 1 -1
1482785672840 6 -1
1482785674469 5 -1
1482785675456 9 3
1482785681242 9 -3
1482785682344 5 1
1482785683412 6 1
1482785685409 6 -1
1482785686225 4 -2
1482785687109 3 3
1482785688019 1 3
1482785689627 7 1
1482785690180 6 -1
1482785691266 8 3
1482785692798 4 1
1482785695736 1 1
1482785696879 4 1
1482785697885 5 -1
1482785698975 9 1
1482785704710 8 -3
1482785706431 6 1
1482785707629 9 -1
1482785708412 5 1
1482785709088 6 1
1482785715329 10 1
1482785740471 R
1482785746536 10 -1
1482785750116 9 -3
1482785751145 5 1
1482785752881 4 -2
1482785753554 1 3
1482785754291 3 3
1482785755556 6 -1
1482785756382 8 3
1482785757400 4 2
1482785758654 5 -1
1482785763360 5 1
1482785770178 0 3
1482785771297 8 -3
1482785772317 5 -2
1482785775415 5 2
1482785776024 4 -1
1482785776610 1 -3
1482785777353 4 1
1482785778170 5 -2
1482785782243 5 2
1482785783285 6 2
1482785784095 7 -4
1482785785441 1 -1
1482785786145 6 -2
1482785788524 4 -1
1482785789953 4 1
1482785791209 8 3
1482785794672 0 -3
1482785796614 8 -3
1482785798432 4 -2
1482785799500 3 -4
1482785800418 4 2
1482785801388 8 3
1482785802385 5 -1
1482785803133 9 3
1482785804640 0 4
1482785805516 0 1
