1479275966546 9 -3
1479275967513 5 1
1479275968451 4 -1
1479275970124 10 -1
1479275970555 4 -1
1479275971075 1 3
1479275971682 3 3
1479275973194 6 -1
1479275973890 8 3
1479275975363 4 2
1479275976083 0 3
1479275976954 8 -3
1479275978355 5 -2
1479275984249 5 2
1479275986153 5 -2
1479275988522 R
1479276079469 9 -3
1479276081026 5 1
1479276082981 10 -1
1479276085402 6 -1
1479276087841 4 -2
1479276088705 3 3
1479276089491 1 3
1479276090337 4 2
1479276091218 8 3
1479276092706 0 3
1479276098408 8 -3
1479276099060 6 2
1479276099733 7 -4
1479276100482 6 -2
1479276101804 5 -2
1479276103036 5 2
1479276104339 8 3
1479276105163 0 -3
1479276105913 8 -3
1479276107433 4 -2
1479276108076 3 -4
1479276108786 1 -4
1479276109498 4 2
1479276110793 8 3
1479276112033 5 -1
1479276112570 9 3
1479276113306 0 5
