1479992328014 6 1
1479992328014 6 1
1479992328014 6 1
1479992328014 6 1
1479992330222 10 1
1479992330222 10 1
1479992330222 10 1
1479992330222 10 1
1479992334049 10 -2
1479992334049 10 -2
1479992334049 10 -2
1479992334049 10 -2
1479992340522 2 1
1479992340522 2 1
1479992340522 2 1
1479992340522 2 1
1479992343774 8 2
1479992343774 8 2
1479992343774 8 2
1479992343774 8 2
1479992346147 3 4
1479992346147 3 4
1479992346147 3 4
1479992346147 3 4
1479992347881 8 -2
1479992347881 8 -2
1479992347881 8 -2
1479992347881 8 -2
1479992350960 2 -1
1479992350960 2 -1
1479992350960 2 -1
1479992350960 2 -1
1479992353366 8 2
1479992353366 8 2
1479992353366 8 2
1479992353366 8 2
1479992354944 5 -3
1479992354944 5 -3
1479992354944 5 -3
1479992354944 5 -3
1479992358411 2 -1
1479992358411 2 -1
1479992358411 2 -1
1479992358411 2 -1
1479992359597 2 2
1479992359597 2 2
1479992359597 2 2
1479992359597 2 2
1479992361097 3 -4
1479992361097 3 -4
1479992361097 3 -4
1479992361097 3 -4
1479992367407 4 -4
1479992367407 4 -4
1479992367407 4 -4
1479992367407 4 -4
1479992372481 2 -2
1479992372481 2 -2
1479992372481 2 -2
1479992372481 2 -2
1479992375241 8 -1
1479992375241 8 -1
1479992375241 8 -1
1479992375241 8 -1
1479992376944 10 2
1479992376944 10 2
1479992376944 10 2
1479992376944 10 2
1479992385578 7 -1
1479992385578 7 -1
1479992385578 7 -1
1479992385578 7 -1
1479992386924 7 -2
1479992386924 7 -2
1479992386924 7 -2
1479992386924 7 -2
1479992392783 10 2
1479992392783 10 2
1479992392783 10 2
1479992392783 10 2
1479992400454 10 -4
1479992400454 10 -4
1479992400454 10 -4
1479992400454 10 -4
1479992402951 6 -2
1479992402951 6 -2
1479992402951 6 -2
1479992402951 6 -2
1479992404847 9 3
1479992404847 9 3
1479992404847 9 3
1479992404847 9 3
1479992408342 6 2
1479992408342 6 2
1479992408342 6 2
1479992408342 6 2
1479992413912 8 3
1479992413912 8 3
1479992413912 8 3
1479992413912 8 3
1479992415535 0 2
1479992415535 0 2
1479992415535 0 2
1479992415535 0 2
1479992417288 7 1
1479992417288 7 1
1479992417288 7 1
1479992417288 7 1
1479992420774 7 -1
1479992420774 7 -1
1479992420774 7 -1
1479992420774 7 -1
1479992421797 0 -2
1479992421797 0 -2
1479992421797 0 -2
1479992421797 0 -2
1479992431470 0 2
1479992431470 0 2
1479992431470 0 2
1479992431470 0 2
1479992436016 0 -1
1479992436016 0 -1
1479992436016 0 -1
1479992436016 0 -1
1479992437607 0 -1
1479992437607 0 -1
1479992437607 0 -1
1479992437607 0 -1
1479992438780 0 1
1479992438780 0 1
1479992438780 0 1
1479992438780 0 1
1479992444552 8 -1
1479992444552 8 -1
1479992444552 8 -1
1479992444552 8 -1
1479992446680 6 -1
1479992446680 6 -1
1479992446680 6 -1
1479992446680 6 -1
1479992450360 6 1
1479992450360 6 1
1479992450360 6 1
1479992450360 6 1
1479992454192 8 1
1479992454192 8 1
1479992454192 8 1
1479992454192 8 1
1479992455647 0 -1
1479992455647 0 -1
1479992455647 0 -1
1479992455647 0 -1
1479992458263 8 -3
1479992458263 8 -3
1479992458263 8 -3
1479992458263 8 -3
1479992460854 10 3
1479992460854 10 3
1479992460854 10 3
1479992460854 10 3
1479992463292 10 -3
1479992463292 10 -3
1479992463292 10 -3
1479992463292 10 -3
1479992468440 6 -2
1479992468440 6 -2
1479992468440 6 -2
1479992468440 6 -2
1479992470472 9 -3
1479992470472 9 -3
1479992470472 9 -3
1479992470472 9 -3
1479992472402 7 3
1479992472402 7 3
1479992472402 7 3
1479992472402 7 3
1479992474551 6 2
1479992474551 6 2
1479992474551 6 2
1479992474551 6 2
1479992481370 4 4
1479992481370 4 4
1479992481370 4 4
1479992481370 4 4
1479992484818 2 2
1479992484818 2 2
1479992484818 2 2
1479992484818 2 2
1479992486286 5 3
1479992486286 5 3
1479992486286 5 3
1479992486286 5 3
1479992488214 8 -1
1479992488214 8 -1
1479992488214 8 -1
1479992488214 8 -1
1479992490442 8 2
1479992490442 8 2
1479992490442 8 2
1479992490442 8 2
1479992492486 3 4
1479992492486 3 4
1479992492486 3 4
1479992492486 3 4
1479992496225 8 -2
1479992496225 8 -2
1479992496225 8 -2
1479992496225 8 -2
1479992497263 2 -1
1479992497263 2 -1
1479992497263 2 -1
1479992497263 2 -1
1479992500143 10 2
1479992500143 10 2
1479992500143 10 2
1479992500143 10 2
1479992501672 1 -1
1479992501672 1 -1
1479992501672 1 -1
1479992501672 1 -1
1479992507911 1 1
1479992507911 1 1
1479992507911 1 1
1479992507911 1 1
1479992508835 10 -2
1479992508835 10 -2
1479992508835 10 -2
1479992508835 10 -2
1479992514127 2 1
1479992514127 2 1
1479992514127 2 1
1479992514127 2 1
1479992516439 8 2
1479992516439 8 2
1479992516439 8 2
1479992516439 8 2
1479992520663 5 -3
1479992520663 5 -3
1479992520663 5 -3
1479992520663 5 -3
1479992522578 3 -4
1479992522578 3 -4
1479992522578 3 -4
1479992522578 3 -4
1479992525448 2 -2
1479992525448 2 -2
1479992525448 2 -2
1479992525448 2 -2
1479992526942 8 -1
1479992526942 8 -1
1479992526942 8 -1
1479992526942 8 -1
1479992531728 7 -3
1479992531728 7 -3
1479992531728 7 -3
1479992531728 7 -3
1479992537008 7 3
1479992537008 7 3
1479992537008 7 3
1479992537008 7 3
1479992539471 8 1
1479992539471 8 1
1479992539471 8 1
1479992539471 8 1
1479992541871 2 2
1479992541871 2 2
1479992541871 2 2
1479992541871 2 2
1479992543755 5 3
1479992543755 5 3
1479992543755 5 3
1479992543755 5 3
1479992545825 8 -2
1479992545825 8 -2
1479992545825 8 -2
1479992545825 8 -2
1479992551282 2 -1
1479992551282 2 -1
1479992551282 2 -1
1479992551282 2 -1
1479992554037 0 1
1479992554037 0 1
1479992554037 0 1
1479992554037 0 1
1479992556791 U
1479992556791 U
1479992556791 U
1479992556791 U
1479992556903 U
1479992556903 U
1479992556903 U
1479992556903 U
1479992562999 4 -1
1479992562999 4 -1
1479992562999 4 -1
1479992562999 4 -1
1479992568783 7 -1
1479992568783 7 -1
1479992568783 7 -1
1479992568783 7 -1
1479992572149 2 -1
1479992572149 2 -1
1479992572149 2 -1
1479992572149 2 -1
1479992577423 10 2
1479992577423 10 2
1479992577423 10 2
1479992577423 10 2
1479992580316 1 -1
1479992580316 1 -1
1479992580316 1 -1
1479992580316 1 -1
1479992582263 0 1
1479992582263 0 1
1479992582263 0 1
1479992582263 0 1
1479992587071 4 1
1479992587071 4 1
1479992587071 4 1
1479992587071 4 1
1479992589134 7 1
1479992589134 7 1
1479992589134 7 1
1479992589134 7 1
1479992592272 10 -1
1479992592272 10 -1
1479992592272 10 -1
1479992592272 10 -1
1479992596856 2 1
1479992596856 2 1
1479992596856 2 1
1479992596856 2 1
1479992605940 1 -1
1479992605940 1 -1
1479992605940 1 -1
1479992605940 1 -1
1479992607197 9 -1
1479992607197 9 -1
1479992607197 9 -1
1479992607197 9 -1
1479992611487 9 1
1479992611487 9 1
1479992611487 9 1
1479992611487 9 1
1479992612365 1 1
1479992612365 1 1
1479992612365 1 1
1479992612365 1 1
1479992615248 1 1
1479992615248 1 1
1479992615248 1 1
1479992615248 1 1
1479992616101 10 -1
1479992616101 10 -1
1479992616101 10 -1
1479992616101 10 -1
1479992621623 U
1479992621623 U
1479992621623 U
1479992621623 U
1479992622511 U
1479992622511 U
1479992622511 U
1479992622511 U
1479992623263 U
1479992623263 U
1479992623263 U
1479992623263 U
1479992624063 U
1479992624063 U
1479992624063 U
1479992624063 U
1479992624776 U
1479992624776 U
1479992624776 U
1479992624776 U
1479992624897 U
1479992624897 U
1479992624897 U
1479992624897 U
1479992625703 U
1479992625703 U
1479992625703 U
1479992625703 U
1479992626519 U
1479992626519 U
1479992626519 U
1479992626519 U
1479992627584 U
1479992627584 U
1479992627584 U
1479992627584 U
1479992628641 U
1479992628641 U
1479992628641 U
1479992628641 U
1479992629259 U
1479992629259 U
1479992629259 U
1479992629259 U
1479992629344 U
1479992629344 U
1479992629344 U
1479992629344 U
1479992629387 U
1479992629387 U
1479992629387 U
1479992629387 U
1479992636792 7 1
1479992636792 7 1
1479992636792 7 1
1479992636792 7 1
1479992637922 4 1
1479992637922 4 1
1479992637922 4 1
1479992637922 4 1
1479992643168 2 1
1479992643168 2 1
1479992643168 2 1
1479992643168 2 1
1479992645044 8 2
1479992645044 8 2
1479992645044 8 2
1479992645044 8 2
1479992648384 3 4
1479992648384 3 4
1479992648384 3 4
1479992648384 3 4
1479992652798 5 -3
1479992652798 5 -3
1479992652798 5 -3
1479992652798 5 -3
1479992656143 2 -2
1479992656143 2 -2
1479992656143 2 -2
1479992656143 2 -2
1479992658336 8 -1
1479992658336 8 -1
1479992658336 8 -1
1479992658336 8 -1
1479992662408 8 1
1479992662408 8 1
1479992662408 8 1
1479992662408 8 1
1479992671372 2 1
1479992671372 2 1
1479992671372 2 1
1479992671372 2 1
1479992672731 2 1
1479992672731 2 1
1479992672731 2 1
1479992672731 2 1
1479992674966 5 2
1479992674966 5 2
1479992674966 5 2
1479992674966 5 2
1479992676107 5 1
1479992676107 5 1
1479992676107 5 1
1479992676107 5 1
1479992679072 8 -1
1479992679072 8 -1
1479992679072 8 -1
1479992679072 8 -1
1479992680138 U
1479992680138 U
1479992680138 U
1479992680138 U
1479992681170 U
1479992681170 U
1479992681170 U
1479992681170 U
1479992683614 5 1
1479992683614 5 1
1479992683614 5 1
1479992683614 5 1
1479992685483 8 -2
1479992685483 8 -2
1479992685483 8 -2
1479992685483 8 -2
1479992688870 10 1
1479992688870 10 1
1479992688870 10 1
1479992688870 10 1
1479992691022 1 -1
1479992691022 1 -1
1479992691022 1 -1
1479992691022 1 -1
1479992695705 1 1
1479992695705 1 1
1479992695705 1 1
1479992695705 1 1
1479992697837 2 -1
1479992697837 2 -1
1479992697837 2 -1
1479992697837 2 -1
1479992699782 10 -1
1479992699782 10 -1
1479992699782 10 -1
1479992699782 10 -1
1479992706112 7 -1
1479992706112 7 -1
1479992706112 7 -1
1479992706112 7 -1
