1481985059106 0 1
1481985072578 0 -1
1481985078697 0 1
1481985079951 0 -1
1481985080339 0 1
1481985085022 R
1481985090694 0 1
1481985103810 U
1481985110574 4 -1
1481985115447 6 1
1481985116678 2 1
1481985124710 2 -1
1481985127016 4 1
1481985128894 7 -2
1481985133079 1 -1
1481985138311 6 -1
1481985140598 8 1
1481985142512 5 -3
1481985144070 2 -1
1481985145310 7 -1
1481985148210 4 -4
1481985151134 6 1
1481985155827 10 3
1481985157996 8 1
1481985160561 1 1
1481985165116 8 -1
1481985169637 10 -4
1481985172787 7 3
1481985175234 8 1
1481985176327 2 2
1481985177888 5 2
1481985179178 3 3
1481985182228 5 -2
1481985183496 4 4
1481985184957 3 1
1481985187542 3 -4
1481985193176 5 3
1481985194247 8 -2
1481985198659 8 2
1481985199754 5 -3
1481985201096 2 -2
1481985202809 8 -1
1481985206329 10 2
1481985208877 10 -2
1481985216306 7 -3
1481985218369 10 4
1481985220379 8 1
1481985222190 8 -1
1481985223072 10 -4
1481985228509 7 3
1481985232041 2 2
1481985233270 5 3
1481985235591 8 -1
1481985237246 2 -1
1481985248791 8 2
1481985250047 3 1
1481985251509 5 -3
1481985253575 2 -1
1481985257604 6 -2
1481985259067 9 1
1481985260648 7 -3
1481985261959 9 1
1481985262962 8 2
1481985274788 0 1
1481985278335 8 -1
1481985279360 8 1
1481985280678 10 1
1481985281927 1 -3
1481985284638 7 1
1481985285830 4 -4
1481985287007 9 1
1481985288239 6 2
1481985288909 7 -1
1481985290318 0 1
1481985291246 10 -1
1481985293999 8 -1
1481985294610 6 -1
1481985297063 4 2
1481985297597 7 1
1481985300679 8 1
1481985301256 6 1
1481985302577 7 -1
1481985305317 10 3
1481985306018 1 2
1481985307279 3 -1
1481985308925 0 -1
1481985309933 10 -1
1481985311149 7 1
1481985312245 4 -2
1481985314542 0 1
1481985316741 0 -1
1481985320253 7 -1
1481985321277 10 -1
1481985323277 10 2
1481985324333 0 -1
1481985325221 8 -3
1481985329157 1 1
1481985332052 2 1
1481985333172 5 1
1481985339594 10 -3
1481985341420 6 -1
1481985342655 6 1
1481985347220 6 -1
1481985348869 6 1
1481985351092 8 3
1481985354029 8 -3
1481985354852 2 1
1481985355673 7 1
1481985357011 5 1
1481985358812 8 3
1481985359755 3 2
1481985360788 0 1
1481985361667 10 1
