1479922172372 0 1
1479922174179 1 -2
1479922175003 9 -1
1479922177045 6 1
1479922179438 6 -1
1479922180391 9 1
1479922181231 1 2
1479922182199 10 -1
1479922183522 0 -1
1479922184272 8 2
1479922185451 5 -3
1479922186369 2 -1
1479922187800 6 1
1479922188600 6 -2
1479922189604 4 -4
1479922190632 7 -3
1479922191465 6 2
1479922192194 6 -2
1479922192845 9 3
1479922193818 8 2
1479922194499 6 2
1479922195586 0 2
1479922196831 6 -1
1479922197980 6 1
1479922201922 0 -1
1479922202980 6 -2
1479922203732 9 -1
1479922206730 0 -1
1479922208430 8 -3
1479922209378 9 -2
1479922210176 6 2
1479922211000 7 3
1479922211742 4 4
1479922212979 2 2
1479922213862 5 3
1479922214960 8 -1
1479922218078 2 -1
1479922220072 7 -2
1479922221193 6 -1
1479922221933 6 1
1479922223514 0 1
1479922225813 0 -1
1479922226332 10 2
1479922227001 1 -1
1479922229178 0 1
1479922229947 R
1479922234196 6 1
1479922235867 8 1
1479922236376 5 -3
1479922239774 2 -1
1479922240650 10 -1
1479922242066 4 -4
1479922242650 7 -3
1479922243288 6 -2
1479922244023 9 3
1479922245550 6 2
1479922247813 6 -2
1479922248945 6 2
1479922251762 8 3
1479922255616 0 2
1479922256792 10 4
1479922259996 1 -2
1479922262382 10 -3
1479922266599 10 3
1479922267315 1 2
1479922268147 0 -2
1479922269062 R
1479922272579 10 -1
1479922273356 6 1
1479922285375 8 2
1479922285981 5 -3
1479922288551 7 -3
1479922289132 4 -4
1479922291671 2 -1
1479922292289 6 -2
1479922292812 9 3
1479922294348 8 2
1479922295081 6 2
1479922299317 6 -2
1479922304806 8 -3
1479922308499 6 2
1479922309201 10 4
1479922312165 6 -2
1479922313026 9 -3
1479922322574 9 3
1479922323496 8 3
1479922324477 0 1
1479922325445 1 -2
1479922328027 6 2
1479922328841 10 -3
1479922332660 6 -2
1479922334462 6 2
1479922336927 0 1
1479922339844 0 -1
1479922344007 2 2
1479922346975 5 1
1479922347611 3 2
1479922348423 1 -2
1479922349337 0 -1
1479922349841 10 -1
1479922352525 3 -1
1479922356057 8 -2
1479922356635 2 -1
1479922360480 8 2
1479922361655 0 1
1479922364577 1 1
1479922365323 5 -1
1479922366427 2 -1
1479922367428 0 1
1479922372329 10 4
1479922379319 0 -1
1479922380209 2 2
1479922381785 5 1
1479922382423 1 -1
1479922383937 2 -1
1479922384492 10 -4
1479922391877 2 1
1479922392641 3 1
1479922393526 1 1
1479922394148 1 -1
1479922394860 10 1
1479922397289 R
1479922404109 R
1479922443874 10 -1
1479922444618 8 2
1479922447154 5 -3
1479922448007 2 -1
1479922450341 6 -1
1479922451804 7 -2
1479922452781 4 -2
1479922455375 9 3
1479922456758 8 2
1479922457406 6 2
1479922458871 0 1
1479922459910 10 1
1479922462776 1 -2
1479922466208 2 2
1479922467672 5 2
1479922469038 3 2
1479922469923 1 -2
1479922474334 5 1
1479922475737 5 -2
1479922486388 3 -1
1479922487286 2 -1
1479922492386 R
1479922497452 6 1
1479922499123 10 -1
1479922500799 8 2
1479922501196 2 1
1479922501816 5 -3
1479922503322 2 -2
1479922509205 6 -2
1479922511903 6 2
1479922514001 7 -3
1479922514599 6 -2
1479922515682 9 2
1479922518193 8 -1
1479922519104 9 -2
1479922520288 10 1
1479922521403 10 -1
1479922523455 R
1479922527507 0 1
1479922528561 1 -2
1479922529223 9 -1
1479922531458 6 1
1479922535652 10 1
1479922536297 9 1
1479922538007 1 2
1479922540521 10 -2
1479922543163 0 -1
1479922543851 8 2
1479922544399 5 -3
1479922547487 2 -1
1479922548140 7 -3
1479922548734 4 -4
1479922549377 6 -2
1479922549831 9 3
1479922551158 8 1
1479922552059 0 1
1479922554251 8 1
1479922554905 10 1
1479922555575 1 -2
1479922557522 6 2
1479922562403 0 1
1479922564873 3 1
1479922565429 1 -1
1479922566103 10 -1
1479922570631 0 -1
1479922571413 6 -2
1479922575054 9 -1
1479922576621 9 1
1479922578435 8 -1
1479922579136 6 2
1479922580559 0 1
1479922582919 7 1
1479922584240 7 -1
1479922584785 0 -1
1479922585239 2 2
1479922585709 5 1
1479922586267 1 -1
1479922587483 8 1
1479922588105 2 -1
1479922590970 4 2
1479922591579 7 1
1479922592111 5 2
1479922595589 2 1
1479922596284 3 1
1479922597421 0 -1
1479922599173 0 1
1479922604685 10 1
1479922605336 1 4
1479922605967 0 -1
1479922607303 10 -1
1479922608475 3 -2
1479922609189 5 -3
1479922611705 2 -2
1479922614787 6 -2
1479922615463 8 -3
1479922617605 9 -3
1479922618823 7 2
1479922619393 6 2
1479922620029 4 2
1479922621053 2 2
1479922621703 5 3
1479922623447 8 -1
1479922624635 8 2
1479922625350 3 4
1479922628135 8 -2
1479922629521 3 -1
1479922631705 0 1
1479922632389 10 1
1479922633115 1 -4
1479922633685 10 -1
1479922634218 9 -1
1479922635503 0 -1
1479922637268 8 4
1479922638111 3 -2
1479922639445 5 -2
1479922641766 4 -4
1479922646413 2 -1
1479922647261 4 4
1479922648007 5 2
1479922649207 2 1
1479922649785 3 3
1479922650455 5 -2
1479922652231 0 1
1479922652793 1 1
1479922653243 5 -1
1479922654322 2 -2
1479922659185 0 5
