1481438165597 8 1
1481438167731 5 -3
1481438168919 10 -1
1481438170252 8 1
1481438171535 2 -1
1481438174930 6 -1
1481438176596 7 -3
1481438180645 9 2
1481438181929 8 2
1481438186678 8 -2
1481438193971 9 -2
1481438195861 6 2
1481438198563 6 -2
1481438204091 4 -3
1481438207059 4 -1
1481438209257 7 3
1481438212374 6 2
1481438214959 6 -2
1481438216379 9 1
1481438217961 7 -2
1481438219180 9 2
1481438221062 6 2
1481438223394 6 -2
1481438226386 9 -3
1481438229726 7 2
1481438230955 6 2
1481438232168 8 -1
1481438233466 2 2
1481438234759 5 2
1481438236269 8 1
1481438237405 3 3
1481438239082 8 -1
1481438240376 10 1
1481438241373 1 -1
1481438243367 7 -1
1481438245310 5 -2
1481438249554 4 3
1481438250643 3 1
1481438251886 2 -2
1481438254013 6 -2
1481438256971 4 -1
1481438258215 9 1
1481438258972 1 1
1481438260383 10 -1
1481438264289 8 1
1481438265422 7 1
1481438271303 9 -1
1481438272516 6 2
1481438273888 2 2
1481438275580 5 3
1481438277171 8 -2
1481438284271 10 1
1481438286665 10 -1
1481438288201 2 -1
1481438289737 7 -1
1481438291021 4 2
1481438292185 7 1
1481438298101 2 1
1481438299714 8 2
1481438301044 5 -3
1481438302806 2 -2
1481438304556 6 -2
1481438305974 9 1
1481438307058 7 -1
1481438308217 4 -2
1481438311098 9 -1
1481438312226 6 2
1481438313967 7 1
1481438315013 4 2
1481438316815 8 -1
1481438317753 10 2
1481438320140 1 -1
1481438322908 2 1
1481438323713 5 3
1481438325202 8 -1
1481438326075 0 1
1481438326996 10 -1
1481438328060 2 1
1481438329107 3 -1
1481438330439 4 -3
1481438333642 1 -3
1481438335249 0 -1
1481438336903 10 -1
1481438337761 9 -1
1481438342700 8 4
1481438343959 5 -2
1481438345227 3 -2
1481438348722 5 2
1481438349752 3 2
1481438350950 0 1
1481438351650 10 1
1481438352541 1 2
1481438353586 5 -3
1481438354431 3 -3
1481438356770 2 -2
1481438357941 4 2
1481438359675 0 5
