1482785413095 6 1
1482785418201 8 1
1482785418867 5 -3
1482785419737 7 -3
1482785420852 2 -1
1482785425924 10 3
1482785431051 10 -4
1482785432480 2 2
1482785435444 7 2
1482785436988 5 3
1482785438117 8 -1
1482785443136 8 2
1482785443846 5 -3
1482785444694 2 -2
1482785445465 8 -1
1482785447156 10 2
1482785450049 10 -2
1482785451733 6 -2
1482785454002 7 -2
1482785454934 4 -4
1482785455811 9 3
1482785459095 8 3
1482785459920 6 2
1482785463733 6 -2
1482785464570 8 -3
1482785465656 9 -3
1482785466683 7 3
1482785468243 6 2
1482785471368 8 1
1482785472129 2 2
1482785474203 4 4
1482785475204 5 3
1482785475904 8 -2
1482785477855 8 2
1482785481404 2 -1
1482785481841 2 1
1482785482424 5 -3
1482785483094 2 -2
1482785484459 8 -1
1482785485429 2 2
1482785486737 5 3
1482785488038 2 -1
1482785488898 8 1
1482785489950 5 -2
1482785491274 5 -1
1482785492385 2 -1
1482785495070 8 -1
1482785496109 10 2
1482785498299 7 -3
1482785500679 10 2
1482785505251 8 1
1482785505839 8 -1
1482785506469 2 2
1482785507702 2 -2
1482785508107 10 -2
1482785508754 10 -2
1482785509376 2 2
1482785509999 7 3
1482785510612 2 -2
1482785511367 8 1
1482785511961 2 2
1482785512530 5 3
1482785513543 8 -2
1482785515847 2 -1
1482785516744 7 -2
1482785520035 2 1
1482785520662 8 2
1482785524211 3 2
1482785525252 3 -2
1482785525910 8 -2
1482785527035 2 -1
1482785527666 0 1
1482785529577 2 1
1482785529988 7 1
1482785530703 7 1
1482785534808 0 -1
1482785535652 2 -1
1482785536504 2 1
1482785537443 10 1
1482785538631 1 -1
1482785542096 1 1
1482785545734 8 1
1482785546376 5 -3
1482785547264 2 -2
1482785548203 7 -2
1482785549085 7 -1
1482785550409 4 -4
1482785551651 6 -2
1482785552519 9 1
1482785553728 9 2
1482785554796 6 2
1482785557673 10 3
1482785560696 10 -4
1482785562365 8 3
1482785565181 2 2
1482785566109 5 1
1482785566916 5 -1
1482785567654 2 -2
1482785569900 6 -2
1482785570985 9 -1
1482785572327 8 -3
1482785573214 9 -2
1482785574378 6 2
1482785576608 7 3
1482785579191 7 -3
1482785579917 7 3
1482785580926 2 2
1482785581752 5 2
1482785582466 4 4
1482785583346 5 1
1482785584685 8 -1
1482785586982 8 2
1482785588353 3 4
1482785590843 5 -3
1482785592994 5 3
1482785594319 8 -2
1482785597876 0 1
1482785599343 0 -1
1482785599933 10 1
1482785600556 0 1
1482785601634 1 -4
1482785603529 0 -1
1482785604550 10 -1
1482785607210 9 -1
1482785608520 8 4
1482785609657 5 -2
1482785610825 3 -3
1482785613001 7 -3
1482785613858 2 -1
1482785617800 2 1
1482785618442 7 3
1482785619182 5 2
1482785620851 3 3
1482785624350 5 -2
1482785625499 3 -2
1482785626107 3 -1
1482785626779 2 -1
1482785627439 7 -3
1482785629031 4 -4
1482785632319 8 -2
1482785633522 6 -1
1482785634038 6 1
1482785634480 8 2
1482785635709 10 2
1482785636758 10 2
1482785639749 2 1
1482785642864 3 1
1482785644448 0 1
1482785645737 1 2
1482785646722 3 -2
1482785647460 5 -1
1482785648360 2 -2
1482785649560 0 1
1482785650882 8 -1
1482785652334 10 -1
1482785653259 10 1
1482785654174 8 1
1482785655644 0 -1
1482785656651 0 1
1482785657612 10 -3
1482785658444 7 3
1482785659234 0 4
