1479995239121 10 -1
1479995240705 6 1
1479995242946 8 2
1479995243596 5 -3
1479995245196 2 -1
1479995246087 8 -1
1479995246971 7 -3
1479995247784 4 -4
1479995248946 6 -2
1479995249580 9 3
1479995250368 6 2
1479995251017 8 3
1479995254289 0 2
1479995255682 3 1
1479995256610 10 4
1479995257746 1 -2
1479995258682 0 -1
1479995259504 8 -1
1479995260226 6 -2
1479995261138 9 -1
1479995263155 4 1
1479995263683 3 -1
1479995264738 8 1
1479995266090 9 1
1479995266706 6 2
1479995267378 0 1
1479995270330 3 1
1479995271315 1 -1
1479995271938 0 -1
1479995272586 2 2
1479995273970 8 -1
1479995274927 2 -2
1479995275930 8 1
1479995276586 6 -2
1479995277283 8 -1
1479995278898 1 2
1479995279458 0 -1
1479995280010 8 -1
1479995280722 9 -3
1479995281510 6 2
1479995282922 10 -1
1479995283578 4 2
1479995284482 4 1
1479995285034 10 1
1479995285914 2 2
1479995286890 3 1
1479995287890 5 1
1479995290002 5 -1
1479995290578 3 -2
1479995291480 8 -1
1479995291980 2 -2
1479995292954 8 1
1479995293802 6 -2
1479995294445 9 2
1479995294970 8 2
1479995295498 0 1
1479995296019 1 -1
1479995296614 8 -1
1479995297363 8 1
1479995299619 1 2
1479995300338 0 -1
1479995301926 8 -3
1479995302802 9 -2
1479995303682 6 2
1479995305431 10 -4
1479995306730 7 3
1479995307779 8 1
1479995308586 2 2
1479995309626 5 3
1479995310346 3 4
1479995311082 8 -2
1479995312098 8 2
1479995312631 5 -3
1479995313406 2 -2
1479995314397 7 -1
1479995314989 7 1
1479995315597 2 2
1479995316056 3 -4
1479995316696 2 -2
1479995317698 7 -3
1479995322526 6 -2
1479995323358 9 2
1479995324030 8 2
1479995325669 7 1
1479995326349 4 -4
1479995326937 7 -1
1479995327837 9 1
1479995329725 6 2
1479995332221 0 2
1479995333557 10 4
1479995334354 1 -2
1479995335321 8 -1
1479995336062 8 1
1479995337509 10 -3
1479995338694 6 -1
1479995340533 3 1
1479995341214 4 2
1479995341749 7 1
1479995343213 0 -1
1479995343781 2 1
1479995344336 5 3
1479995345618 1 -2
1479995346581 10 -1
1479995347798 8 -1
1479995348446 6 1
1479995349413 5 -2
1479995350838 1 1
1479995351325 5 -1
1479995352152 2 -1
1479995352685 0 1
1479995353709 8 1
1479995356661 7 -1
1479995357285 4 -2
1479995360662 7 1
1479995362102 4 2
1479995362734 4 -2
1479995363165 7 -1
1479995363821 8 -1
1479995367095 6 -1
1479995369989 4 2
1479995371022 7 1
1479995374078 7 -1
1479995374485 4 -1
1479995375941 6 1
1479995376457 8 1
1479995378188 10 4
1479995380068 0 -1
1479995380549 6 -2
1479995381317 9 -1
1479995382133 8 -1
1479995383490 1 2
1479995384292 0 -1
1479995384756 8 -1
1479995385381 9 -2
1479995386124 6 2
1479995388588 3 -1
1479995389613 8 -1
1479995390340 6 -2
1479995393256 6 2
1479995393956 8 1
1479995394676 10 -1
1479995395244 4 3
1479995396540 10 1
1479995397428 2 2
1479995399308 5 1
1479995399804 3 2
1479995402916 U
1479995406253 R
1479995409124 10 -1
1479995410357 6 1
1479995413021 8 1
1479995413653 5 -3
1479995414485 2 -1
1479995415960 7 -3
1479995416635 4 -4
1479995417836 6 -2
1479995418656 9 3
1479995419508 8 3
1479995422221 10 1
1479995422761 1 -1
1479995423836 0 1
1479995424573 3 1
1479995425112 7 1
1479995425613 9 -1
1479995426326 4 4
1479995426829 7 -1
1479995428332 1 -2
1479995428949 10 -1
1479995429828 8 -1
1479995432009 7 1
1479995433138 8 1
1479995434061 10 1
1479995435109 10 -1
1479995435704 8 -1
1479995436831 4 -4
1479995437914 9 1
1479995438455 6 2
1479995439008 0 1
1479995441207 7 -1
1479995443105 6 -1
1479995446425 7 1
1479995446864 4 2
1479995447980 4 -2
1479995448387 7 -1
1479995449231 0 -1
1479995449916 2 1
1479995451512 5 1
1479995453168 1 -1
1479995453881 0 -1
1479995455065 8 -1
1479995456344 6 1
1479995459743 8 2
1479995461456 2 1
1479995462056 3 1
1479995463783 3 -1
1479995464272 7 1
1479995465253 2 -1
1479995465984 6 -1
1479995466438 8 -2
1479995469540 8 1
1479995471783 8 1
1479995472384 10 1
1479995473136 0 1
1479995473863 1 2
1479995474501 5 -1
1479995475394 2 -1
1479995476640 0 1
1479995479008 1 -1
1479995479592 10 -1
1479995481048 8 -1
1479995482184 6 1
1479995483943 7 -1
1479995488912 6 -1
1479995489677 4 2
1479995490128 7 1
1479995498630 8 1
1479995499083 6 1
1479995499852 10 2
1479995501372 1 3
1479995502564 3 -1
1479995504202 0 -2
1479995505932 10 -2
1479995507908 6 -2
1479995508940 8 -3
1479995510035 9 -3
1479995510835 6 2
1479995511501 7 2
1479995512068 4 2
1479995514484 8 1
1479995515396 2 2
1479995516077 5 3
1479995516772 3 4
1479995518185 8 -2
1479995519035 0 1
1479995519941 10 1
1479995520617 1 -4
1479995521260 10 -1
1479995521835 9 -1
1479995523835 0 -1
1479995524700 8 4
1479995525405 5 -2
1479995527852 0 1
1479995528372 1 1
1479995528860 5 -1
1479995529476 2 -2
1479995530170 0 4
