1482785077536 4 -3
1482785083091 6 1
1482785085146 0 1
1482785095015 1 -2
1482785097256 9 -1
1482785100088 9 1
1482785102673 9 -1
1482785104175 10 1
1482785108182 7 -2
1482785112925 10 -1
1482785114245 2 1
1482785115509 7 2
1482785116996 2 -1
1482785143314 4 3
1482785162546 7 -2
1482785169226 10 1
1482785181119 9 1
1482785183623 1 2
1482785185236 0 -1
1482785188590 8 1
1482785194397 8 -1
1482785197455 8 1
1482785199144 5 -3
1482785201965 7 -1
1482785202943 2 -1
1482785205484 4 -4
1482785214698 10 2
1482785235654 8 1
1482785245935 6 -2
1482785247648 9 3
1482785251847 8 -1
1482785256869 1 -1
1482785264032 8 3
1482785265317 0 1
1482785267001 1 -1
1482785268854 8 -1
1482785273513 9 -1
1482785275501 8 1
1482785278117 1 2
1482785279817 0 -1
1482785284853 4 1
1482785288957 8 -3
1482785291461 9 1
1482785292538 6 2
1482785296211 8 3
1482785297471 0 2
1482785301108 10 -4
1482785304036 4 -1
1482785308548 7 1
1482785317368 3 1
1482785321582 10 2
1482785325803 7 -1
1482785328636 1 -3
1482785332886 10 2
1482785338086 8 -1
1482785341460 6 -1
1482785353038 8 1
1482785357472 6 1
1482785362739 10 -4
1482785369673 7 1
1482785377344 8 -1
1482785378529 6 -1
1482785386119 7 -1
1482785388915 4 2
1482785392477 7 1
1482785399817 0 -1
1482785405640 6 -1
1482785409758 7 -1
1482785411222 9 -1
1482785413404 4 -2
1482785415592 8 1
1482785420948 10 1
1482785424276 10 -1
1482785425631 10 1
1482785428809 9 1
1482785432083 9 -1
1482785435191 4 4
1482785440923 7 1
