1482785422406 10 -1
1482785423827 6 1
1482785427300 8 2
1482785431655 5 -3
1482785432993 2 -1
1482785445735 3 1
1482785449448 7 -3
1482785451617 6 -2
1482785452982 9 2
1482785454980 8 2
1482785456740 0 1
1482785463069 3 -1
1482785476120 R
1482785531376 8 1
1482785533013 5 -3
1482785534495 2 -1
1482785548644 7 -3
1482785550755 6 1
1482785553621 10 3
1482785559216 6 -2
1482785561144 9 2
1482785562769 8 3
1482785569543 0 1
1482785576486 1 -2
1482785588889 8 -1
1482785590907 R
1482785617665 8 1
1482785621119 5 -3
1482785649666 1 -1
1482785650274 2 -1
1482785653140 6 1
1482785657278 10 1
1482785659563 1 1
1482785662928 2 1
1482785664505 5 3
1482785665987 8 -1
1482785668532 7 -2
1482785672346 4 -3
1482785676113 1 -1
1482785678077 7 2
1482785943444 4 3
1482785959916 1 1
1482785961856 10 -2
1482785965641 2 1
1482785967294 8 2
1482785969428 5 -3
1482785972788 2 -2
1482785982321 4 -4
1482785985093 7 -3
1482785986491 6 -2
1482785988136 9 2
1482785990119 9 1
1482785996642 8 2
1482785998091 6 2
1482786017358 6 -2
1482786018996 9 -1
1482786021600 8 -2
1482786023045 9 -2
1482786024710 6 2
1482786028686 7 3
1482786054732 R
1482786121933 1 -1
1482786123858 1 1
1482786127233 10 -1
1482786139395 10 1
1482786146160 6 1
1482786147930 8 1
1482786152278 5 -3
1482786157949 2 -1
1482786161515 10 -1
1482786173243 6 -2
1482786175599 9 1
1482786183975 7 -3
1482786186454 4 -4
1482786195396 9 2
1482786206806 8 3
1482786212917 6 2
1482786246514 0 2
1482786249974 8 -1
1482786251602 6 -1
1482786258979 R
1482786275178 8 1
1482786276953 5 -3
1482786278612 2 -1
1482786285912 7 -3
1482786288975 7 3
1482786291459 7 -3
1482786294760 6 1
1482786296862 10 3
1482786303496 6 -2
1482786305090 9 2
1482786307418 8 3
1482786320060 R
1482786344904 8 1
1482786346159 5 -3
1482786347463 2 -1
1482786351479 6 -1
1482786357638 4 -4
1482786363755 7 -3
1482786368798 9 3
1482786374685 6 1
1482786377033 6 1
1482786380567 10 3
1482786387758 8 2
1482786391252 8 1
1482786397183 0 2
1482786399629 1 -2
1482786403382 10 -3
1482786408826 1 2
1482786410044 10 -1
1482786412731 8 -1
1482786414009 6 -1
1482786415324 7 1
1482786419029 0 -2
1482786420363 2 1
1482786422447 5 2
1482786431113 8 -2
1482786433823 5 -2
1482786434959 2 -1
1482786439682 6 -1
1482786442292 9 -3
1482786451691 7 2
1482786455332 6 2
1482786467849 7 -3
1482786471972 6 -2
1482786490802 9 3
1482786495838 8 3
1482786500737 6 1
1482786503432 6 1
1482786563064 R
1482786566791 R
1482786619244 8 1
1482786621104 5 -3
1482786623537 2 -1
1482786637590 7 -3
1482786639698 4 -4
1482786641106 6 -1
1482786643460 9 3
1482786645528 6 2
1482786647471 10 3
1482786650039 8 3
1482786654996 10 -4
1482786677763 6 -2
1482786679429 8 -3
1482786681123 9 -3
1482786682917 6 2
1482786685947 8 1
1482786689075 7 3
1482786693617 2 2
1482786695515 5 2
1482786697208 3 3
1482786698612 8 -1
1482786700401 5 -2
1482786702071 8 1
1482786703504 3 -2
1482786705059 2 -2
1482786707240 7 -3
1482786710347 6 -2
1482786711487 9 3
1482786713867 8 2
1482786715193 6 2
1482786717000 0 2
1482786719398 10 2
1482786725415 1 -3
1482786727404 10 -2
1482786733328 0 -1
1482786781662 6 -2
1482786783156 9 -1
1482786785374 4 4
1482786790785 8 -1
1482786792014 8 1
1482786793232 10 1
1482786795906 7 1
1482786798268 4 -4
1482786799625 9 1
1482786801293 6 2
1482786802461 0 1
1482786806319 7 -1
1482786820662 10 -1
1482786828701 10 3
1482786843397 1 1
1482786846590 1 2
1482786858883 10 -3
1482786870637 0 -2
1482786887850 R
1482786918568 8 1
1482786922546 5 -3
1482786947490 2 -1
1482786951413 7 -3
1482786957113 6 1
1482786960315 10 3
1482786972281 6 -2
1482786976178 9 2
1482786982874 8 3
1482786993917 8 -3
1482786997962 9 -2
1482787002859 6 2
1482787010402 10 -4
1482787013101 7 3
1482787016557 2 2
1482787018196 5 3
1482787019946 8 -1
1482787022163 2 -1
1482787025952 6 -1
1482787028169 6 1
1482787029820 10 2
1482787033889 8 1
1482787035304 5 -3
1482787036637 2 -1
1482787037944 10 -2
1482787039386 8 1
1482787041193 6 -2
1482787042603 9 1
1482787044289 8 -1
1482787046667 9 -1
1482787047988 6 2
1482787054763 2 2
1482787056161 7 -3
1482787057793 8 1
1482787058993 2 -2
1482787060235 7 3
1482787063027 6 -2
1482787072262 9 1
1482787087253 9 -1
1482787087521 8 -1
1482787097213 6 2
1482787098611 2 2
1482787100216 5 3
1482787102166 8 1
1482787106372 8 -2
1482787107842 0 1
1482787113564 0 -1
1482787114845 8 2
1482787116267 5 -3
1482787118166 2 -2
1482787120161 7 -3
1482787122141 R
1482787126748 0 1
1482787128160 1 -2
1482787129449 9 -1
1482787131798 6 1
1482787133307 10 1
1482787137680 R
1482787139693 8 1
1482787141716 5 -3
1482787142923 2 -1
1482787145495 10 -1
1482787148286 6 -1
1482787149574 7 -2
1482787152949 9 2
1482787155169 8 3
1482787163598 0 1
1482787167673 10 1
1482787171057 1 -2
1482787176457 7 -1
1482787192096 1 2
1482787196103 0 -1
1482787202205 10 -1
1482787209893 R
1482787226325 6 1
1482787228883 10 1
1482787233908 10 -2
1482787240959 8 2
1482787242658 5 -3
1482787245023 2 -1
1482787248033 6 -2
1482787249678 9 1
1482787251421 7 -3
1482787253230 4 -4
1482787255296 9 2
1482787257894 8 2
1482787285614 6 2
1482787285715 6 -1
1482787285771 6 1
1482787285910 R
1482787285929 R
