1482785552267 8 1
1482785554216 5 -3
1482785557885 2 -1
1482785560020 7 -3
1482785561911 4 -4
1482785564713 6 -1
1482785566875 9 3
1482785570320 1 -1
1482785572373 6 2
1482785575591 2 2
1482785576800 7 1
1482785579389 1 1
1482785580916 10 -1
1482785582309 2 -2
1482785584371 7 -1
1482785586157 8 3
1482785591748 8 -3
1482785593345 6 -2
1482785594962 9 -3
1482785598607 9 3
1482785600071 8 3
1482785601568 0 1
1482785603106 8 -1
1482785604353 6 2
1482785606652 6 -2
1482785608060 9 -1
1482785611923 8 1
1482785613313 10 1
1482785616081 3 1
1482785617540 1 -3
1482785618829 10 -1
1482785620766 9 1
1482785621922 6 2
1482785625203 0 1
1482785627264 10 3
1482785628570 1 3
1482785631049 10 -3
1482785638041 8 -1
1482785639146 6 -1
1482785642338 3 -1
1482785644111 0 -2
1482785646817 8 1
1482785647988 6 1
1482785653845 6 -2
1482785655077 8 -3
1482785656617 9 -3
1482785659613 7 3
1482785661352 6 2
1482785664142 2 2
1482785665273 5 2
1482785668588 5 -2
1482785669966 2 -2
1482785673073 7 -3
1482785674754 6 -2
1482785676621 9 3
1482785678930 8 3
1482785680142 6 2
1482785682487 6 -2
1482785687173 9 -1
1482785688707 4 4
1482785690864 4 -4
1482785696035 8 -3
1482785697770 10 1
1482785699132 1 -1
1482785700353 9 -2
1482785701370 6 2
1482785702994 10 3
1482785707262 10 -2
1482785708409 7 3
1482785719228 1 1
1482785721515 10 -2
1482785722901 7 -3
1482785724776 6 -2
1482785726644 9 1
1482785728786 7 3
1482785731373 9 -1
1482785732706 6 2
1482785737710 6 -2
1482785739041 9 1
1482785740982 8 1
1482785742335 9 -1
1482785745054 R
1482785747625 6 1
1482785777175 R
1482785780821 10 -1
1482785785685 6 1
1482785790791 2 1
1482785794451 8 2
1482785796683 5 -3
1482785800898 4 -4
1482785803622 7 -3
1482785805045 2 -2
1482785806429 6 -2
1482785809673 9 3
1482785813280 8 2
1482785819103 9 -1
1482785821099 8 -3
1482785824327 9 -2
1482785825735 6 2
1482785826938 7 3
1482785830482 4 4
1482785832587 2 2
1482785834105 5 3
1482785835875 8 -1
1482785838395 2 -1
1482785840295 0 1
1482785842412 0 -1
1482785845394 8 2
1482785846932 5 -3
1482785848452 2 -1
1482785849304 7 -3
1482785850949 4 -3
1482785852212 6 -2
1482785854780 9 2
1482785856874 8 2
1482785858613 10 1
1482785861511 1 -1
1482785864209 9 1
1482785866223 6 2
1482785868904 0 2
1482785870684 1 -1
1482785873639 1 2
1482785874902 10 -1
1482785877018 8 -1
1482785878526 8 1
1482785880812 3 1
1482785882079 10 2
1482785884163 1 -3
1482785885916 10 -2
1482785892671 10 1
1482785894387 1 3
1482785895558 10 -1
1482785899283 4 -1
1482785903602 10 4
1482785905163 8 -1
1482785906276 0 -2
1482785907635 8 -1
1482785908947 6 -2
1482785911976 8 2
1482785913144 6 2
1482785914328 0 2
1482785915948 1 -3
1482785917460 0 -1
1482785919072 8 -1
1482785922264 1 3
1482785923263 0 -1
1482785925006 8 -1
1482785926350 6 -2
1482785928440 9 -1
1482785930681 8 2
1482785932748 8 -2
1482785934623 9 -2
1482785939884 6 2
1482785942492 1 -1
1482785944876 6 -2
1482785946976 9 3
1482785948086 8 2
1482785951464 9 -1
1482785952697 1 1
1482785953889 3 -1
