1482787522362 8 -1
1482787525388 5 2
1482787527471 6 1
1482787529215 11 -1
1482787530959 1 1
1482787537737 5 -2
1482787539245 8 2
1482787540886 6 -1
1482787543815 2 1
1482787545844 4 -1
1482787547121 7 -1
1482787547900 10 -1
1482787551261 2 -1
1482787552482 8 -2
1482787555079 5 1
1482787561220 2 1
1482787563777 6 1
1482787569047 9 -1
1482787572559 2 -1
1482787574142 1 -2
1482787575320 11 1
1482787576322 2 2
1482787582267 10 1
1482787584151 6 -2
1482787585011 2 1
1482787586371 11 1
1482787598544 5 1
1482787601448 10 -1
1482787612694 5 -1
1482787615728 2 -3
1482787618013 10 1
1482787618861 11 -2
1482787626850 6 2
1482787628766 9 1
1482787630839 5 -1
1482787632735 1 2
1482787634697 8 2
1482787640530 2 1
1482787642867 0 1
1482787645676 6 -1
1482787657304 10 -1
1482787661641 2 -1
1482787665089 6 1
1482787675608 10 1
1482787677613 7 1
1482787680002 4 1
1482787682421 0 -1
1482787684564 2 1
1482787687697 6 -1
1482787694275 R
1482787697352 11 -1
1482787699430 8 -1
1482787705714 4 -1
1482787706765 7 -1
1482787708113 11 2
1482787710137 10 -1
1482787720090 1 -1
1482787721735 2 2
1482787728961 8 1
1482787740110 8 -1
1482787752859 5 1
1482787754239 5 -1
1482787755422 2 -2
1482787765251 8 1
1482787771428 2 2
1482787775419 10 1
1482787776535 7 1
1482787778596 4 1
1482787802858 8 -1
1482787815374 4 -1
