1482787697055 1 -1
1482787699050 2 2
1482787702027 4 -1
1482787704753 2 -3
1482787707237 8 -1
1482787709373 1 1
1482787710487 11 -1
1482787711445 1 1
1482787712731 8 2
1482787713937 0 2
1482787720505 6 1
1482787725866 R
1482787744527 11 1
1482787757689 4 -1
1482787760541 7 -1
1482787762123 10 -1
1482787765667 2 1
1482787769533 1 -1
1482787771737 2 1
1482787773093 8 -1
1482787775843 10 1
1482787777705 7 1
1482787780875 7 -1
1482787782255 10 -1
1482787791403 2 -2
1482787793685 1 1
1482787799249 11 -2
1482787810725 5 2
1482787814925 5 -2
1482787821415 1 1
1482787822863 8 2
1482787824749 0 1
1482787829057 0 -1
1482787830343 8 -2
1482787832151 1 -2
1482787834339 11 2
1482787835437 2 2
1482787836506 8 1
1482787851919 10 1
1482787852667 7 1
1482787853883 4 1
1482787855807 4 -1
1482787857693 7 -1
1482787858503 10 -1
1482787861431 3 -1
1482787864409 3 1
1482787866068 2 -2
1482787867135 8 -1
1482787870017 11 -2
1482787873695 6 1
1482787875011 1 2
1482787877341 8 2
1482787878495 2 1
1482787880145 0 1
1482787882989 2 -1
1482787887749 2 1
1482787888615 0 -1
1482787890881 8 -2
1482787896375 5 1
1482787898603 5 -1
1482787905543 6 -1
1482787911475 8 2
1482787914309 2 -1
1482787918351 0 1
1482787923175 0 -1
1482787924197 2 1
1482787926245 8 -2
1482787927633 2 -1
1482787929291 5 2
1482787931667 1 -2
1482787933133 11 2
1482787934263 5 -2
1482787935501 2 2
1482787938905 10 1
1482787940519 7 1
1482787942333 2 -3
1482787949805 11 -2
1482787951373 6 1
1482787952361 1 2
1482787954379 8 2
1482787961999 0 2
1482787967943 0 -2
1482787969767 8 -2
1482787971465 6 -1
1482787972571 1 -2
1482787974052 11 2
1482787998011 2 3
1482788000139 5 1
1482788001525 4 1
