1479885412839 11 -1
1479885413291 1 1
1479885414249 8 1
1479885420244 4 -1
1479885420658 7 -1
1479885421212 10 -1
1479885421873 3 -1
1479885422683 6 2
1479885424391 8 1
1479885427728 0 1
1479885428374 5 1
1479885436264 5 -1
1479885436715 8 -1
1479885437200 6 -2
1479885437826 3 1
1479885438540 10 1
1479885439173 7 1
1479885439819 2 -1
1479885440520 0 1
1479885445424 0 -2
1479885446368 8 -2
1479885448736 1 -2
1479885449479 11 2
1479885453354 2 3
1479885454670 7 -1
1479885455326 10 -1
1479885464390 5 1
1479885466145 9 -1
1479885466668 6 -1
1479885467144 2 1
1479885468008 5 1
1479885470456 10 1
1479885471088 7 1
1479885472132 4 1
1479885474012 4 -1
1479885474972 7 -1
1479885478751 5 -1
1479885481449 2 -3
1479885485777 11 -2
1479885492522 10 -1
1479885493527 3 -1
1479885494383 6 3
1479885495187 1 2
1479885496441 5 1
1479885497526 9 1
1479885498344 5 -2
1479885503387 8 3
1479885504097 5 2
1479885504713 0 1
1479885505532 9 -3
1479885506140 5 -2
1479885511714 8 -1
1479885512203 6 -3
1479885512773 3 1
1479885513258 10 1
1479885513958 7 1
1479885514567 2 -1
1479885522073 6 2
1479885524537 2 1
1479885524999 7 -1
1479885525426 10 -1
1479885526393 3 -1
1479885527165 6 1
1479885527695 8 1
1479885545471 5 2
1479885546080 9 2
1479885546850 0 -1
1479885548599 9 1
1479885549035 5 -2
1479885549641 8 -3
1479885550257 5 2
1479885551399 9 -1
1479885551980 1 -2
1479885571433 5 -1
1479885572900 2 2
1479885573787 11 1
1479885575316 2 -2
1479885576018 11 -1
1479885576688 5 1
1479885579027 6 -3
1479885579649 3 1
1479885581551 11 2
1479885583041 5 -1
1479885583502 2 3
1479885587407 10 1
1479885588039 7 1
1479885588718 4 1
1479885589629 4 -1
1479885590580 7 -1
1479885592879 2 -3
1479885593527 5 1
1479885594066 1 1
1479885594534 11 -2
1479885597557 1 1
1479885598555 6 2
1479885599999 9 1
1479885600770 5 -2
1479885601494 8 2
1479885602834 0 1
1479885603740 0 -1
1479885606086 10 -1
1479885606561 3 -1
1479885607231 6 1
1479885607792 8 1
1479885608900 0 1
1479885610263 5 2
1479885610909 9 -3
1479885611721 5 -2
1479885617942 8 -1
1479885618379 6 -2
1479885619321 6 1
1479885619806 3 1
1479885620242 10 1
1479885620701 7 1
1479885621129 2 -1
1479885629597 2 1
1479885630161 4 1
1479885630634 9 -1
1479885632199 0 -1
1479885632700 8 -2
1479885633369 5 2
1479885636379 5 -2
1479885636973 1 -3
1479885637571 6 -2
1479885639667 8 2
1479885640323 2 2
1479885641062 0 2
1479885643715 11 2
1479885644875 9 1
1479885645553 4 -1
1479885646030 7 -1
1479885646490 10 -1
1479885647106 0 3
