1480276566183 2 1
1480276568042 4 -1
1480276568382 7 -1
1480276568902 10 -1
1480276569958 11 1
1480276570949 2 -1
1480276571374 8 -1
1480276571975 5 2
1480276572606 9 -1
1480276573582 6 -1
1480276574222 1 -1
1480276574560 5 -1
1480276575143 2 3
1480276576670 10 1
1480276577094 7 1
1480276578133 4 1
1480276579409 4 -1
1480276579767 7 -1
1480276580392 10 -1
1480276580990 11 -2
1480276581512 2 -3
1480276582006 3 -1
1480276583229 6 3
1480276584087 9 1
1480276584934 5 -1
1480276585561 8 1
1480276585974 2 2
1480276587951 11 1
1480276589679 2 -2
1480276590207 8 -1
1480276590798 11 -1
1480276591751 1 2
1480276592590 5 2
1480276593351 9 -1
1480276593982 1 -2
1480276594525 6 -3
1480276595195 11 2
1480276595678 3 1
1480276597134 5 -1
1480276597895 2 3
1480276598751 10 1
1480276599437 7 1
1480276601966 5 1
1480276602757 5 -1
1480276604567 7 -1
1480276605398 10 -1
1480276606254 11 -2
1480276606758 3 -1
1480276607581 2 -3
1480276608193 5 1
1480276609071 1 2
1480276611093 6 3
1480276611894 9 1
1480276613077 5 -2
1480276614214 8 3
1480276614757 0 1
1480276615711 5 2
1480276616503 9 -3
1480276616997 5 -2
1480276618357 2 1
1480276620069 5 1
1480276620598 9 3
1480276621446 5 -1
1480276622421 8 -1
1480276623053 6 -2
1480276623825 3 1
1480276625229 10 1
1480276625597 7 1
1480276626414 4 1
1480276628078 0 -1
1480276628576 8 -2
1480276629093 5 1
1480276629743 9 -1
1480276631445 6 1
1480276632042 9 1
1480276632910 5 -1
1480276633446 8 2
1480276633926 0 1
1480276635685 0 -1
1480276636389 8 -2
1480276636933 5 1
1480276637658 9 -1
1480276638222 6 -2
1480276639642 1 -2
1480276640166 2 2
1480276640609 11 2
1480276641677 5 1
1480276642798 5 -1
1480276643565 2 -3
1480276644575 6 1
1480276644919 1 1
1480276645237 5 1
1480276646062 9 1
1480276647057 5 -2
1480276647391 1 -1
1480276647942 8 1
1480276648341 2 2
1480276649176 4 -1
1480276650294 7 -1
1480276652015 10 -1
1480276653950 2 -2
1480276655134 2 2
1480276656775 10 1
1480276657173 7 1
1480276657701 4 1
1480276659414 8 -1
1480276660262 2 -2
1480276661661 11 -2
1480276662773 5 1
1480276664109 5 -1
1480276665614 1 2
1480276666758 5 2
1480276667535 9 -1
1480276668014 6 -1
1480276668701 1 -2
1480276669174 5 -1
1480276669775 2 3
1480276670246 11 2
1480276672413 5 1
1480276673230 11 -2
1480276674166 5 -1
1480276674894 2 -3
1480276675365 5 1
1480276675789 1 2
1480276676165 6 2
1480276677072 9 1
1480276714997 9 -1
1480276715365 6 -2
1480276716183 6 2
1480276717108 6 -2
1480276719662 6 2
1480276720221 9 1
1480276720998 4 -1
1480276723212 2 -1
1480276724460 5 -2
1480276725230 8 2
1480276726029 0 2
1480276728670 6 -1
1480276730957 0 -2
1480276732245 2 2
1480276732789 4 1
1480276735596 8 -2
1480276738492 8 2
1480276739568 4 -1
1480276740252 2 -2
1480276741029 0 2
1480276744692 6 1
1480276750164 6 -1
1480276752540 0 -1
1480276755200 0 -1
1480276756614 2 2
1480276757180 4 1
1480276758068 8 -2
1480276758702 5 1
1480276759293 9 -1
1480276759751 6 -1
1480276761150 4 -1
1480276761900 2 -2
1480276764005 5 1
1480276764868 1 -2
1480276765412 11 2
1480276767532 5 -1
1480276768204 2 4
1480276770669 7 -1
1480276771548 10 -1
1480276772653 5 1
1480276775812 11 -2
1480276777540 5 -1
1480276778324 2 -2
1480276779061 6 1
1480276780165 9 1
1480276780750 5 -1
1480276781233 8 1
1480276782564 11 2
1480276784668 2 1
1480276790036 U
1480276790693 R
1480276793237 4 -1
1480276794788 2 -1
1480276796939 11 1
1480276798515 8 -1
1480276799267 5 2
1480276799831 9 -1
1480276800227 6 -1
1480276800757 1 -1
1480276801076 5 -1
1480276801637 2 4
1480276802995 4 1
1480276803757 4 -1
1480276804141 7 -1
1480276804515 10 -1
1480276805658 5 1
1480276807366 11 -2
1480276807925 3 -1
1480276809835 5 -1
1480276810379 2 -3
1480276811123 1 2
1480276811684 6 3
1480276812332 9 1
1480276812739 5 -1
1480276813772 8 3
1480276814557 2 1
1480276815124 0 1
1480276816963 2 -1
1480276817684 5 2
1480276818253 9 -3
1480276818788 5 -2
1480276820165 2 1
1480276821812 8 -1
1480276822277 6 -3
1480276823237 3 1
1480276823781 10 1
1480276824796 7 1
1480276825619 2 -2
1480276826228 0 1
1480276828715 6 2
1480276831403 6 -2
1480276834835 0 -1
1480276840285 2 2
1480276840932 7 -1
1480276841443 10 -1
1480276842627 3 -1
1480276843483 6 3
1480276844180 8 1
1480276847275 5 1
1480276848299 9 3
1480276848863 5 -1
1480276849748 8 -1
1480276850253 6 -2
1480276851013 3 1
1480276853323 2 -1
1480276854723 2 1
1480276856396 6 1
1480276860100 R
1480278565057 8 -1
1480278580760 11 1
1480278610573 2 1
1480278612612 8 1
1480278616758 8 -1
1480278617564 2 -1
1480278623742 2 1
1480278624638 8 1
1480278629965 4 -1
1480278640430 7 -1
1480278641750 10 -1
1480278649013 8 -1
1480278651189 2 -1
1480278653118 1 -1
1480278657533 8 1
1480278659021 2 2
1480278663957 10 1
1480278664773 7 1
1480278666445 4 1
1480278669045 8 -1
1480278673861 4 -1
1480278682909 2 -3
1480278685151 8 1
1480278688670 11 -2
1480278689797 1 2
1480278690677 8 1
1480278693501 0 1
1480278695589 2 2
1480278697453 2 -2
1480278707621 6 1
1480278708733 6 -1
1480278709989 2 2
1480278718278 7 -1
1480278719224 7 1
1480278722509 2 -2
1480278729253 0 1
1480278741638 0 -2
1480278743366 8 -2
1480278748726 8 2
1480278749598 6 1
1480278757677 0 2
1480278759647 6 -1
1480278910616 0 -2
1480278911935 8 -2
1480278913488 1 -2
1480278916776 2 3
1480278921631 11 2
1480278929824 7 -1
1480278931097 10 -1
1480278932984 8 1
1480278933943 2 -2
1480278934911 11 -2
1480278936207 2 2
1480278939159 11 2
1480278941944 8 -1
1480278944776 10 1
1480278950288 U
1480278951312 U
1480278952008 U
1480278952304 U
1480278953552 R
1480279040961 11 1
1480279043578 4 -1
1480279045042 2 -1
1480279049785 11 -2
1480279051194 1 1
1480279052826 8 1
1480279058241 0 2
1480279071889 0 -2
1480279082266 8 -2
1480279083921 1 -2
1480279085241 8 1
1480279086777 2 3
1480279087689 11 2
1480279088964 7 -1
1480279090017 10 -1
1480279135403 10 1
1480279135873 7 1
1480279136273 4 1
1480279137553 8 -1
1480279138266 5 1
1480279139235 5 -1
1480279139787 8 1
1480279140169 4 -1
1480279140563 7 -1
1480279141106 10 -1
1480279142034 8 -1
1480279142845 2 -2
1480279143435 11 -2
1480279143897 3 -1
1480279144379 1 1
1480279145290 1 1
1480279145723 6 2
1480279146547 5 2
1480279147521 9 -1
1480279147971 6 -3
1480279148410 1 -2
1480279148850 5 -1
1480279149754 2 2
1480279150259 11 2
1480279151212 3 1
1480279151715 2 1
1480279152212 10 1
1480279152683 7 1
1480279156530 11 -2
1480279157002 5 1
1480279159547 5 -1
1480279160242 2 -4
1480279160874 5 1
1480279161451 11 2
1480279162515 5 -1
1480279164060 6 1
1480279164396 1 1
1480279164746 5 1
1480279165355 9 1
1480279166291 5 -1
1480279166682 1 -1
1480279167467 2 3
1480279168210 4 1
1480279170195 4 -1
1480279170594 7 -1
1480279171354 10 -1
1480279171899 11 -2
1480279172292 2 -2
