1479511822692 4 -1
1479511824493 2 -1
1479511827618 2 2
1479511828695 7 -1
1479511829766 10 -1
1479511833835 11 1
1479511835370 2 -1
1479511839012 8 -1
1479511840146 5 2
1479511846787 5 -2
1479511848302 1 -1
1479511849842 2 2
1479511854584 8 1
1479511864963 8 -1
1479511865963 2 -2
1479511867036 1 1
1479511868068 5 2
1479511869931 9 -1
1479511871097 6 -1
1479511872487 1 -1
1479511873247 5 -1
1479511874437 2 3
1479511880176 R
1479511888641 8 -1
1479511890066 5 2
1479511892069 9 -1
1479511893297 6 -1
1479511894670 11 1
1479511895924 1 -1
1479511896749 5 -1
1479511897784 2 3
1479511900908 4 -1
1479511904252 5 1
1479511905660 11 -2
1479511907472 7 -1
1479511908278 10 -1
1479511909350 3 -1
1479511912677 3 1
1479511913399 11 2
1479511917126 5 -1
1479511921065 5 1
1479511922406 5 -1
1479511924608 11 -2
1479511925524 3 -1
1479511926919 2 -3
1479511928520 6 3
1479511932071 1 2
1479511936069 9 1
1479511937167 5 -1
1479511939073 8 3
1479511942957 2 1
1479511945934 2 -1
1479511947386 8 -2
1479511948846 1 -2
1479511950014 6 -2
1479511954899 6 2
1479511960443 2 2
1479511962945 2 -2
1479511963958 1 2
1479511965042 8 2
1479511970703 8 -3
1479511973761 1 -1
1479511975282 11 1
1479511980745 5 2
1479511981944 1 -1
1479511982943 6 -2
1479511984182 11 1
1479511985432 3 1
1479511987731 5 -2
1479511991016 2 2
1479511995532 10 1
1479511996522 7 1
1479512002027 4 1
1479512003073 4 -1
1479512005564 7 -1
1479512006575 10 -1
1479512012955 3 -1
1479512014323 11 -1
1479512017459 6 2
1479512020807 2 -1
1479512022185 1 1
1479512023039 8 1
1479512026484 1 -1
1479512028036 8 -1
1479512028832 2 -1
1479512029618 11 -1
1479512031271 6 -2
1479512040069 3 1
1479512041195 11 2
1479512042264 2 2
1479512046804 10 1
1479512048804 7 1
1479512050053 4 1
1479512052877 8 1
1479512056639 R
1479512061309 6 1
1479512069090 8 -1
1479512070500 8 1
1479512071346 2 1
1479512072274 6 -1
1479512073074 1 -1
1479512074410 11 1
1479512075297 4 -1
1479512076418 7 -1
1479512077322 10 -1
1479512079228 2 -1
1479512080625 11 -2
1479512082216 3 -1
1479512083623 3 1
1479512085716 11 2
1479512086892 2 2
1479512089100 8 -1
