1482787708243 4 -1
1482787709697 2 -1
1482787713939 11 1
1482787715081 8 -1
1482787717409 1 -1
1482787718385 2 3
1482787721017 7 -1
1482787721674 10 -1
1482787724217 8 1
1482787727153 10 1
1482787727745 7 1
1482787732129 2 -3
1482787733914 1 1
1482787735122 1 -1
1482787735898 2 3
1482787738025 7 -1
1482787738825 10 -1
1482787740673 8 -1
1482787741594 2 -2
1482787742905 1 1
1482787745049 5 2
1482787745834 1 -1
1482787746666 5 -2
1482787747659 1 1
1482787748418 11 -2
1482787749193 1 1
1482787749963 8 2
1482787751018 2 1
1482787751794 0 1
1482787754730 10 1
1482787755394 7 1
1482787756649 2 -2
1482787757834 0 1
1482787760314 6 1
1482787764747 0 -2
1482787766915 2 2
1482787767666 4 1
1482787768825 2 -1
1482787769370 2 1
1482787770226 4 -1
1482787771018 7 -1
1482787772026 10 -1
1482787773418 3 -1
1482787774209 6 1
1482787775057 8 1
1482787777210 5 1
1482787778081 9 -1
1482787781617 9 1
1482787782298 5 -1
1482787783097 8 -2
1482787784033 6 -2
1482787785097 3 1
1482787786897 10 1
1482787787346 7 1
1482787788265 2 -2
1482787789321 8 1
1482787790121 0 2
1482787794786 6 1
1482787797145 6 -1
1482787798570 R
1482787840681 8 -1
1482787842411 5 2
1482787845194 1 -1
1482787846049 5 -2
1482787846850 2 2
1482787847722 8 1
1482787849426 R
1482787853290 11 1
1482787855258 4 -1
1482787856106 2 -1
1482787859089 2 2
1482787859738 7 -1
1482787860402 10 -1
1482787861770 11 -2
1482787862778 6 1
1482787863434 1 -1
1482787864074 2 1
1482787866242 8 -1
1482787867018 2 -2
1482787867946 5 2
1482787868970 9 -1
1482787869828 6 -2
1482787871100 11 2
1482787873866 10 1
1482787874794 7 1
1482787875483 2 -1
1482787885186 1 1
1482787885898 6 1
1482787886618 9 1
1482787887594 5 -2
1482787889394 2 2
1482787890330 7 -1
1482787891139 10 -1
1482787892667 2 -1
1482787895556 1 -1
1482787896499 2 2
1482787898540 10 1
1482787899572 7 1
1482787904131 4 1
1482787905051 8 1
1482787910812 11 -2
1482787911819 6 1
1482787913211 6 -1
1482787914083 2 -2
1482787915083 1 2
1482787915924 8 1
1482787916397 0 1
1482787917852 4 -1
1482787918515 2 -1
1482787919363 0 1
1482787922499 6 1
1482787928579 R
1482787935124 8 -1
1482787936107 11 -1
1482787938571 1 1
1482787939717 8 2
1482787941540 4 -1
1482787942372 2 -1
1482787943253 0 2
1482787946428 0 -2
1482787948316 0 2
1482787953859 6 1
1482787954955 6 -1
1482787958083 0 -1
1482787959171 2 2
1482787960180 4 1
1482787963075 6 1
1482787964381 2 -1
1482787968748 R
1482787980508 2 1
1482787981692 1 -1
1482787982564 2 1
1482787988045 4 -1
1482787988916 7 -1
1482787989636 10 -1
1482787990564 11 -1
1482787991404 3 -1
1482787992765 6 2
1482787999164 2 -2
1482788000012 1 2
1482788001628 8 2
1482788003580 5 2
1482788004349 0 1
1482788006772 9 -3
1482788007580 5 -2
1482788014556 2 1
1482788016149 2 -1
1482788017772 8 -1
1482788019100 6 -3
1482788021428 3 1
1482788022940 10 1
1482788023988 7 1
1482788025276 2 -1
1482788026092 0 1
1482788031060 0 -1
1482788034557 2 2
1482788035148 4 1
1482788035972 9 -1
1482788037764 0 -1
1482788039388 2 -1
1482788040852 8 -2
1482788043060 5 2
1482788044164 1 -3
1482788044997 5 -2
1482788046573 11 2
1482788048205 2 3
1482788049077 8 2
1482788049900 0 3
1482788051317 9 1
1482788051965 4 -1
1482788052525 7 -1
1482788053069 10 -1
1482788053509 0 2
