1481181538714 4 -1
1481181549981 11 1
1481181552779 8 -1
1481181563468 7 -1
1481181565908 10 -1
1481181569708 8 1
1481181571516 2 1
1481181576204 8 -1
1481181578421 2 -1
1481181583033 5 2
1481181591988 9 -1
1481181593636 6 -1
1481181595748 1 -1
1481181597895 5 -1
1481181600324 2 3
1481181631493 3 -1
1481181633837 11 -2
1481181639190 2 -3
1481181642324 1 2
1481181644286 6 3
1481181648754 9 1
1481181653413 5 1
1481181658347 5 -2
1481181660989 8 3
1481181667812 0 1
1481181682723 2 1
1481181690637 5 1
1481181692687 9 -3
1481181703044 5 -1
1481181705533 2 -1
1481181717245 8 -1
1481181719225 6 -3
1481181724199 3 1
1481181730285 10 1
1481181731450 7 1
1481181733645 2 -1
1481181735701 0 1
1481181772646 U
1481181776631 R
1481181780181 4 -1
1481181783477 7 -1
1481181790149 11 1
1481181795365 10 -1
1481181798109 1 -1
1481181803141 2 2
1481181813053 8 -1
1481181823317 2 -2
1481181827653 1 1
1481181832781 5 2
1481181838733 9 -1
1481181841125 6 -1
1481181844085 1 -1
1481181846048 5 -1
1481181848613 2 3
1481181857661 5 1
1481181863933 5 -1
1481181870797 10 1
1481181873886 7 1
1481181880765 2 -4
1481181887813 5 1
1481181891509 6 1
1481181893261 1 1
1481181895949 9 1
1481181898214 1 -1
1481181901589 1 1
1481181907149 11 -2
1481181912285 6 1
1481181921845 1 -1
1481181926701 5 -2
1481181928757 8 1
1481181937496 1 2
1481181940045 8 1
1481181942621 0 1
1481181945461 6 -1
1481181949949 0 1
1481181954724 6 1
1481181966885 6 -1
1481181980133 0 -1
1481181982933 2 2
1481181987701 7 -1
1481181989741 10 -1
1481181999901 2 -1
1481182002134 6 1
1481182021509 3 -1
1481182023325 6 1
1481182025605 8 1
1481182037174 2 1
1481182045221 5 1
1481182047469 9 -3
1481182049821 5 -1
1481182055654 8 -1
1481182057948 6 -3
1481182062678 3 1
1481182069405 2 -1
1481182077333 10 1
1481182078304 7 1
1481182080665 2 -1
1481182091941 6 2
1481182103571 6 -2
1481182108444 2 2
1481182109860 4 1
1481182112319 9 -1
1481182124941 0 -1
1481182128304 8 -2
1481182138709 2 -1
1481182145864 1 -3
1481182149929 11 2
1481182160928 2 2
1481182163190 2 1
1481182167149 8 2
1481182172069 0 3
1481182184165 8 -2
1481182189349 5 2
1481182193335 1 1
1481182195812 9 3
1481182198210 4 -1
1481182200134 7 -1
1481182201775 10 -1
1481182203214 0 2
