1482788082864 4 -1
1482788084204 2 -1
1482788088657 8 -1
1482788090946 5 2
1482788096117 5 -2
1482788097471 1 -1
1482788098739 8 1
1482788100008 2 3
1482788101200 11 1
1482788105236 7 -1
1482788106332 10 -1
1482788110020 11 -2
1482788112267 6 1
1482788117240 2 -2
1482788118508 1 2
1482788119800 8 1
1482788122176 6 -1
1482788127343 2 1
1482788138431 R
1482788147002 1 -1
1482788148874 2 2
1482788150203 11 1
1482788153920 4 -1
1482788155104 8 -1
1482788157841 7 -1
1482788158717 10 -1
1482788165055 2 -2
1482788166820 5 2
1482788177883 11 -2
1482788179226 3 -1
1482788180159 6 2
1482788182671 1 2
1482788207884 1 -2
1482788209026 11 1
1482788215290 6 -2
1482788217808 11 1
1482788218825 3 1
1482788225470 10 1
1482788226558 7 1
1482788227429 2 -1
1482788229307 5 -2
1482788230635 8 1
1482788233619 11 -2
1482788238324 2 3
1482788241304 11 2
1482788244447 7 -1
1482788249108 10 -1
1482788250697 8 -1
1482788252504 5 1
1482788255446 9 -1
1482788256990 6 -1
1482788258387 2 1
1482788260275 5 1
1482788265640 5 -1
1482788267062 11 -2
1482788272279 2 -3
1482788274756 3 -1
1482788277824 6 3
1482788280537 9 1
1482788282781 1 2
1482788283780 5 1
1482788289544 5 -2
1482788290757 8 3
1482788293268 0 1
1482788294590 2 1
1482788303536 5 1
1482788304840 2 -1
1482788306949 5 1
1482788310489 9 -3
1482788312708 5 -2
1482788314169 2 1
1482788323323 8 -1
1482788324127 6 -3
1482788326476 3 1
1482788328294 2 -1
1482788342283 2 1
1482788350424 10 1
1482788351673 7 1
1482788354859 2 -2
1482788356064 0 1
1482788360983 6 2
1482788373537 0 -1
1482788374875 2 2
1482788376934 7 -1
1482788378202 10 -1
1482788379783 3 -1
1482788381555 6 -2
1482788384979 6 3
1482788385726 8 1
1482788387862 5 1
1482788390461 9 3
1482788395843 5 -1
1482788406248 2 -1
1482788417349 8 -1
1482788419447 6 -2
1482788421158 3 1
1482788425614 2 1
1482788432771 10 1
1482788434371 7 1
1482788435616 2 -2
1482788439308 6 1
1482788445570 6 -1
1482788449222 2 2
1482788450548 7 -1
1482788451619 10 -1
1482788479153 R
1482788483244 11 1
1482788488680 1 -1
1482788490322 2 2
1482788492631 4 -1
1482788494984 8 -1
1482788498166 2 -3
1482788501801 11 -2
1482788505243 6 1
1482788506360 1 2
1482788508577 8 2
1482788511235 6 -1
1482788514988 8 -2
1482788516524 5 2
1482788517543 9 -1
1482788518275 6 -1
1482788520521 5 -1
1482788524327 2 2
1482788527722 1 -2
1482788529166 2 2
1482788531220 11 2
1482788535547 7 -1
1482788536337 10 -1
1482788547543 5 1
1482788552410 10 1
1482788553333 7 1
1482788555831 5 -1
1482788558167 2 -2
1482788559523 2 -2
1482788561893 5 1
1482788562875 1 1
1482788564194 6 1
1482788565768 9 1
1482788567770 5 -2
1482788569728 8 1
1482788570996 1 -1
1482788575291 2 3
1482788577175 7 -1
1482788577965 10 -1
1482788584940 8 -1
1482788586295 8 1
1482788595711 2 -2
1482788599196 8 -1
1482788604080 5 2
1482788605372 1 1
1482788608080 9 -1
1482788608875 6 -1
1482788612601 11 -2
1482788613860 1 1
1482788615040 3 -1
1482788619350 3 1
1482788623170 10 1
1482788624358 7 1
1482788625266 2 -1
1482788627191 5 -1
1482788628359 1 -2
1482788629560 2 4
1482788636343 11 2
1482788639442 7 -1
1482788640651 10 -1
1482788643058 2 -3
1482788646499 11 -2
1482788649325 3 -1
1482788652180 3 1
1482788653457 10 1
1482788654925 11 2
1482788655777 2 3
1482788659874 7 1
1482788662781 5 1
1482788664292 11 -2
1482788669688 7 -1
1482788670738 10 -1
1482788671675 3 -1
1482788674110 11 2
1482788676198 11 -2
1482788680257 3 1
1482788681787 10 1
1482788682690 7 1
1482788685962 4 1
1482788693017 11 2
1482788699639 4 -1
1482788701327 11 -2
1482788702392 7 -1
1482788703148 10 -1
