1480277490012 4 -1
1480277490583 7 -1
1480277491175 10 -1
1480277491936 11 1
1480277492335 1 -1
1480277493026 2 2
1480277497104 8 -1
1480277497667 2 -2
1480277498349 5 2
1480277499336 1 1
1480277500893 9 -1
1480277501367 6 -1
1480277503568 10 1
1480277503974 7 1
1480277506823 7 -1
1480277507303 10 -1
1480277510382 11 -2
1480277510898 3 -1
1480277511367 1 1
1480277511840 6 3
1480277512582 9 1
1480277513015 5 -2
1480277513667 8 3
1480277516649 0 1
1480277517319 5 2
1480277517922 9 -3
1480277518742 5 -2
1480277519888 8 -1
1480277520355 6 -3
1480277521084 3 1
1480277523230 2 1
1480277536687 R
1480277547182 11 -1
1480277547547 1 1
1480277547916 8 1
1480277548359 0 1
1480277550297 2 1
1480277552618 6 1
1480277559465 4 -1
1480277559825 7 -1
1480277560192 10 -1
1480277560548 3 -1
1480277560981 6 1
1480277561423 8 1
1480277561980 5 1
1480277563092 9 -3
1480277563664 5 -1
1480277564160 8 -1
1480277564840 6 -3
1480277565821 3 1
1480277566634 10 1
1480277567246 7 1
1480277568541 2 -2
1480277569013 0 1
1480277572009 0 -1
1480277572696 2 2
1480277573258 4 1
1480277575015 9 -1
1480277575636 0 -1
1480277576050 8 -2
1480277576936 1 -3
1480277577418 8 2
1480277578128 2 2
1480277578812 0 2
1480277580342 11 2
1480277581880 9 1
1480277582249 4 -1
1480277582657 7 -1
1480277583022 10 -1
1480277583448 0 3
