1479332103528 2 1
1479332104383 7 -1
1479332104976 1 2
1479332106027 4 -2
1479332108989 0 3
1479332109596 10 -2
1479332110202 4 -2
1479332110978 1 -1
1479332111604 2 -1
1479332112307 3 -4
1479332112743 2 1
1479332113273 1 1
1479332114206 2 -2
1479332120276 2 2
1479332121864 4 4
1479332122649 10 2
1479332129695 0 -3
1479332130909 1 -2
1479332131793 2 -2
1479332132918 6 -2
1479332134130 6 2
1479332135533 3 3
1479332136030 10 1
1479332137182 2 2
1479332137817 0 1
1479332139065 0 -1
1479332139476 7 2
1479332139967 9 1
1479332140547 7 -1
1479332141180 2 -1
1479332141757 3 -1
1479332142193 10 -1
1479332142728 3 -2
1479332143085 2 1
1479332143592 1 2
1479332144736 5 2
1479332145286 9 2
1479332145734 7 -1
1479332146457 0 1
1479332147581 5 -1
1479332148232 4 -2
1479332149137 8 1
1479332149597 9 1
1479332149998 5 -1
1479332150470 0 2
1479332151022 10 -3
1479332151494 4 -2
1479332152264 1 -1
1479332152929 2 -2
1479332155322 3 4
1479332155873 1 1
1479332158108 2 2
1479332159124 4 3
1479332160515 7 2
1479332161522 10 4
1479332166949 10 -4
1479332167467 7 -2
1479332169856 4 -3
1479332170436 2 -2
1479332171544 2 2
1479332172069 0 -3
1479332172523 2 -2
1479332172926 1 -2
1479332173428 6 -4
1479332174032 3 -4
1479332174369 2 2
1479332174656 1 2
1479332174977 8 2
1479332175505 0 6
