1482085071232 7 -1
1482085076552 1 1
1482085078583 0 3
1482085084096 10 -2
1482085088272 2 -1
1482085089872 1 1
1482085096632 1 -1
1482085097752 3 -3
1482085101920 3 -1
1482085109776 1 1
1482085116976 1 -1
1482085123040 2 2
1482085123976 1 1
1482085125130 4 -4
1482085128679 2 -2
1482085130879 1 -1
1482085131864 1 1
1482085144936 8 1
1482085147551 8 -1
1482085155624 R
1482085163519 7 -1
1482085168168 1 1
1482085171920 0 2
1482085173632 10 -2
1482085181591 10 2
1482085183103 0 -1
1482085187856 1 -1
1482085190880 0 -1
1482085192000 2 -1
1482085196184 3 -4
1482085202656 2 2
1482085203648 1 2
1482085204792 4 -2
1482085212544 8 1
1482085225808 0 3
1482085231488 8 -1
1482085235824 10 -2
1482085237817 4 -2
1482085239817 2 -2
1482085244665 1 -1
1482085250713 1 1
1482085263553 2 2
1482085265489 0 -1
1482085279113 4 4
1482085284105 10 2
1482085285440 0 -2
1482085286960 2 -2
1482085288561 1 -2
1482085293009 6 -2
1482085300648 6 2
1482085301603 2 2
1482085303111 1 2
1482085305944 4 -1
1482085307680 4 -1
1482085321304 R
1482085351832 1 2
1482085366744 1 -1
1482085390671 7 -1
1482085397104 0 2
1482085399592 10 -2
1482085418296 3 -2
1482085420376 3 -2
1482085425991 0 1
1482085430400 2 1
1482085433608 10 2
1482085435984 1 1
1482085445888 0 -2
1482085449944 1 -2
1482085451368 6 -1
1482085458848 6 1
1482085460727 1 2
1482085472928 0 2
1482085474312 2 -2
1482085488408 4 -1
1482085495153 10 -2
1482085498401 2 2
1482085499553 4 -3
1482085515240 8 1
1482085523401 1 -1
1482085531680 8 -1
1482085537889 0 -1
1482085541625 4 1
1482085547400 0 1
1482085558896 7 1
1482085560032 9 1
1482085563856 4 -1
1482085566183 7 1
1482085585000 R
1482085596809 3 -3
1482085600904 3 -1
1482085630400 7 -1
1482085652024 1 2
1482085655888 2 1
1482085657584 4 -2
1482085661712 8 1
