1481739117000 10 1
1481739117401 2 1
1481739118759 7 1
1481739119752 7 -2
1481739121397 1 2
1481739124086 4 -4
1481739125267 8 1
1481739126813 1 -2
1481739127531 2 -2
1481739128542 1 1
1481739129000 2 2
1481739129290 1 1
1481739129668 4 3
1481739130168 10 -1
1481739130554 2 -2
1481739132720 8 -1
1481739133137 4 1
1481739133651 1 -2
1481739134400 3 -4
1481739136849 2 2
1481739137757 0 1
1481739139164 1 2
1481739140998 0 2
1481739141700 10 -2
1481739142538 0 -1
1481739143460 1 -1
1481739143803 2 -1
1481739144580 1 1
1481739145031 2 1
1481739145885 4 -4
1481739146862 2 -1
1481739147601 1 -1
1481739149749 0 1
1481739150358 2 -1
1481739151187 1 1
1481739153027 8 1
1481739158053 1 -1
1481739158861 2 2
1481739159590 0 -1
1481739160575 1 1
1481739161732 4 3
1481739163262 2 -1
1481739164677 10 2
1481739166299 0 -2
1481739167787 7 1
1481739168308 9 1
1481739169665 5 1
1481739170156 9 3
1481739170857 7 -1
1481739171310 5 -1
1481739173376 2 1
1481739174071 4 -1
1481739174890 0 3
1481739175819 10 -3
1481739176668 4 -2
1481739177762 2 -2
1481739181760 2 2
1481739182513 0 -3
1481739183106 2 -2
1481739183468 1 -2
1481739183896 6 -4
1481739184374 1 2
1481739184792 2 2
1481739185592 8 2
1481739185983 0 5
