1479991524175 1 2
1479991524175 1 2
1479991528408 4 -1
1479991528408 4 -1
1479991532282 7 -1
1479991532282 7 -1
1479991535568 2 -1
1479991535568 2 -1
1479991549731 10 1
1479991549731 10 1
1479991553063 10 -1
1479991553063 10 -1
1479991555142 10 1
1479991555142 10 1
1479991557493 2 2
1479991557493 2 2
1479991560555 4 -3
1479991560555 4 -3
1479991563794 7 2
1479991563794 7 2
1479991566974 5 2
1479991566974 5 2
1479991569399 8 1
1479991569399 8 1
1479991579822 9 4
1479991579822 9 4
1479991586232 9 -4
1479991586232 9 -4
1479991587663 7 -2
1479991587663 7 -2
1479991590386 5 -2
1479991590386 5 -2
1479991600755 8 -1
1479991600755 8 -1
1479991603890 4 1
1479991603890 4 1
1479991605143 4 1
1479991605143 4 1
1479991609363 4 -1
1479991609363 4 -1
1479991610791 4 1
1479991610791 4 1
1479991611784 4 1
1479991611784 4 1
1479991612022 4 1
1479991612022 4 1
1479991617215 10 -1
1479991617215 10 -1
1479991626568 2 -2
1479991626568 2 -2
1479991629295 1 -2
1479991629295 1 -2
1479991632304 6 -2
1479991632304 6 -2
1479991633862 3 -4
1479991633862 3 -4
1479991697837 6 1
1479991697837 6 1
1479991698464 6 -1
1479991698464 6 -1
1479991716744 3 2
1479991716744 3 2
1479991718047 10 1
1479991718047 10 1
1479991726837 6 2
1479991726837 6 2
1479991733289 2 1
1479991733289 2 1
1479991736736 6 -1
1479991736736 6 -1
1479991739055 7 1
1479991739055 7 1
1479991742054 9 1
1479991742054 9 1
1479991747310 6 1
1479991747310 6 1
1479991748688 1 1
1479991748688 1 1
1479991751534 5 1
1479991751534 5 1
1479991753687 9 1
1479991753687 9 1
1479991766544 3 1
1479991766544 3 1
1479991770126 2 1
1479991770126 2 1
1479991772103 7 1
1479991772103 7 1
1479991775916 9 -2
1479991775916 9 -2
1479991784133 7 -2
1479991784133 7 -2
1479991785645 5 -1
1479991785645 5 -1
1479991789370 3 1
1479991789370 3 1
1479991790558 1 1
1479991790558 1 1
1479991793853 4 -4
1479991793853 4 -4
1479991808254 1 -2
1479991808254 1 -2
1479991813458 2 -2
1479991813458 2 -2
1479991818998 3 -2
1479991818998 3 -2
1479991821270 6 -2
1479991821270 6 -2
1479991829704 8 2
1479991829704 8 2
1479991842024 3 2
1479991842024 3 2
1479991843667 6 1
1479991843667 6 1
1479991845333 2 2
1479991845333 2 2
1479991850815 0 1
1479991850815 0 1
1479991860205 4 1
1479991860205 4 1
1479991861047 0 -1
1479991861047 0 -1
1479991862966 0 1
1479991862966 0 1
1479991867751 3 -1
1479991867751 3 -1
1479991869138 8 1
1479991869138 8 1
1479991873146 4 -1
1479991873146 4 -1
1479991886023 2 -1
1479991886023 2 -1
1479991888145 3 -1
1479991888145 3 -1
1479991894742 0 -1
1479991894742 0 -1
1479991903900 3 1
1479991903900 3 1
1479991909502 2 -1
1479991909502 2 -1
1479991910744 6 -1
1479991910744 6 -1
1479991912195 3 -1
1479991912195 3 -1
1479991922478 6 1
1479991922478 6 1
1479991925969 3 1
1479991925969 3 1
1479991928678 2 2
1479991928678 2 2
1479991935237 4 1
1479991935237 4 1
1479991940695 U
1479991940695 U
1479991943519 U
1479991943519 U
1479991943615 U
1479991943615 U
1479991943648 U
1479991943648 U
1479991944655 U
1479991944655 U
1479991945599 U
1479991945599 U
1479991946360 U
1479991946360 U
1479991950327 U
1479991950327 U
1479991950919 U
1479991950919 U
1479991951039 U
1479991951039 U
1479991952960 U
1479991952960 U
1479991953079 U
1479991953079 U
1479991953680 U
1479991953680 U
1479991955257 8 -1
1479991955257 8 -1
1479991962639 3 1
1479991962639 3 1
1479991966366 3 -1
1479991966366 3 -1
1479991969288 6 1
1479991969288 6 1
1479991971199 6 -1
1479991971199 6 -1
1479991973361 U
1479991973361 U
1479991980023 1 1
1479991980023 1 1
1479991983016 8 -1
1479991983016 8 -1
1479991986788 8 1
1479991986788 8 1
1479991991005 0 -1
1479991991005 0 -1
1479991999231 4 -1
1479991999231 4 -1
1479992006807 2 -1
1479992006807 2 -1
1479992008736 3 -1
1479992008736 3 -1
1479992017415 1 -1
1479992017415 1 -1
1479992021738 2 -1
1479992021738 2 -1
1479992030521 2 1
1479992030521 2 1
1479992033591 6 -1
1479992033591 6 -1
1479992036511 6 1
1479992036511 6 1
1479992043215 U
1479992043215 U
1479992043767 U
1479992043767 U
1479992044295 U
1479992044295 U
1479992044622 U
1479992044622 U
1479992044967 U
1479992044967 U
1479992048797 8 -1
1479992048797 8 -1
1479992049967 0 3
1479992049967 0 3
1479992054347 2 -1
1479992054347 2 -1
1479992060058 3 2
1479992060058 3 2
1479992061455 1 1
1479992061455 1 1
1479992066799 2 2
1479992066799 2 2
1479992085855 4 2
1479992085855 4 2
1479992087487 4 1
1479992087487 4 1
1479992089689 10 -3
1479992089689 10 -3
1479992091380 2 -2
1479992091380 2 -2
1479992095425 4 1
1479992095425 4 1
1479992101319 10 1
1479992101319 10 1
1479992104191 2 1
1479992104191 2 1
1479992105767 7 1
1479992105767 7 1
1479992107597 9 1
1479992107597 9 1
1479992110201 9 -1
1479992110201 9 -1
1479992112432 2 1
1479992112432 2 1
1479992114767 7 1
1479992114767 7 1
1479992118414 1 -1
1479992118414 1 -1
1479992119978 3 -1
1479992119978 3 -1
1479992123068 7 -2
1479992123068 7 -2
1479992129735 3 1
1479992129735 3 1
1479992132183 2 -2
1479992132183 2 -2
1479992134070 3 -4
1479992134070 3 -4
1479992136133 1 1
1479992136133 1 1
1479992137434 4 -1
1479992137434 4 -1
1479992139311 8 1
1479992139311 8 1
1479992140237 8 -1
1479992140237 8 -1
1479992146295 4 1
1479992146295 4 1
1479992148239 1 -1
1479992148239 1 -1
1479992149119 1 1
1479992149119 1 1
1479992154385 3 1
1479992154385 3 1
1479992156191 1 -1
1479992156191 1 -1
1479992159522 1 1
1479992159522 1 1
1479992160608 3 -1
1479992160608 3 -1
1479992163790 10 -1
1479992163790 10 -1
1479992166343 4 -1
1479992166343 4 -1
1479992171102 4 1
1479992171102 4 1
1479992172900 1 -1
1479992172900 1 -1
1479992176040 2 2
1479992176040 2 2
1479992181632 1 1
1479992181632 1 1
1479992191440 4 -4
1479992191440 4 -4
1479992193281 2 -2
1479992193281 2 -2
1479992196358 8 1
1479992196358 8 1
1479992198322 1 -1
1479992198322 1 -1
1479992204706 1 1
1479992204706 1 1
1479992207040 U
1479992207040 U
1479992207064 U
1479992207064 U
1479992207191 U
1479992207191 U
1479992208647 U
1479992208647 U
1479992219371 2 -2
1479992219371 2 -2
1479992223223 1 -1
1479992223223 1 -1
1479992225599 8 1
1479992225599 8 1
1479992230565 8 -1
1479992230565 8 -1
1479992232464 1 1
1479992232464 1 1
1479992242151 2 2
1479992242151 2 2
1479992244372 4 2
1479992244372 4 2
1479992248325 4 2
1479992248325 4 2
1479992253240 2 -2
1479992253240 2 -2
1479992254809 1 -1
1479992254809 1 -1
1479992257896 2 2
1479992257896 2 2
1479992259305 1 1
1479992259305 1 1
1479992260071 1 -1
1479992260071 1 -1
1479992265474 10 2
1479992265474 10 2
1479992267374 0 -3
1479992267374 0 -3
1479992269904 1 -1
1479992269904 1 -1
1479992270457 1 1
1479992270457 1 1
1479992271689 2 -2
1479992271689 2 -2
1479992272230 2 1
1479992272230 2 1
1479992272522 2 1
1479992272522 2 1
1479992278065 1 -1
1479992278065 1 -1
1479992280344 R
1479992280344 R
1479992281271 R
1479992281271 R
1479992281799 R
1479992281799 R
1479992282087 R
1479992282087 R
1479992284248 R
1479992284248 R
1479992284602 R
1479992284602 R
1479992284736 R
1479992284736 R
1479992284769 R
1479992284769 R
1479992285000 R
1479992285000 R
1479992286516 7 -1
1479992286516 7 -1
1479992288959 1 2
1479992288959 1 2
1479992289777 2 1
1479992289777 2 1
1479992290582 10 1
1479992290582 10 1
1479992291651 4 -4
1479992291651 4 -4
1479992297839 8 1
1479992297839 8 1
1479992300362 8 -1
1479992300362 8 -1
