1482085955634 1 2
1482085958067 2 1
1482085959196 10 1
1482085965218 7 -1
1482085972098 4 -4
1482085981287 0 2
1482085992174 0 -2
1482085996663 4 2
1482086000718 R
1482086008144 3 -4
1482086012018 2 1
1482086017375 6 -1
1482086020332 6 1
1482086023052 7 -1
1482086025647 1 2
1482086038099 1 -2
1482086044666 2 -2
1482086046062 6 -2
1482086058622 6 2
1482086062113 1 2
1482086063154 2 2
1482086069096 0 3
1482086070348 10 -2
1482086077253 4 -4
1482086086791 7 2
1482086088567 9 1
1482086090935 9 -1
1482086092775 7 -2
1482086093761 0 -1
1482086096453 1 -1
1482086098664 R
1482086127890 7 -1
1482086131557 1 1
1482086139440 0 2
1482086141079 10 -2
1482086142809 2 1
1482086146868 1 1
1482086148931 4 -4
1482086150896 2 -1
1482086151773 1 -1
1482086152910 3 -4
1482086157005 2 1
1482086157759 1 1
1482086165166 4 4
1482086168711 4 -4
1482086172902 R
1482086185943 1 2
1482086189778 4 -1
1482086192077 2 1
1482086193169 10 1
1482086195451 7 -1
1482086200837 2 -2
1482086201892 10 -1
1482086203287 4 1
1482086204168 1 -2
1482086205572 3 -4
1482086206901 6 -2
1482086210499 6 2
1482086212215 R
1482086220450 3 -4
1482086221482 2 1
1482086224770 7 -1
1482086226072 0 1
1482086229104 1 2
1482086233110 5 2
1482086235597 0 -1
1482086236592 7 2
1482086238249 9 3
1482086240877 7 -2
1482086244552 5 -1
1482086247029 0 1
1482086254990 0 -1
1482086256827 7 2
1482086258062 5 1
1482086259846 5 -1
1482086260623 7 -2
1482086261766 4 -2
1482086268148 7 1
1482086269057 9 -3
1482086269895 5 -1
1482086275618 4 1
1482086276739 2 -1
1482086277722 4 1
1482086278667 1 -2
1482086282423 6 -1
1482086286728 R
1482086316500 3 -4
1482086321244 1 2
1482086322357 2 1
1482086327188 4 -1
1482086329718 5 1
1482086331316 9 3
1482086332105 7 -1
1482086334427 2 -2
1482086336679 4 1
1482086341270 1 -1
1482086347905 3 1
1482086348898 2 1
1482086350330 7 1
1482086351539 9 -3
1482086352318 5 -1
1482086352943 7 -1
1482086354446 0 3
1482086356228 10 -2
1482086358055 7 1
1482086359275 9 1
1482086361795 3 -1
1482086363170 2 1
1482086364642 1 1
1482086365815 4 -4
1482086368531 2 -1
1482086369496 1 -1
1482086371416 3 3
1482086373923 8 1
1482086378162 8 -1
1482086381202 3 -3
1482086382020 1 1
1482086387516 2 1
1482086388342 7 1
1482086390818 7 -1
1482086391521 8 1
1482086394838 4 3
1482086395765 7 1
1482086396610 10 2
1482086399478 9 -1
1482086400442 7 -2
1482086404175 0 -3
1482086405175 7 2
1482086406180 5 1
1482086408191 9 4
1482086409333 5 -1
1482086410454 7 -2
1482086412785 0 3
1482086413891 10 -3
1482086426348 4 -3
1482086431584 2 -2
1482086432297 2 2
1482086433667 0 -3
1482086434904 2 -2
1482086435921 1 -2
1482086437416 6 -4
1482086438155 2 2
1482086439772 1 2
1482086440767 8 2
1482086442047 0 5
