1479409888299 1 2
1479409890238 7 -1
1479409891542 2 1
1479409893347 10 1
1479409896361 4 -4
1479409898656 2 -2
1479409900856 2 2
1479409902408 5 2
1479409903970 7 2
1479409905356 9 3
1479409906482 7 -2
1479409908564 5 -1
1479409909840 2 -2
1479409912254 2 2
1479409913472 4 4
1479409916730 7 2
1479409917996 9 -3
1479409919615 7 -2
1479409920905 5 -1
1479409923028 4 -4
1479409924248 2 -2
1479409925276 1 -2
1479409926350 6 -2
1479409927426 3 -2
1479409928929 8 3
1479409931304 6 1
1479409932444 3 1
1479409933348 2 2
1479409936805 7 2
1479409940757 7 -2
1479409943033 4 1
1479409945321 8 -2
1479409946401 6 1
1479409947915 3 1
1479409948899 1 2
1479409950455 0 3
1479409955221 4 -1
1479409960509 7 2
1479409963095 7 -2
1479409971907 0 -3
1479409973731 2 -2
1479409974993 1 -2
1479409976219 6 -2
1479409977057 3 -2
1479409979344 8 2
1479409980522 6 1
1479409981488 3 1
1479409982483 2 2
1479409983640 7 2
1479409987298 7 -1
1479409989894 8 -2
1479409991798 6 1
1479409992819 R
1479409997107 3 -4
1479409999747 1 2
1479410001442 1 -2
1479410003390 7 -1
1479410004746 2 1
1479410009140 1 2
1479410010800 0 3
1479410011814 10 -2
1479410013032 2 -2
1479410019409 4 -1
1479410023237 R
1479410030653 1 2
1479410034363 1 -2
1479410035519 7 -1
1479410038381 1 1
1479410040335 3 -4
1479410042741 0 3
1479410044146 2 1
1479410047230 1 1
1479410053261 0 -2
1479410054663 0 -1
1479410056989 7 2
1479410057875 5 2
1479410059460 9 3
1479410060728 7 -2
1479410061616 5 -1
1479410065702 7 1
1479410067752 9 -3
1479410072530 5 1
1479410074500 5 -1
1479410083034 7 -1
1479410084044 5 -1
1479410087090 0 2
1479410088260 10 -2
1479410089749 4 -4
1479410092444 0 1
1479410096136 1 -1
1479410099646 4 1
1479410100680 1 1
1479410102899 4 1
1479410108227 4 2
1479410110041 2 -1
1479410111203 1 -1
1479410112144 3 3
1479410114667 3 1
1479410115697 1 1
1479410116368 2 1
1479410119390 4 -4
1479410132609 4 2
1479410134219 10 2
1479410135734 0 -3
1479410137110 7 1
1479410138377 5 1
1479410141100 8 1
1479410142638 9 4
1479410143351 5 -1
1479410144328 7 -1
1479410146300 0 3
1479410147296 10 -3
1479410148124 4 -2
1479410154816 2 -2
1479410156156 1 -1
1479410157732 3 -4
1479410158828 1 1
1479410162272 2 2
1479410163706 0 -3
1479410165348 2 -2
1479410166188 1 -2
1479410166887 6 -4
1479410168491 2 2
1479410169257 1 2
1479410170357 8 2
1479410171636 0 5
