1482812300658 2 1
1482812300658 2 1
1482812302565 7 1
1482812302565 7 1
1482812305233 9 1
1482812305233 9 1
1482812307883 1 2
1482812307883 1 2
1482812309227 5 2
1482812309227 5 2
1482812314319 9 -1
1482812314319 9 -1
1482812316393 7 -2
1482812316393 7 -2
1482812317515 5 -2
1482812317515 5 -2
1482812319328 10 1
1482812319328 10 1
1482812320539 4 -4
1482812320539 4 -4
1482812325405 2 -2
1482812325405 2 -2
1482812327179 1 -2
1482812327179 1 -2
1482812327992 3 -2
1482812327992 3 -2
1482812328829 6 -2
1482812328829 6 -2
1482812335500 6 2
1482812335500 6 2
1482812336140 3 2
1482812336140 3 2
1482812339647 6 -2
1482812339647 6 -2
1482812340424 3 -2
1482812340424 3 -2
1482812341552 8 3
1482812341552 8 3
1482812346109 6 1
1482812346109 6 1
1482812346631 3 1
1482812346631 3 1
1482812350048 2 2
1482812350048 2 2
1482812358248 7 2
1482812358248 7 2
1482812359896 7 -2
1482812359896 7 -2
1482812362859 8 -3
1482812362859 8 -3
1482812363890 6 1
1482812363890 6 1
1482812364662 3 1
1482812364662 3 1
1482812366234 2 -2
1482812366234 2 -2
1482812367038 1 2
1482812367038 1 2
1482812369756 2 2
1482812369756 2 2
1482812370904 4 4
1482812370904 4 4
1482812372858 4 -4
1482812372858 4 -4
1482812375470 4 4
1482812375470 4 4
1482812377366 10 -1
1482812377366 10 -1
1482812380602 10 1
1482812380602 10 1
1482812381272 4 -4
1482812381272 4 -4
1482812384876 1 -2
1482812384876 1 -2
1482812387108 2 -1
1482812387108 2 -1
1482812388686 1 1
1482812388686 1 1
1482812389796 3 -2
1482812389796 3 -2
1482812397154 8 1
1482812397154 8 1
1482812399974 8 -1
1482812399974 8 -1
1482812401623 R
1482812401623 R
1482812458674 7 -1
1482812458674 7 -1
1482812465518 1 2
1482812465518 1 2
1482812466915 2 1
1482812466915 2 1
1482812467612 10 1
1482812467612 10 1
1482812468636 4 -4
1482812468636 4 -4
1482812476346 0 2
1482812476346 0 2
1482812483379 0 1
1482812483379 0 1
1482812485150 2 -2
1482812485150 2 -2
1482812492488 2 2
1482812492488 2 2
1482812493424 0 -3
1482812493424 0 -3
1482812497222 1 -2
1482812497222 1 -2
1482812497926 2 -2
1482812497926 2 -2
1482812498676 6 -2
1482812498676 6 -2
1482812499300 3 -2
1482812499300 3 -2
1482812503048 8 3
1482812503048 8 3
1482812503886 6 1
1482812503886 6 1
1482812504572 3 1
1482812504572 3 1
1482812505487 2 2
1482812505487 2 2
1482812509486 7 2
1482812509486 7 2
1482812510768 7 -2
1482812510768 7 -2
1482812529112 2 -2
1482812529112 2 -2
1482812529642 6 -1
1482812529642 6 -1
1482812530316 3 -1
1482812530316 3 -1
1482812534391 8 -3
1482812534391 8 -3
1482812535291 6 2
1482812535291 6 2
1482812535946 3 2
1482812535946 3 2
1482812536696 1 2
1482812536696 1 2
1482812537307 2 2
1482812537307 2 2
1482812541922 0 3
1482812541922 0 3
1482812542961 2 -2
1482812542961 2 -2
1482812552923 1 -1
1482812552923 1 -1
1482812553775 3 -2
1482812553775 3 -2
1482812556024 2 1
1482812556024 2 1
1482812557720 0 -3
1482812557720 0 -3
1482812563579 1 -1
1482812563579 1 -1
1482812564453 2 -1
1482812564453 2 -1
1482812567321 3 1
1482812567321 3 1
1482812568250 6 -2
1482812568250 6 -2
1482812568945 3 -1
1482812568945 3 -1
1482812569952 8 3
1482812569952 8 3
1482812572920 6 1
1482812572920 6 1
1482812573670 3 1
1482812573670 3 1
1482812574735 2 2
1482812574735 2 2
1482812577578 0 1
1482812577578 0 1
1482812578306 2 -1
1482812578306 2 -1
1482812579023 3 -1
1482812579023 3 -1
1482812580721 8 -3
1482812580721 8 -3
1482812582163 6 1
1482812582163 6 1
1482812583221 1 1
1482812583221 1 1
1482812584428 0 2
1482812584428 0 2
1482812585320 2 -1
1482812585320 2 -1
