1479363110178 6 -2
1479363112745 7 -2
1479363114666 7 2
1479363117602 0 1
1479363118418 10 3
1479363119227 5 -1
1479363119883 3 -1
1479363120882 9 -2
1479363121891 0 1
1479363123274 10 -1
1479363123930 7 -1
1479363125059 7 1
1479363125882 10 2
1479363126699 0 -2
1479363127475 7 -2
1479363128634 4 -2
1479363129627 8 -3
1479363130346 1 2
1479363131530 4 2
1479363133458 6 4
1479363134435 2 2
1479363135018 9 2
1479363135762 5 3
1479363136394 3 3
1479363137379 7 -2
1479363138348 0 1
1479363139370 10 -4
1479363140194 0 -1
1479363140971 7 2
1479363141620 5 -2
1479363142587 3 -2
1479363143420 2 -2
1479363145523 8 -1
1479363146020 7 2
1479363147747 0 1
1479363148371 10 2
1479363148915 5 -1
1479363149395 3 -1
1479363150212 9 -2
1479363150899 0 4
