1482782524574 7 -2
1482782525854 7 2
1482782526694 0 1
1482782527550 10 2
1482782528438 5 -1
1482782529190 3 -1
1482782530134 9 -2
1482782531382 4 -2
1482782532702 7 -1
1482782533502 8 -1
1482782534486 6 2
1482782535638 7 1
1482782538390 6 -2
1482782539309 8 1
1482782539998 4 2
1482782540662 0 1
1482782541463 7 -1
1482782542422 7 1
1482782544078 6 -2
1482782545925 10 1
1482782546568 0 -2
1482782547355 7 -2
1482782548582 4 -2
1482782549358 8 -3
1482782550062 4 2
1482782550766 1 2
1482782551765 9 2
1482782553134 2 2
1482782553726 5 2
1482782554326 3 2
1482782554862 6 3
1482782555461 5 1
1482782555974 3 1
1482782556734 7 -2
1482782557726 0 1
1482782558480 10 -3
1482782559534 8 -1
1482782560718 0 -1
1482782561574 7 4
1482782562349 0 1
1482782563070 5 -2
1482782563662 3 -2
1482782564597 2 -2
1482782565813 10 2
1482782566455 5 -1
1482782567078 3 -1
1482782567765 9 -2
1482782568606 0 4
