1482670636910 8 -1
1482670642794 6 -1
1482670645493 9 2
1482670657920 6 -1
1482670663007 9 -2
1482670665286 9 1
1482670669024 6 2
1482670671934 3 1
1482670674426 9 -1
1482670675337 1 1
1482670676533 12 1
1482670676807 12 1
1482670681222 0 1
1482670684344 4 1
1482670685872 4 1
1482670687871 11 2
1482670689902 2 -1
1482670696206 4 -1
1482670698783 12 -1
1482670707484 11 -1
1482670712354 6 -1
1482670716932 2 1
1482670718053 11 -1
1482670719575 4 -1
1482670723208 3 -1
1482670724529 6 -1
1482670731117 5 1
1482670734698 R
1482670734880 R
1482670740097 6 -1
1482670742025 9 2
1482670749982 8 -1
1482670752313 3 1
1482670758792 4 1
1482670760303 11 2
1482670761629 2 -1
1482670767398 5 1
1482670770502 10 2
1482670779816 0 -1
1482670784350 R
1482670784535 R
1482670788173 1 1
1482670789751 12 2
1482670795129 13 1
1482670797493 7 1
1482670799075 11 -1
1482670803868 8 -1
1482670806302 3 1
1482670814352 4 1
1482670815758 4 1
1482670819126 4 1
1482670823353 3 -1
1482670827224 11 3
1482670829753 7 -1
1482670830850 2 -1
1482670832761 13 -1
1482670835727 0 1
1482670844145 11 -1
1482670845344 3 1
1482670847214 4 -2
1482670850758 5 1
1482670858703 4 1
1482670861756 2 1
1482670863031 11 -1
1482670864265 4 -1
1482670867823 4 -1
1482670874144 3 -1
1482670875625 12 -1
1482670878882 6 -2
1482670881570 5 -1
1482670889006 5 1
