1482648707437 8 -1
1482648711460 6 -2
1482648714735 9 2
1482648718128 5 1
1482648719838 9 -2
1482648721307 1 1
1482648722707 12 1
1482648734191 0 1
1482648745381 R
1482648758495 6 -1
1482648760332 9 2
1482648763073 10 2
1482648764999 5 1
1482648771948 8 -1
1482648773670 3 1
1482648780044 10 -2
1482648781310 5 -1
1482648783000 9 -2
1482648784378 6 1
1482648787169 3 -1
1482648792644 R
1482648797757 8 -1
1482648801664 6 -2
1482648802938 1 1
1482648820872 R
1482648829959 8 -1
1482648831758 3 1
1482648834343 1 1
1482648836064 12 2
1482648841428 4 3
1482648844829 11 2
1482648848416 0 1
1482648851545 2 -1
1482648853460 0 -2
1482648855200 13 1
1482648857154 4 -2
1482648858845 13 1
1482648860313 5 1
1482648862344 0 1
1482648865203 11 -1
1482648868944 13 -2
1482648871189 5 -1
1482648875719 0 1
1482648879986 11 1
1482648886271 12 -1
1482648888430 6 -1
1482648890559 11 -1
1482648896826 0 -1
1482648898101 12 -1
1482648905653 R
1482648919224 1 1
1482648921513 12 2
1482648924214 13 2
1482648926742 2 1
1482648928278 7 1
1482648930029 11 -1
1482648933297 8 -1
1482648934835 3 1
