1480253071528 8 -1
1480253073806 6 -2
1480253075383 9 2
1480253080678 U
1480253082393 1 1
1480253083834 6 2
1480253085150 12 2
1480253087130 0 1
1480253089927 8 1
1480253093430 0 -1
1480253095191 12 -2
1480253096400 8 -1
1480253097431 3 1
1480253099014 12 2
1480253104727 0 1
1480253106109 4 3
1480253109183 11 2
1480253110621 0 -2
1480253114655 0 2
1480253115775 11 -2
1480253118263 3 -1
1480253119438 8 1
1480253121199 0 -1
1480253124808 U
1480253126456 R
1480253128551 1 1
1480253132158 1 -1
1480253139055 8 -1
1480253140831 3 1
1480253142036 1 1
1480253145111 12 2
1480253146551 13 2
1480253147719 2 1
1480253151343 2 -1
1480253153302 13 -2
1480253155144 12 -2
1480253162599 4 1
1480253168344 12 2
1480253169279 13 2
1480253170383 7 1
1480253171646 11 -1
1480253172597 0 -1
1480253173387 4 -1
1480253174799 3 -2
1480253176321 13 -1
1480253178215 12 -1
1480253179256 6 -2
1480253182350 3 1
1480253183544 0 1
1480253184953 11 1
1480253185814 7 -1
1480253187307 13 -1
1480253189215 0 1
1480253198497 6 2
1480253200094 3 1
1480253200919 12 1
1480253201967 4 3
1480253203551 11 2
1480253205087 0 -2
1480253206262 4 -2
1480253207630 13 2
1480253211720 13 -2
1480253217959 12 -1
1480253219487 12 1
1480253221140 4 2
1480253225295 3 -1
1480253228569 0 2
1480253229493 11 -2
1480253236632 11 2
1480253237912 0 -2
1480253239336 3 -1
1480253241319 3 2
1480253242625 4 -2
1480253244175 12 -2
1480253245391 1 -1
1480253246735 9 1
1480253250984 R
1480253263335 8 -1
1480253268408 1 1
1480253271640 12 1
1480253273198 6 -2
1480253281198 0 1
1480253288145 R
1480253294366 1 1
1480253295462 12 2
1480253297730 0 1
1480253307720 8 -1
1480253311776 12 -1
1480253312919 6 -2
1480253314647 0 -1
1480253315688 12 -1
1480253317096 1 -1
1480253323807 9 2
1480253330127 9 -2
1480253331616 1 1
1480253333208 12 1
1480253334855 0 1
1480253343864 0 -1
1480253345375 13 1
1480253346593 7 1
1480253348023 11 -1
1480253349888 0 -1
1480253351306 3 -1
1480253356591 5 1
1480253358352 7 1
1480253360816 3 1
1480253363296 R
1480253367763 5 1
