1482895340248 9 1
1482895342403 9 -1
1482895343177 1 1
1482895344935 12 2
1482895345965 0 1
1482895348250 0 -1
1482895350241 12 -2
1482895351185 8 -1
1482895355854 3 1
1482895363548 12 2
1482895365341 0 1
1482895369889 4 3
1482895371390 11 2
1482895373615 2 -1
1482895374771 0 -2
1482895376521 3 -3
1482895377615 4 -2
1482895381195 12 -1
1482895382217 12 -1
1482895383403 1 -3
1482895384342 6 -2
1482895385513 9 2
1482895387787 12 1
1482895389779 13 1
1482895390678 7 1
1482895392178 10 2
1482895394471 6 1
1482895395730 8 1
1482895396764 10 -2
1482895398397 9 -2
1482895400755 6 1
1482895401889 12 1
1482895402951 4 2
1482895404369 11 1
1482895405859 3 1
1482895406726 2 1
1482895408679 11 -1
1482895411662 11 1
1482895412841 2 -1
1482895413501 7 -1
1482895414787 13 -1
1482895416400 3 -1
1482895417223 4 -3
1482895420957 13 2
1482895421969 3 1
1482895422755 2 2
1482895424624 5 2
1482895426598 2 1
1482895428272 9 1
1482895429156 10 1
1482895433239 7 3
1482895434755 3 -2
1482895437020 0 1
1482895438633 4 1
1482895439488 11 -4
1482895443803 4 -1
1482895445303 1 -1
1482895446388 8 -1
1482895448388 0 -1
1482895453060 3 4
1482895453641 2 -2
1482895454935 13 -1
1482895458004 5 -1
1482895458869 3 -2
1482895462354 12 -1
1482895464510 6 -2
1482895464524 5 2
1482895465732 7 -2
1482895468477 9 1
1482895469817 10 -1
1482895471773 7 1
1482895474683 3 1
1482895476146 0 1
1482895477348 11 1
1482895478829 7 -2
1482895479512 13 -1
1482895480748 0 4
