1481868062850 9 1
1481868065427 6 -1
1481868066604 9 1
1481868071675 8 -1
1481868073212 3 1
1481868076045 5 1
1481868091011 10 2
1481868098437 5 -1
1481868100988 3 -1
1481868101833 6 -1
1481868104014 10 -2
1481868106156 9 -2
1481868107245 1 1
1481868108767 12 1
1481868140442 5 1
1481868143428 12 -1
1481868144148 1 -1
1481868145208 9 2
1481868146978 5 -1
1481868152115 5 1
1481868154318 10 2
1481868166583 10 -2
1481868170320 R
1481868174568 8 -1
1481868179038 6 -2
1481868182556 9 2
1481868191605 5 1
1481868192672 10 2
1481868197498 5 -1
1481868198848 R
1481868202084 8 -1
1481868205745 1 1
1481868207241 12 2
1481868208939 3 1
1481868222539 0 1
1481868227409 4 3
1481868229003 3 -1
1481868230301 11 2
1481868231259 2 -1
1481868235861 3 1
1481868238407 4 -2
1481868243067 2 1
1481868244591 0 -2
1481868245809 13 2
1481868247926 2 1
1481868249820 2 -2
1481868252702 5 1
1481868254754 7 2
1481868257618 13 -1
1481868261779 4 1
1481868263557 0 1
1481868265636 7 -2
1481868267738 2 1
1481868270240 11 -2
1481868272656 4 -2
1481868274812 13 -1
1481868277819 3 -1
1481868279552 12 -1
1481868281635 6 -2
1481868283544 12 -1
1481868284847 1 -1
1481868287523 9 2
1481868291055 5 -1
1481868296354 5 1
1481868299785 R
1481868314039 8 -1
1481868315771 6 -2
1481868320387 1 1
1481868325609 6 2
1481868328372 3 1
1481868329759 1 -1
1481868331525 9 1
1481868332935 5 1
1481868335687 5 -1
1481868337429 6 -1
1481868338483 9 1
1481868340565 5 1
1481868345639 5 -1
1481868348451 4 1
1481868349462 11 2
