1479846598045 8 -1
1479846599392 6 -2
1479846601654 9 2
1479846611180 9 -2
1479846613802 R
1479846618210 8 -1
1479846619432 8 2
1479846621619 5 1
1479846626963 8 -2
1479846627445 1 1
1479846628023 12 2
1479846631508 0 1
1479846635256 0 -1
1479846640333 3 1
1479846642345 4 2
1479846644762 11 2
1479846646608 0 1
1479846649145 0 -2
1479846650565 5 -1
1479846652805 4 1
1479846656117 0 2
1479846657623 2 -1
1479846665506 11 -1
1479846667179 3 -1
1479846669082 3 1
1479846671289 R
1479846675147 6 -1
1479846676163 8 -1
1479846679198 9 2
1479846681418 9 -2
1479846683618 R
1479846686318 8 -1
1479846687010 3 1
1479846691619 1 1
1479846694115 12 2
1479846709472 R
1479846718458 8 -1
1479846723372 3 1
1479846724509 4 1
1479846725198 11 2
1479846726109 2 -1
1479846728033 5 1
1479846728771 9 1
1479846730184 10 1
1479846847646 6 -1
1479846848341 9 1
1479846849258 10 -1
1479846850411 5 -1
1479846857303 R
1479846859128 8 -1
1479846861195 6 -2
1479846862444 9 2
1479846863878 9 -2
1479846864843 1 1
1479846867774 6 2
1479846868366 3 1
1479846869077 12 2
1479846871159 12 -2
1479846872444 3 -1
1479846874164 3 1
1479846875526 4 1
1479846876255 11 2
1479846877139 0 -1
1479846878110 2 -1
1479846880939 12 2
1479846881628 4 2
1479846882962 0 2
1479846885778 0 -2
1479846886726 2 1
1479846888676 0 2
1479846892125 11 -2
1479846895630 3 -1
1479846899226 3 1
1479846900012 4 -3
1479846901792 3 -1
1479846903039 12 -1
1479846903949 6 -2
1479846906661 6 2
1479846907428 12 1
1479846907978 3 1
1479846909416 5 1
1479846911128 0 -1
1479846912331 13 2
1479846913296 13 -2
1479846916910 12 -2
1479846917388 3 -1
1479846918368 3 1
1479846922125 1 -1
1479846925013 6 -1
1479846926173 9 2
1479846944202 10 2
1479846945161 5 -1
1479846947207 5 1
1479846948512 3 -1
1479846950223 6 -1
1479846951966 6 1
1479846952746 3 1
1479846954307 4 1
1479846955018 11 2
1479846956237 2 -1
1479846959295 0 -1
1479846962303 0 1
1479847003374 0 -1
1479847005976 R
1479847011857 8 -1
1479847014159 6 -2
1479847016892 6 2
1479847017924 3 1
1479847019169 4 1
1479847020132 11 2
1479847022095 0 -1
1479847022886 2 -1
1479847026725 6 -1
1479847027359 9 2
1479847028778 10 2
1479847031305 10 -2
1479847032159 9 -2
1479847032993 1 1
1479847034154 6 1
1479847034769 12 2
