1481516121738 8 -1
1481516122985 3 1
1481516124319 4 1
1481516129365 11 2
1481516134811 0 -1
1481516143820 1 1
1481516144769 12 2
1481516147201 4 2
1481516166002 4 -2
1481516175979 0 2
1481516180242 11 -2
1481516193596 R
1481516227801 8 -1
1481516229782 3 1
1481516234979 4 1
1481516236745 11 2
1481516248070 1 1
1481516249852 12 2
1481516252900 0 1
1481516261860 11 -2
1481516264308 4 -1
1481516269754 0 -1
1481516271004 12 -2
1481516276883 12 2
1481516277966 0 1
1481516285540 R
1481516352507 1 1
1481516355189 12 2
1481516357287 13 2
1481516360502 2 1
1481516363134 7 1
1481516369397 2 -1
1481516372077 13 -1
1481516375341 8 -1
1481516376807 3 1
1481516386999 4 2
1481516388148 11 2
1481516390130 0 -1
1481516391747 4 1
1481516397127 2 -1
1481516398658 3 -3
1481516400575 4 -2
1481516401725 5 1
1481516403241 7 1
1481516423794 12 -1
1481516433886 12 1
1481516437252 12 -1
1481516438201 6 -2
1481516440849 6 2
1481516441782 12 1
1481516443448 4 1
1481516448178 4 -1
1481516450860 8 1
1481516452509 11 1
1481516453992 4 -1
1481516458240 3 2
1481516465102 13 1
1481516469114 R
1481516497415 8 -1
1481516498416 3 1
1481516499497 4 1
1481516500580 11 2
1481516502163 0 -1
1481516503963 1 1
1481516505028 12 2
1481516506211 4 2
1481516508843 2 -1
1481516510293 3 -3
1481516514358 4 -2
1481516517190 12 -2
1481516518706 1 -3
1481516527584 6 -2
1481516529983 5 3
1481516532915 9 2
1481516534613 12 1
1481516538311 13 1
1481516539477 10 2
1481516541160 7 3
1481516543741 3 -1
1481516547355 0 1
1481516549921 11 -1
1481516561726 11 1
1481516563046 0 -1
1481516564795 3 1
1481516566610 7 -3
1481516568308 13 -1
1481516570347 10 -2
1481516581785 5 -3
1481516584600 9 -2
1481516586715 6 2
1481516588149 12 1
1481516590964 13 1
1481516604755 13 -1
1481516608435 12 -2
1481516612198 1 3
1481516613799 12 2
1481516614798 4 2
1481516616481 3 3
1481516622578 0 2
1481516629173 0 -1
1481516631737 4 -2
1481516637335 12 -2
1481516639517 1 -1
1481516640667 6 -1
1481516641699 9 2
1481516646809 U
1481516647125 U
1481516647292 U
1481516647475 U
1481516647641 U
1481516648291 U
1481516648749 U
1481516651255 U
1481516652071 U
1481516652954 U
1481516653587 U
1481516654302 U
1481516655069 U
1481516655968 U
1481516668910 12 -2
1481516670944 6 -2
1481516672992 9 2
1481516674590 5 3
1481516676023 12 1
1481516683400 10 2
1481516684383 13 1
1481516685183 7 3
1481516686416 3 -1
1481516687599 0 1
1481516692329 11 -1
1481516693379 1 -1
1481516696524 R
1481516714880 1 1
1481516715796 12 2
1481516717345 0 1
1481516723038 R
1481516759448 8 -1
1481516760281 3 1
1481516762164 4 1
1481516765879 11 2
1481516769110 0 -1
1481516770660 0 1
1481516771575 11 -2
1481516772542 4 -1
