1481868432119 9 1
1481868434191 8 -1
1481868435719 3 1
1481868437180 6 -1
1481868438357 9 1
1481868441570 10 2
1481868442967 10 -2
1481868446982 3 -1
1481868447965 6 -1
1481868449399 9 -2
1481868450431 1 1
1481868451852 12 1
1481868453230 0 1
1481868456554 6 2
1481868457667 8 2
1481868459548 8 -2
1481868460652 3 1
1481868461540 12 1
1481868471569 4 2
1481868472532 11 2
1481868473487 2 -1
1481868476634 4 -1
1481868480832 4 2
1481868482606 3 -1
1481868483835 8 1
1481868484875 11 1
1481868491174 2 1
1481868492359 11 -3
1481868493294 8 -1
1481868494567 3 1
1481868495462 4 -3
1481868500735 12 -1
1481868503988 3 -1
1481868505282 6 -2
1481868529139 6 2
1481868530224 12 1
1481868532399 3 1
1481868537294 3 -1
1481868538685 12 -1
1481868539635 6 -2
1481868550604 5 1
1481868557773 6 2
1481868558933 8 2
1481868561840 8 -2
1481868562764 3 1
1481868563581 12 1
1481868567953 5 -1
1481868575340 3 -1
1481868577007 12 -1
1481868579860 0 -1
1481868580787 12 -1
1481868582274 1 -1
1481868584056 6 -2
1481868586582 1 1
1481868587663 6 1
1481868588788 3 1
1481868590424 4 1
1481868592484 4 -1
1481868594804 12 1
1481868597037 3 -1
1481868598283 6 -1
1481868601280 5 1
1481868602416 5 -1
1481868604084 12 -1
1481868605533 1 -1
1481868606509 9 2
1481868613401 6 1
1481868614753 8 1
1481868615943 8 -1
1481868616871 3 1
1481868621355 4 1
1481868622445 4 -1
1481868623636 3 -1
1481868624824 6 -1
1481868628014 9 -2
1481868629319 1 1
1481868631588 6 2
1481868632957 12 2
1481868637142 12 -2
1481868638693 6 -2
1481868640554 1 -1
1481868641467 9 2
1481868649464 9 -1
1481868650972 9 -1
1481868652706 1 1
1481868653964 12 1
1481868655744 6 2
1481868656926 12 1
1481868658444 0 1
1481868663421 12 -1
1481868664922 6 -2
1481868674323 6 2
1481868676044 12 1
1481868677589 12 -1
1481868678418 3 1
1481868679798 6 -1
1481868684429 4 1
1481868687233 11 2
1481868689627 2 -1
1481868695920 11 -1
1481868698132 11 1
1481868701353 2 1
1481868702647 11 -2
1481868703724 4 -1
1481868707613 3 -1
1481868709439 6 -1
1481868714648 6 2
1481868716279 12 1
1481868717770 3 1
1481868722491 5 1
