1480251148295 6 -1
1480251148295 6 -1
1480251149218 9 2
1480251149218 9 2
1480251152002 8 -1
1480251152002 8 -1
1480251152874 3 1
1480251152874 3 1
1480251154533 4 1
1480251154533 4 1
1480251155664 11 2
1480251155664 11 2
1480251156671 5 1
1480251156671 5 1
1480251158200 5 -1
1480251158200 5 -1
1480251159592 10 2
1480251159592 10 2
1480251160792 11 -2
1480251160792 11 -2
1480251161552 4 -1
1480251161552 4 -1
1480251162257 3 -1
1480251162257 3 -1
1480251163032 6 -1
1480251163032 6 -1
1480251165945 5 1
1480251165945 5 1
1480251166911 10 -2
1480251166911 10 -2
1480251168253 10 2
1480251168253 10 2
1480251170411 6 1
1480251170411 6 1
1480251171216 3 1
1480251171216 3 1
1480251172077 4 1
1480251172077 4 1
1480251172867 11 2
1480251172867 11 2
1480251173463 2 -1
1480251173463 2 -1
1480251176376 10 -2
1480251176376 10 -2
1480251177203 9 -2
1480251177203 9 -2
1480251177710 1 1
1480251177710 1 1
1480251178609 12 1
1480251178609 12 1
1480251179343 13 1
1480251179343 13 1
1480251200841 2 1
1480251200841 2 1
1480251202024 13 -1
1480251202024 13 -1
1480251202755 12 -1
1480251202755 12 -1
1480251204404 1 -1
1480251204404 1 -1
1480251205065 9 2
1480251205065 9 2
1480251206517 10 2
1480251206517 10 2
1480251207403 2 -1
1480251207403 2 -1
1480251208852 0 -1
1480251208852 0 -1
1480251212288 5 -1
1480251212288 5 -1
1480251213595 10 -2
1480251213595 10 -2
1480251214661 9 -2
1480251214661 9 -2
1480251215542 6 1
1480251215542 6 1
1480251216473 1 1
1480251216473 1 1
1480251217415 12 2
1480251217415 12 2
1480251220115 13 2
1480251220115 13 2
1480251222169 5 1
1480251222169 5 1
1480251223156 7 2
1480251223156 7 2
1480251223987 2 2
1480251223987 2 2
1480251226618 7 -2
1480251226618 7 -2
1480251227377 5 -1
1480251227377 5 -1
1480251228553 5 1
1480251228553 5 1
1480251232882 2 -2
1480251232882 2 -2
1480251233798 7 2
1480251233798 7 2
1480251234770 13 -1
1480251234770 13 -1
1480251235650 12 -1
1480251235650 12 -1
1480251236491 6 -1
1480251236491 6 -1
1480251238716 6 1
1480251238716 6 1
1480251239453 12 1
1480251239453 12 1
1480251240509 4 1
1480251240509 4 1
1480251242013 0 1
1480251242013 0 1
1480251243110 11 -1
1480251243110 11 -1
1480251244940 4 -1
1480251244940 4 -1
1480251245842 12 -1
1480251245842 12 -1
1480251247537 6 -1
1480251247537 6 -1
1480251249100 7 -2
1480251249100 7 -2
1480251250182 5 -1
1480251250182 5 -1
1480251250809 13 -1
1480251250809 13 -1
1480251252489 12 -1
1480251252489 12 -1
1480251253697 1 -1
1480251253697 1 -1
1480251254329 9 2
1480251254329 9 2
1480251254999 10 2
1480251254999 10 2
1480251257355 11 1
1480251257355 11 1
1480251258241 2 1
1480251258241 2 1
1480251259782 0 -1
1480251259782 0 -1
1480251260446 0 1
1480251260446 0 1
1480251263370 10 -2
1480251263370 10 -2
1480251265929 9 -2
1480251265929 9 -2
1480251266608 6 1
1480251266608 6 1
1480251267124 1 1
1480251267124 1 1
1480251267978 12 2
1480251267978 12 2
1480251269090 5 1
1480251269090 5 1
1480251269785 13 2
1480251269785 13 2
1480251270861 2 -1
1480251270861 2 -1
1480251273835 13 -2
1480251273835 13 -2
1480251274603 0 1
1480251274603 0 1
1480251276653 11 -1
1480251276653 11 -1
1480251278651 12 -1
1480251278651 12 -1
1480251351325 12 1
1480251351325 12 1
1480251352079 4 1
1480251352079 4 1
1480251353173 11 1
1480251353173 11 1
1480251353883 2 1
1480251353883 2 1
1480251355281 11 -2
1480251355281 11 -2
1480251356380 4 -2
1480251356380 4 -2
1480251357265 12 -1
1480251357265 12 -1
1480251357844 3 -1
1480251357844 3 -1
1480251358522 6 -2
1480251358522 6 -2
1480251364449 5 -1
1480251364449 5 -1
1480251367078 6 2
1480251367078 6 2
1480251367709 12 1
1480251367709 12 1
1480251368142 3 1
1480251368142 3 1
1480251369255 4 3
1480251369255 4 3
1480251370178 11 2
1480251370178 11 2
1480251370999 2 -1
1480251370999 2 -1
1480251373029 3 -1
1480251373029 3 -1
1480251373679 8 1
1480251373679 8 1
1480251374245 11 1
1480251374245 11 1
1480251382651 2 1
1480251382651 2 1
1480251383610 11 -3
1480251383610 11 -3
1480251384286 8 -1
1480251384286 8 -1
1480251385978 3 1
1480251385978 3 1
1480251386425 4 -3
1480251386425 4 -3
1480251388524 12 -1
1480251388524 12 -1
1480251389130 3 -1
1480251389130 3 -1
1480251389801 6 -2
1480251389801 6 -2
1480251391356 5 1
1480251391356 5 1
1480251394402 6 2
1480251394402 6 2
1480251394984 3 1
1480251394984 3 1
1480251395322 12 1
1480251395322 12 1
1480251395901 4 2
1480251395901 4 2
1480251396433 11 2
1480251396433 11 2
1480251396942 2 -1
1480251396942 2 -1
1480251398527 0 -2
1480251398527 0 -2
1480251400153 13 1
1480251400153 13 1
1480251400697 7 2
1480251400697 7 2
1480251403248 4 -1
1480251403248 4 -1
1480251404077 13 1
1480251404077 13 1
1480251405164 2 2
1480251405164 2 2
1480251407318 2 -2
1480251407318 2 -2
1480251408969 13 -1
1480251408969 13 -1
1480251409682 4 1
1480251409682 4 1
1480251412414 2 1
1480251412414 2 1
1480251412886 7 -2
1480251412886 7 -2
1480251413629 5 -1
1480251413629 5 -1
1480251415465 13 -1
1480251415465 13 -1
1480251417500 4 1
1480251417500 4 1
1480251418713 13 1
1480251418713 13 1
1480251419393 13 -1
1480251419393 13 -1
1480251420236 4 -2
1480251420236 4 -2
1480251421363 12 -2
1480251421363 12 -2
1480251422188 1 -1
1480251422188 1 -1
1480251423017 9 1
1480251423017 9 1
1480251423731 10 1
1480251423731 10 1
1480251424766 6 -1
1480251424766 6 -1
1480251425299 9 1
1480251425299 9 1
1480251426198 10 1
1480251426198 10 1
1480251427473 5 1
1480251427473 5 1
1480251434048 R
1480251434048 R
1480251436916 8 -1
1480251436916 8 -1
1480251437643 3 1
1480251437643 3 1
1480251438197 4 1
1480251438197 4 1
1480251438762 11 2
1480251438762 11 2
1480251497936 11 -2
1480251497936 11 -2
1480251498661 4 -1
1480251498661 4 -1
1480251499281 3 -1
1480251499281 3 -1
1480251500109 6 -2
1480251500109 6 -2
1480251500675 9 2
1480251500675 9 2
1480251501481 5 1
1480251501481 5 1
1480251518536 5 -1
1480251518536 5 -1
1480251519298 10 2
1480251519298 10 2
