1479692502627 8 -1
1479692507915 6 -2
1479692508958 9 2
1479692517999 6 1
1479692519051 3 1
1479692535824 4 1
1479692537006 11 2
1479692540986 2 -1
1479692551574 0 -1
1479692563491 9 -2
1479692564816 6 1
1479692566221 1 1
1479692567911 12 2
1479692577284 13 2
1479692579267 7 1
1479692580372 2 2
1479692582686 0 1
1479692584387 11 -3
1479692587360 4 -1
1479692590204 2 -1
1479692592389 13 -1
1479692597006 R
1479692620837 8 -1
1479692623568 6 -2
1479692629990 9 2
1479692642523 9 -2
1479692643707 1 1
1479692645730 12 1
1479692649332 0 1
1479692665208 6 2
1479692666160 3 1
1479692668144 12 1
1479692672716 4 3
1479692675993 0 -1
1479692676953 0 1
1479692679058 11 2
1479692681860 0 -2
1479692683523 4 -2
1479692688425 0 2
1479692690550 12 -1
1479692691762 6 -1
1479692694235 11 -2
1479692699875 4 -1
1479692703195 3 -1
1479692705076 6 -1
1479692707311 6 2
1479692708232 12 1
1479692712230 5 1
1479692713489 12 -1
1479692718316 6 -2
1479692733822 R
1479692772009 8 -1
1479692773662 3 1
1479692776524 1 1
1479692778082 12 2
1479692803438 R
