1482677505995 8 -1
1482677509147 1 1
1482677513059 12 2
1482677520943 12 -2
1482677521515 1 -1
1482677522219 6 -1
1482677523123 9 2
1482677527103 8 1
1482677527608 8 -1
1482677528771 3 1
1482677531703 3 -1
1482677532835 9 -2
1482677533559 1 1
1482677534031 6 1
1482677534831 12 2
1482677535619 3 1
1482677536503 4 3
1482677538143 11 2
1482677538880 0 -1
1482677543515 4 -2
1482677544399 12 -2
1482677545223 1 -1
1482677545749 6 -1
1482677546551 9 2
1482677549259 9 -2
1482677549763 1 1
1482677550232 6 1
1482677551091 12 2
1482677557643 0 2
1482677562507 11 -2
1482677563959 4 -1
1482677564911 3 -1
1482677567719 3 1
1482677568663 4 3
1482677572311 4 -3
1482677575182 0 -1
1482677576119 12 -2
1482677576899 1 -1
1482677578487 4 1
1482677580083 11 2
1482677580684 0 -1
1482677582723 1 1
1482677583511 12 2
1482677584279 4 2
1482677585459 3 -2
1482677587557 2 -1
1482677588287 3 -1
1482677588875 4 -2
1482677589587 12 -2
1482677590041 1 -3
1482677590803 6 -2
1482677591907 9 2
1482677593075 5 3
1482677598099 12 1
1482677600323 13 1
1482677600967 7 2
1482677602075 7 -2
1482677602875 10 2
1482677603674 7 3
1482677604494 3 -1
1482677606011 0 1
1482677608787 11 -1
1482677610211 1 -1
1482677612092 1 1
1482677612907 11 1
1482677616691 0 -1
1482677618331 3 1
1482677618940 7 -3
1482677620172 13 -1
1482677625403 12 -1
1482677626219 1 1
1482677627655 1 -1
1482677628343 12 1
1482677633611 10 -2
1482677647122 13 1
1482677647791 7 2
1482677648987 7 -2
1482677651619 10 2
1482677652404 7 3
1482677653423 3 -1
1482677654283 0 1
1482677661379 0 -1
1482677662735 3 1
1482677663346 7 -3
1482677665195 13 -1
1482677667239 10 -2
1482677667999 9 -2
1482677668783 5 -3
1482677670939 5 2
1482677672012 6 2
1482677672999 12 1
1482677678575 5 -2
1482677679407 4 2
1482677680175 3 1
1482677680911 3 -1
1482677682841 4 -2
1482677684339 12 -2
1482677685063 1 3
1482677686311 12 2
1482677687015 4 2
1482677688883 3 2
1482677690775 0 2
1482677695364 0 -2
1482677696283 3 -2
1482677696767 4 -2
1482677698416 12 -2
1482677699083 6 -2
1482677699955 1 -3
1482677700887 9 2
1482677701811 5 3
1482677703863 12 1
1482677809036 R
1482677816051 8 -1
1482677817343 3 1
1482677822255 4 1
1482677823063 11 2
1482677824196 0 -1
1482677826299 1 1
1482677827563 12 2
1482677828736 4 2
1482677834736 4 -2
1482677836807 4 1
