1482657011039 8 1
1482657014554 8 -2
1482657015821 3 1
1482657019062 4 1
1482657020032 11 2
1482657022010 2 -1
1482657023611 0 -1
1482657026876 0 1
1482657028191 11 -1
1482657037067 11 1
1482657038882 0 -1
1482657040365 2 1
1482657041511 0 1
1482657042634 11 -2
1482657043920 4 -1
1482657045828 3 -1
1482657047519 8 2
1482657051434 1 1
1482657056704 8 -2
1482657059533 12 2
1482657061846 0 1
1482657063825 3 1
1482657070398 5 1
1482657072698 4 2
1482657074641 11 2
1482657076501 2 -1
1482657079643 4 -1
1482657081326 12 -1
1482657082741 6 -1
1482657085806 5 -1
1482657088115 6 1
1482657089365 12 1
1482657092531 0 -2
1482657098564 13 2
1482657099931 7 1
1482657102961 7 -1
1482657107503 13 -2
1482657109584 2 1
1482657111540 4 2
1482657117189 0 1
1482657118860 11 -2
1482657119934 R
1482657144903 9 1
1482657146418 10 1
1482657148074 5 1
1482657150238 8 -1
1482657151481 3 1
1482657153025 4 1
1482657154355 11 2
1482657155975 0 -1
1482657157679 2 -1
1482657161046 6 -1
1482657162621 9 1
1482657164521 10 1
1482657166385 5 -1
1482657172738 R
1482657176912 6 -1
1482657177945 8 -1
1482657179372 6 -1
1482657181020 9 2
1482657186372 10 2
1482657192481 10 -2
1482657194506 9 -2
1482657195569 1 1
1482657197368 12 1
1482657201100 13 1
1482657202583 7 1
1482657203630 11 -1
1482657208135 5 1
1482657209446 7 1
1482657213093 6 2
1482657214486 12 1
1482657218208 3 1
1482657220457 13 1
1482657221764 2 1
1482657227650 11 1
1482657229702 7 -2
1482657231120 5 -1
1482657233290 R
1482657239812 8 -1
1482657242686 6 -2
1482657244025 9 2
1482657249873 9 -2
1482657251520 1 1
1482657252987 12 1
1482657254214 0 1
1482657258014 6 2
1482657259254 12 1
1482657261116 3 1
1482657268424 4 3
1482657271848 3 -1
1482657274113 11 2
1482657276230 2 -1
1482657280107 3 1
1482657281477 4 -2
1482657283703 12 -1
1482657284913 6 -1
1482657287940 11 -1
1482657291576 R
1482657292706 R
1482657300423 1 1
1482657304700 12 1
1482657307270 0 1
1482657310052 6 -1
1482657311889 8 -1
1482657313572 6 -1
1482657315008 6 1
1482657316066 3 1
1482657317465 4 1
1482657318620 11 2
1482657320059 2 -1
1482657324161 0 -2
1482657326638 12 -1
1482657327865 1 -1
1482657328942 9 2
1482657331436 10 2
1482657332575 10 -2
1482657334904 2 1
1482657335866 0 1
1482657336956 11 -2
1482657338812 4 -1
1482657340231 3 -1
1482657341642 6 -1
