1482673650698 8 -1
1482673654254 6 -2
1482673656601 9 2
1482673658684 10 2
1482673661050 5 1
1482673663885 6 1
1482673665165 3 1
1482673666892 4 1
1482673668995 11 2
1482673670570 2 -1
1482673674876 R
1482673677548 6 -1
1482673680271 8 -1
1482673681612 3 1
1482673683603 4 1
1482673685492 11 2
1482673686905 2 -1
1482673688408 0 -1
1482673689506 1 1
1482673690308 6 1
1482673691638 12 2
1482673693051 4 2
1482673695071 3 -3
1482673696026 4 -2
1482673697104 12 -2
1482673698566 1 -3
1482673699754 6 -2
1482673701370 5 3
1482673702425 9 2
1482673703747 12 1
1482673705179 10 2
1482673706296 13 1
1482673707109 7 3
1482673708379 3 -1
1482673709739 0 1
1482673711161 11 -1
1482673712410 1 -1
1482673715062 5 -1
1482673717449 6 1
1482673718576 10 -1
1482673719937 9 -1
1482673722721 6 1
1482673724193 12 1
1482673726296 4 1
1482673727353 1 1
1482673728155 8 1
1482673729922 11 2
1482673735325 4 -2
1482673736219 0 -1
1482673737306 13 1
1482673738311 3 2
1482673739773 7 -3
1482673741358 13 -2
1482673744648 12 -2
1482673747573 5 -1
1482673748761 10 -1
1482673749797 9 -1
1482673750672 1 3
1482673752235 3 1
1482673753525 0 1
1482673755322 12 2
1482673756551 0 1
1482673758998 5 -1
1482673765204 0 -2
1482673766169 3 -2
1482673767508 4 3
1482673768484 3 2
1482673769510 0 2
1482673771226 11 -2
1482673772110 8 -1
1482673772943 3 1
1482673774760 4 -2
1482673775857 5 1
1482673779442 4 1
1482673780874 11 1
1482673783565 2 1
1482673787424 5 -1
1482673788866 4 1
1482673789912 3 -1
1482673790805 8 1
1482673792278 11 1
1482673800970 11 -3
1482673802626 8 -1
1482673803641 3 1
1482673805134 4 -3
1482673807287 12 -1
1482673808190 3 -1
1482673809338 6 -2
1482673816902 R
1482673819228 8 -1
1482673820427 3 1
1482673822913 6 -1
1482673824589 9 2
1482673827727 3 -1
1482673828732 6 -1
1482673831462 R
1482673848420 1 1
1482673849932 12 2
1482673858564 0 1
1482673861621 8 -1
1482673862921 3 1
1482673868221 4 3
1482673869704 11 2
1482673870770 2 -1
1482673872670 3 -1
1482673874244 8 1
1482673875330 11 1
1482673877869 0 -2
1482673879190 3 -2
1482673880001 4 -3
1482673882367 3 2
1482673884235 13 2
1482673885647 5 1
1482673887738 7 2
1482673892065 13 -1
1482673894695 0 1
1482673896096 7 -2
1482673897671 13 -1
1482673914609 12 -2
1482673916217 12 1
1482673917365 12 -1
1482673919944 0 -1
1482673920858 3 -2
1482673922097 1 -3
1482673923113 12 2
1482673926566 13 1
1482673928302 9 1
1482673929073 10 1
1482673929877 7 3
1482673931216 3 -1
1482673932150 0 1
1482673938171 5 1
1482673943522 13 1
1482673948499 0 -1
1482673950164 3 2
1482673951870 7 -1
1482673957049 7 -2
1482673958553 5 -2
1482673959965 13 -2
1482673961366 10 -1
1482673963865 12 -2
1482673964930 6 -1
1482673966200 9 1
1482673967327 5 2
1482673969043 10 2
1482673970007 12 1
1482673970911 13 1
1482673971713 7 3
1482673973978 2 1
1482673974597 2 -1
1482673975612 3 -2
1482673976537 0 1
1482673977369 4 1
1482673978507 11 -2
1482673979370 1 -1
1482673980172 8 -1
1482673981329 6 -1
1482673982213 5 1
1482673987574 5 -2
1482673989757 10 -1
1482673990416 9 -1
1482673991615 6 2
1482673992670 12 1
1482673994366 5 1
1482673996681 4 1
1482673999777 1 1
1482674000538 8 1
1482674001341 11 2
1482674004193 0 -1
1482674005472 5 -1
1482674007756 3 1
1482674008934 7 -3
1482674009838 13 -1
1482674010600 5 -1
1482674011432 10 -1
1482674015331 4 -2
1482674018112 12 -2
1482674021747 4 1
1482674022732 11 -1
1482674023768 8 -1
1482674026346 6 -2
1482674027260 9 1
1482674029128 5 3
1482674030499 12 1
1482674032378 13 1
1482674033474 10 2
1482674035140 7 3
1482674036561 3 -1
1482674037403 0 1
1482674041058 10 -1
1482674045909 11 -1
1482674047039 11 1
1482674047801 11 -1
1482674048491 1 -1
1482674050085 5 -2
1482674051051 6 1
1482674053132 8 1
1482674054969 1 1
1482674055903 11 2
1482674057477 4 -1
1482674063031 5 1
1482674063934 10 1
1482674065772 0 -1
1482674066645 3 2
1482674067700 7 -3
1482674069569 13 -1
