1482675177661 9 1
1482675178276 9 -1
1482675296656 8 -1
1482675300597 1 1
1482675306459 12 1
1482675307897 6 -2
1482675310792 0 1
1482675321625 6 2
1482675322840 12 1
1482675323693 3 1
1482675326697 4 2
1482675327635 11 2
1482675329278 2 -1
1482675332293 R
1482675335131 8 -1
1482675335815 3 1
1482675336533 1 1
1482675337365 12 2
1482675338769 4 2
1482675340277 11 2
1482675341205 2 -1
1482675353682 4 -1
1482675364330 0 -1
1482675365593 4 2
1482675366800 3 -3
1482675367796 4 -2
1482675369030 12 -2
1482675369958 1 -3
1482675370864 6 -2
1482675372969 6 2
1482675373817 12 2
1482675376754 4 2
1482675379217 4 -2
1482675380062 12 -2
1482675380939 1 3
1482675383320 12 2
1482675384191 4 2
1482675385629 3 2
1482675387659 3 -2
1482675388432 4 -2
1482675389538 13 2
1482675390564 13 -1
1482675391999 7 1
1482675399645 12 -1
1482675401264 6 -2
1482675403150 6 2
1482675403925 12 1
1482675410938 4 1
1482675414176 R
1482675421089 8 -1
1482675421940 3 1
1482675423271 1 1
1482675424240 12 2
1482675426980 4 1
1482675428374 11 1
1482675430233 2 -1
1482675443316 11 1
1482675444159 0 -1
1482675445259 4 2
1482675446334 3 -3
1482675447891 4 -2
1482675458216 13 1
1482675459589 5 1
1482675460861 7 2
1482675463684 12 -1
1482675465462 12 1
1482675467135 7 -2
1482675468009 13 -1
1482675468805 12 -2
1482675469816 1 -3
1482675471046 12 2
1482675472941 13 2
1482675475189 9 1
1482675475880 10 1
1482675476996 7 3
1482675485764 3 -1
1482675487077 0 1
1482675488137 11 -1
1482675489263 1 -1
1482675496243 13 -1
1482675498515 5 1
1482675501793 1 1
1482675502543 8 1
1482675503561 11 2
1482675504555 4 -1
1482675505559 13 1
1482675516996 R
1482675518389 8 -1
1482675519111 1 1
1482675519973 3 1
1482675520750 12 2
1482675527071 4 2
1482675528875 11 2
1482675531891 0 -1
1482675533615 2 -1
1482675534860 5 1
1482675536278 13 1
1482675537236 13 -1
1482675539778 0 1
1482675540627 11 -1
1482675542268 11 1
1482675543131 0 -1
1482675544396 4 -1
1482675546372 4 1
1482675547389 13 1
1482675548580 R
1482675549856 8 -1
1482675551648 1 1
1482675554878 12 2
1482675556361 0 1
1482675566280 12 -1
1482675569522 6 -2
1482675577885 6 2
1482675578796 12 1
1482675579772 3 1
1482675582063 4 1
1482675585163 11 2
1482675586824 2 -1
1482675589224 0 -2
1482675591253 4 2
1482675592384 3 -3
1482675593850 4 -2
1482675596295 12 -2
1482675597699 1 -3
1482675598654 6 -2
1482675599810 9 1
1482675601221 10 1
1482675602120 5 1
1482675602831 12 1
1482675604999 13 1
1482675606586 7 3
1482675607772 5 2
1482675609525 9 1
1482675610746 7 -3
1482675611923 13 -1
1482675616379 13 1
1482675617137 7 3
1482675617951 3 -1
1482675619182 0 1
1482675620392 11 -1
1482675624724 11 1
1482675625392 0 -1
1482675626533 3 1
1482675628361 7 -3
1482675633720 10 -1
1482675644593 7 2
1482675645456 10 1
1482675646368 7 1
1482675647668 3 -1
1482675651905 3 1
1482675664906 7 -3
1482675665921 13 -1
1482675674498 5 -1
1482675675333 6 1
1482675676229 8 1
1482675676899 11 1
1482675677712 4 -1
1482675681029 3 1
1482675685271 2 1
1482675686489 2 -1
1482675687248 3 -1
1482675688317 12 -1
1482675689384 4 1
1482675690081 11 -1
1482675691056 8 -1
1482675692003 6 -1
1482675693136 5 1
1482675695504 12 1
1482675704466 13 1
1482675713618 7 1
1482675716279 7 1
1482675717330 R
1482675718397 8 -1
1482675719264 1 1
1482675761373 R
1482675762658 1 1
1482675767046 8 -1
1482675772254 3 1
1482675774168 12 2
1482675776731 4 1
1482675778100 11 2
1482675781795 0 -1
1482675783788 4 1
1482675784481 4 1
1482675785485 2 -1
1482675786697 3 -3
1482675787896 4 -2
1482675789904 12 -2
1482675790856 1 -3
1482675791788 6 -2
1482675793215 5 3
1482675794732 12 1
1482675795523 13 1
1482675797900 9 1
1482675798761 10 1
1482675800002 7 3
1482675800978 3 -1
1482675806148 3 1
1482675814052 7 -1
1482675815103 7 1
1482675816053 3 -1
1482675817326 0 1
1482675818285 11 -1
1482675822207 5 -1
1482675823063 6 2
1482675827675 12 1
1482675829449 11 1
1482675830271 0 -1
1482675830949 3 1
1482675831730 7 -3
1482675833641 13 -1
1482675834824 13 2
1482675836449 7 3
1482675837914 3 -1
1482675841580 13 -1
1482675922101 R
1482675924136 8 -1
1482675924977 1 1
1482675925969 3 1
1482675932595 4 1
1482675934057 11 2
1482675935165 0 -1
1482675936267 2 -1
1482675938176 12 2
1482675939219 4 2
1482675941803 3 -3
1482675943796 4 -2
1482675945995 12 -2
1482675946937 1 -3
1482675949959 6 -2
1482675952725 5 3
1482675953591 9 2
1482675954681 10 2
1482675955744 12 1
1482675956503 13 1
1482675957260 7 3
1482675960418 3 -1
1482675961601 0 1
1482675962660 11 -1
1482675963596 1 -1
1482675965287 1 1
1482675965922 11 1
1482675966932 0 -1
1482675967864 3 1
1482675969649 7 -1
1482675972617 7 -2
1482675975423 7 3
1482675979905 7 -3
1482675984682 7 3
1482675987491 5 -2
1482675989367 10 -1
1482675991773 7 -2
1482675992749 5 -1
1482675994879 7 -1
1482675995484 13 -1
1482675997365 9 -1
1482675998188 6 2
1482675999015 12 1
1482675999830 4 2
1482676003046 13 1
1482676004015 7 1
1482676004839 7 -1
1482676005449 3 1
1482676038566 13 -1
1482676041552 3 -1
1482676042432 4 -2
1482676043336 5 2
1482676044138 13 2
1482676045134 7 3
1482676075020 R
