1481510653665 5 1
1481510654352 5 -1
1481511267386 1 1
1481511268474 12 2
1481511269434 0 1
1481511272235 12 -1
1481511273091 5 1
1481511273849 6 -1
1481511274898 5 -1
1481511276707 8 -1
1481511277610 6 -1
1481511280994 6 2
1481511281954 3 1
1481511282914 12 1
1481511284018 4 3
1481511286458 11 2
1481511288706 3 -1
1481511292779 11 -2
1481511293914 3 1
1481511296570 4 -2
1481511299538 11 2
1481511300523 0 -2
1481511301666 13 2
1481511302586 2 1
1481511853913 2 -2
1481511856506 0 1
1481511857634 11 -1
1481511861563 13 -2
1481511862482 0 1
1481511867074 4 2
1481511868772 4 -1
1481511870531 4 -1
1481511871627 12 -1
1481511872826 6 -1
1481511876154 6 1
1481511877075 12 1
1481511877890 4 2
1481511879011 3 -1
1481511881395 3 1
1481511882859 4 -2
1481511884211 2 1
1481511884890 11 -1
1481511885667 4 -1
1481511886434 3 -1
1481511887138 12 -1
1481511887979 6 -2
1481511894730 5 1
1481511896532 0 -1
1481511897602 12 -1
1481511898355 1 -1
1481511899531 9 2
1481511901172 5 -1
1481511905275 6 1
1481511906290 3 1
1481511908994 10 2
1481511909835 5 1
1481511913131 U
1481511913539 U
1481511913707 U
1481511913866 U
1481511914018 U
1481511914195 U
1481511914362 U
1481511914554 U
1481511914803 U
1481511914986 U
1481511915155 U
1481511915315 U
1481511915483 U
1481511915642 U
1481511915803 U
1481511915939 U
1481511916130 U
1481511916283 U
1481511916435 U
1481511916563 U
1481511916698 U
1481511916827 U
1481511916963 U
1481511917106 U
1481511917242 U
1481511917387 U
1481511917531 U
1481511917691 U
1481511917834 U
1481511917987 U
1481511918139 U
1481511918282 U
1481511918443 U
1481511918587 U
1481511918731 U
1481511918882 U
1481511919035 U
1481511919195 U
1481511919355 U
1481511919498 U
1481511920236 R
1481512391523 8 -1
1481512397779 6 -2
1481512398690 9 2
1481512401898 9 -2
1481512404770 1 1
1481512406266 12 1
1481512407138 0 1
1481512412906 0 -1
1481512424122 0 1
1481512427282 R
1481512434930 8 -1
1481512440618 8 2
1481512443394 5 1
1481512445314 5 -1
1481512446498 8 -2
1481512447490 6 -2
1481512448682 9 2
1481512452410 5 1
1481512455042 5 -1
1481512456290 5 1
1481512458506 10 2
1481512460370 5 -1
1481512463498 R
1481512466042 8 -1
1481512468762 3 1
1481512470683 3 -1
1481512471770 8 2
1481512474394 1 1
1481512475290 12 1
1481512476090 8 -2
1481512478122 3 1
1481512479115 12 1
1481512480754 4 3
1481512483698 3 -1
1481512485043 3 1
1481512487946 0 1
1481512496826 11 2
1481512512819 4 -2
1481512516843 11 -2
1481512517755 4 -1
1481512518795 3 -1
1481512520539 12 -1
1481512521700 6 -2
1481512523603 6 2
1481512524563 12 1
1481512525507 3 1
1481512539955 4 1
1481512543123 4 2
1481512546467 3 -1
1481512547277 3 1
1481512555555 4 -2
1481512556571 4 -1
1481512557939 0 -1
1481512558747 4 2
1481512559627 11 2
1481512560533 0 -1
1481512561291 4 -1
1481512562171 12 -2
1481512564123 12 2
1481512569811 12 -2
1481512570683 6 -1
1481512571307 1 -1
1481512572187 9 2
1481512574411 10 2
1481512599291 0 1
1481512600395 11 -2
1481512601467 4 -1
1481512603443 3 -1
1481512608163 3 1
1481512609851 5 1
1481512611748 10 -2
1481512612507 5 -1
1481512614123 9 -2
1481512614987 1 1
1481512615547 6 1
1481512616500 12 2
1481512617387 13 2
1481512619259 2 1
1481512620435 7 1
1481512621499 11 -1
1481512624923 4 1
1481512626219 11 3
1481512629188 2 -2
1481512630460 7 -1
1481512631251 13 -2
1481512632011 0 1
1481512635115 0 -2
1481512674643 4 1
1481512676498 0 2
1481512680722 4 -1
1481512685003 11 -1
1481512691131 12 -1
1481512692098 6 -1
