1482805225223 9 1
1482805245181 9 -1
1482805248262 1 1
1482805251257 12 2
1482805257931 0 1
1482805298440 5 1
1482805300839 12 -1
1482805307279 8 1
1482805319218 0 -1
1482805321528 12 -1
1482805330793 5 -1
1482805340712 8 -2
1482805344489 3 1
1482805347477 12 1
1482805347935 12 1
1482805350753 0 1
1482805355418 5 1
1482805365538 4 2
1482805367627 11 2
1482805369666 2 -1
1482805375820 4 -1
1482805381147 5 -1
1482805384614 12 -1
1482805389666 12 1
1482805394051 5 1
1482805407087 2 1
1482805409359 11 -1
1482805415697 0 -1
1482805418674 12 -2
1482805425546 1 -1
1482805427584 6 -1
1482805429433 9 2
1482805434966 10 2
1482805439092 5 -1
1482805441250 5 1
1482805446634 11 1
1482805449122 0 -1
1482805451929 0 1
1482805456294 10 -2
1482805459442 9 -2
1482805460973 1 1
1482805463286 6 1
1482805465945 12 2
1482805471586 0 1
1482805473988 11 -2
1482805476375 4 -1
1482805480933 3 -1
1482805484967 12 -1
1482805489043 6 -2
1482805498707 6 2
1482805501371 12 1
1482805504258 3 1
1482805512679 4 2
1482805514927 11 2
1482805520671 2 -1
1482805525159 5 -1
1482805527234 4 1
1482805529978 3 -1
1482805532024 8 1
1482805534184 11 1
1482805545442 0 -2
1482805548498 3 -2
1482805551285 4 -3
1482805554241 12 -2
1482805556139 8 1
1482805560744 3 2
1482805566222 2 1
1482805569044 1 -1
1482805570922 9 1
1482805572849 10 1
1482805576506 3 -1
1482805578554 1 -2
1482805583866 8 -1
1482805590108 10 -1
1482805592406 9 -1
1482805595152 6 -1
1482805597540 5 2
1482805605060 12 1
1482805610784 13 1
1482805614086 7 2
1482805615996 2 -1
1482805618099 3 -1
1482805619991 9 2
1482805639027 10 2
1482805640769 7 1
1482805644117 3 -1
1482805651678 10 -1
1482805653354 9 -1
1482805655577 6 1
1482805658762 12 1
1482805675581 13 1
1482805680431 4 1
1482805682372 3 1
1482805684849 11 -1
1482805686537 8 -1
1482805690197 3 -1
1482805692539 13 -1
1482805694777 4 1
