1481519287057 8 1
1481519288873 1 1
1481519290065 12 1
1481519292265 0 1
1481519297265 8 -2
1481519298129 3 1
1481519298953 12 1
1481519303913 0 -1
1481519305121 12 -2
1481519306257 3 -1
1481519307985 3 1
1481519309721 4 1
1481519311281 11 2
1481519314777 12 2
1481519315913 0 1
1481519317433 11 -2
1481519318585 4 -1
1481519320033 3 -1
1481519321355 12 -1
1481519322467 6 -2
1481519328458 6 2
1481519329387 8 2
1481519330675 8 -2
1481519331315 3 1
1481519331940 12 1
1481519332731 4 3
1481519334027 11 2
1481519335123 2 -1
1481519336707 0 -2
1481519339275 4 -2
1481519344570 5 1
1481519634474 5 -1
1481519638793 2 1
1481519639785 0 2
1481519641065 11 -2
1481519642105 4 -1
1481519646754 12 -1
1481519648418 3 -1
1481519649586 6 -2
1481519779037 6 2
1481519779749 12 1
1481519780437 3 1
1481519788790 0 -1
1481519792998 12 -2
1481519796918 12 2
1481519798053 13 2
1481519799269 7 1
1481519800373 11 -1
1481519801550 2 1
1481519803206 2 -1
1481519804384 13 -1
1481519805838 4 3
1481519808214 3 -1
1481519810013 3 1
1481519810701 4 -3
1481519813085 12 -1
1481519813894 3 -1
1481519815966 12 1
1481519819566 12 -1
1481519820366 6 -2
1481519823134 6 2
1481519823749 12 1
1481519824413 3 1
1481519827398 13 1
1481519831461 0 -1
1481519832541 3 -2
1481519833669 13 -1
1481519834589 12 -1
1481519836958 6 -2
1481519841190 6 2
1481519841885 8 2
1481519843685 8 -2
1481519844629 3 2
1481519849645 0 1
1481519850325 11 1
1481519851373 4 1
1481519852244 7 -1
1481519853197 13 -1
1481519855373 0 1
1481519857525 4 -1
1481519858525 3 -1
1481519859477 6 -2
1481519861237 6 2
1481519862109 3 1
1481519863214 12 1
1481519865854 4 3
1481519868550 11 2
1481519869398 2 -1
1481519870013 0 -2
1481519871334 3 -3
1481519872286 4 -2
1481519874654 12 -2
1481519875374 1 -3
1481519878358 6 -2
1481519879926 12 1
1481519880830 5 3
1481519884718 9 2
1481519889206 5 -3
1481519894086 12 -1
1481519894766 1 2
1481519897383 9 -2
1481519898310 1 1
1481519900278 6 2
1481519903053 12 2
1481519905245 4 2
1481519906214 3 3
1481519907126 0 2
1481519908086 4 -2
1481519909878 12 -1
1481519911062 6 -1
1481519914166 0 -2
1481519915054 12 -1
1481519915862 1 -1
1481519916925 9 2
1481519926159 9 -2
1481519926751 1 1
1481519928703 12 1
1481519932158 0 2
