1482659716622 8 -1
1482659722288 3 1
1482659726055 3 -1
1482659731245 1 1
1482659734070 12 1
1482659735474 0 1
1482659747445 6 -2
1482659756466 6 2
1482659758689 3 1
1482659759500 12 1
1482659771325 0 -1
1482659773532 12 -2
1482659777300 4 1
1482659778211 11 2
1482659779547 0 -1
1482659783005 0 1
1482659784111 R
1482659810699 1 1
1482659813446 12 2
1482659815579 8 -1
1482659827682 12 -2
1482659829603 1 -1
1482659831183 3 1
1482659832077 3 -1
1482659838685 3 1
1482659839780 R
1482659848422 6 -1
1482659849524 9 2
1482659854368 8 -1
1482659855465 3 1
1482659856870 4 1
1482659857657 11 2
1482659858681 0 -1
1482659862604 R
1482659882496 5 1
1482659885065 1 1
1482659887188 12 2
1482659888248 0 1
1482659893194 8 -1
1482659894015 3 1
1482659895140 4 2
1482659896629 11 2
1482659898549 0 -2
1482659900309 4 -1
1482659904040 12 -2
1482659906950 1 -1
1482659908371 6 -1
1482659909252 9 2
1482659914278 5 -1
1482659915527 R
1482659931997 8 -1
1482659934613 3 1
1482659936457 3 -1
1482659940658 3 1
1482659942339 4 1
1482659943259 11 2
1482659944154 0 -1
1482659947645 R
1482659970180 8 -1
1482659973414 6 -2
1482659975299 1 1
1482659976181 12 1
1482659977162 0 1
1482659984543 6 2
1482659986148 3 1
1482659988250 4 1
1482659989952 12 1
1482659991217 4 2
1482659997940 11 2
1482660003203 4 -2
1482660004672 12 -1
1482660008203 6 -1
1482660009506 R
