1481085807905 8 -1
1481085808624 3 1
1481085809410 4 1
1481085810531 11 2
1481085813358 0 -1
1481085814183 2 -1
1481085815900 0 1
1481085816349 2 1
1481085816940 11 -2
1481085817473 4 -1
1481085819662 3 -1
1481085821290 6 -2
1481085822003 9 2
1481085827050 9 -2
1481085827636 1 1
1481085828232 12 1
1481085828883 0 1
1481085830320 6 2
1481085830884 12 1
1481085831302 3 1
1481085831811 4 3
1481085832442 11 2
1481085836966 11 -2
1481085838017 4 -3
1481085840351 0 -1
1481085841550 12 -2
1481085842089 1 -1
1481085842478 6 -1
1481085843190 9 2
1481085845493 9 -2
1481085845958 1 1
1481085846310 6 1
1481085846895 12 2
1481085850735 12 -2
1481085851402 3 -1
1481085851968 1 -1
1481085852394 6 -2
1481085853068 9 2
1481085855783 6 1
1481085856322 3 1
1481085857162 4 1
1481085857815 11 2
1481085859091 2 -1
1481085860666 0 -1
1481085862033 0 1
1481085862638 11 -1
1481085863785 2 1
1481085864243 11 -1
1481085864776 4 -1
1481085865285 3 -1
1481085869839 9 -2
1481085870469 1 1
1481085871803 6 1
1481085872515 12 2
1481085879954 3 1
1481085882342 4 3
1481085883052 11 2
1481085883840 0 -1
1481085885262 2 -1
1481085886108 3 -3
1481085887302 4 -2
1481085887894 12 -2
1481085888508 1 -3
1481085889170 6 -2
1481085890354 12 1
1481085890894 5 3
1481085891435 9 2
1481085892866 13 1
1481085894300 10 2
1481085895712 7 3
1481085896387 3 -1
1481085898045 3 1
1481085898727 7 -3
1481085900384 13 -1
1481085910418 5 -3
1481085912025 10 -2
1481085912826 9 -2
1481085913576 6 2
1481085914507 12 1
1481085917776 13 2
1481085918302 5 2
1481085918692 9 1
1481085919119 10 1
1481085919742 7 3
1481085920365 3 -1
1481085921933 13 -1
1481085924188 0 1
1481085924595 4 1
1481085925136 11 -1
1481085926226 1 -1
1481085926831 4 -1
1481085932356 4 1
1481085932755 1 1
1481085933033 8 1
1481085933581 11 2
1481085934099 0 -1
1481085934569 4 -2
1481085936219 3 2
1481085937269 7 -3
1481085938243 13 -1
1481085939918 5 -2
1481085941357 12 -2
1481085942144 1 2
1481085942968 3 1
1481085945055 3 -2
1481085945840 1 -2
1481085946599 12 2
1481085959116 4 1
1481085959941 12 -2
1481085960750 11 -1
1481085961336 8 -1
1481085962011 6 -2
1481085962820 9 1
1481085963541 12 1
1481085964261 5 3
1481085964809 10 -1
1481085966392 13 1
1481085967148 7 2
1481085967846 10 1
1481085968634 10 1
1481085969210 7 1
1481085969826 3 -1
1481085970861 3 1
1481085972443 7 -3
1481085979779 7 3
1481085988900 3 -1
1481085989265 0 1
1481085989731 11 -1
1481085990285 1 -1
1481085993443 10 -1
1481085994252 10 1
1481085994741 5 -2
1481085997020 10 -1
1481085997478 9 -1
1481085998063 6 2
1481085998535 12 1
1481086006642 12 -1
1481086007364 6 -2
1481086008495 5 2
1481086013582 5 -1
1481086014247 6 2
1481086015643 12 1
1481086019835 4 1
1481086020398 1 1
1481086020787 8 1
1481086021379 11 2
1481086022033 4 -2
1481086023984 0 -1
1481086024584 3 2
1481086025310 7 -3
1481086028895 13 -1
1481086030284 3 -1
1481086031072 4 2
1481086031767 11 -1
1481086033141 8 -1
1481086034587 4 -1
1481086035293 12 -2
1481086036066 6 -2
1481086036823 5 1
1481086037536 12 1
1481086038472 9 1
1481086040175 13 1
1481086040963 7 3
1481086041795 3 -1
1481086042313 3 1
1481086042859 7 -3
1481086058308 13 -1
1481086060469 5 -3
1481086061236 9 -1
1481086061759 6 2
1481086064284 12 -1
1481086065246 1 2
1481086065907 8 2
1481086066463 11 1
1481086066957 4 -1
1481086067556 3 2
1481086073535 3 -2
1481086074171 4 1
1481086074667 11 -1
1481086075336 8 -2
1481086076481 1 -2
1481086077637 6 -2
1481086079799 12 1
1481086080392 5 3
1481086080871 9 1
1481086082118 13 1
1481086082718 7 3
1481086085731 7 -3
1481086086849 13 -1
1481086090029 5 -3
1481086092167 9 -1
1481086092902 6 2
1481086096505 8 2
1481086099737 8 -1
1481086100637 11 1
1481086101327 12 1
1481086102041 4 -1
1481086106220 13 1
1481086106911 5 2
1481086109431 13 1
1481086109799 3 1
1481086110600 2 3
1481086111763 7 3
1481086112800 3 -2
1481086115236 0 1
1481086115731 4 1
1481086116489 11 -4
1481086121416 4 -1
1481086122015 1 -1
1481086122534 8 -1
1481086126021 11 1
1481086128218 11 -1
1481086128751 0 -1
1481086129470 3 4
1481086132531 0 1
1481086133028 11 1
1481086133650 7 -3
1481086134227 2 -2
1481086134893 13 -2
1481086138426 0 1
1481086139085 3 -1
1481086139497 12 -1
1481086140152 6 -2
1481086140691 5 1
1481086141095 9 1
1481086141561 10 -1
1481086142136 0 3
