1480244610364 1 1
1480244611075 12 2
1480244612315 0 1
1480244614193 8 -1
1480244614843 3 1
1480244616130 5 1
1480244617649 5 -1
1480244619723 4 3
1480244620555 11 2
1480244621403 4 -2
1480244623738 2 -1
1480244624938 0 -2
1480244625789 13 2
1480244627667 7 1
1480244628412 2 2
1480244634001 5 1
1480244635690 7 1
1480244640045 0 1
1480244640801 11 -3
1480244643046 4 -1
1480244644260 3 -1
1480244645539 8 1
1480244647243 0 -1
1480244648758 3 -1
1480244650718 8 -1
1480244653274 3 2
1480244654158 4 1
1480244655955 2 -1
1480244656686 13 -1
1480244657516 0 1
1480244658426 4 -1
1480244659733 3 -1
1480244660317 12 -1
1480244661153 8 2
1480244662562 0 -1
1480244663684 7 -1
1480244664734 5 -1
1480244667357 3 -1
1480244668675 8 -2
1480244669774 12 1
1480244672102 3 2
1480244672727 4 3
1480244674381 3 -2
1480244675271 8 1
1480244680459 8 -1
1480244683013 8 1
1480244683674 3 1
1480244684426 0 1
1480244686377 8 -1
1480244687055 8 1
1480244687859 11 3
1480244689537 11 1
1480244690728 7 -1
1480244691279 2 -1
1480244692048 13 -1
1480244692845 0 1
1480244694381 11 -2
1480244695150 8 -1
1480244695864 3 1
1480244696900 4 -2
1480244698056 12 -1
1480244700798 6 -1
1480244701752 5 1
1480244703949 0 -1
1480244704596 13 1
1480244705356 7 2
1480244708238 6 1
1480244708822 12 1
1480244709425 4 1
1480244710212 11 1
1480244711040 0 -1
1480244712302 2 1
1480244714198 2 -1
1480244714661 0 1
1480244715700 11 -1
1480244717390 4 -1
1480244719193 12 -1
1480244720268 6 -1
1480244722526 2 1
1480244723163 11 -2
1480244724293 4 -1
1480244724845 3 -1
1480244725590 6 -1
1480244728838 7 -1
1480244729550 5 -1
1480244731132 5 1
1480244731884 7 1
1480244736940 0 -1
1480244738537 3 -1
1480244742068 6 1
1480244743350 6 1
1480244743867 12 1
1480244745141 8 1
1480244746312 8 -1
1480244747060 12 -1
1480244747924 12 1
1480244748649 13 1
1480244749637 2 1
1480244750767 2 -1
1480244751902 7 -1
1480244753110 5 -1
1480244753684 5 1
1480244754356 7 1
1480244756362 13 -1
1480244758926 12 -1
1480244759711 6 -2
1480244762186 3 1
1480244762894 0 1
1480244764408 7 -1
1480244765078 5 -1
1480244768321 5 1
1480244770213 7 1
1480244772284 11 1
1480244772985 7 -1
1480244773854 7 -1
1480244774681 13 -1
1480244775621 5 -1
1480244776867 0 1
1480244783785 6 2
1480244784438 3 1
1480244784990 12 1
1480244794891 4 1
1480244795671 11 2
1480244796266 2 -1
1480244798326 5 1
1480244799883 2 1
1480244802541 12 -1
1480244803108 6 -1
1480244806673 11 -2
1480244808116 4 -1
1480244809260 3 -1
1480244810254 6 -1
1480244812983 5 -1
1480244818282 6 2
1480244818926 3 1
1480244819365 12 1
1480244820634 5 1
1480244823314 4 2
1480244824673 4 -1
1480244827288 12 -1
1480244828187 6 -1
1480244838389 0 -1
1480244839318 12 -1
1480244840100 1 -1
1480244841067 9 2
1480244844491 4 -1
1480244845392 3 -1
1480244846223 6 -1
1480244850401 10 2
1480244856761 5 -1
1480244859318 6 1
1480244859978 3 1
1480244861453 4 1
1480244862525 11 2
1480244863306 0 -1
1480244865988 10 -2
1480244870566 2 -1
1480244872809 5 1
1480244874415 10 1
1480244875804 10 -1
1480244884450 0 1
1480244884982 11 -1
1480244888046 5 -1
1480244891514 9 -1
1480244892889 9 -1
1480244894486 1 1
1480244895137 6 1
1480244895929 12 1
1480244896946 0 1
1480244897774 6 -1
1480244900711 2 1
1480244901424 11 -1
1480244902044 4 -1
1480244902868 3 -1
1480244903582 6 -1
1480244907991 5 1
1480244913716 6 2
1480244914470 3 1
1480244915004 12 1
1480244919212 12 -1
1480244920282 6 -1
1480244921397 6 1
1480244922030 3 -1
1480244922957 6 -2
1480244925190 6 2
1480244925861 8 2
1480244927747 8 -1
1480244928781 12 1
1480244933325 5 -1
1480244935763 12 -1
1480244936651 6 -1
1480244937561 8 -1
1480244938459 6 -1
1480244947067 0 -1
1480244947563 12 -1
1480244948167 1 -1
1480244949091 9 2
1480244950865 6 1
1480244951555 3 1
1480244957435 5 1
1480244963321 3 -1
1480244964097 6 -1
1480244966753 5 -1
