1482680362622 9 1
1482680363626 8 -1
1482680364728 6 -2
1482680365505 9 1
1482680366933 5 1
1482680367661 10 2
1482680372640 6 1
1482680374106 3 1
1482680374952 4 1
1482680375711 11 2
1482680380002 0 -1
1482680383043 0 1
1482680383850 11 -2
1482680385485 4 -1
1482680386340 3 -1
1482680387325 6 -1
1482680391017 5 -1
1482680392167 10 -2
1482680393771 5 1
1482680394540 9 -2
1482680395473 1 1
1482680396772 6 2
1482680397845 12 2
1482680398900 0 1
1482680401024 5 -1
1482680403250 3 1
1482680408731 0 -1
1482680411359 4 3
1482680412227 11 2
1482680416871 0 1
1482680422698 3 -1
1482680427168 0 -2
1482680429394 3 -1
1482680435634 R
1482680439315 8 -1
1482680440368 6 -2
1482680441708 9 2
1482680447505 9 -2
1482680448785 6 2
1482680450232 3 1
1482680451208 3 -1
1482680456611 1 1
1482680457930 12 2
1482680462154 13 1
1482680463633 7 1
1482680464457 11 -1
1482680467952 0 -1
1482680472263 13 1
1482680474577 13 -1
1482680476250 3 -1
1482680477650 12 -1
1482680478584 6 -2
1482680481655 6 2
1482680483151 3 2
1482680486568 12 1
1482680489559 0 1
1482680490927 4 3
1482680496540 R
1482680500902 8 -1
1482680501689 3 1
1482680503581 3 -1
1482680504466 6 -2
1482680505313 9 2
1482680508620 9 -2
1482680509546 1 1
1482680510304 12 1
1482680513129 13 1
1482680513709 5 1
1482680514608 7 2
1482680515600 11 -1
1482680516750 0 -1
1482680517805 3 -1
1482680519302 6 2
1482680520295 12 1
1482680521635 3 2
1482680524341 0 1
1482680525344 11 1
1482680526183 7 -2
1482680527393 13 -1
1482680528485 0 1
1482680530071 3 -1
1482680530670 12 -1
1482680531831 6 -2
1482680538180 6 2
1482680539146 12 1
1482680539806 3 1
1482680541728 0 -1
1482680542483 13 2
1482680544216 5 -1
1482680545970 13 -2
1482680547347 0 1
1482680551334 4 3
1482680552203 11 2
1482680553146 2 -1
1482680554674 3 -1
1482680558649 R
1482680565276 8 -1
1482680569608 3 1
1482680572306 1 1
1482680573339 12 2
1482680574876 4 3
1482680578272 11 2
1482680579188 0 -1
1482680580743 3 -2
1482680584356 8 1
1482680586767 3 1
1482680587634 0 2
1482680588541 11 -2
1482680589997 8 -1
1482680592105 11 2
1482680593335 0 -2
1482680594685 3 -1
1482680597125 3 2
1482680598139 4 -2
1482680599488 12 -2
1482680600277 6 -1
1482680600877 1 -1
1482680601536 9 2
1482680604490 0 1
1482680605280 11 -2
1482680606124 4 -1
1482680607089 3 -1
1482680608270 6 -1
1482680610528 10 2
1482680614601 R
1482680764256 R
