1482894599658 8 -1
1482894600986 1 1
1482894604234 3 1
1482894606410 12 2
1482894607681 0 1
1482894609210 5 1
1482894610049 5 -1
1482894615106 3 -1
1482894616953 12 -1
1482894618257 6 -2
1482894620209 0 -1
1482894621449 12 -1
1482894627105 1 -1
1482894628073 9 2
1482894629401 10 2
1482894630081 5 1
1482894631321 5 -1
1482894632553 10 -2
1482894633515 9 -2
1482894634577 1 1
1482894636618 6 2
1482894637905 3 1
1482894639777 4 1
1482894640545 11 2
1482894641873 0 -1
1482894645345 12 2
1482894646769 4 2
1482894648014 3 -2
1482894651993 3 2
1482894653697 4 -2
1482894661529 12 -2
1482894663161 1 -1
1482894664259 9 1
1482894664994 10 1
1482894670105 2 -1
1482894672801 2 1
1482894674681 0 1
1482894675401 2 -1
1482894676473 0 -1
1482894680690 R
1482894738704 9 1
1482894739576 6 -1
1482894740672 9 1
1482894744512 8 -1
1482894745729 3 1
1482894757841 4 1
1482894758832 11 2
1482894760073 0 -1
1482894764761 0 1
1482894765936 11 -2
1482894767225 9 -2
1482894769144 1 1
1482894769976 12 1
1482894776848 0 1
1482894781224 6 1
1482894790832 4 -1
1482894792928 4 1
1482894794504 11 2
1482894802031 0 -2
1482894809784 5 1
1482894810776 2 -1
1482894811945 0 2
1482894820640 11 -1
1482894825216 11 1
1482894827264 11 -1
1482894829472 0 -1
1482894830321 12 -1
1482894831545 5 -1
1482894839583 11 1
1482894841043 11 -1
1482894843617 11 1
1482894844457 0 -1
1482894846263 12 2
1482894847177 4 2
1482894848808 3 -3
1482894852784 4 -2
1482894853783 12 -2
1482894854665 1 -3
1482894855639 6 -2
1482894859423 5 3
1482894868775 5 -1
1482894870039 6 2
1482894872611 12 2
1482894873519 4 1
1482894876216 4 -1
1482894879400 5 -1
1482894885264 5 1
1482894893088 12 -1
1482894894464 6 -2
1482894895759 5 1
1482894897479 9 2
1482894904071 12 -1
1482894906247 12 1
1482894907159 13 1
1482894914079 5 -1
1482894916447 6 1
1482894919928 13 -1
1482894920951 12 -1
1482894922135 1 1
1482894930583 1 -1
1482894931407 12 1
1482894932010 13 1
1482894933127 7 2
1482894934327 10 2
1482894935271 7 1
1482894936527 3 -1
1482894939304 6 -1
1482894942632 6 1
1482894943695 6 -1
1482894945223 10 -1
1482894946343 9 -1
1482894947327 6 2
1482894948177 12 1
1482894963535 3 1
1482894965766 7 -3
1482894967103 13 -1
1482894969399 4 1
1482894970103 4 -1
1482894971295 5 -2
1482894972646 4 2
1482894974486 3 1
1482894992311 3 -1
1482894993558 4 -2
1482895000167 13 2
1482895001542 7 1
1482895002590 5 2
1482895003393 7 2
1482895004799 3 -1
1482895009902 13 -1
1482895010582 12 -1
1482895011391 6 -2
1482895012494 5 1
1482895013014 9 1
1482895014009 10 1
1482895016110 3 1
1482895016998 7 -3
1482895024318 13 -1
1482895031319 10 -2
1482895040414 5 -1
1482895051302 9 -1
1482895052670 6 2
1482895053750 12 1
1482895059678 13 2
1482895061793 8 1
1482895062662 11 1
1482895063774 4 -1
1482895069958 3 1
1482895071950 13 -2
1482895077174 12 -2
1482895078118 1 1
1482895079822 5 -2
1482895080806 1 1
1482895081558 3 1
1482895085526 8 1
1482895102205 8 -1
1482895103981 3 -1
1482895104910 1 -2
1482895107493 6 -1
1482895108805 12 1
1482895109805 5 2
1482895111341 9 1
1482895119974 9 -1
1482895120478 6 1
1482895122301 6 -1
1482895142413 9 1
1482895147757 9 -1
1482895148813 6 1
1482895159157 6 -1
1482895159869 3 -1
1482895160541 4 1
1482895161421 11 -1
1482895162125 8 -1
1482895162757 6 -1
1482895163413 5 1
1482895164725 9 1
1482895168349 13 1
1482895169645 7 2
1482895170941 10 2
1482895172077 7 1
1482895173029 3 -1
1482895174021 0 1
1482895176381 11 -1
1482895190533 5 -2
1482895191517 6 1
1482895192509 10 -1
1482895193093 9 -1
1482895193624 6 1
1482895194612 12 1
1482895210949 11 1
1482895214181 0 -1
1482895215333 3 1
1482895217164 7 -3
1482895217852 13 -1
1482895219380 4 1
1482895224892 10 -1
1482895225444 9 -1
1482895228900 5 -1
1482895229796 4 1
1482895235540 9 1
1482895236693 9 -1
1482895237796 4 -2
1482895238661 12 -2
1482895239341 6 -2
1482895240269 9 2
1482895250908 12 1
1482895253301 5 3
1482895258845 5 -3
1482895261700 9 -2
1482895262829 12 -1
1482895264252 6 2
1482895265676 8 2
1482895266805 11 1
1482895268293 4 -1
1482895269693 1 3
1482895271140 3 2
1482895272580 0 1
1482895273300 12 1
1482895274372 0 1
1482895292044 0 -1
1482895293276 13 1
1482895294549 5 1
1482895295556 5 -1
1482895299188 13 -1
1482895300244 12 -1
1482895305508 8 -1
1482895307516 12 2
1482895308636 0 1
1482895318165 5 1
1482895323724 12 -1
1482895324972 6 -1
1482895332268 6 1
1482895333364 8 1
