1482675175324 8 -1
1482675175324 8 -1
1482675175324 8 -1
1482675175324 8 -1
1482675183632 3 1
1482675183632 3 1
1482675183632 3 1
1482675183632 3 1
1482675186290 4 1
1482675186290 4 1
1482675186290 4 1
1482675186290 4 1
1482675189959 11 2
1482675189959 11 2
1482675189959 11 2
1482675189959 11 2
1482675191672 2 -1
1482675191672 2 -1
1482675191672 2 -1
1482675191672 2 -1
1482675194736 2 1
1482675194736 2 1
1482675194736 2 1
1482675194736 2 1
1482675195884 0 -1
1482675195884 0 -1
1482675195884 0 -1
1482675195884 0 -1
1482675202150 1 1
1482675202150 1 1
1482675202150 1 1
1482675202150 1 1
1482675209391 12 2
1482675209391 12 2
1482675209391 12 2
1482675209391 12 2
1482675218544 13 2
1482675218544 13 2
1482675218544 13 2
1482675218544 13 2
1482675230200 0 1
1482675230200 0 1
1482675230200 0 1
1482675230200 0 1
1482675231728 7 1
1482675231728 7 1
1482675231728 7 1
1482675231728 7 1
1482675233223 2 1
1482675233223 2 1
1482675233223 2 1
1482675233223 2 1
1482675236768 11 -3
1482675236768 11 -3
1482675236768 11 -3
1482675236768 11 -3
1482675245335 4 -1
1482675245335 4 -1
1482675245335 4 -1
1482675245335 4 -1
1482675247824 3 -1
1482675247824 3 -1
1482675247824 3 -1
1482675247824 3 -1
1482675255784 5 1
1482675255784 5 1
1482675255784 5 1
1482675255784 5 1
1482675257392 7 1
1482675257392 7 1
1482675257392 7 1
1482675257392 7 1
1482675262455 2 -1
1482675262455 2 -1
1482675262455 2 -1
1482675262455 2 -1
1482675265712 13 -1
1482675265712 13 -1
1482675265712 13 -1
1482675265712 13 -1
1482675274944 3 1
1482675274944 3 1
1482675274944 3 1
1482675274944 3 1
1482675279229 7 -1
1482675279229 7 -1
1482675279229 7 -1
1482675279229 7 -1
1482675281403 11 1
1482675281403 11 1
1482675281403 11 1
1482675281403 11 1
1482675282690 7 -1
1482675282690 7 -1
1482675282690 7 -1
1482675282690 7 -1
1482675284175 13 -1
1482675284175 13 -1
1482675284175 13 -1
1482675284175 13 -1
1482675285471 0 1
1482675285471 0 1
1482675285471 0 1
1482675285471 0 1
1482675291975 12 -1
1482675291975 12 -1
1482675291975 12 -1
1482675291975 12 -1
1482675294536 3 -1
1482675294536 3 -1
1482675294536 3 -1
1482675294536 3 -1
1482675295984 6 -2
1482675295984 6 -2
1482675295984 6 -2
1482675295984 6 -2
1482675298703 5 -1
1482675298703 5 -1
1482675298703 5 -1
1482675298703 5 -1
1482675310944 6 1
1482675310944 6 1
1482675310944 6 1
1482675310944 6 1
1482675313584 3 1
1482675313584 3 1
1482675313584 3 1
1482675313584 3 1
1482675316191 4 1
1482675316191 4 1
1482675316191 4 1
1482675316191 4 1
1482675317805 11 2
1482675317805 11 2
1482675317805 11 2
1482675317805 11 2
1482675320969 2 -1
1482675320969 2 -1
1482675320969 2 -1
1482675320969 2 -1
1482675326278 6 1
1482675326278 6 1
1482675326278 6 1
1482675326278 6 1
1482675327404 12 1
1482675327404 12 1
1482675327404 12 1
1482675327404 12 1
1482675337152 0 -2
1482675337152 0 -2
1482675337152 0 -2
1482675337152 0 -2
1482675338048 0 1
1482675338048 0 1
1482675338048 0 1
1482675338048 0 1
1482675343767 11 -1
1482675343767 11 -1
1482675343767 11 -1
1482675343767 11 -1
1482675354298 12 -2
1482675354298 12 -2
1482675354298 12 -2
1482675354298 12 -2
1482675359687 1 -1
1482675359687 1 -1
1482675359687 1 -1
1482675359687 1 -1
1482675361048 6 -1
1482675361048 6 -1
1482675361048 6 -1
1482675361048 6 -1
1482675362913 9 2
1482675362913 9 2
1482675362913 9 2
1482675362913 9 2
1482675365436 2 1
1482675365436 2 1
1482675365436 2 1
1482675365436 2 1
1482675367039 11 -1
1482675367039 11 -1
1482675367039 11 -1
1482675367039 11 -1
1482675373080 4 -1
1482675373080 4 -1
1482675373080 4 -1
1482675373080 4 -1
1482675378695 3 -1
1482675378695 3 -1
1482675378695 3 -1
1482675378695 3 -1
1482675391457 6 -1
1482675391457 6 -1
1482675391457 6 -1
1482675391457 6 -1
1482675404640 9 -1
1482675404640 9 -1
1482675404640 9 -1
1482675404640 9 -1
1482675406028 5 1
1482675406028 5 1
1482675406028 5 1
1482675406028 5 1
1482675415682 6 2
1482675415682 6 2
1482675415682 6 2
1482675415682 6 2
1482675425274 3 1
1482675425274 3 1
1482675425274 3 1
1482675425274 3 1
1482675431686 5 -1
1482675431686 5 -1
1482675431686 5 -1
1482675431686 5 -1
1482675443128 9 -1
1482675443128 9 -1
1482675443128 9 -1
1482675443128 9 -1
1482675446590 3 -1
1482675446590 3 -1
1482675446590 3 -1
1482675446590 3 -1
1482675454382 6 -2
1482675454382 6 -2
1482675454382 6 -2
1482675454382 6 -2
1482675456559 9 2
1482675456559 9 2
1482675456559 9 2
1482675456559 9 2
1482675463600 R
1482675463600 R
1482675463600 R
1482675463600 R
1482675469472 8 -1
1482675469472 8 -1
1482675469472 8 -1
1482675469472 8 -1
1482675475905 9 1
1482675475905 9 1
1482675475905 9 1
1482675475905 9 1
1482675479991 3 1
1482675479991 3 1
1482675479991 3 1
1482675479991 3 1
1482675485167 4 1
1482675485167 4 1
1482675485167 4 1
1482675485167 4 1
1482675486276 11 1
1482675486276 11 1
1482675486276 11 1
1482675486276 11 1
1482675490366 11 1
1482675490366 11 1
1482675490366 11 1
1482675490366 11 1
1482675491961 2 -1
1482675491961 2 -1
1482675491961 2 -1
1482675491961 2 -1
1482675493820 5 1
1482675493820 5 1
1482675493820 5 1
1482675493820 5 1
1482675496608 6 -1
1482675496608 6 -1
1482675496608 6 -1
1482675496608 6 -1
1482675497799 9 1
1482675497799 9 1
1482675497799 9 1
1482675497799 9 1
1482675499640 5 -1
1482675499640 5 -1
1482675499640 5 -1
1482675499640 5 -1
1482675507301 0 -1
1482675507301 0 -1
1482675507301 0 -1
1482675507301 0 -1
