1482455276423 8 -1
1482455277716 6 -2
1482455279787 1 1
1482455281437 12 1
1482455282457 6 2
1482455283627 3 1
1482455284577 12 1
1482455285914 0 1
1482455294531 3 -1
1482455295275 12 -1
1482455296121 6 -2
1482455303760 6 2
1482455304672 3 1
1482455305521 12 1
1482455307568 4 3
1482455309290 11 2
1482455310848 0 -2
1482455315231 4 -2
1482455316727 0 2
1482455319695 11 -2
1482455320623 4 -1
1482455325741 0 -1
1482455329979 3 -1
1482455331054 12 -2
1482455331964 6 -2
1482455334230 12 1
1482455337236 5 1
1482455338164 5 -1
1482455339427 6 2
1482455340581 3 1
1482455341357 12 1
1482455342378 4 3
1482455344070 3 -1
1482455345196 11 2
1482455348002 2 -1
1482455349613 13 1
1482455351299 0 -1
1482455353259 3 1
1482455356620 13 -1
1482455357818 0 2
1482455359069 4 -2
1482455360689 5 1
1482455361920 0 -2
1482455364905 13 2
1482455366320 2 2
1482455368471 2 -2
1482455384879 13 -2
1482455386293 0 2
1482455389027 5 -1
1482455392732 11 -1
1482455398771 12 -1
1482455399666 6 -1
1482455402875 5 1
1482455405491 11 1
1482455409184 0 -2
1482455410122 13 1
1482455411833 7 2
1482455412784 2 1
1482455416096 2 -1
1482455417079 7 -2
1482455418199 6 1
1482455422497 12 1
1482455423537 13 1
1482455424568 0 1
1482455430024 11 -1
1482455433192 11 1
1482455437799 5 -1
1482455442036 13 -2
1482455445208 12 -2
1482455446237 6 -1
1482455447286 1 -1
1482455448704 9 2
1482455455771 10 2
1482455456984 10 -2
1482455459715 2 1
1482455460606 0 -1
1482455462251 0 1
1482455463205 11 -2
1482455465849 4 -1
1482455467308 3 -1
1482455468556 6 -1
1482455490055 5 1
1482455491509 10 2
1482455500380 6 1
1482455501247 8 1
1482455506979 8 -1
1482455507917 3 1
1482455509828 5 -1
1482455510811 10 -2
1482455514115 9 -2
1482455517347 6 1
1482455518651 1 1
1482455520099 12 2
1482455522434 0 1
1482455527114 3 -1
1482455527868 12 -1
1482455528936 6 -2
1482455535777 5 1
1482455537235 5 -1
1482455539055 6 2
1482455540193 3 1
1482455540944 12 1
1482455544456 5 1
1482455546497 12 -1
1482455548114 3 -1
1482455550241 8 2
1482455559729 0 -1
1482455560592 13 1
1482455562097 7 2
1482455563636 11 -1
1482455566093 0 -1
1482455568692 8 -2
1482455569968 3 1
1482455571584 12 1
1482455574782 13 1
1482455581163 2 1
1482455587044 3 -2
1482455591805 8 1
1482455602855 8 -1
1482455604898 3 2
1482455606855 4 1
1482455607991 2 -1
1482455609081 0 1
1482455610428 11 3
1482455611832 2 -1
1482455612951 0 -1
1482455614574 7 -2
1482455615895 0 1
1482455616963 13 -2
1482455617913 0 1
1482455619440 5 -1
1482455622000 11 -1
1482455624959 2 1
1482455625958 0 -1
1482455627126 11 -1
1482455628084 4 -1
1482455629262 0 1
1482455631117 0 -1
1482455632413 12 -2
1482455634575 1 -1
1482455635925 9 1
1482455639780 6 -1
1482455640838 9 1
1482455644181 3 -1
1482455645172 3 1
1482455648141 5 1
1482455649635 10 2
1482455650948 5 -1
1482455654115 10 -2
1482455664466 4 1
1482455668493 11 2
1482455669839 2 -1
1482455672153 0 -1
1482455673321 2 1
1482455674942 2 -1
1482455679599 5 1
1482455680690 10 2
1482455682025 10 -2
1482455682615 5 -1
1482455688470 9 -2
1482455689356 6 1
1482455691381 6 -1
1482455692798 5 1
1482455693715 9 2
1482455695453 2 1
1482455697710 2 -1
1482455699671 10 2
1482455704183 0 1
1482455711142 0 -1
1482455713977 2 1
1482455716794 0 1
1482455717956 11 -2
1482455719024 4 -1
1482455728544 3 -1
1482455729679 6 -1
1482455732088 5 -1
1482455734848 10 -2
1482455736463 9 -2
1482455737599 6 2
1482455738914 3 1
1482455742389 9 1
1482455744832 6 -1
1482455745769 9 1
1482455756874 3 -1
1482455757734 6 -1
1482455765077 10 2
