1479882019782 1 1
1479882019782 1 1
1479882023300 9 1
1479882023300 9 1
1479882025252 6 2
1479882025252 6 2
1479882042051 2 1
1479882042051 2 1
1479882044962 0 1
1479882044962 0 1
1479882049251 0 -1
1479882049251 0 -1
1479882050587 6 -2
1479882050587 6 -2
1479882055490 6 2
1479882055490 6 2
1479882060842 R
1479882060842 R
1479882068753 3 -1
1479882068753 3 -1
1479882069715 6 -1
1479882069715 6 -1
1479882070681 2 1
1479882070681 2 1
1479882074001 R
1479882074001 R
1479882078584 9 1
1479882078584 9 1
1479882079960 10 2
1479882079960 10 2
1479882082448 6 1
1479882082448 6 1
1479882084520 3 -1
1479882084520 3 -1
1479882085904 2 1
1479882085904 2 1
1479882087439 6 -2
1479882087439 6 -2
1479882089480 R
1479882089480 R
1479882102766 1 1
1479882102766 1 1
1479882103413 9 1
1479882103413 9 1
1479882104478 6 2
1479882104478 6 2
1479882117301 0 1
1479882117301 0 1
1479882119109 2 1
1479882119109 2 1
1479882122004 10 1
1479882122004 10 1
1479882123933 R
1479882123933 R
1479882134042 1 -2
1479882134042 1 -2
1479882137220 10 2
1479882137220 10 2
1479882143283 9 -1
1479882143283 9 -1
1479882146114 10 -2
1479882146114 10 -2
1479882148747 R
1479882148747 R
1479882159761 1 -2
1479882159761 1 -2
1479882163513 3 -1
1479882163513 3 -1
1479882164344 6 -1
1479882164344 6 -1
1479882166737 7 -2
1479882166737 7 -2
1479882169496 10 2
1479882169496 10 2
1479882172839 9 -1
1479882172839 9 -1
1479882174792 8 3
1479882174792 8 3
1479882178871 7 2
1479882178871 7 2
1479882188383 10 -2
1479882188383 10 -2
1479882191199 7 -2
1479882191199 7 -2
1479882193222 8 -3
1479882193222 8 -3
1479882196315 1 3
1479882196315 1 3
1479882199246 9 2
1479882199246 9 2
1479882200230 7 2
1479882200230 7 2
1479882201598 6 3
1479882201598 6 3
1479882207797 5 -1
1479882207797 5 -1
1479882209101 10 1
1479882209101 10 1
1479882211508 2 1
1479882211508 2 1
1479882212517 0 1
1479882212517 0 1
1479882213998 2 -2
1479882213998 2 -2
1479882215389 R
1479882215389 R
1479882221092 3 -1
1479882221092 3 -1
1479882225460 9 1
1479882225460 9 1
1479882227099 1 1
1479882227099 1 1
1479882229252 6 2
1479882229252 6 2
1479882232779 5 -1
1479882232779 5 -1
1479882233755 10 -1
1479882233755 10 -1
1479882235795 9 1
1479882235795 9 1
1479882236317 7 1
1479882236317 7 1
1479882238491 8 2
1479882238491 8 2
1479882246850 6 -2
1479882246850 6 -2
1479882249241 8 -2
1479882249241 8 -2
1479882250316 1 -3
1479882250316 1 -3
1479882256609 9 -1
1479882256609 9 -1
1479882257385 7 -1
1479882257385 7 -1
1479882258761 10 3
1479882258761 10 3
1479882263777 5 1
1479882263777 5 1
1479882264777 6 -1
1479882264777 6 -1
1479882267072 9 -2
1479882267072 9 -2
1479882268064 7 -2
1479882268064 7 -2
1479882269648 8 3
1479882269648 8 3
1479882270872 7 2
1479882270872 7 2
1479882275752 6 1
1479882275752 6 1
1479882278983 3 1
1479882278983 3 1
1479882282047 10 -2
1479882282047 10 -2
1479882285417 R
1479882285417 R
1479882291214 1 -2
1479882291214 1 -2
1479882295142 1 3
1479882295142 1 3
1479882295830 9 1
1479882295830 9 1
1479882297133 6 2
1479882297133 6 2
1479882301269 2 1
1479882301269 2 1
1479882304140 0 1
1479882304140 0 1
1479882305397 3 -1
1479882305397 3 -1
1479882309261 5 -1
1479882309261 5 -1
1479882310372 10 -1
1479882310372 10 -1
1479882311474 7 1
1479882311474 7 1
1479882313429 9 1
1479882313429 9 1
1479882315332 8 2
1479882315332 8 2
1479882316948 0 2
1479882316948 0 2
1479882318388 6 -2
1479882318388 6 -2
1479882320988 2 -2
1479882320988 2 -2
1479882322228 1 -3
1479882322228 1 -3
1479882324212 8 1
1479882324212 8 1
1479882327322 7 -1
1479882327322 7 -1
1479882329806 7 1
1479882329806 7 1
1479882331947 2 1
1479882331947 2 1
1479882335161 8 -1
1479882335161 8 -1
1479882336458 2 -1
1479882336458 2 -1
1479882340042 8 1
1479882340042 8 1
1479882341285 7 -1
1479882341285 7 -1
1479882342545 10 1
1479882342545 10 1
1479882343546 5 1
1479882343546 5 1
1479882344658 6 -1
1479882344658 6 -1
1479882345874 7 -2
1479882345874 7 -2
1479882352225 8 -1
1479882352225 8 -1
1479882358064 8 1
1479882358064 8 1
1479882362527 2 1
1479882362527 2 1
1479882364688 7 2
1479882364688 7 2
1479882369256 2 -1
1479882369256 2 -1
1479882371345 7 -2
1479882371345 7 -2
1479882383198 2 1
1479882383198 2 1
1479882388070 7 2
1479882388070 7 2
1479882388862 2 -1
1479882388862 2 -1
1479882394278 R
1479882394278 R
1479882396917 9 -1
1479882396917 9 -1
1479882397692 1 -2
1479882397692 1 -2
1479882399908 10 2
1479882399908 10 2
1479882402813 R
1479882402813 R
1479882412004 2 1
1479882412004 2 1
1479882415020 1 -1
1479882415020 1 -1
1479882416980 9 2
1479882416980 9 2
1479882419435 6 1
1479882419435 6 1
1479882420364 R
1479882420364 R
1479882425627 9 -1
1479882425627 9 -1
1479882427314 1 -2
1479882427314 1 -2
1479882432778 10 2
1479882432778 10 2
1479882435122 9 2
1479882435122 9 2
1479882436153 6 1
1479882436153 6 1
1479882437218 R
1479882437218 R
1479882442570 9 -1
1479882442570 9 -1
1479882443409 1 -2
1479882443409 1 -2
1479882446001 3 -1
1479882446001 3 -1
1479882447209 6 -1
1479882447209 6 -1
1479882450265 10 2
1479882450265 10 2
1479882452833 7 -2
1479882452833 7 -2
1479882454897 8 3
1479882454897 8 3
1479882456904 7 2
1479882456904 7 2
1479882458224 6 1
1479882458224 6 1
1479882460888 10 -2
1479882460888 10 -2
1479882462960 5 -1
1479882462960 5 -1
1479882463775 10 -1
1479882463775 10 -1
1479882464482 7 1
1479882464482 7 1
1479882465935 8 -3
1479882465935 8 -3
1479882467354 9 3
1479882467354 9 3
1479882468238 1 3
1479882468238 1 3
1479882470006 6 2
1479882470006 6 2
1479882473423 8 2
1479882473423 8 2
1479882474594 0 3
1479882474594 0 3
1479882479566 6 -2
1479882479566 6 -2
1479882480757 1 -3
1479882480757 1 -3
1479882483358 8 1
1479882483358 8 1
1479882484550 2 -1
1479882484550 2 -1
1479882486101 8 -1
1479882486101 8 -1
1479882490365 8 1
1479882490365 8 1
1479882491653 7 -1
1479882491653 7 -1
1479882492981 10 1
1479882492981 10 1
1479882503861 R
1479882503861 R
1479882506452 1 -2
1479882506452 1 -2
1479882507380 9 -1
1479882507380 9 -1
1479882510276 10 2
1479882510276 10 2
1479882516779 3 -1
1479882516779 3 -1
1479882518955 6 -1
1479882518955 6 -1
