1479992375807 10 2
1479992377414 9 1
1479992379065 10 -1
1479992379590 1 1
1479992380453 6 2
1479992387875 3 -1
1479992388816 6 -3
1479992391476 2 1
1479992392095 7 -3
1479992394374 6 3
1479992396345 8 1
1479992398825 4 4
1479992408125 6 -3
1479992410761 8 -1
1479992411517 7 3
1479992412171 6 3
1479992412911 0 1
1479992413849 3 1
1479992414681 2 -4
1479992416741 2 1
1479992417294 3 -1
1479992420242 5 -1
1479992421020 5 1
1479992423271 2 1
1479992423887 2 1
1479992426811 0 -1
1479992427519 6 -3
1479992428292 7 -2
1479992428777 9 -2
1479992429914 1 -3
1479992432276 8 3
1479992437138 10 1
1479992441004 R
1479992444940 9 1
1479992445432 1 1
1479992446111 6 2
1479992446906 0 1
1479992448206 4 1
1479992449080 2 -3
1479992452417 2 1
1479992453033 2 1
1479992453839 4 -1
1479992454210 3 -1
1479992455690 2 1
1479992456089 0 -1
1479992456610 6 -3
1479992459962 6 3
1479992470003 6 -1
1479992470602 1 -3
1479992471662 5 -1
1479992472217 10 -1
1479992472871 7 1
1479992473293 9 1
1479992473893 8 3
1479992481492 7 -1
1479992482006 10 1
1479992482553 5 1
1479992483200 6 -2
1479992485684 7 -2
1479992486978 8 -3
1479992488015 1 3
1479992489145 7 2
1479992490072 6 3
1479992491296 0 1
1479992495062 4 1
1479992496177 3 1
1479992497745 2 -3
1479992498634 0 -1
1479992499234 6 -1
1479992500006 1 -3
1479992501929 9 -1
1479992502718 10 2
1479992506085 R
1479992556477 10 2
1479992559431 9 1
1479992563235 10 -1
1479992563749 1 1
1479992564599 6 2
1479992570601 4 1
1479992570930 0 1
1479992571569 2 -3
1479992572997 0 -1
1479992588617 R
1479992589825 10 1
1479992591111 10 -1
1479992594385 9 -1
1479992594931 1 -1
1479992596903 9 1
1479992598635 1 -1
1479992599165 9 -1
1479992600817 10 2
1479992602103 R
1479992607210 3 -1
1479992607647 6 -1
1479992608248 7 -2
1479992625049 9 -1
1479992625658 1 1
1479992626723 2 1
1479992630817 9 2
1479992631285 7 -1
1479992632235 6 3
1479992633101 0 1
1479992637887 9 1
1479992638495 8 2
1479992639244 0 2
1479992641543 6 -3
1479992647857 7 1
1479992651623 7 -1
1479992653393 1 -2
1479992654298 1 2
1479992664073 7 1
1479992664723 2 -1
1479992665998 1 -3
1479992666724 8 1
1479992668383 7 2
1479992680771 6 2
1479992681684 3 1
1479992682471 4 1
1479992685059 2 -3
1479992685839 4 2
1479992686922 6 -1
1479992688824 2 1
1479992689245 3 -1
1479992689778 6 -1
1479992691124 7 -3
1479992701026 8 -1
1479992703208 6 2
1479992703808 1 2
1479992704876 1 1
1479992705250 6 1
1479992706194 0 -2
1479992707754 8 -1
1479992708364 9 -1
1479992708829 10 1
1479992709468 4 1
1479992710474 8 -1
1479992713092 3 1
1479992713640 2 -1
1479992714706 0 -1
1479992715516 6 -2
1479992716826 9 -1
1479992719094 1 -1
1479992722268 9 -2
1479992722992 1 -2
1479992727834 6 1
1479992728481 8 3
1479992733508 8 -1
1479992734117 1 3
1479992734630 6 1
1479992735746 0 2
1479992740580 0 1
1479992742162 6 -2
1479992742889 1 -3
1479992743576 10 1
1479992744182 0 2
