1481967101795 10 2
1481967109129 1 -2
1481967118251 1 2
1481967118806 9 -1
1481967119597 1 -2
1481967124693 3 -1
1481967125317 5 -1
1481967127304 10 -3
1481967127958 10 3
1481967130205 1 2
1481967130751 9 2
1481967139421 6 1
1481967144456 5 1
1481967146089 3 1
1481967163308 1 -2
1481967166591 3 -1
1481967167785 6 -2
1481967174079 1 2
1481967174588 2 1
1481967180976 9 -2
1481967181392 7 -3
1481967181818 8 2
1481967182829 6 1
1481967183704 3 1
1481967185653 3 -1
1481967186011 5 -1
1481967189275 8 -2
1481967190273 9 2
1481967190826 6 1
1481967288594 5 1
1481967289623 6 -2
1481967292097 9 -2
1481967293819 8 2
1481967294310 6 1
1481967296536 3 1
1481967298749 10 -2
1481967300032 1 1
1481967301383 8 -1
1481967302067 8 -1
1481967302807 9 3
1481967303768 6 2
1481967306257 3 -1
1481967307110 5 -1
1481967308158 10 -1
1481967311629 6 -2
1481967315048 8 2
1481967326248 8 -2
1481967334618 9 -3
1481967335617 8 2
1481967337666 10 2
1481967345216 5 1
1481967346332 3 1
1481967351079 8 -2
1481967352336 9 2
1481967353971 6 2
1481967355250 0 1
1481967360088 3 -1
1481967363017 5 -1
1481967368996 10 -2
1481967371588 10 2
1481967377207 8 1
1481967381071 4 4
1481967384596 8 -1
1481967385685 8 1
1481967387348 0 -1
1481967394376 6 -2
1481967397205 8 -1
1481967398798 9 -2
1481967400452 8 2
1481967404319 5 1
1481967405457 6 -1
1481967414630 4 -1
1481967416442 10 -1
1481967417678 8 -1
1481967419389 9 3
1481967423774 6 3
1481967424839 0 1
1481967425657 5 -1
1481967426624 10 -1
1481967430254 8 1
1481967430849 0 2
1481967433291 0 -3
1481967434040 0 3
1481967435970 4 -3
1481967443203 10 1
1481967443871 10 -1
1481967446526 6 -2
1481967447710 1 -2
