1481426712552 1 -2
1481426714342 9 1
1481426722000 9 1
1481426725480 1 3
1481426727024 6 2
1481426730264 0 1
1481426735439 2 -1
1481426750968 9 -1
1481426752079 10 1
1481426760966 2 2
1481426762272 0 -1
1481426763519 6 -2
1481426765559 1 -2
1481426766976 9 -2
1481426768383 10 1
1481426779678 3 -1
1481426782023 6 -1
1481426784017 9 2
1481426786640 6 2
1481426788478 2 -1
1481426791949 1 -1
1481426793253 1 2
1481426797278 1 -2
1481426800942 5 -1
1481426804766 5 1
1481426806261 4 1
1481426808582 4 -1
1481426815119 10 -2
1481426816150 9 1
1481426820638 6 -2
1481426821878 9 -3
1481426823701 7 -2
1481426825549 8 3
1481426832965 7 2
1481426839061 10 2
1481426853470 7 -2
1481426855719 8 -3
1481426861143 7 2
1481426863126 9 2
1481426867606 1 2
1481426869814 2 1
1481426878670 6 2
1481426884629 5 -1
1481426887865 10 -3
1481426895446 7 1
1481426906231 9 1
1481426910062 8 2
1481426923166 1 1
1481426926646 6 1
1481426933171 0 3
1481426943613 6 -2
1481426947039 1 -2
1481426953356 2 -2
1481426954476 1 -1
1481426956187 8 1
1481426960399 7 -1
1481426967117 6 1
1481426968851 4 3
1481426971268 2 -1
1481426983491 6 -1
1481426988354 7 1
1481426989552 8 -1
1481427000003 8 1
1481427001259 7 -1
1481427009826 10 1
1481427011867 5 1
1481427013995 6 -1
1481427015290 7 -3
1481427017775 8 -1
1481427020282 8 1
1481427028492 8 -1
1481427030020 8 1
1481427042684 6 2
1481427044180 5 -1
1481427045532 10 -1
1481427052923 10 1
1481427057378 5 1
1481427059056 6 -2
1481427065883 8 -1
1481427081616 1 3
1481427084752 6 3
1481427086223 4 -2
1481427104690 4 2
1481427110287 6 -3
1481427118727 1 -3
1481427122516 8 1
1481427127857 8 -1
1481427142888 6 2
1481427161244 5 -1
1481427163198 4 -2
1481427172856 10 -1
1481427187728 4 2
1481427190551 6 -1
1481427196239 8 1
1481427214990 6 1
1481427219439 4 -2
1481427238878 4 2
1481427239695 6 -1
1481427245528 6 1
1481427252303 4 -2
1481427254265 R
1481427258586 3 -1
1481427263840 3 1
1481427264667 9 2
1481427265688 1 1
1481427266630 6 2
1481427268859 0 1
1481427269848 2 1
1481427273352 4 1
1481427274696 2 -4
1481427277959 0 -1
1481427279519 0 1
1481427280111 2 4
1481427281239 4 -1
1481427282592 3 -1
1481427283463 0 -1
1481427284366 6 -3
1481427287360 7 -3
1481427288319 6 3
1481427293111 8 2
1481427294537 0 3
1481427295255 6 -3
1481427299536 6 3
1481427302767 0 -3
1481427303688 6 -3
1481427304729 8 -2
1481427305664 9 -3
1481427306744 1 -2
1481427307712 10 2
1481427309568 8 2
1481427314391 1 1
1481427315223 8 -2
1481427316064 9 2
1481427317218 6 2
1481427319503 10 -1
1481427321343 1 1
1481427322088 6 1
1481427331085 5 -1
1481427332361 10 -2
1481427333688 9 1
1481427334797 8 2
1481427336582 0 3
1481427337429 6 -2
1481427338543 1 -2
1481427340414 1 2
1481427343558 10 1
1481427344352 5 1
1481427345197 6 -1
1481427346800 7 1
1481427347872 2 -2
1481427348621 1 -3
1481427349830 8 1
1481427352142 7 2
1481427352997 6 2
1481427353879 5 -1
1481427354589 10 -1
1481427356135 7 1
1481427364806 8 -1
1481427368054 8 1
1481427368710 7 -1
1481427370221 7 1
1481427371717 6 -1
1481427374326 7 -1
1481427374951 10 1
1481427375626 5 1
1481427376478 6 -1
1481427377590 7 -2
1481427380789 7 2
1481427383800 7 -2
1481427384935 8 -1
1481427385886 1 3
1481427387046 2 2
1481427387935 7 -1
1481427388966 6 3
1481427390429 5 -1
1481427391408 10 -1
1481427394952 0 -2
1481427399950 8 -2
1481427400743 9 -1
1481427401310 10 2
1481427403310 5 1
1481427404942 0 -1
1481427411880 6 -3
1481427412761 9 -2
1481427415336 1 -2
1481427416671 8 2
1481427418246 6 1
1481427418926 5 -1
1481427419990 10 -2
1481427420967 8 -2
1481427422186 1 2
1481427423069 9 3
1481427423773 6 2
1481427425526 8 2
1481427427025 0 3
1481427428023 6 -2
1481427428751 1 -2
1481427430990 10 1
1481427431841 5 1
1481427433253 6 -1
1481427439110 6 2
1481427440862 6 -2
1481427443661 7 1
1481427444382 2 -2
1481427445422 1 -1
1481427446166 8 1
1481427450789 7 2
1481427457188 6 2
1481427458333 5 -1
1481427459341 10 -1
1481427460152 7 1
1481427461014 6 -1
1481427461918 8 -1
1481427465021 6 1
1481427466485 4 3
1481427467357 6 -1
1481427469462 2 -1
1481427470646 8 1
1481427472037 7 -1
1481427478601 7 1
1481427479310 6 1
1481427480814 4 -2
1481427481709 2 2
1481427483205 4 -1
1481427484310 6 -1
1481427487205 7 -1
1481427487845 10 1
1481427488692 5 1
1481427489589 6 -1
1481427490269 7 -2
1481427496421 8 -1
1481427497245 1 3
1481427498453 2 1
1481427499029 7 -1
1481427500863 1 -2
1481427502741 6 2
1481427504013 5 -1
1481427505030 10 -1
1481427507879 6 -1
1481427508879 6 1
1481427510709 1 2
1481427511774 6 1
1481427512710 0 -1
1481427518541 10 1
1481427519246 5 1
1481427520470 0 1
1481427521254 6 -3
1481427523366 6 3
1481427524864 0 -2
1481427530285 8 -2
1481427531166 9 -1
1481427533678 0 -1
1481427535535 6 -3
1481427536741 9 -2
1481427538798 1 -2
1481427539845 10 2
1481427543366 8 2
1481427546230 6 1
1481427548111 6 -1
1481427549069 8 -2
1481427550069 9 2
1481427551197 6 2
1481427552381 6 -2
1481427554398 10 -1
1481427555534 1 2
1481427556533 6 3
1481427557621 0 1
1481427560964 5 -1
1481427561726 5 1
1481427563765 5 -1
1481427564711 10 -2
1481427565365 8 1
1481427566158 9 1
1481427566693 8 1
1481427567389 0 2
1481427568806 6 -2
1481427569799 1 -2
1481427572957 6 1
1481427574885 4 3
1481427577332 10 1
1481427577845 5 1
1481427578597 3 1
1481427581197 6 -1
1481427582025 3 -1
1481427582724 6 -1
1481427584047 7 1
1481427584795 2 -3
1481427585718 1 -1
1481427586503 8 1
1481427588510 7 -1
1481427590865 6 2
1481427591549 5 -1
1481427592438 10 -1
1481427599541 4 -1
1481427600116 4 -1
1481427602188 10 1
1481427621996 8 -1
1481427623228 1 3
1481427624163 6 1
1481427626531 4 2
1481427627330 0 -2
1481427630627 10 -1
1481427632907 R
1481427651787 9 -1
1481427652522 1 -2
1481427653475 10 1
1481427654275 10 1
1481427657858 10 -1
1481427660143 3 -1
1481427660915 5 -1
1481427661746 10 -2
1481427662498 7 1
1481427663428 8 3
1481427666162 8 -3
1481427666956 9 3
1481427668138 1 3
1481427669154 6 2
1481427669850 8 2
1481427671164 0 3
1481427672219 4 3
1481427673762 2 -2
1481427675011 6 -2
1481427675967 1 -3
1481427677675 8 1
1481427678426 6 1
1481427679435 2 2
1481427680674 4 -3
1481427682154 6 -1
1481427684907 6 1
1481427685876 4 3
1481427688388 6 -1
1481427689276 6 1
1481427689923 4 -3
1481427691098 7 -1
1481427691691 10 1
1481427692329 5 1
1481427693828 6 -2
1481427697708 7 -2
1481427699012 7 2
1481427700540 6 2
1481427701564 4 3
1481427702779 5 -1
1481427703740 10 -1
1481427704747 7 1
1481427705715 8 -1
1481427706754 1 3
1481427707834 6 1
1481427708643 0 -3
1481427709562 4 -3
1481427712018 8 -2
1481427712874 6 -2
1481427713850 7 -1
1481427715154 10 1
1481427716162 5 1
1481427716978 6 -1
1481427717841 7 -2
1481427719299 9 -3
1481427720561 1 -3
1481427721795 8 3
1481427722537 10 2
1481427726146 7 2
1481427728489 6 1
1481427732153 6 -1
1481427733377 7 -2
1481427734265 8 -3
1481427735043 7 2
1481427735963 9 2
1481427737656 1 2
1481427739489 10 -2
1481427741010 10 1
1481427742161 1 1
1481427743827 6 3
1481427744592 0 1
1481427745399 2 -1
1481427748808 10 -1
1481427751455 4 1
1481427753295 3 1
1481427754270 2 -2
1481427755725 0 -1
1481427757149 6 -1
1481427758313 1 -3
1481427759301 10 2
1481427766533 10 -2
1481427767312 9 1
1481427768694 1 3
1481427769604 6 1
1481427770373 0 1
1481427771060 2 4
1481427771983 4 -1
1481427773053 3 -1
1481427773756 5 -1
1481427774499 10 -1
1481427775188 7 1
1481427776005 8 2
1481427776756 0 2
1481427777668 6 -2
1481427780381 1 -1
1481427782637 2 -2
1481427783371 1 -2
1481427784555 8 1
1481427786796 7 -1
1481427787491 10 1
1481427788124 5 1
1481427788947 6 -1
1481427792515 7 -2
1481427796613 7 2
1481427803605 6 2
1481427804613 4 3
1481427805565 6 -2
1481427806501 7 -2
1481427807132 2 -1
1481427808660 7 -1
1481427809644 6 2
1481427810412 4 -2
1481427811169 5 -1
1481427811941 10 -1
1481427813509 8 -1
1481427814676 1 3
1481427815613 6 1
1481427818534 0 -2
1481427821485 10 1
1481427822116 5 1
1481427823469 5 -1
1481427824174 10 -1
1481427825660 8 -2
1481427826364 9 -1
1481427827460 10 2
1481427828567 5 1
1481427830488 3 1
1481427831421 2 -1
1481427832880 2 1
1481427833597 3 -1
1481427834253 5 -1
1481427834988 10 -2
1481427837965 9 1
1481427839380 8 2
1481427841685 0 2
1481427842443 6 -1
1481427843185 1 -3
1481427844116 8 1
1481427853725 4 2
1481427854581 6 -1
1481427855357 8 -1
1481427860459 8 1
1481427861676 8 -1
1481427871274 1 3
1481427871993 6 2
1481427872945 0 -2
1481427873716 8 -1
1481427875130 9 -1
1481427875920 10 2
1481427876617 4 1
1481427877185 5 1
1481427878200 8 -1
1481427879984 8 1
1481427881397 3 1
1481427882044 2 -1
1481427882913 8 -1
1481427884146 0 -1
1481427884985 6 -2
1481427885857 9 -3
1481427886761 1 -3
1481427890385 1 3
1481427891440 6 2
1481427893689 8 2
1481427894635 4 -3
1481427895856 0 3
1481427896865 6 -1
1481427898626 1 -3
1481427899754 10 1
1481427900187 0 2
