1481967604668 9 -1
1481967605308 1 -2
1481967611521 10 2
1481967630042 3 -1
1481967631563 6 -1
1481967633463 7 -2
1481967637690 8 3
1481967640997 7 2
1481967643741 6 1
1481967644933 3 1
1481967647234 3 -1
1481967647620 5 -1
1481967655805 5 1
1481967656333 3 1
1481967661393 10 -2
1481967666098 3 -1
1481967666669 5 -1
1481967667432 10 -1
1481967668565 7 1
1481967669652 8 -3
1481967670769 9 3
1481967671715 1 3
1481967672499 2 1
1481967674531 6 2
1481967675724 0 1
1481967677264 8 2
1481967678071 0 2
1481967679860 2 -2
1481967681453 6 -2
1481967682188 1 -3
1481967682802 8 1
1481967685635 8 -1
1481967688461 2 1
1481967692674 8 1
1481967693842 6 1
1481967697986 4 3
1481967699095 4 -3
1481967699919 6 -1
1481967701290 8 -1
1481967703538 6 1
1481967710715 6 -1
1481967712077 6 1
1481967718780 4 3
1481967722081 4 -3
1481967724001 6 -1
1481967726437 8 1
1481967727988 7 -1
1481967729447 10 1
1481967736004 5 1
1481967736854 6 -1
1481967738801 2 -1
1481967752794 7 -2
1481967768923 8 -1
1481967773740 2 1
1481967783446 8 1
1481967786139 2 -1
1481967789694 2 1
1481967794427 7 2
1481967796000 2 -1
1481967798416 6 2
1481967799061 5 -1
1481967799976 10 -1
1481967802445 7 1
1481967804384 8 -1
1481967806581 8 1
1481967807990 7 -1
1481967810786 6 -1
1481967813629 2 1
1481967816666 10 1
1481967820470 6 1
1481967831329 4 1
1481967831979 4 -1
1481967834722 10 -1
1481967837334 7 1
1481967838577 8 -1
1481967844647 2 -1
1481967846720 8 1
1481967848999 7 -1
1481967851900 4 3
1481967852585 6 -1
1481967855410 6 1
1481967856000 4 -3
1481967856632 6 -1
1481967862445 2 1
1481967864298 6 1
1481967865270 4 3
1481967866711 6 -1
1481967869038 2 -2
1481967870534 6 1
1481967871186 4 -2
1481967873139 7 1
1481967875337 8 -1
1481967876766 1 3
1481967877467 6 1
