1479417918186 9 2
1479417923974 6 1
1479417926811 1 1
1479417928385 6 1
1479417932095 3 -1
1479417935175 0 1
1479417937003 2 -1
1479417944355 5 -1
1479417945684 10 -1
1479417947967 7 1
1479417949833 8 2
1479417952626 0 2
1479417958924 6 -2
1479417962207 1 -3
1479417969809 8 1
1479417971549 7 -1
1479417973005 10 1
1479417977365 5 1
1479417978461 6 -1
1479417980828 7 -2
1479417983920 8 -1
1479417995846 1 3
1479417998315 2 2
1479418000815 7 -1
1479418002331 6 3
1479418005663 5 -1
1479418007987 10 -1
1479418029298 6 -2
1479418033280 1 -2
1479418038710 10 1
1479418040797 5 1
1479418042104 6 -1
1479418045523 7 1
1479418046808 2 -2
1479418053582 1 -1
1479418059774 2 1
1479418069091 8 1
1479418071760 7 2
1479418073913 6 2
1479418083615 4 3
1479418089453 6 -2
1479418092951 2 -2
1479418098901 7 -3
1479418103513 8 -1
1479418106846 1 3
1479418109267 6 3
1479418113002 0 -2
1479418117509 4 -2
1479418121232 8 -1
1479418125538 8 -1
1479418128111 9 -1
1479418131030 10 1
1479418135633 R
1479418141985 9 -1
1479418145517 10 1
1479418148875 10 1
1479418153341 3 -1
1479418158984 6 -1
1479418163200 7 -2
1479418165845 1 -2
1479418168316 8 2
1479418171332 8 1
1479418178994 7 2
1479418182102 6 1
1479418184490 3 1
1479418191623 3 -1
1479418192859 6 -1
1479418199003 7 -2
1479418218939 8 -3
1479418224152 7 2
1479418225718 9 2
1479418230886 6 2
1479418234068 1 2
1479418241505 4 1
1479418247256 1 -2
1479418252375 10 -2
1479418253867 1 3
1479418257966 6 1
1479418260081 0 1
1479418261502 2 -1
1479418264758 2 -1
1479418267804 5 -1
1479418274381 10 -1
1479418279399 7 1
1479418280857 9 1
1479418282400 8 2
1479418284131 0 2
1479418285402 6 -1
1479418288170 1 -3
1479418300135 8 1
1479418305332 8 -1
1479418310910 2 2
1479418312754 4 -1
1479418316261 6 -1
1479418322456 6 1
1479418324856 6 -1
1479418330325 8 1
1479418335232 7 -1
1479418336519 10 1
1479418338572 5 1
1479418340337 6 -1
1479418343737 7 -2
1479418350436 2 -1
1479418353822 8 -1
1479418356439 1 3
1479418358649 2 2
1479418360812 7 -1
1479418363799 1 -2
1479418369095 1 2
1479418371006 6 2
1479418373687 6 1
1479418376559 0 -3
1479418379530 6 -2
1479418381732 6 -1
1479418384726 1 -2
1479418387442 8 -2
1479418392663 9 -3
1479418395424 10 2
1479418397589 8 1
1479418403265 8 1
1479418411905 8 -2
1479418415888 1 1
1479418418190 10 -2
1479418423047 1 1
1479418427531 8 2
1479418430142 8 -2
1479418432998 9 2
1479418434793 6 3
1479418442439 8 1
1479418447923 6 -3
1479418450487 6 1
1479418453991 6 2
1479418461636 5 -1
1479418463409 10 -1
1479418466449 0 1
1479418471301 9 1
1479418472787 8 1
1479418476429 0 2
1479418478099 6 -2
1479418480945 1 -2
1479418490366 10 1
1479418492068 5 1
1479418493101 6 -1
1479418495668 7 1
1479418497565 2 -2
1479418499709 1 -1
1479418502857 8 1
1479418510381 2 1
1479418513099 7 2
1479418514844 6 2
1479418517127 5 -1
1479418518458 10 -1
1479418521306 7 1
1479418523484 8 -1
1479418525020 1 3
1479418529788 6 -1
1479418533544 2 1
1479418535668 1 -2
1479418541026 2 -2
1479418542335 1 -1
1479418545481 8 1
1479418549196 7 -1
1479418550326 10 1
1479418552040 5 1
1479418553158 6 -1
