1482198986695 2 1
1482198987555 9 -1
1482198988280 1 -1
1482198991238 10 2
1482198999079 1 1
1482198999885 9 2
1482199000745 6 1
1482199002287 4 1
1482199003519 2 -1
1482199004330 1 -2
1482199009163 10 -2
1482199009998 9 1
1482199012321 1 3
1482199013251 6 1
1482199015163 9 -1
1482199015813 10 1
1482199017201 2 1
1482199069049 0 1
1482199069504 4 -1
1482199070223 3 -1
1482199071131 2 -2
1482199073326 5 -1
1482199074634 10 -2
1482199075528 7 1
1482199076446 9 1
1482199077479 8 2
1482199078456 0 2
1482199080771 4 3
1482199081889 2 -1
1482199082911 6 -2
1482199084168 1 -3
1482199085243 8 1
1482199086143 7 -1
1482199087453 10 1
1482199089372 6 1
1482199090095 4 -2
1482199091136 10 -1
1482199092072 7 1
1482199094596 4 2
1482199114308 6 -1
1482199116015 6 1
1482199117217 4 -2
1482199118795 4 2
1482199119858 6 -1
1482199120689 8 -1
1482199122845 8 1
1482199123554 7 -1
1482199124446 10 1
1482199130273 6 1
1482199131028 4 -2
1482199135271 10 -1
1482199138966 7 1
1482199139733 8 -1
1482199141045 1 3
1482199141678 6 1
1482199142856 4 2
1482199144264 2 3
1482199145207 6 -2
1482199147031 1 -2
1482199148616 6 1
1482199154543 6 -1
1482199156279 2 -3
1482199157411 1 -1
1482199158142 8 1
1482199158820 7 -1
1482199159488 6 1
1482199160309 4 -2
1482199161697 10 1
1482199162541 5 1
1482199164191 4 2
1482199164928 6 -2
1482199165572 7 -3
1482199167189 8 -1
1482199167789 8 1
1482199169546 6 2
1482199170708 4 -2
1482199171772 5 -1
1482199172811 10 -1
1482199176762 8 -1
1482199178169 1 3
1482199179328 6 1
1482199182188 6 -1
1482199183109 1 -3
1482199184592 8 1
1482199197990 10 1
1482199199477 8 -1
1482199200081 5 1
1482199201442 3 1
1482199202269 2 -1
1482199204993 8 1
1482199208406 2 1
1482199208971 3 -1
1482199209586 5 -1
1482199210191 10 -1
1482199217405 4 2
1482199218326 6 -1
1482199220405 8 -1
1482199221846 1 3
1482199222643 6 2
1482199223405 4 -2
1482199224376 0 -2
1482199226064 8 -2
1482199226915 9 -1
1482199229580 10 2
1482199231000 10 -2
1482199232869 8 1
1482199236639 10 2
1482199240484 10 -2
1482199241115 9 1
1482199241699 8 1
1482199242352 10 1
1482199245767 4 2
1482199248437 0 2
1482199249370 6 -2
1482199250180 1 -3
1482199251375 8 1
1482199252408 8 -1
1482199261675 10 -1
1482199264299 8 1
1482199265355 8 -1
1482199270553 1 3
1482199272131 6 2
1482199272880 4 -2
1482199273697 0 -2
1482199275680 8 -2
1482199277555 8 2
1482199278472 0 2
1482199279354 4 2
1482199280347 6 -2
1482199281226 1 -3
1482199282042 8 1
1482199282720 6 1
1482199286240 6 -1
1482199287228 8 -1
1482199288195 1 3
1482199289329 1 -3
1482199290166 8 1
1482199291046 6 1
1482199291760 4 -2
1482199293559 4 2
1482199294693 6 -1
1482199296674 8 -1
1482199299318 1 3
1482199300112 6 1
1482199301110 4 -2
1482199302127 6 1
1482199302843 0 -2
1482199303864 8 -2
1482199305271 9 -1
1482199306533 10 2
