1481848680919 3 -1
1481848681866 6 -1
1481848687614 9 -1
1481848688523 2 1
1481848689827 2 -1
1481848690937 1 -2
1481848693378 10 2
1481848695564 7 -2
1481848697498 8 3
1481848700108 7 2
1481848719999 R
1481848730090 3 -1
1481848730695 5 -1
1481848731430 10 -1
1481848734336 7 1
1481848737849 9 2
1481848739208 1 1
1481848740571 8 2
1481848741719 6 2
1481848760540 0 3
1481848761328 6 -2
1481848762409 1 -3
1481848763632 8 1
1481848764590 7 -1
1481848767367 10 1
1481848768325 5 1
1481848769162 6 -1
1481848770047 7 -2
1481848771773 8 -1
1481848774827 1 3
1481848775772 2 1
1481848776687 7 -1
1481848777575 6 3
1481848781147 5 -1
1481848782491 10 -1
1481848796220 6 -2
1481848797118 1 -2
1481848799801 1 2
1481848801035 6 2
1481848805541 4 3
1481848811167 6 -2
1481848812934 1 -2
1481848815912 1 2
1481848825091 1 -2
1481848839566 10 1
1481848842659 5 1
1481848844699 6 -1
1481848851688 7 1
1481848853776 2 -2
1481848855025 2 -1
1481848857114 1 -1
1481848860815 8 1
1481848864070 7 -1
1481848870632 8 -1
1481848872164 1 3
1481848875016 6 3
1481848882040 5 -1
1481848883612 4 -2
1481848891354 5 1
1481848901437 6 -1
1481848902989 1 -3
1481848904958 8 1
1481848910640 4 2
1481848912653 6 -2
1481848949212 6 2
1481848950046 5 -1
1481848950799 10 -1
1481848951877 4 -2
1481848960430 4 2
1481848961478 6 -1
1481848980038 6 1
1481848980791 4 -1
1481848983329 10 1
1481848984718 4 -1
1481848986309 4 2
1481848988166 6 -1
1481848990735 8 -1
1481848991660 1 3
1481848993472 10 -1
1481848994949 6 2
1481848997309 0 -2
1481848998509 4 -2
1481849000332 10 1
1481849001394 5 1
1481849002692 5 -1
1481849003340 10 -1
1481849014466 8 -1
1481849015212 8 -1
1481849015871 9 -1
1481849017245 8 1
1481849022517 8 -1
1481849023195 8 1
1481849025082 10 2
1481849025839 5 1
1481849026723 5 -1
1481849027269 10 -2
1481849030836 8 -1
1481849032068 8 1
1481849034521 9 1
1481849035475 9 -1
1481849039359 10 2
1481849040279 5 1
1481849042173 3 1
1481849042956 2 -1
1481849045018 0 -1
1481849045943 8 -1
1481849048811 6 -1
1481849049816 1 -3
1481849051401 10 1
1481849053716 8 1
1481849054641 4 3
1481849057889 6 -1
1481849058717 9 -2
1481849060319 8 2
1481849063730 4 -1
1481849065773 4 1
1481849066697 9 -1
1481849067495 6 1
1481849071481 8 -1
1481849072645 1 2
1481849081127 10 -1
1481849081884 1 1
1481849082441 6 1
1481849084963 0 3
1481849085584 6 -2
1481849086234 1 -3
1481849086950 10 1
1481849093063 0 1
1481849099392 0 1
