1479254670534 10 2
1479254673619 1 -2
1479254675093 9 -1
1479254684139 9 2
1479254687569 1 2
1479254689425 2 1
1479254691552 6 1
1479254693492 1 -1
1479254694627 2 -1
1479254695488 1 -1
1479254702051 3 -1
1479254703407 6 -2
1479254706843 6 2
1479254708387 5 -1
1479254713496 10 -3
1479254716824 9 1
1479254717840 1 3
1479254719377 6 1
1479254721560 2 1
1479254725115 7 1
1479254726265 8 2
1479254727628 0 3
1479254730062 4 3
1479254734577 6 -2
1479254736299 1 -2
1479254741427 6 1
1479254743861 2 -3
1479254745304 1 -1
1479254747345 8 1
1479254753148 4 -2
1479254755737 2 2
1479254763471 7 -1
1479254764901 10 1
1479254765974 5 1
1479254767696 3 1
1479254768751 2 -3
1479254775313 4 2
1479254776804 6 -1
1479254782204 2 3
1479254783405 3 -1
1479254784830 6 -1
1479254786142 7 -2
1479254790437 8 -1
1479254794975 8 1
1479254800409 R
1479254805356 10 2
1479254807809 3 -1
1479254811363 9 -1
1479254812074 2 1
1479254814525 1 -1
1479254815905 6 -1
1479254817551 7 -3
1479254818980 8 2
1479254821839 8 -2
1479254825075 9 2
1479254826534 1 1
1479254830012 7 3
1479254831892 6 2
1479254833167 2 -1
1479254834220 1 -2
1479254838992 4 1
1479254840611 4 -1
1479254842107 5 -1
1479254846248 10 -3
1479254847123 7 1
1479254848267 9 1
1479254849680 8 3
1479254852660 6 -1
1479254857466 7 -1
1479254858936 10 1
1479254859868 5 1
1479254861050 6 -1
1479254863328 7 -2
1479254865317 8 -3
1479254867278 9 -3
1479254869070 8 3
1479254870429 10 2
1479254875370 7 2
1479254877346 6 1
1479254878560 3 1
1479254882099 3 -1
1479254883527 6 -1
1479254885726 7 -2
1479254888069 8 -3
1479254892206 9 2
1479254893943 7 2
1479254895358 6 2
1479254897547 4 1
1479254900094 4 -1
1479254902934 5 -1
1479254904635 10 -3
1479254905781 9 1
1479254906675 7 1
1479254908151 8 3
1479254913797 8 -2
1479254916760 8 1
1479254921432 8 -2
1479254922565 7 -1
1479254924595 9 -1
1479254926139 10 3
1479254927300 5 1
1479254930480 3 1
1479254932712 1 2
1479254934498 10 -2
1479254935812 1 1
1479254937343 6 1
1479254938747 0 1
1479254939877 2 -1
1479254943675 3 -1
1479254945236 5 -1
1479254947934 10 -1
1479254949054 7 1
1479254951199 9 1
1479254952740 8 2
1479254954284 0 2
1479254955969 6 -2
1479254958764 1 -3
1479254960917 8 1
1479254965746 8 -1
1479254967971 1 3
1479254980872 6 2
1479254984425 4 3
1479254985907 2 -1
1479254987335 6 -2
1479254988861 1 -3
1479254992276 8 1
1479254994026 6 1
1479254995194 7 -1
1479254997080 10 1
1479254998690 5 1
1479255000118 6 -2
1479255002351 7 -3
1479255005075 8 -1
1479255006478 1 3
1479255011439 1 -3
1479255017645 1 3
1479255019588 6 3
1479255022512 0 -2
1479255023877 8 -1
1479255026115 9 -1
1479255027276 10 1
1479255030962 4 -2
1479255032147 5 -1
1479255033337 10 -2
1479255035214 9 1
1479255037221 8 1
1479255040433 0 2
1479255041863 6 -1
1479255043549 1 -3
1479255049339 4 2
1479255051180 6 -1
1479255054902 8 1
1479255056478 6 1
1479255057609 8 -1
1479255058875 1 3
1479255060893 6 1
1479255065999 0 -2
1479255067404 8 -1
1479255068917 4 -2
1479255070386 8 -1
1479255072091 9 -1
1479255075977 10 2
1479255078480 5 1
1479255079881 3 1
1479255081168 2 -1
1479255088990 R
1479255095159 1 1
1479255098253 9 -1
1479255103817 1 -3
1479255105605 10 2
1479255110003 3 -1
1479255111292 6 -1
1479255112618 7 -2
1479255114808 8 3
1479255121132 7 2
1479255122550 6 1
1479255128352 6 -1
1479255130512 7 -2
1479255133030 8 -3
1479255134572 7 2
1479255135699 9 2
1479255137183 1 2
1479255140278 10 -2
1479255141886 1 1
1479255143485 6 3
1479255145236 0 1
1479255146732 2 -1
1479255148525 5 -1
1479255149889 10 -1
1479255154569 7 1
1479255155656 9 1
1479255157398 8 2
1479255158901 0 2
1479255160793 6 -2
1479255164179 6 2
1479255166178 0 -2
1479255168007 8 -2
1479255169168 7 -1
1479255170519 9 -1
1479255171810 10 2
1479255173155 5 1
1479255174866 3 1
1479255175973 4 1
1479255177168 2 -2
1479255179906 0 -1
1479255181142 6 -1
1479255182271 1 -3
1479255187383 10 1
1479255195185 R
1479255206658 10 2
1479255209327 3 -1
1479255214883 6 -1
1479255216604 9 -1
1479255217583 1 -2
1479255219064 7 -2
1479255223258 8 3
1479255228235 8 -3
1479255229509 9 2
1479255230760 7 2
1479255232101 R
1479255236974 2 1
1479255244001 9 -1
1479255246348 2 -1
1479255247832 1 -2
1479255250718 3 -1
1479255252272 6 -1
1479255253724 7 -2
1479255258678 10 2
1479255260084 8 3
1479255265606 7 2
1479255273476 R
1479255276498 10 2
1479255281163 3 -1
1479255283093 9 -1
1479255287121 6 -1
1479255288245 7 -2
1479255290317 1 -2
1479255291542 8 3
1479255293358 R
1479255298099 2 1
1479255302908 10 2
1479255306898 9 -1
1479255311846 3 -1
1479255314175 6 -1
1479255315431 7 -3
1479255317727 8 2
1479255584770 7 1
1479255586168 2 -1
1479255595413 1 -2
1479255597311 8 1
1479255598471 7 2
1479255600534 6 1
1479255602265 5 -1
1479255604615 10 -3
1479255606184 7 1
1479255607817 8 -3
1479255608933 9 3
1479255610264 1 3
1479255613053 6 2
1479255621238 0 1
1479255622635 2 -1
1479255623919 8 2
1479255625603 0 2
1479255626816 6 -2
1479255631597 1 -3
1479255634393 6 1
1479255635958 2 1
1479255637791 4 3
1479255640482 6 -1
1479255642219 2 -2
1479255644163 8 1
1479255645493 7 -1
1479255647340 10 1
1479255648861 5 1
1479255650842 6 -1
1479255651826 7 -3
1479255653810 8 -1
1479255655739 8 1
1479255657562 6 2
1479255660169 8 -1
1479255661230 1 3
1479255662680 6 1
1479255664715 0 -1
1479255668961 4 -2
1479255670774 5 -1
1479255672301 10 -1
1479255673553 0 1
1479255675248 0 -2
1479255676241 8 -2
1479255677474 9 -1
1479255689192 10 2
1479255693909 8 1
1479255694777 5 1
1479255698043 5 -1
1479255699382 4 3
1479255701707 8 -1
1479255755346 8 1
1479255757116 4 -3
1479255759068 5 1
1479255761219 5 -1
1479255765178 8 -1
1479255769793 8 1
1479255861901 R
