1482418413543 1 -2
1482418413543 1 -2
1482418413543 1 -2
1482418417453 10 2
1482418417453 10 2
1482418417453 10 2
1482418425556 10 -2
1482418425556 10 -2
1482418425556 10 -2
1482418427174 1 3
1482418427174 1 3
1482418427174 1 3
1482418428366 2 1
1482418428366 2 1
1482418428366 2 1
1482418429606 9 2
1482418429606 9 2
1482418429606 9 2
1482418431301 6 2
1482418431301 6 2
1482418431301 6 2
1482418437312 0 1
1482418437312 0 1
1482418437312 0 1
1482418438163 4 1
1482418438163 4 1
1482418438163 4 1
1482418438710 3 -1
1482418438710 3 -1
1482418438710 3 -1
1482418440006 5 -1
1482418440006 5 -1
1482418440006 5 -1
1482418441226 10 -1
1482418441226 10 -1
1482418441226 10 -1
1482418443688 7 1
1482418443688 7 1
1482418443688 7 1
1482418444646 8 2
1482418444646 8 2
1482418444646 8 2
1482418445843 4 2
1482418445843 4 2
1482418445843 4 2
1482418446758 0 2
1482418446758 0 2
1482418446758 0 2
1482418449640 2 -3
1482418449640 2 -3
1482418449640 2 -3
1482418454158 6 -2
1482418454158 6 -2
1482418454158 6 -2
1482418454976 2 3
1482418454976 2 3
1482418454976 2 3
1482418456615 6 2
1482418456615 6 2
1482418456615 6 2
1482418462728 0 -3
1482418462728 0 -3
1482418462728 0 -3
1482418467461 4 -3
1482418467461 4 -3
1482418467461 4 -3
1482418472361 6 -2
1482418472361 6 -2
1482418472361 6 -2
1482418473013 1 -2
1482418473013 1 -2
1482418473013 1 -2
1482418476358 R
1482418476358 R
1482418476358 R
1482418519934 1 1
1482418519934 1 1
1482418519934 1 1
1482418521285 9 2
1482418521285 9 2
1482418521285 9 2
1482418522125 6 2
1482418522125 6 2
1482418522125 6 2
1482418527589 6 -2
1482418527589 6 -2
1482418527589 6 -2
1482418528237 1 -3
1482418528237 1 -3
1482418528237 1 -3
1482418529453 9 -3
1482418529453 9 -3
1482418529453 9 -3
1482418531366 10 2
1482418531366 10 2
1482418531366 10 2
1482418534711 3 -1
1482418534711 3 -1
1482418534711 3 -1
1482418537753 6 -1
1482418537753 6 -1
1482418537753 6 -1
1482418542261 9 2
1482418542261 9 2
1482418542261 9 2
1482418545473 6 2
1482418545473 6 2
1482418545473 6 2
1482418551998 1 2
1482418551998 1 2
1482418551998 1 2
1482418553091 2 1
1482418553091 2 1
1482418553091 2 1
1482418555054 R
1482418555054 R
1482418555054 R
1482418557517 10 2
1482418557517 10 2
1482418557517 10 2
1482418562678 1 -2
1482418562678 1 -2
1482418562678 1 -2
1482418563494 9 -1
1482418563494 9 -1
1482418563494 9 -1
1482418568966 1 2
1482418568966 1 2
1482418568966 1 2
1482418569662 9 2
1482418569662 9 2
1482418569662 9 2
1482418570564 2 1
1482418570564 2 1
1482418570564 2 1
1482418571594 6 1
1482418571594 6 1
1482418571594 6 1
1482418573174 4 1
1482418573174 4 1
1482418573174 4 1
1482418573931 3 -1
1482418573931 3 -1
1482418573931 3 -1
1482418574790 5 -1
1482418574790 5 -1
1482418574790 5 -1
1482418575494 5 1
1482418575494 5 1
1482418575494 5 1
1482418576677 4 -1
1482418576677 4 -1
1482418576677 4 -1
1482418577580 6 -2
1482418577580 6 -2
1482418577580 6 -2
1482418583671 2 -1
1482418583671 2 -1
1482418583671 2 -1
1482418584564 1 -2
1482418584564 1 -2
1482418584564 1 -2
1482418585256 9 -2
1482418585256 9 -2
1482418585256 9 -2
1482418586294 7 -2
1482418586294 7 -2
1482418586294 7 -2
1482418587014 8 3
1482418587014 8 3
1482418587014 8 3
1482418590494 7 2
1482418590494 7 2
1482418590494 7 2
1482418591431 6 1
1482418591431 6 1
1482418591431 6 1
1482418592480 5 -1
1482418592480 5 -1
1482418592480 5 -1
1482418601470 5 1
1482418601470 5 1
1482418601470 5 1
1482418602478 3 1
1482418602478 3 1
1482418602478 3 1
1482418603431 3 -1
1482418603431 3 -1
1482418603431 3 -1
1482418604934 6 -1
1482418604934 6 -1
1482418604934 6 -1
1482418605924 6 1
1482418605924 6 1
1482418605924 6 1
1482418610039 10 -2
1482418610039 10 -2
1482418610039 10 -2
1482418613926 6 -1
1482418613926 6 -1
1482418613926 6 -1
1482418616663 7 -2
1482418616663 7 -2
1482418616663 7 -2
1482418618133 8 -3
1482418618133 8 -3
1482418618133 8 -3
1482418621293 10 2
1482418621293 10 2
1482418621293 10 2
1482418626390 1 2
1482418626390 1 2
1482418626390 1 2
1482418628246 2 1
1482418628246 2 1
1482418628246 2 1
1482418629006 7 -1
1482418629006 7 -1
1482418629006 7 -1
1482418630614 8 2
1482418630614 8 2
1482418630614 8 2
1482418632164 6 1
1482418632164 6 1
1482418632164 6 1
1482418633311 3 1
1482418633311 3 1
1482418633311 3 1
1482418634439 3 -1
1482418634439 3 -1
1482418634439 3 -1
1482418635467 5 -1
1482418635467 5 -1
1482418635467 5 -1
1482418639064 8 -2
1482418639064 8 -2
1482418639064 8 -2
1482418640207 9 2
1482418640207 9 2
1482418640207 9 2
1482418643655 10 -2
1482418643655 10 -2
1482418643655 10 -2
1482418644917 10 -1
1482418644917 10 -1
1482418644917 10 -1
1482418645703 1 1
1482418645703 1 1
1482418645703 1 1
1482418646724 6 2
1482418646724 6 2
1482418646724 6 2
1482418654047 0 1
1482418654047 0 1
1482418654047 0 1
1482418655947 4 1
1482418655947 4 1
1482418655947 4 1
1482418657328 9 1
1482418657328 9 1
1482418657328 9 1
1482418659983 8 2
1482418659983 8 2
1482418659983 8 2
1482418661240 0 2
1482418661240 0 2
1482418661240 0 2
1482418663575 4 -1
1482418663575 4 -1
1482418663575 4 -1
1482418664710 6 -2
1482418664710 6 -2
1482418664710 6 -2
1482418665630 1 -2
1482418665630 1 -2
1482418665630 1 -2
1482418668271 1 2
1482418668271 1 2
1482418668271 1 2
1482418674064 1 -2
1482418674064 1 -2
1482418674064 1 -2
1482418675293 U
1482418675293 U
1482418675293 U
1482418677206 6 2
1482418677206 6 2
1482418677206 6 2
1482418680126 4 3
1482418680126 4 3
1482418680126 4 3
1482418682116 6 -2
1482418682116 6 -2
1482418682116 6 -2
1482418693286 6 2
1482418693286 6 2
1482418693286 6 2
1482418695499 6 -2
1482418695499 6 -2
1482418695499 6 -2
1482418698366 1 -2
1482418698366 1 -2
1482418698366 1 -2
1482418700366 10 1
1482418700366 10 1
1482418700366 10 1
1482418701231 5 1
1482418701231 5 1
1482418701231 5 1
1482418703303 6 -1
1482418703303 6 -1
1482418703303 6 -1
1482418704400 7 1
1482418704400 7 1
1482418704400 7 1
1482418705753 2 -3
1482418705753 2 -3
1482418705753 2 -3
1482418706864 1 -1
1482418706864 1 -1
1482418706864 1 -1
1482418710368 7 -1
1482418710368 7 -1
1482418710368 7 -1
1482418715071 8 1
1482418715071 8 1
1482418715071 8 1
1482418717070 8 -1
1482418717070 8 -1
1482418717070 8 -1
1482418717925 1 3
1482418717925 1 3
1482418717925 1 3
1482418719582 6 3
1482418719582 6 3
1482418719582 6 3
1482418720664 4 -2
1482418720664 4 -2
1482418720664 4 -2
1482418721617 5 -1
1482418721617 5 -1
1482418721617 5 -1
1482418722875 10 -1
1482418722875 10 -1
1482418722875 10 -1
1482418725308 6 -1
1482418725308 6 -1
1482418725308 6 -1
1482418726065 1 -3
1482418726065 1 -3
1482418726065 1 -3
1482418732945 4 2
1482418732945 4 2
1482418732945 4 2
1482418733873 6 -1
1482418733873 6 -1
1482418733873 6 -1
1482418737457 6 1
1482418737457 6 1
1482418737457 6 1
1482418741401 4 -2
1482418741401 4 -2
1482418741401 4 -2
1482418742974 10 1
1482418742974 10 1
1482418742974 10 1
1482418745731 10 -1
1482418745731 10 -1
1482418745731 10 -1
1482418762090 8 1
1482418762090 8 1
1482418762090 8 1
1482418764496 R
1482418764496 R
1482418764496 R
1482418771031 10 2
1482418771031 10 2
1482418771031 10 2
1482418773314 1 -2
1482418773314 1 -2
1482418773314 1 -2
1482418775974 9 1
1482418775974 9 1
1482418775974 9 1
1482418778498 3 -1
1482418778498 3 -1
1482418778498 3 -1
1482418779594 5 -1
1482418779594 5 -1
1482418779594 5 -1
1482418780891 10 -3
1482418780891 10 -3
1482418780891 10 -3
1482418784591 7 1
1482418784591 7 1
1482418784591 7 1
1482418785377 9 1
1482418785377 9 1
1482418785377 9 1
1482418786314 1 3
1482418786314 1 3
1482418786314 1 3
1482418787507 2 1
1482418787507 2 1
1482418787507 2 1
1482418788347 6 2
1482418788347 6 2
1482418788347 6 2
1482418789647 0 1
1482418789647 0 1
1482418789647 0 1
1482418790707 2 -2
1482418790707 2 -2
1482418790707 2 -2
1482418793417 8 2
1482418793417 8 2
1482418793417 8 2
1482418795507 4 3
1482418795507 4 3
1482418795507 4 3
1482418796471 2 -1
1482418796471 2 -1
1482418796471 2 -1
1482418798277 0 2
1482418798277 0 2
1482418798277 0 2
1482418799454 6 -2
1482418799454 6 -2
1482418799454 6 -2
1482418802873 1 -3
1482418802873 1 -3
1482418802873 1 -3
1482418804437 8 1
1482418804437 8 1
1482418804437 8 1
1482418805457 7 -1
1482418805457 7 -1
1482418805457 7 -1
1482418806440 10 1
1482418806440 10 1
1482418806440 10 1
1482418812497 5 1
1482418812497 5 1
1482418812497 5 1
1482418813730 6 -1
1482418813730 6 -1
1482418813730 6 -1
1482418814522 7 -3
1482418814522 7 -3
1482418814522 7 -3
1482418818184 8 -1
1482418818184 8 -1
1482418818184 8 -1
1482418820434 8 1
1482418820434 8 1
1482418820434 8 1
1482418822484 6 2
1482418822484 6 2
1482418822484 6 2
1482418823447 4 -2
1482418823447 4 -2
1482418823447 4 -2
1482418824553 5 -1
1482418824553 5 -1
1482418824553 5 -1
1482418825587 10 -1
1482418825587 10 -1
1482418825587 10 -1
1482418827657 8 -1
1482418827657 8 -1
1482418827657 8 -1
1482418829002 1 3
1482418829002 1 3
1482418829002 1 3
1482418830226 6 1
1482418830226 6 1
1482418830226 6 1
1482418831314 0 -2
1482418831314 0 -2
1482418831314 0 -2
1482418832276 8 -2
1482418832276 8 -2
1482418832276 8 -2
1482418835946 9 -1
1482418835946 9 -1
1482418835946 9 -1
1482418837004 10 2
1482418837004 10 2
1482418837004 10 2
1482418837747 5 1
1482418837747 5 1
1482418837747 5 1
1482418839216 3 1
1482418839216 3 1
1482418839216 3 1
1482418840138 2 -1
1482418840138 2 -1
1482418840138 2 -1
1482418842770 0 -1
1482418842770 0 -1
1482418842770 0 -1
1482418845560 8 1
1482418845560 8 1
1482418845560 8 1
1482418846827 4 3
1482418846827 4 3
1482418846827 4 3
1482418848257 0 1
1482418848257 0 1
1482418848257 0 1
1482418850418 2 1
1482418850418 2 1
1482418850418 2 1
1482418851593 8 -1
1482418851593 8 -1
1482418851593 8 -1
1482418854490 2 -1
1482418854490 2 -1
1482418854490 2 -1
1482418855418 8 1
1482418855418 8 1
1482418855418 8 1
1482418856378 4 -3
1482418856378 4 -3
1482418856378 4 -3
1482418858313 10 -1
1482418858313 10 -1
1482418858313 10 -1
1482418859230 9 1
1482418859230 9 1
1482418859230 9 1
1482418859962 8 1
1482418859962 8 1
1482418859962 8 1
1482418860772 0 2
1482418860772 0 2
1482418860772 0 2
1482418862990 6 -1
1482418862990 6 -1
1482418862990 6 -1
1482418863617 1 -3
1482418863617 1 -3
1482418863617 1 -3
1482418867793 8 1
1482418867793 8 1
1482418867793 8 1
1482418870337 R
1482418870337 R
1482418870337 R
1482418875617 10 2
1482418875617 10 2
1482418875617 10 2
1482418878105 1 -2
1482418878105 1 -2
1482418878105 1 -2
1482418883897 3 -1
1482418883897 3 -1
1482418883897 3 -1
1482418884960 6 -1
1482418884960 6 -1
1482418884960 6 -1
1482418886747 7 -2
1482418886747 7 -2
1482418886747 7 -2
1482418891141 9 1
1482418891141 9 1
1482418891141 9 1
1482418892216 7 2
1482418892216 7 2
1482418892216 7 2
1482418895978 1 2
1482418895978 1 2
1482418895978 1 2
1482418897256 6 2
1482418897256 6 2
1482418897256 6 2
1482418904290 6 -2
1482418904290 6 -2
1482418904290 6 -2
1482418905938 9 -2
1482418905938 9 -2
1482418905938 9 -2
1482418907306 1 -2
1482418907306 1 -2
1482418907306 1 -2
1482418909054 7 -2
1482418909054 7 -2
1482418909054 7 -2
1482418909924 8 3
1482418909924 8 3
1482418909924 8 3
1482418911240 7 2
1482418911240 7 2
1482418911240 7 2
1482418913904 6 1
1482418913904 6 1
1482418913904 6 1
1482418915106 3 1
1482418915106 3 1
1482418915106 3 1
1482418921025 10 -2
1482418921025 10 -2
1482418921025 10 -2
1482418922950 10 2
1482418922950 10 2
1482418922950 10 2
1482418924520 R
1482418924520 R
1482418924520 R
1482418930706 9 1
1482418930706 9 1
1482418930706 9 1
1482418931635 6 1
1482418931635 6 1
1482418931635 6 1
1482418932710 10 2
1482418932710 10 2
1482418932710 10 2
1482418942590 R
1482418942590 R
1482418942590 R
1482418945004 9 2
1482418945004 9 2
1482418945004 9 2
1482418946085 1 1
1482418946085 1 1
1482418946085 1 1
1482418947027 6 2
1482418947027 6 2
1482418947027 6 2
1482418948141 0 1
1482418948141 0 1
1482418948141 0 1
1482418949697 3 -1
1482418949697 3 -1
1482418949697 3 -1
1482418950933 2 -1
1482418950933 2 -1
1482418950933 2 -1
1482418952292 5 -1
1482418952292 5 -1
1482418952292 5 -1
1482418954034 10 -1
1482418954034 10 -1
1482418954034 10 -1
1482418960230 7 1
1482418960230 7 1
1482418960230 7 1
1482418961142 9 -1
1482418961142 9 -1
1482418961142 9 -1
1482418962360 8 1
1482418962360 8 1
1482418962360 8 1
1482418963394 4 3
1482418963394 4 3
1482418963394 4 3
1482418964405 2 -1
1482418964405 2 -1
1482418964405 2 -1
1482418972033 4 -2
1482418972033 4 -2
1482418972033 4 -2
1482418973164 9 1
1482418973164 9 1
1482418973164 9 1
1482418973771 8 1
1482418973771 8 1
1482418973771 8 1
1482418974963 0 2
1482418974963 0 2
1482418974963 0 2
1482418977973 2 3
1482418977973 2 3
1482418977973 2 3
1482418979052 4 -1
1482418979052 4 -1
1482418979052 4 -1
1482418981033 6 -2
1482418981033 6 -2
1482418981033 6 -2
1482418981827 1 -2
1482418981827 1 -2
1482418981827 1 -2
1482418986236 2 -2
1482418986236 2 -2
1482418986236 2 -2
1482418987043 1 -1
1482418987043 1 -1
1482418987043 1 -1
1482418989131 8 1
1482418989131 8 1
1482418989131 8 1
1482418990250 7 -1
1482418990250 7 -1
1482418990250 7 -1
1482418991290 10 1
1482418991290 10 1
1482418991290 10 1
1482418995771 5 1
1482418995771 5 1
1482418995771 5 1
1482418996583 3 1
1482418996583 3 1
1482418996583 3 1
1482418999024 6 1
1482418999024 6 1
1482418999024 6 1
1482419000453 4 3
1482419000453 4 3
1482419000453 4 3
1482419001437 2 -2
1482419001437 2 -2
1482419001437 2 -2
1482419003961 4 -2
1482419003961 4 -2
1482419003961 4 -2
1482419004564 4 2
1482419004564 4 2
1482419004564 4 2
1482419005765 6 -1
1482419005765 6 -1
1482419005765 6 -1
1482419012078 6 1
1482419012078 6 1
1482419012078 6 1
1482419012884 4 -2
1482419012884 4 -2
1482419012884 4 -2
1482419015808 R
1482419015808 R
1482419015808 R
1482419026133 10 2
1482419026133 10 2
1482419026133 10 2
1482419029789 2 1
1482419029789 2 1
1482419029789 2 1
1482419047804 9 -1
1482419047804 9 -1
1482419047804 9 -1
1482419049760 2 -1
1482419049760 2 -1
1482419049760 2 -1
1482419050758 1 -2
1482419050758 1 -2
1482419050758 1 -2
1482419055973 3 -1
1482419055973 3 -1
1482419055973 3 -1
1482419057196 6 -1
1482419057196 6 -1
1482419057196 6 -1
1482419059020 7 -2
1482419059020 7 -2
1482419059020 7 -2
1482419067167 1 2
1482419067167 1 2
1482419067167 1 2
1482419068096 9 2
1482419068096 9 2
1482419068096 9 2
1482419068972 7 2
1482419068972 7 2
1482419068972 7 2
1482419070009 6 2
1482419070009 6 2
1482419070009 6 2
1482419072463 3 1
1482419072463 3 1
1482419072463 3 1
1482419074350 3 -1
1482419074350 3 -1
1482419074350 3 -1
1482419075238 5 -1
1482419075238 5 -1
1482419075238 5 -1
1482419075774 5 1
1482419075774 5 1
1482419075774 5 1
1482419077094 1 -2
1482419077094 1 -2
1482419077094 1 -2
1482419077998 1 2
1482419077998 1 2
1482419077998 1 2
1482419079108 R
1482419079108 R
1482419079108 R
1482419082317 9 2
1482419082317 9 2
1482419082317 9 2
1482419083461 1 1
1482419083461 1 1
1482419083461 1 1
1482419084674 6 2
1482419084674 6 2
1482419084674 6 2
1482419085454 0 1
1482419085454 0 1
1482419085454 0 1
1482419091519 3 -1
1482419091519 3 -1
1482419091519 3 -1
1482419096694 2 -1
1482419096694 2 -1
1482419096694 2 -1
1482419098894 5 -1
1482419098894 5 -1
1482419098894 5 -1
1482419099917 10 -1
1482419099917 10 -1
1482419099917 10 -1
1482419100841 7 1
1482419100841 7 1
1482419100841 7 1
1482419102087 8 2
1482419102087 8 2
1482419102087 8 2
1482419103173 0 2
1482419103173 0 2
1482419103173 0 2
1482419106377 4 3
1482419106377 4 3
1482419106377 4 3
1482419108147 6 -2
1482419108147 6 -2
1482419108147 6 -2
1482419109134 1 -3
1482419109134 1 -3
1482419109134 1 -3
1482419114414 2 -1
1482419114414 2 -1
1482419114414 2 -1
1482419117526 8 1
1482419117526 8 1
1482419117526 8 1
1482419118310 7 -1
1482419118310 7 -1
1482419118310 7 -1
1482419121993 10 1
1482419121993 10 1
1482419121993 10 1
1482419122957 5 1
1482419122957 5 1
1482419122957 5 1
1482419123973 3 1
1482419123973 3 1
1482419123973 3 1
1482419124782 2 -1
1482419124782 2 -1
1482419124782 2 -1
1482419127381 6 1
1482419127381 6 1
1482419127381 6 1
1482419128196 4 -2
1482419128196 4 -2
1482419128196 4 -2
1482419219547 4 2
1482419219547 4 2
1482419219547 4 2
1482419221607 6 -1
1482419221607 6 -1
1482419221607 6 -1
1482419223070 R
1482419223070 R
1482419223070 R
1482419229016 1 -2
1482419229016 1 -2
1482419229016 1 -2
1482419231935 10 2
1482419231935 10 2
1482419231935 10 2
1482419234096 9 -1
1482419234096 9 -1
1482419234096 9 -1
1482419236433 10 -2
1482419236433 10 -2
1482419236433 10 -2
1482419237272 1 3
1482419237272 1 3
1482419237272 1 3
1482419239123 9 3
1482419239123 9 3
1482419239123 9 3
1482419240360 6 2
1482419240360 6 2
1482419240360 6 2
1482419242884 0 1
1482419242884 0 1
1482419242884 0 1
1482419244561 4 1
1482419244561 4 1
1482419244561 4 1
1482419245700 2 -3
1482419245700 2 -3
1482419245700 2 -3
1482419246761 0 -1
1482419246761 0 -1
1482419246761 0 -1
1482419247744 6 -1
1482419247744 6 -1
1482419247744 6 -1
1482419248310 1 -3
1482419248310 1 -3
1482419248310 1 -3
1482419250029 9 -1
1482419250029 9 -1
1482419250029 9 -1
1482419250949 10 2
1482419250949 10 2
1482419250949 10 2
1482419259093 R
1482419259093 R
1482419259093 R
1482419261359 10 2
1482419261359 10 2
1482419261359 10 2
1482419266549 9 1
1482419266549 9 1
1482419266549 9 1
1482419267806 6 1
1482419267806 6 1
1482419267806 6 1
1482419272031 10 -1
1482419272031 10 -1
1482419272031 10 -1
1482419272723 1 1
1482419272723 1 1
1482419272723 1 1
1482419273350 6 1
1482419273350 6 1
1482419273350 6 1
1482419274326 0 1
1482419274326 0 1
1482419274326 0 1
1482419276751 2 -1
1482419276751 2 -1
1482419276751 2 -1
1482419277505 4 1
1482419277505 4 1
1482419277505 4 1
1482419279334 3 -1
1482419279334 3 -1
1482419279334 3 -1
1482419281998 3 1
1482419281998 3 1
1482419281998 3 1
1482419282702 2 -2
1482419282702 2 -2
1482419282702 2 -2
1482419283534 0 -1
1482419283534 0 -1
1482419283534 0 -1
1482419284829 6 -1
1482419284829 6 -1
1482419284829 6 -1
1482419285614 1 -3
1482419285614 1 -3
1482419285614 1 -3
1482419288830 10 1
1482419288830 10 1
1482419288830 10 1
1482419290574 10 -2
1482419290574 10 -2
1482419290574 10 -2
1482419291469 9 1
1482419291469 9 1
1482419291469 9 1
1482419293712 1 3
1482419293712 1 3
1482419293712 1 3
1482419294526 6 1
1482419294526 6 1
1482419294526 6 1
1482419295472 0 1
1482419295472 0 1
1482419295472 0 1
1482419297215 2 4
1482419297215 2 4
1482419297215 2 4
1482419298174 4 -1
1482419298174 4 -1
1482419298174 4 -1
1482419299498 3 -1
1482419299498 3 -1
1482419299498 3 -1
1482419300478 5 -1
1482419300478 5 -1
1482419300478 5 -1
1482419301534 10 -1
1482419301534 10 -1
1482419301534 10 -1
1482419302435 7 1
1482419302435 7 1
1482419302435 7 1
1482419303374 8 2
1482419303374 8 2
1482419303374 8 2
1482419306178 0 2
1482419306178 0 2
1482419306178 0 2
1482419307301 6 -2
1482419307301 6 -2
1482419307301 6 -2
1482419309959 2 -2
1482419309959 2 -2
1482419309959 2 -2
1482419310839 1 -3
1482419310839 1 -3
1482419310839 1 -3
1482419313712 8 1
1482419313712 8 1
1482419313712 8 1
1482419314455 7 -1
1482419314455 7 -1
1482419314455 7 -1
1482419315192 10 1
1482419315192 10 1
1482419315192 10 1
1482419317481 6 1
1482419317481 6 1
1482419317481 6 1
1482419318980 4 3
1482419318980 4 3
1482419318980 4 3
1482419320056 2 -1
1482419320056 2 -1
1482419320056 2 -1
1482419324824 4 -2
1482419324824 4 -2
1482419324824 4 -2
1482419329976 2 2
1482419329976 2 2
1482419329976 2 2
1482419330836 4 -1
1482419330836 4 -1
1482419330836 4 -1
1482419331943 6 -1
1482419331943 6 -1
1482419331943 6 -1
1482419334616 5 1
1482419334616 5 1
1482419334616 5 1
1482419335543 6 -1
1482419335543 6 -1
1482419335543 6 -1
1482419336255 7 -2
1482419336255 7 -2
1482419336255 7 -2
1482419341946 2 -1
1482419341946 2 -1
1482419341946 2 -1
1482419344847 2 1
1482419344847 2 1
1482419344847 2 1
1482419346823 8 -1
1482419346823 8 -1
1482419346823 8 -1
1482419347672 1 3
1482419347672 1 3
1482419347672 1 3
1482419348767 2 -1
1482419348767 2 -1
1482419348767 2 -1
1482419349599 2 2
1482419349599 2 2
1482419349599 2 2
1482419350559 7 -1
1482419350559 7 -1
1482419350559 7 -1
1482419351559 7 1
1482419351559 7 1
1482419351559 7 1
1482419352559 2 -2
1482419352559 2 -2
1482419352559 2 -2
1482419353183 1 -3
1482419353183 1 -3
1482419353183 1 -3
1482419354575 8 1
1482419354575 8 1
1482419354575 8 1
1482419356367 8 -1
1482419356367 8 -1
1482419356367 8 -1
1482419364151 2 1
1482419364151 2 1
1482419364151 2 1
1482419365415 1 3
1482419365415 1 3
1482419365415 1 3
1482419366175 2 1
1482419366175 2 1
1482419366175 2 1
1482419366895 7 -1
1482419366895 7 -1
1482419366895 7 -1
1482419375034 7 1
1482419375034 7 1
1482419375034 7 1
1482419375858 2 -2
1482419375858 2 -2
1482419375858 2 -2
1482419377026 1 -3
1482419377026 1 -3
1482419377026 1 -3
1482419380314 R
1482419380314 R
1482419380314 R
1482419382030 9 -1
1482419382030 9 -1
1482419382030 9 -1
1482419383650 10 2
1482419383650 10 2
1482419383650 10 2
1482419385818 1 -2
1482419385818 1 -2
1482419385818 1 -2
1482419388458 9 2
1482419388458 9 2
1482419388458 9 2
1482419389362 6 1
1482419389362 6 1
1482419389362 6 1
1482419390426 3 -1
1482419390426 3 -1
1482419390426 3 -1
1482419391613 5 -1
1482419391613 5 -1
1482419391613 5 -1
1482419392377 5 1
1482419392377 5 1
1482419392377 5 1
1482419393500 6 -2
1482419393500 6 -2
1482419393500 6 -2
1482419394379 7 -2
1482419394379 7 -2
1482419394379 7 -2
1482419397257 9 -2
1482419397257 9 -2
1482419397257 9 -2
1482419398218 8 3
1482419398218 8 3
1482419398218 8 3
1482419399851 7 2
1482419399851 7 2
1482419399851 7 2
1482419404411 6 1
1482419404411 6 1
1482419404411 6 1
1482419406003 3 1
1482419406003 3 1
1482419406003 3 1
1482419408757 10 -2
1482419408757 10 -2
1482419408757 10 -2
1482419410938 10 2
1482419410938 10 2
1482419410938 10 2
1482419411931 3 -1
1482419411931 3 -1
1482419411931 3 -1
1482419412692 6 -1
1482419412692 6 -1
1482419412692 6 -1
1482419414074 7 -2
1482419414074 7 -2
1482419414074 7 -2
1482419416470 8 -3
1482419416470 8 -3
1482419416470 8 -3
1482419417507 7 2
1482419417507 7 2
1482419417507 7 2
1482419420540 9 2
1482419420540 9 2
1482419420540 9 2
1482419421307 1 2
1482419421307 1 2
1482419421307 1 2
1482419422826 6 2
1482419422826 6 2
1482419422826 6 2
1482419423578 3 1
1482419423578 3 1
1482419423578 3 1
1482419424314 4 1
1482419424314 4 1
1482419424314 4 1
1482419425748 2 1
1482419425748 2 1
1482419425748 2 1
1482419427338 3 -1
1482419427338 3 -1
1482419427338 3 -1
1482419427930 4 -1
1482419427930 4 -1
1482419427930 4 -1
1482419428474 6 -2
1482419428474 6 -2
1482419428474 6 -2
1482419429410 7 -3
1482419429410 7 -3
1482419429410 7 -3
1482419430697 9 -2
1482419430697 9 -2
1482419430697 9 -2
1482419431673 8 2
1482419431673 8 2
1482419431673 8 2
1482419434893 8 -2
1482419434893 8 -2
1482419434893 8 -2
1482419436745 8 2
1482419436745 8 2
1482419436745 8 2
1482419441203 10 -1
1482419441203 10 -1
1482419441203 10 -1
1482419442058 1 1
1482419442058 1 1
1482419442058 1 1
1482419445834 8 -2
1482419445834 8 -2
1482419445834 8 -2
1482419446906 9 2
1482419446906 9 2
1482419446906 9 2
1482419447889 6 3
1482419447889 6 3
1482419447889 6 3
1482419448873 0 1
1482419448873 0 1
1482419448873 0 1
1482419450009 5 -1
1482419450009 5 -1
1482419450009 5 -1
1482419450929 8 1
1482419450929 8 1
1482419450929 8 1
1482419452801 8 -1
1482419452801 8 -1
1482419452801 8 -1
1482419454042 5 1
1482419454042 5 1
1482419454042 5 1
1482419455225 8 1
1482419455225 8 1
1482419455225 8 1
1482419457953 R
1482419457953 R
1482419457953 R
1482419461416 2 1
1482419461416 2 1
1482419461416 2 1
1482419467370 9 1
1482419467370 9 1
1482419467370 9 1
1482419468682 1 1
1482419468682 1 1
1482419468682 1 1
1482419469312 6 2
1482419469312 6 2
1482419469312 6 2
1482419470197 0 1
1482419470197 0 1
1482419470197 0 1
1482419472044 2 -2
1482419472044 2 -2
1482419472044 2 -2
1482419473992 4 1
1482419473992 4 1
1482419473992 4 1
1482419474925 3 -1
1482419474925 3 -1
1482419474925 3 -1
1482419478313 4 -1
1482419478313 4 -1
1482419478313 4 -1
1482419480842 10 1
1482419480842 10 1
1482419480842 10 1
1482419482665 10 -1
1482419482665 10 -1
1482419482665 10 -1
1482419483481 9 1
1482419483481 9 1
1482419483481 9 1
1482419487065 R
1482419487065 R
1482419487065 R
1482419492977 9 -1
1482419492977 9 -1
1482419492977 9 -1
1482419494764 9 3
1482419494764 9 3
1482419494764 9 3
1482419495807 6 1
1482419495807 6 1
1482419495807 6 1
1482419496885 1 1
1482419496885 1 1
1482419496885 1 1
1482419500261 6 1
1482419500261 6 1
1482419500261 6 1
1482419501748 0 1
1482419501748 0 1
1482419501748 0 1
1482419502610 3 -1
1482419502610 3 -1
1482419502610 3 -1
1482419507191 9 -1
1482419507191 9 -1
1482419507191 9 -1
1482419508125 10 1
1482419508125 10 1
1482419508125 10 1
1482419510389 5 -1
1482419510389 5 -1
1482419510389 5 -1
1482419511361 5 1
1482419511361 5 1
1482419511361 5 1
1482419512356 5 -1
1482419512356 5 -1
1482419512356 5 -1
1482419513381 10 -2
1482419513381 10 -2
1482419513381 10 -2
1482419514716 9 1
1482419514716 9 1
1482419514716 9 1
1482419515716 7 1
1482419515716 7 1
1482419515716 7 1
1482419516405 8 2
1482419516405 8 2
1482419516405 8 2
1482419517168 0 2
1482419517168 0 2
1482419517168 0 2
1482419520911 2 -1
1482419520911 2 -1
1482419520911 2 -1
1482419522061 6 -2
1482419522061 6 -2
1482419522061 6 -2
1482419526622 1 -3
1482419526622 1 -3
1482419526622 1 -3
1482419527492 8 1
1482419527492 8 1
1482419527492 8 1
1482419528337 7 -1
1482419528337 7 -1
1482419528337 7 -1
1482419529484 10 1
1482419529484 10 1
1482419529484 10 1
1482419530411 5 1
1482419530411 5 1
1482419530411 5 1
1482419531220 3 1
1482419531220 3 1
1482419531220 3 1
1482419532732 6 1
1482419532732 6 1
1482419532732 6 1
1482419533804 4 3
1482419533804 4 3
1482419533804 4 3
1482419534857 2 -2
1482419534857 2 -2
1482419534857 2 -2
1482420983863 4 -2
1482420983863 4 -2
1482420983863 4 -2
1482420988243 R
1482420988243 R
1482420988243 R
1482420997966 9 1
1482420997966 9 1
1482420997966 9 1
1482420998775 1 -2
1482420998775 1 -2
1482420998775 1 -2
1482420999736 6 1
1482420999736 6 1
1482420999736 6 1
1482421003441 4 1
1482421003441 4 1
1482421003441 4 1
1482421006239 1 3
1482421006239 1 3
1482421006239 1 3
1482421007196 6 1
1482421007196 6 1
1482421007196 6 1
1482421008232 4 -1
1482421008232 4 -1
1482421008232 4 -1
1482421008869 0 1
1482421008869 0 1
1482421008869 0 1
1482421009582 3 -1
1482421009582 3 -1
1482421009582 3 -1
1482421013479 5 -1
1482421013479 5 -1
1482421013479 5 -1
1482421014476 10 -1
1482421014476 10 -1
1482421014476 10 -1
1482421015503 7 1
1482421015503 7 1
1482421015503 7 1
1482421016566 9 1
1482421016566 9 1
1482421016566 9 1
1482421017786 8 2
1482421017786 8 2
1482421017786 8 2
1482421018686 0 2
1482421018686 0 2
1482421018686 0 2
1482421019616 6 -2
1482421019616 6 -2
1482421019616 6 -2
1482421020303 1 -3
1482421020303 1 -3
1482421020303 1 -3
1482421022144 8 1
1482421022144 8 1
1482421022144 8 1
1482421024880 2 -1
1482421024880 2 -1
1482421024880 2 -1
1482421026496 6 1
1482421026496 6 1
1482421026496 6 1
1482421028439 4 3
1482421028439 4 3
1482421028439 4 3
1482421030719 6 -1
1482421030719 6 -1
1482421030719 6 -1
1482421033183 2 -1
1482421033183 2 -1
1482421033183 2 -1
1482421035392 7 -1
1482421035392 7 -1
1482421035392 7 -1
1482421038887 10 1
1482421038887 10 1
1482421038887 10 1
1482421039519 5 1
1482421039519 5 1
1482421039519 5 1
1482421040303 6 -1
1482421040303 6 -1
1482421040303 6 -1
1482421040726 7 -3
1482421040726 7 -3
1482421040726 7 -3
1482421043879 8 -1
1482421043879 8 -1
1482421043879 8 -1
1482421046292 8 1
1482421046292 8 1
1482421046292 8 1
1482421047429 8 -1
1482421047429 8 -1
1482421047429 8 -1
1482421048412 7 1
1482421048412 7 1
1482421048412 7 1
1482421049855 7 -1
1482421049855 7 -1
1482421049855 7 -1
