1482873423841 2 1
1482873424975 2 -1
1482873425428 1 -2
1482873426040 9 2
1482873428064 1 3
1482873429396 6 2
1482873430176 0 1
1482873430782 2 1
1482873432394 4 1
1482873432951 2 -4
1482873433790 0 -1
1482873434467 6 -1
1482873435183 1 -3
1482873436197 9 -1
1482873436804 10 2
1482873439686 10 -2
1482873440252 9 1
1482873441902 9 -1
1482873442755 9 1
1482873443304 1 3
1482873443849 6 1
1482873446063 6 -1
1482873446835 1 -3
1482873447851 9 -1
1482873448726 10 2
1482873449605 10 -2
1482873450032 9 1
1482873450496 1 3
1482873451320 6 1
1482873451879 0 1
1482873454613 0 -1
1482873457385 6 -1
1482873457939 1 -3
1482873459019 9 -1
1482873459586 10 2
1482873465775 10 -2
1482873469244 1 3
1482873469996 6 1
1482873471801 0 1
1482873472301 2 4
1482873473372 4 -1
1482873473790 3 -1
1482873474665 5 -1
1482873476564 10 -1
1482873477629 7 1
1482873478051 9 1
1482873478695 8 2
1482873480138 0 2
1482873483254 6 -2
1482873483854 1 -2
1482873485880 6 1
1482873486897 1 2
1482873487865 6 1
1482873488455 0 -3
1482873489136 8 -2
1482873490390 6 -2
1482873490931 1 -2
1482873491467 9 -3
1482873492437 7 -1
1482873492973 10 3
1482873493669 5 1
1482873495602 3 1
1482873496362 3 -1
1482873496831 5 -1
1482873497701 1 1
1482873498819 9 2
1482873499369 6 1
1482873500523 2 -1
1482873501235 1 -2
1482873503650 5 1
1482873504783 6 -2
1482873505388 6 2
1482873505949 3 1
1482873506348 4 1
1482873507972 1 2
1482873509186 2 1
1482873510512 1 -1
1482873511667 2 -1
1482873512093 1 -1
1482873513967 10 -2
1482873514571 9 1
1482873516699 9 -1
1482873517260 10 2
1482873519210 10 -2
1482873519791 9 1
1482873520916 1 3
1482873521584 6 1
1482873522687 2 1
1482873523235 0 1
1482873524251 2 -4
1482873524778 0 -1
1482873525263 6 -1
1482873525828 1 -3
1482873526454 9 -1
1482873527008 10 2
1482873530650 10 -2
1482873531313 9 1
1482873532592 1 3
1482873533115 6 1
1482873535421 0 1
1482873536107 2 4
1482873536769 4 -1
1482873537211 3 -1
1482873537843 5 -1
1482873538397 10 -1
1482873539163 7 1
1482873541019 0 -1
1482873541447 6 -2
1482873542060 1 -2
1482873542560 9 -3
1482873543137 7 -1
1482873543810 10 3
1482873544970 5 1
1482873545596 6 -1
1482873546509 7 -3
1482873547219 8 2
1482873548826 8 -2
1482873549651 1 1
1482873550213 9 2
1482873554467 10 -2
1482873555529 1 1
1482873556009 6 3
1482873557925 8 1
1482873560599 5 -1
1482873561315 10 1
1482873561842 10 -2
1482873562349 9 1
1482873562792 8 1
1482873564474 0 3
1482873565173 6 -2
1482873566956 1 -2
1482873568152 1 2
1482873568878 6 2
1482873569719 4 3
1482873571588 6 -2
1482873573215 1 -2
1482873574410 1 2
1482873575100 6 2
1482873576032 4 -3
1482873576824 0 -3
1482873577697 8 -2
1482873578739 6 -2
1482873579590 1 -2
1482873580092 9 -3
1482873580711 10 3
1482873582621 8 2
1482873583408 5 1
1482873585234 8 -2
1482873586257 10 -2
1482873586808 1 2
1482873587378 9 3
1482873590138 6 2
1482873590932 0 1
1482873592131 8 2
1482873592655 0 2
1482873594239 6 -3
1482873595379 1 -2
1482873596485 1 2
1482873597978 7 1
1482873598377 2 -2
1482873598922 1 -3
1482873599752 8 1
1482873600741 8 -1
1482873601200 8 1
1482873602578 7 2
1482873603683 6 2
1482873604614 4 3
1482873605775 2 -1
1482873606250 6 -2
1482873607020 7 -3
1482873607594 8 -1
1482873610860 1 3
1482873611484 6 3
1482873612156 0 -2
1482873612684 8 -1
1482873614740 9 -1
1482873615196 10 1
1482873615720 4 1
1482873616765 8 -1
1482873617624 8 1
1482873619175 3 1
1482873619648 2 -1
1482873620177 0 -1
1482873620669 8 -1
1482873622655 6 -2
1482873623281 9 -3
1482873623826 1 -3
1482873624425 10 1
1482873625214 8 3
1482873627774 8 -1
1482873628238 1 2
1482873628738 6 1
1482873630134 6 -1
1482873631066 8 -2
1482873631709 1 -2
1482873632793 9 3
1482873633673 6 1
1482873636102 10 -1
1482873637203 1 3
1482873638067 6 1
1482873638649 0 1
1482873639597 2 1
1482873639991 3 -1
1482873643320 3 1
1482873643774 2 -1
1482873644336 0 -1
1482873644943 6 -2
1482873645507 9 -3
1482873646098 1 -3
1482873646711 10 1
1482873647297 8 3
1482873649259 4 -1
1482873649819 10 -2
1482873652597 8 -2
1482873653138 9 4
1482873653849 6 1
1482873655911 6 -1
1482873656406 9 -4
1482873657090 10 2
1482873657764 4 1
1482873658302 8 -1
1482873659301 1 2
1482873659892 6 1
1482873660964 1 -2
1482873661362 1 2
1482873661877 10 -1
1482873662335 1 1
1482873662731 6 1
1482873663742 8 2
1482873665589 0 3
1482873666196 6 -2
1482873666770 1 -3
1482873667393 10 1
1482873667843 0 2
