1481847919153 9 -1
1481847921058 10 2
1481847923932 10 -1
1481847924949 10 -1
1481847926081 1 1
1481847927531 9 3
1481847930361 6 2
1481847931585 0 1
1481847935371 2 1
1481847936432 0 -1
1481847937833 3 -1
1481847939332 6 -3
1481847941559 6 3
1481847945244 6 -3
1481847948284 7 -3
1481847953185 6 3
1481847954986 8 2
1481847956359 0 3
1481847958359 6 -2
1481847959929 1 -2
1481847962691 1 2
1481847964777 6 2
1481847967459 0 -1
1481847969122 5 -1
1481847970285 10 -1
1481847971438 0 1
1481847974988 4 3
1481847976883 4 -1
1481847977959 10 1
1481847978990 4 -2
1481847980083 5 1
1481847982167 6 -3
1481847983417 7 1
1481847984990 2 -2
1481847986854 1 -3
1481847987877 8 1
1481847989503 7 2
1481847991093 6 2
1481847995254 5 -1
1481847996427 10 -1
1481847998051 6 -1
1481847999265 2 1
1481848000537 7 1
1481848001616 8 -1
1481848002787 1 3
1481848003957 6 2
1481848009130 6 -2
1481848009951 2 -1
1481848011814 1 -3
1481848013150 8 1
1481848014269 7 -1
1481848015198 10 1
1481848017043 5 1
1481848018226 6 -1
1481848019791 2 1
1481848021269 7 -2
1481848025265 7 2
1481848027088 6 2
1481848030543 4 3
1481848031548 3 1
1481848033061 2 -3
1481848034591 4 -2
1481848038208 R
1481848041988 10 2
1481848045063 10 -2
1481848049744 1 -2
1481848050819 9 -1
1481848052486 10 2
1481848056020 10 -2
1481848057715 1 3
1481848058682 9 3
1481848061280 6 2
1481848064815 2 1
1481848065977 6 -2
1481848067149 2 -1
1481848069258 1 -2
1481848070327 2 1
1481848071912 9 -3
1481848073930 10 2
1481848075462 1 1
1481848077200 10 -1
1481848078546 10 1
1481848080916 3 -1
1481848082209 6 -1
1481848083634 7 -3
1481848087205 9 2
1481848090367 7 3
1481848092354 2 -1
1481848093372 1 -2
1481848095227 6 2
1481848100325 10 -1
1481848102434 1 3
1481848103506 6 1
1481848105908 5 -1
1481848107320 10 -2
1481848108527 7 1
1481848110743 9 1
1481848112173 6 -2
1481848113193 2 1
1481848115922 8 2
1481848118200 6 2
1481848121009 0 3
1481848122731 4 3
1481848124417 2 -3
1481848126664 6 -2
1481848128508 1 -3
1481848129334 8 1
1481848131047 7 -1
1481848133126 10 1
1481848134830 5 1
1481848136065 6 -1
1481848136993 7 -3
1481848138936 8 -1
1481848140445 6 2
1481848144986 1 3
1481848146060 6 1
1481848147058 0 -2
1481848148248 4 -2
1481848149559 8 -2
1481848150742 9 -1
1481848151869 8 1
1481848152938 10 1
1481848154526 4 3
1481848155723 8 -1
1481848157273 8 1
1481848158724 4 -2
1481848160301 10 -1
1481848161710 4 1
1481848163022 9 1
1481848164399 8 1
1481848166990 0 2
1481848168113 3 1
1481848168992 3 -1
1481848170428 6 -3
1481848171962 1 -3
1481848173435 6 2
1481848174867 4 -2
1481848176462 4 2
1481848178665 6 -2
1481848179912 8 1
1481848182480 7 2
1481848183737 2 2
1481848186752 7 1
1481848187540 6 2
1481848188571 3 1
1481848189825 2 -3
1481848196241 2 3
1481848197380 3 -1
1481848198422 5 -1
1481848199464 10 -1
1481848201022 6 -1
1481848202686 7 1
1481848204102 8 -1
1481848205651 6 1
1481848208090 4 -3
1481848210691 6 -1
1481848212411 8 1
1481848214467 8 -1
1481848216348 6 1
1481848220279 2 -1
1481848221932 1 3
1481848223331 6 1
1481848224438 0 -2
1481848225654 8 -2
1481848226625 7 -1
1481848227753 9 -1
1481848229076 10 2
1481848230094 5 1
1481848232799 3 1
1481848233659 4 1
1481848235044 2 -2
1481848238055 10 -1
1481848239211 9 1
1481848240697 9 -1
1481848242477 0 -1
1481848243864 6 -1
1481848245199 1 -3
1481848247776 10 2
1481848248425 10 -2
1481848249481 9 1
1481848250810 1 3
1481848251642 6 1
1481848258123 9 -1
1481848258948 6 -1
1481848260360 1 -3
1481848262269 10 2
1481848264387 10 -2
