1480078751966 9 -1
1480078751966 9 -1
1480078751966 9 -1
1480078751966 9 -1
1480078753491 10 2
1480078753491 10 2
1480078753491 10 2
1480078753491 10 2
1480078760160 2 1
1480078760160 2 1
1480078760160 2 1
1480078760160 2 1
1480078763262 9 2
1480078763262 9 2
1480078763262 9 2
1480078763262 9 2
1480078766222 6 1
1480078766222 6 1
1480078766222 6 1
1480078766222 6 1
1480078770130 3 -1
1480078770130 3 -1
1480078770130 3 -1
1480078770130 3 -1
1480078772368 6 -2
1480078772368 6 -2
1480078772368 6 -2
1480078772368 6 -2
1480078776291 7 -3
1480078776291 7 -3
1480078776291 7 -3
1480078776291 7 -3
1480078778116 6 2
1480078778116 6 2
1480078778116 6 2
1480078778116 6 2
1480078781719 8 1
1480078781719 8 1
1480078781719 8 1
1480078781719 8 1
1480078784548 3 1
1480078784548 3 1
1480078784548 3 1
1480078784548 3 1
1480078786025 4 4
1480078786025 4 4
1480078786025 4 4
1480078786025 4 4
1480078790310 1 -1
1480078790310 1 -1
1480078790310 1 -1
1480078790310 1 -1
1480078794704 8 -1
1480078794704 8 -1
1480078794704 8 -1
1480078794704 8 -1
1480078814528 6 -1
1480078814528 6 -1
1480078814528 6 -1
1480078814528 6 -1
1480078825428 10 -1
1480078825428 10 -1
1480078825428 10 -1
1480078825428 10 -1
1480078829616 3 -1
1480078829616 3 -1
1480078829616 3 -1
1480078829616 3 -1
1480078832970 6 -1
1480078832970 6 -1
1480078832970 6 -1
1480078832970 6 -1
1480078834341 7 3
1480078834341 7 3
1480078834341 7 3
1480078834341 7 3
1480078842109 1 2
1480078842109 1 2
1480078842109 1 2
1480078842109 1 2
1480078858966 7 -3
1480078858966 7 -3
1480078858966 7 -3
1480078858966 7 -3
1480078860468 9 -2
1480078860468 9 -2
1480078860468 9 -2
1480078860468 9 -2
1480078865191 8 2
1480078865191 8 2
1480078865191 8 2
1480078865191 8 2
1480078866331 6 1
1480078866331 6 1
1480078866331 6 1
1480078866331 6 1
1480078867562 4 -1
1480078867562 4 -1
1480078867562 4 -1
1480078867562 4 -1
1480078870932 10 -1
1480078870932 10 -1
1480078870932 10 -1
1480078870932 10 -1
1480078875970 6 -1
1480078875970 6 -1
1480078875970 6 -1
1480078875970 6 -1
1480078882855 8 -1
1480078882855 8 -1
1480078882855 8 -1
1480078882855 8 -1
1480078883827 9 3
1480078883827 9 3
1480078883827 9 3
1480078883827 9 3
1480078885834 7 1
1480078885834 7 1
1480078885834 7 1
1480078885834 7 1
1480078897596 U
1480078897596 U
1480078897596 U
1480078897596 U
1480078899915 R
1480078899915 R
1480078899915 R
1480078899915 R
1480078914703 3 -1
1480078914703 3 -1
1480078914703 3 -1
1480078914703 3 -1
1480078916339 9 2
1480078916339 9 2
1480078916339 9 2
1480078916339 9 2
1480078917465 1 1
1480078917465 1 1
1480078917465 1 1
1480078917465 1 1
1480078919740 6 2
1480078919740 6 2
1480078919740 6 2
1480078919740 6 2
1480078925114 5 -1
1480078925114 5 -1
1480078925114 5 -1
1480078925114 5 -1
1480078927191 10 -1
1480078927191 10 -1
1480078927191 10 -1
1480078927191 10 -1
1480078935607 2 1
1480078935607 2 1
1480078935607 2 1
1480078935607 2 1
1480078937705 2 -1
1480078937705 2 -1
1480078937705 2 -1
1480078937705 2 -1
1480078939567 6 -2
1480078939567 6 -2
1480078939567 6 -2
1480078939567 6 -2
1480078940986 1 -3
1480078940986 1 -3
1480078940986 1 -3
1480078940986 1 -3
1480078943248 9 -3
1480078943248 9 -3
1480078943248 9 -3
1480078943248 9 -3
1480078946571 7 1
1480078946571 7 1
1480078946571 7 1
1480078946571 7 1
1480078948530 8 3
1480078948530 8 3
1480078948530 8 3
1480078948530 8 3
1480078968995 7 -1
1480078968995 7 -1
1480078968995 7 -1
1480078968995 7 -1
1480078970696 10 3
1480078970696 10 3
1480078970696 10 3
1480078970696 10 3
1480078972719 5 1
1480078972719 5 1
1480078972719 5 1
1480078972719 5 1
1480078975754 6 -1
1480078975754 6 -1
1480078975754 6 -1
1480078975754 6 -1
1480079004135 7 -2
1480079004135 7 -2
1480079004135 7 -2
1480079004135 7 -2
1480079009035 7 1
1480079009035 7 1
1480079009035 7 1
1480079009035 7 1
1480079022057 7 -1
1480079022057 7 -1
1480079022057 7 -1
1480079022057 7 -1
1480079025275 10 -2
1480079025275 10 -2
1480079025275 10 -2
1480079025275 10 -2
1480079027053 8 -3
1480079027053 8 -3
1480079027053 8 -3
1480079027053 8 -3
1480079030154 8 3
1480079030154 8 3
1480079030154 8 3
1480079030154 8 3
1480079032441 10 2
1480079032441 10 2
1480079032441 10 2
1480079032441 10 2
1480079036418 10 -2
1480079036418 10 -2
1480079036418 10 -2
1480079036418 10 -2
1480079039139 R
1480079039139 R
1480079039139 R
1480079039139 R
1480079062876 9 2
1480079062876 9 2
1480079062876 9 2
1480079062876 9 2
1480079065573 1 1
1480079065573 1 1
1480079065573 1 1
1480079065573 1 1
1480079067540 6 2
1480079067540 6 2
1480079067540 6 2
1480079067540 6 2
1480079068802 3 -1
1480079068802 3 -1
1480079068802 3 -1
1480079068802 3 -1
1480079077932 0 1
1480079077932 0 1
1480079077932 0 1
1480079077932 0 1
1480079080699 5 -1
1480079080699 5 -1
1480079080699 5 -1
1480079080699 5 -1
1480079083508 2 -1
1480079083508 2 -1
1480079083508 2 -1
1480079083508 2 -1
1480079098559 9 -1
1480079098559 9 -1
1480079098559 9 -1
1480079098559 9 -1
1480079100170 10 1
1480079100170 10 1
1480079100170 10 1
1480079100170 10 1
1480079102371 5 1
1480079102371 5 1
1480079102371 5 1
1480079102371 5 1
