1482418371947 3 -1
1482418372587 5 -1
1482418373362 10 -1
1482418374426 7 1
1482418380435 9 -1
1482418387418 9 2
1482418388292 1 1
1482418389363 6 2
1482418390290 0 1
1482418391066 4 1
1482418392066 2 -2
1482418393922 7 -1
1482418395418 10 2
1482418397250 5 1
1482418398187 3 1
1482418398898 2 -1
1482418399826 0 -1
1482418401554 10 -1
1482418405650 0 1
1482418406762 2 1
1482418407522 3 -1
1482418410378 5 -1
1482418411146 10 -1
1482418412170 7 1
1482418412858 9 1
1482418413707 8 2
1482418415210 4 2
1482418417634 2 2
1482418419410 0 2
1482418428755 0 -3
1482418429827 6 -2
1482418432634 6 2
1482418433418 4 -3
1482418434338 6 -2
1482418437442 8 -2
1482418439730 7 -1
1482418440603 9 -1
1482418441595 10 2
1482418442586 5 1
1482418443962 6 -1
1482418491386 6 3
1482418492562 0 1
1482418493474 4 1
1482418494330 3 1
1482418495490 2 -3
1482418498418 2 3
1482418499187 0 -1
1482418499762 4 -1
1482418500434 3 -1
1482418501442 6 -3
1482418508466 7 -2
1482418512075 2 1
1482418512730 7 -1
1482418513778 6 3
1482418514890 8 1
1482418516723 4 4
1482418527330 4 -1
1482418528082 10 -1
1482418529026 9 1
1482418529994 8 1
1482418531106 0 3
1482418532643 6 -3
1482418534458 7 1
1482418535610 2 -3
1482418536562 7 -1
1482418539210 1 -3
1482418546074 6 1
1482418546914 5 -1
1482418549610 10 -1
1482418551682 10 1
1482418554474 1 3
1482418555610 6 2
1482418556906 0 -2
1482418560898 4 -2
1482418567171 8 -2
1482418568354 9 -1
1482418571250 10 1
1482418573098 8 1
1482418573810 4 3
1482418574978 4 -1
1482418578322 4 1
1482418579236 8 -1
1482418582402 5 1
1482418583339 3 1
1482418584107 2 -1
1482418584811 0 -1
1482418589946 6 -2
1482418590730 9 -3
1482418591898 6 2
1482418592874 8 2
1482418599786 0 3
1482418600739 6 -2
1482418601842 1 -3
1482418602738 10 1
1482418603634 0 3
