1482583304955 3 -1
1482583305629 6 -1
1482583306560 9 -1
1482583306912 1 -2
1482583307296 7 -2
1482583307634 8 3
1482583307984 10 2
1482583308972 7 2
1482583309318 6 1
1482583309706 5 -1
1482583310202 10 -3
1482583310614 7 1
1482583311014 8 -3
1482583311426 9 3
1482583311815 1 3
1482583312238 6 2
1482583313151 0 1
1482583313440 4 1
1482583313809 2 -2
1482583315332 7 -1
1482583316140 7 1
1482583317023 7 -1
1482583317384 9 -1
1482583317711 10 2
1482583318169 5 1
1482583319152 3 1
1482583319485 2 -1
1482583319853 0 -1
1482583320723 6 -1
1482583321209 1 -3
1482583322135 10 -1
1482583322524 9 1
1482583324224 9 -1
1482583325152 10 2
1482583327758 10 -2
1482583328295 1 3
1482583328713 6 1
1482583330245 0 1
1482583330766 2 4
1482583331089 0 -1
1482583331363 4 -1
1482583331613 3 -1
1482583332268 6 -3
1482583332975 7 -3
1482583333403 9 -2
1482583334657 9 3
1482583335197 6 3
1482583336206 8 2
1482583340691 0 3
1482583341783 6 -3
1482583343076 7 1
1482583343474 2 -2
1482583344115 1 -3
1482583344916 8 1
1482583345670 7 2
1482583348073 6 2
1482583348998 4 3
1482583349597 6 -2
1482583350677 2 -1
1482583351040 7 -3
1482583360086 6 2
1482583361986 8 -1
1482583362367 1 3
1482583362704 6 1
1482583363056 0 -2
1482583363435 8 -1
1482583365019 3 1
1482583365335 2 -1
1482583365613 0 -1
1482583366080 6 -2
1482583366680 9 -4
1482583367491 6 2
1482583368292 8 1
1482583370603 0 3
1482583370894 6 -2
1482583371315 1 -2
1482583371631 10 2
1482583372703 0 3
