1479305011189 5 -1
1479305013222 4 -1
1479305014298 9 -2
1479305017270 3 -1
1479305018702 2 -2
1479305019567 7 1
1479305020318 7 -1
1479305023806 4 1
1479305024790 9 2
1479305026230 5 2
1479306413979 2 2
1479306417235 2 -2
1479306419136 9 -1
1479306420996 5 -2
1479306421838 4 -1
1479306422510 9 -1
1479306423550 4 1
1479306426678 2 2
1479306428551 3 1
1479306430543 0 1
1479306431392 11 3
1479306436018 11 -1
1479306436774 10 -1
1479306437431 5 -1
1479306438863 1 -2
1479306441174 3 1
1479306444503 11 1
1479306445991 0 -1
1479306446738 3 -1
1479306450030 8 -1
1479306452174 4 -1
1479306453719 8 1
1479306454335 3 3
1479306457462 2 -1
1479306458558 8 -1
1479306459422 7 3
1479306460398 11 1
1479306462022 0 2
1479306463102 2 1
1479306464822 2 -1
1479306467262 11 -1
1479306468646 7 -3
1479306469798 2 1
1479306470422 8 1
1479306471270 0 -2
1479306472940 3 -3
1479306476470 8 -2
1479306479598 8 2
1479306481304 3 2
1479306482871 2 -1
1479306486942 3 1
1479306488787 8 -1
1479306491724 7 2
1479306492901 11 1
1479306494734 11 -1
1479306496046 7 -2
1479306497110 2 -1
1479306497710 8 -1
1479306498846 6 -3
1479306503302 6 1
1479306509270 6 -1
1479306510918 8 2
1479306516318 8 -2
1479306517206 6 3
1479306518286 2 2
1479306519077 8 2
1479306520265 3 -3
1479306521781 8 -2
1479306525270 8 1
1479306526149 0 2
1479306527101 11 -1
1479306530685 8 1
1479306531614 3 3
1479306535358 0 -1
1479306536205 8 -2
1479306537614 6 -1
1479306538877 2 -1
1479306540213 7 4
1479306541245 2 1
1479306543199 11 2
1479306544189 0 -1
1479306545213 2 -2
1479306546349 6 -2
1479306548141 11 -1
1479306550398 11 1
1479306551406 8 2
1479306554766 8 -2
1479306555654 7 -3
1479306556653 8 2
1479306558997 11 -1
1479306559957 7 -1
1479306561517 3 -1
1479306562443 3 1
1479306563370 8 -2
1479306564181 7 3
1479306565449 7 1
1479306567485 7 -2
1479306569117 6 1
1479306572301 6 1
1479306573296 2 1
1479306574221 0 1
1479306575140 11 -1
1479306576133 7 -2
1479306577236 2 1
1479306578144 2 -1
1479306582576 11 1
1479306583448 0 -1
1479306584261 2 -1
1479306585201 6 -2
1479306586109 7 4
1479306587782 11 1
1479306591045 8 2
1479306592669 1 2
1479306594733 10 1
1479306595357 5 1
1479306600085 11 -1
1479306605117 10 -1
1479306605893 5 -1
1479306606741 1 -2
1479306608109 3 -1
1479306610317 11 1
1479306614453 3 1
1479306615478 1 2
