1482639466981 3 -1
1482639468467 9 -2
1482639470232 5 -1
1482639473978 2 -1
1482639477621 2 1
1482639479471 5 1
1482639482844 0 1
1482639486013 2 -1
1482639489011 9 2
1482639490923 5 -1
1482639492355 4 -1
1482639493503 9 -2
1482639498788 R
1482639510086 3 -1
1482639520762 2 -1
1482639523280 5 1
1482639526176 0 1
1482639529190 11 1
1482639530451 2 1
1482639532092 3 1
1482639533424 11 2
1482639535133 5 -3
1482639536207 10 -1
1482639537710 1 -2
1482639538615 4 -1
1482639542518 0 1
1482639544622 8 -1
1482639547480 9 -2
1482639549826 11 -1
1482639553242 8 1
1482639554689 3 3
1482639557737 0 -1
1482639580957 R
1482639584657 0 1
1482639587029 11 2
1482639590509 10 -1
1482639591543 5 -2
1482639595735 1 -2
1482639597263 3 1
1482639625676 R
1482639630323 3 -1
1482639631976 2 -2
1482639636293 2 2
1482639637371 3 1
1482639638486 0 1
1482639640328 11 3
1482639641182 0 -1
1482639642628 10 -1
1482639643605 5 -2
1482639645771 1 -2
1482639647907 8 -2
1482639648982 8 2
1482639653818 0 1
1482639654969 11 -1
1482639704465 R
1482639707744 5 -1
1482639711956 3 -1
1482639715675 2 -2
1482639717776 7 1
1482639721805 9 -2
1482639722890 4 -1
1482639726650 2 1
1482639727620 0 1
1482639728648 11 1
1482639729973 5 -1
1482639734270 R
1482639735948 0 1
1482639737050 11 3
1482639740056 0 -1
1482639745807 U
1482639746252 U
1482639748815 9 -2
1482639751281 5 -1
1482639753327 4 -1
1482639832911 R
