1481095358923 0 1
1481095359993 11 3
1481095360497 10 -1
1481095361007 5 -2
1481095361821 4 -1
1481095362363 1 -2
1481095363045 0 1
1481095363665 11 -1
1481095364825 8 -1
1481095365923 8 1
1481095366677 11 1
1481095367994 4 1
1481095368834 0 -2
1481095369701 1 2
1481095370363 5 3
1481095370971 10 1
1481095371449 0 1
1481095371922 11 -3
1481095375199 R
1481095377005 3 -1
1481095377529 2 -2
1481095379313 7 1
1481095380438 7 -1
1481095380953 2 2
1481095381385 3 1
1481095381834 0 1
1481095382723 11 3
1481095383437 10 -1
1481095383807 0 -1
1481095384285 5 -2
1481095384901 1 -2
1481095385387 4 -1
1481095386481 0 2
1481095386923 3 2
1481095387535 2 -1
1481095388285 7 1
1481095389093 11 -1
1481095389931 11 2
1481095390369 0 -2
1481095390945 2 -1
1481095392144 11 -1
1481095392601 7 -1
1481095393231 2 2
1481095393809 3 -2
1481095394661 8 -2
1481095395083 6 -1
1481095396035 9 2
1481095397650 9 -4
1481095400419 6 1
1481095400983 8 2
1481095402347 1 2
1481095402847 5 1
1481095403425 10 1
1481095404033 10 -1
1481095404361 5 -1
1481095405299 0 1
1481095405879 5 1
1481095406207 10 1
1481095406741 11 -3
1481095407241 3 -1
1481095407945 2 -1
1481095409224 7 1
1481095409817 11 1
1481095410273 5 -1
1481095411917 7 -1
1481095412481 2 1
1481095413175 3 1
1481095413621 11 2
1481095414232 5 1
1481095414694 10 -1
1481095415021 5 -1
1481095415810 1 -2
1481095416421 8 -2
1481095416869 6 -1
1481095417871 9 4
1481095418735 9 -4
1481095419217 6 1
1481095419717 8 2
1481095420237 8 -2
1481095420757 6 -1
1481095421423 9 4
1481095424659 11 -1
1481095426637 9 -2
1481095427123 6 1
1481095428073 8 2
1481095428627 3 2
1481095430111 2 -1
1481095430699 7 1
1481095431195 11 2
1481095431853 0 -1
1481095432428 2 -1
1481095433347 1 1
1481095433981 5 1
1481095435519 11 -1
1481095435977 7 -1
1481095436731 2 2
1481095437307 3 -2
1481095437805 8 -1
1481095438831 9 -2
1481095441223 0 1
1481095442203 4 1
1481095442679 9 2
1481095443576 5 2
1481095445657 8 1
1481095446320 3 1
1481095446951 11 -1
1481095450263 9 -1
1481095452759 3 -1
1481095453389 8 -1
1481095454573 5 -3
1481095455187 1 -1
1481095455921 4 -1
1481095456571 9 -1
1481095457417 0 1
1481095458081 11 1
1481095458925 R
1481095464331 3 -1
1481095465649 2 -2
1481095467437 5 1
1481095469007 5 -2
1481095469929 9 -2
1481095470485 4 -1
1481095471517 9 2
1481095471981 4 1
1481095473185 5 2
1481095474177 5 -2
1481095474763 4 -1
1481095475713 9 -2
1481095476757 7 1
1481095477893 2 1
1481095478163 7 -1
1481095478655 2 1
1481095479445 3 1
1481095479817 0 1
1481095480457 11 3
1481095481313 0 -1
1481095481661 10 -1
1481095482049 5 -1
1481095482687 1 -2
1481095483321 8 -2
1481095486095 6 -1
1481095486758 9 4
1481095488033 4 1
1481095488787 4 -1
1481095489461 9 -4
1481095490373 6 1
1481095492449 8 2
1481095492943 3 3
1481095493570 2 -2
1481095494099 8 -2
1481095494681 6 -3
1481095496821 7 4
1481095497285 6 3
1481095497919 2 2
1481095498335 8 2
1481095499082 3 -3
1481095500729 11 1
1481095501093 3 -1
1481095501574 2 -2
1481095502073 8 -2
1481095502551 6 -3
1481095503003 7 -3
1481095503551 4 3
1481095504029 8 2
1481095504645 9 4
1481095505711 1 2
1481095506519 10 3
1481095506909 5 3
1481095507483 2 -2
1481095507958 0 1
1481095508379 3 1
1481095509036 11 -4
1481095509621 3 -1
1481095510538 0 -1
1481095510955 6 -1
1481095511319 7 -1
1481095512003 2 4
1481095512713 5 -2
1481095513587 10 -2
1481095514401 4 -3
1481095515129 9 -3
1481095516379 2 -2
1481095518659 6 1
1481095520223 4 3
1481095520737 9 3
1481095521175 5 2
1481095521719 10 2
1481095522205 2 -2
1481095522781 0 1
1481095523210 3 1
1481095523807 11 3
1481095524429 0 -1
1481095525079 2 1
1481095525397 5 -3
1481095527141 7 1
1481095527623 11 1
1481095527963 3 -1
1481095528550 2 1
1481095529775 10 -3
1481095530276 1 -2
1481095530965 4 -3
1481095531545 4 3
1481095532899 4 -3
1481095533705 8 -2
1481095534209 6 2
1481095534590 7 2
1481095535050 2 2
1481095535439 0 1
1481095535815 3 1
1481095536632 11 -2
1481095537761 11 2
1481095538488 0 -1
1481095538837 3 -1
1481095539289 2 -2
1481095539741 6 -2
1481095540293 7 -2
1481095540943 4 3
1481095541543 8 2
1481095543387 1 2
1481095544177 5 3
1481095544541 10 3
1481095545789 10 -3
1481095546219 5 -3
1481095546941 9 -4
1481095548185 4 -3
1481095548586 1 -2
1481095549063 8 -2
1481095549593 7 3
1481095549991 6 3
1481095550611 2 2
1481095551032 8 2
1481095551571 3 4
1481095552015 0 2
1481095552943 11 -2
1481095553722 2 -1
1481095554173 8 -1
1481095554919 7 -1
1481095555778 7 -3
1481095556581 8 1
1481095557091 2 1
1481095557470 3 -3
1481095559592 8 -1
1481095561953 8 1
1481095563313 0 -1
1481095563951 8 -2
1481095564461 6 -1
1481095565117 9 4
1481095567557 11 1
1481095567975 0 -1
1481095569089 0 1
1481095569569 11 -1
1481095571787 9 -4
1481095572289 6 1
1481095572759 8 2
1481095573675 4 1
1481095574709 1 2
1481095575179 4 -1
1481095575568 5 1
1481095575933 10 1
1481095576545 11 -2
1481095577397 0 -1
1481095577737 3 -1
1481095578152 2 -2
1481095582093 2 2
1481095582803 0 1
1481095583151 3 1
1481095583745 11 3
1481095584517 10 -1
1481095584843 5 -1
1481095585290 0 -1
1481095585917 1 -2
1481095586389 8 -2
1481095587260 6 -1
1481095588023 9 4
1481095589195 4 1
1481095590613 4 -1
1481095591907 9 -3
1481095592393 6 1
1481095593445 8 2
1481095593911 3 3
1481095594835 0 2
1481095595550 2 -1
1481095595954 8 -1
1481095596793 11 -1
1481095597686 7 4
1481095598419 2 1
1481095598783 8 1
1481095599371 3 -3
1481095600583 8 -1
1481095602827 11 2
1481095603199 3 -1
1481095603676 2 -1
1481095604249 7 -3
1481095605245 8 1
1481095606773 0 -2
1481095607849 2 -1
1481095608669 8 -2
1481095609159 6 -3
1481095609702 8 2
1481095610285 4 3
1481095610791 9 3
1481095612243 1 2
1481095612731 5 3
1481095613131 10 3
1481095614007 2 -2
1481095615017 0 1
1481095615429 3 1
1481095616097 11 -4
1481095617053 7 -1
1481095617415 6 -1
1481095617927 3 -1
1481095618297 0 -1
1481095618817 2 4
1481095619493 5 -2
1481095619845 10 -2
1481095621231 0 1
1481095621567 3 1
1481095622035 11 2
1481095622397 10 -1
1481095622715 5 -1
1481095623349 1 -2
1481095623709 0 4
