1481589081923 0 1
1481589084594 11 3
1481589087670 10 -1
1481589090092 5 -2
1481589092110 1 -2
1481589107552 0 1
1481589113088 8 -1
1481589114474 4 -1
1481589119412 8 1
1481589121665 0 -1
1481589123771 8 -2
1481589125561 6 -1
1481589128405 9 2
1481589136640 9 -4
1481589138333 6 1
1481589142081 8 2
1481589147923 11 -1
1481589150977 0 1
1481589153501 0 -1
1481589159545 8 -2
1481589162051 6 -1
1481589169148 6 1
1481589170829 8 2
1481589175006 1 2
1481589177229 10 1
1481589178600 5 1
1481589180931 11 -2
1481589182897 3 -1
1481589187311 2 -1
1481589196547 2 1
1481589198800 3 1
1481589204670 11 3
1481589205799 10 -1
1481589207278 5 -1
1481589211961 1 -2
1481589220027 11 -1
1481589222005 8 -2
1481589225035 8 2
1481589229238 1 2
1481589230519 4 1
1481589231809 9 2
1481589233347 5 3
1481589235761 10 1
1481589237300 11 -2
1481589241129 3 -1
1481589243771 2 -1
1481589245702 9 -1
1481589248053 7 1
1481589250929 5 -2
1481589252231 4 -1
1481589254078 9 -1
1481589256586 7 -1
1481589257829 2 1
1481589260223 0 -1
1481589262630 2 -2
1481589268230 2 2
1481589270363 9 2
1481589273205 4 1
1481589274684 5 2
1481589280313 2 -2
1481589286955 2 2
1481589288483 0 1
1481589289785 3 1
1481589292059 11 3
1481589294389 10 -1
1481589295497 1 -1
1481589300691 3 1
1481589303796 9 -1
1481589305187 3 -1
1481589306907 1 1
1481589309762 10 1
1481589310843 11 -3
1481589313670 3 -1
1481589314836 2 -1
1481589317927 9 1
1481589320074 5 -2
1481589321503 9 -2
1481589323568 2 1
1481589327970 2 -1
1481589330345 7 1
1481589332752 4 -1
1481589335704 R
1481589356478 3 -1
1481589359247 2 -2
1481589367503 5 1
1481589376944 5 -2
1481589380000 2 2
1481589381191 0 1
1481589382400 3 1
1481589384125 11 3
1481589385515 5 -1
1481589387049 10 -1
1481589393101 1 -2
1481589395634 11 -1
1481589397381 8 -2
1481589403846 6 -1
1481589412220 9 -2
1481589415036 6 1
1481589423314 8 2
1481589424453 4 -1
1481589426526 3 3
1481589431691 11 1
1481589433112 0 -1
1481589434595 2 -2
1481589437245 8 -2
1481589441728 6 -3
1481589459772 8 2
1481589462761 8 -2
1481589463695 6 3
1481589465275 2 2
1481589466762 8 2
1481589469961 3 -3
1481589472238 8 -2
1481589477132 0 1
1481589480256 11 -1
1481589482496 8 2
1481589484203 0 1
1481589486775 3 3
1481589488965 8 -1
1481589491608 2 -1
1481589494316 7 4
1481589498393 8 1
1481589499519 2 1
1481589504354 3 -3
1481589512561 3 2
1481589520280 11 2
1481589522400 0 -2
1481589525824 2 -2
1481589528907 3 1
1481589530268 1 2
1481589531323 10 1
1481589532879 5 1
1481589537259 2 2
1481589538582 0 1
1481589539606 11 -4
1481589542579 0 -1
1481589544562 2 -2
1481589549937 2 2
1481589552600 0 1
1481589556226 0 -1
1481589560537 0 1
1481589561915 11 4
1481589563276 10 -1
1481589565321 1 -1
1481589567839 3 -4
1481589574302 2 -1
1481589577231 8 -1
1481589579196 7 -3
1481589582333 8 1
1481589584697 0 -1
1481589586271 2 -1
1481589589268 5 -1
1481589592780 1 -1
1481589594943 8 -2
1481589596950 6 -3
1481589600309 4 3
1481589606347 8 2
1481589609574 1 2
1481589610801 10 2
1481589615023 10 -2
1481589617147 1 -2
1481589621415 8 -2
1481589624125 6 1
1481589625667 7 1
1481589636965 6 -1
1481589637889 7 -1
1481589641520 8 2
1481589645170 1 2
1481589646725 5 2
1481589648027 10 2
1481589651395 9 4
1481589652539 10 1
1481589653420 5 1
1481589656782 2 -2
1481589658951 0 1
1481589659920 3 1
1481589660975 11 -4
1481589666562 0 -1
1481589667446 3 -1
1481589668375 6 -1
1481589669402 7 -1
1481589671560 2 4
1481589673469 5 -2
1481589674536 10 -2
1481589677249 10 2
1481589680308 0 1
1481589681283 3 1
1481589682754 11 2
1481589684361 5 -1
1481589685658 10 -3
1481589687504 1 -1
1481589689681 1 -1
1481589690811 0 3
1481589692504 0 1
