1482249969893 0 1
1482249973957 11 3
1482249978886 0 -1
1482249980005 10 -1
1482249981573 1 -1
1482249985237 3 1
1482249989340 5 -2
1482249990556 1 -1
1482249991607 4 -1
1482249993364 9 -1
1482249996036 9 -1
1482250002893 3 2
1482250004973 2 -2
1482250006149 8 -2
1482250012774 6 -3
1482250019036 7 1
1482250023844 8 2
1482250028676 3 -1
1482250031660 3 1
1482250033062 8 -2
1482250035404 6 2
1482250036652 6 1
1482250037476 7 3
1482250039492 2 2
1482250040957 8 2
1482250043334 1 2
1482250044348 5 1
1482250045200 10 1
1482250046380 0 1
1482250048020 11 -3
1482250054140 11 1
1482250055453 11 1
1482250057700 10 -1
1482250058613 5 -1
1482250061796 1 -2
1482250067892 3 -3
1482250078172 8 -2
1482250079070 6 -1
1482250079933 7 -1
1482250080878 9 4
1482250085374 9 -4
1482250086176 6 1
1482250087745 7 1
1482250089093 8 2
1482250091806 0 1
1482250094645 11 2
1482250096181 3 -1
1482250105743 0 -1
1482250107009 0 -1
1482250107981 2 -2
1482250108888 8 -2
1482250111096 6 -3
1482250114281 7 -3
1482250120142 8 2
1482250121029 1 2
1482250122165 10 1
1482250123173 5 1
1482250134959 U
1482250135582 U
1482250136266 U
1482250137421 U
1482250138590 U
1482250139141 U
1482250146317 2 2
1482250147237 8 2
1482250148284 3 1
1482250149358 0 1
1482250150610 11 -2
1482250155757 0 1
1482250161020 9 2
1482250162172 4 1
1482250163828 0 -1
1482250164701 1 2
1482250165965 5 3
1482250167171 10 1
1482250168591 11 -2
1482250170637 5 -2
1482250183693 11 1
1482250184524 11 1
1482250185501 10 -1
1482250186322 5 -1
1482250187076 1 -2
1482250189462 0 1
1482250194100 11 2
1482250195453 3 -1
1482250196285 2 -1
1482250197248 8 -1
1482250201386 7 -3
1482250203989 8 1
1482250207837 4 -1
1482250209236 9 -2
1482250217581 0 -2
1482250218492 2 -1
1482250219461 8 -2
1482250220878 6 -3
1482250224565 8 2
1482250225741 1 2
1482250227709 4 3
1482250229071 9 4
1482250230045 10 3
1482250231836 5 3
1482250234717 2 -2
1482250235702 0 1
1482250236485 3 1
1482250238284 11 -4
1482250239924 3 -1
1482250240860 6 -1
1482250242064 7 -1
1482250245477 0 -1
1482250246982 2 4
1482250248116 10 -2
1482250249565 5 -1
1482250250378 3 1
1482250251213 0 1
1482250252448 11 2
1482250253366 5 -2
1482250254060 10 -1
1482250255124 1 -2
1482250257702 0 3
1482250259526 0 1
