1481870023131 0 1
1481870024065 3 -1
1481870024995 2 -1
1481870031464 2 1
1481870032165 3 1
1481870033144 11 3
1481870034287 10 -1
1481870035171 1 -1
1481870036235 3 1
1481870037404 11 -1
1481870041337 5 -2
1481870042171 1 -1
1481870043089 3 -1
1481870043911 8 -2
1481870046503 4 -1
1481870049018 9 -1
1481870049889 8 2
1481870050677 3 3
1481870051541 2 -1
1481870052428 8 -2
1481870053907 7 4
1481870054978 11 2
1481870057610 0 -1
1481870058358 2 -1
1481870060043 6 -3
1481870062495 8 2
1481870067717 8 -2
1481870068764 6 3
1481870069938 2 2
1481870070916 8 2
1481870071907 3 -4
1481870073576 8 -2
1481870074666 2 -2
1481870075635 6 -3
1481870076665 7 -3
1481870077956 8 2
1481870079002 4 3
1481870079971 9 3
1481870081043 1 2
1481870082050 10 3
1481870083158 5 3
1481870085013 2 -2
1481870085940 0 1
1481870086678 3 1
1481870087607 11 -3
1481870089927 11 -1
1481870090943 3 -1
1481870091585 0 -1
1481870092390 6 -1
1481870093034 7 -1
1481870093948 2 4
1481870095098 10 -2
1481870096213 5 -2
1481870096944 0 1
1481870097686 3 1
1481870098653 11 2
1481870099601 10 -1
1481870100315 5 -1
1481870101099 1 -2
1481870102143 0 4
