1481571283683 5 -1
1481571296209 R
1481571297927 0 1
1481571299030 11 3
1481571300135 10 -1
1481571302094 5 -2
1481571303681 1 -2
1481571304445 4 -1
1481571305667 9 -2
1481571313048 0 1
1481571314126 11 -1
1481571315840 3 3
1481571317153 2 -1
1481571317891 8 -1
1481571319324 7 4
1481571320359 11 2
1481571321550 2 1
1481571322247 8 1
1481571323033 0 -2
1481571325529 U
1481571327116 R
1481571335499 9 -2
1481571338625 0 1
1481571341111 11 3
1481571352838 10 -1
1481571353925 5 -2
1481571355185 1 -2
1481571356397 8 -2
1481571359392 R
1481571370794 5 -1
1481571372356 3 -1
1481571373620 2 -2
1481571375171 5 2
1481571377311 R
1481571378611 0 1
1481571381000 11 3
1481571382193 10 -1
1481571383295 5 -2
1481571385976 1 -2
1481571390651 8 -2
1481571392726 9 -2
1481571393696 4 -1
1481571396230 6 -1
1481571398754 11 -1
1481571400629 6 1
1481571401633 8 2
1481571404403 3 3
1481571406476 2 -1
1481571409078 7 1
1481571410057 11 2
1481571411015 0 -1
1481571411978 2 -1
1481571412868 8 -2
1481571414068 6 -3
1481571417248 11 -1
1481571418177 7 -1
1481571419068 8 2
1481571420445 3 -1
1481571422658 9 4
1481571424111 3 1
1481571428069 8 -2
1481571429980 6 2
1481571431562 2 2
1481571434966 0 1
1481571435792 11 -1
1481571437328 2 -1
1481571438307 2 1
1481571442179 R
1481571451826 5 1
1481571467882 0 1
1481571468906 11 3
1481571470267 5 -3
1481571471184 10 -1
1481571473039 4 -1
1481571475297 4 1
1481571478597 1 -2
1481571481214 11 -1
1481571483908 4 -1
1481571485930 9 -2
1481571487010 8 -2
1481571489751 6 -1
1481571490911 9 4
1481571494087 4 1
1481571497009 9 -4
1481571498318 6 1
1481571499384 6 -1
1481571502114 U
1481571502850 R
1481571519371 9 -2
1481571524684 0 1
1481571534667 R
1481571539900 3 -1
1481571542991 2 -2
1481571549333 5 1
1481571551644 9 -1
1481571553247 7 1
1481571555931 7 -1
1481571556999 5 -2
1481571559799 2 2
1481571561561 9 -1
1481571563653 2 -2
1481571565056 7 1
1481571567017 R
1481571569418 5 1
