1482891173496 3 -1
1482891175919 2 -2
1482891179879 5 1
1482891184712 2 2
1482891185648 0 1
1482891188736 5 -2
1482891189751 4 -1
1482891190943 9 -2
1482891197072 11 1
1482891198055 5 -1
1482891200679 4 1
1482891201696 9 2
1482891203487 3 1
1482891204776 11 2
1482891205895 10 -1
1482891207985 1 -2
1482891208839 0 1
1482891210567 11 -1
1482891217111 9 -2
1482891221127 3 1
1482891223135 11 1
1482891224223 3 -1
1482891225335 8 -1
1482891235192 9 2
1482891237328 8 1
1482891240424 11 -1
1482891243136 0 -1
1482891243799 1 2
1482891244744 10 1
1482891245359 5 3
1482891246351 11 -2
1482891247511 3 -1
1482891249880 5 -2
1482891252688 3 1
1482891254047 3 -1
1482891255935 9 -2
1482891258215 2 -1
1482891262288 11 1
1482891263031 5 -1
1482891268016 4 -1
1482891272823 7 1
1482891279112 9 2
1482891283943 7 -1
1482891284704 2 1
1482891286264 9 -2
1482891291345 4 1
1482891292224 3 1
1482891292951 11 2
1482891293544 10 -1
1482891294423 1 -2
1482891297711 11 -1
1482891300408 8 -2
1482891303048 6 -1
1482891304559 9 4
1482891306263 4 -1
1482891314567 11 1
1482891316345 0 -1
1482891318912 4 1
1482891323095 9 -4
1482891324047 6 1
1482891325223 8 2
1482891326425 0 2
1482891328903 4 -1
1482891330560 4 1
1482891334903 11 -1
1482891341545 9 2
1482891342224 0 -1
1482891343129 1 2
1482891344008 5 3
1482891346609 11 1
1482891348560 10 1
1482891349608 11 -3
1482891352552 3 -1
1482891353440 2 -1
1482891354249 7 1
1482891355487 0 -1
1482891356271 2 -1
1482891357840 7 -1
1482891358944 2 2
1482891361816 2 -2
1482891363888 5 -2
1482891366351 4 -1
1482891367487 9 -2
1482891370351 2 2
1482891373896 R
1482891381431 R
1482891382149 R
1482891384188 R
1482891391030 9 -2
1482891392319 3 -1
1482891396639 0 1
1482891398462 11 1
1482891399472 5 -2
1482891400271 3 1
1482891401150 11 2
1482891404118 4 -1
1482891406942 11 -2
1482891407840 3 -1
1482891410351 9 2
1482891413951 4 1
1482891415094 5 3
1482891416279 11 -1
1482891417614 5 -2
1482891420310 3 1
1482891425150 11 3
1482891426151 5 -1
1482891428542 10 -1
1482891429495 1 -2
1482891432063 4 -1
1482891433984 0 1
1482891436086 0 -2
1482891437334 3 2
1482891438247 2 -2
1482891441070 2 1
1482891442831 2 -1
1482891447255 2 2
1482891448456 3 -2
1482891450792 8 -2
1482891451624 6 -1
1482891453409 4 1
1482891463032 9 -2
1482891464545 6 1
1482891465488 8 2
1482891468088 0 2
1482891473208 0 -1
1482891474440 1 2
1482891476217 9 2
1482891480032 11 -1
1482891500889 9 -2
1482891504136 4 -1
1482891505344 1 -2
1482891506504 8 -2
1482891507272 6 -1
1482891509144 9 4
1482891516928 4 1
1482891519881 4 -1
1482891523409 9 -4
1482891524343 6 1
1482891525439 8 2
1482891532496 0 1
1482891533928 3 3
1482891535392 2 -1
1482891536624 8 -1
1482891538344 7 4
1482891539336 8 1
1482891539975 2 1
1482891541552 3 -3
1482891553951 3 3
1482891554905 2 -1
1482891555591 8 -1
1482891556568 7 -4
1482891557481 2 1
1482891558215 8 1
1482891559600 3 -3
1482891562081 3 3
1482891565248 0 -1
1482891566560 8 -2
1482891567248 6 -1
1482891570463 2 -1
1482891571423 7 4
1482891572375 2 1
1482891576072 11 2
1482891577839 0 -1
1482891579607 2 -2
1482891580672 6 -2
1482891582647 7 -3
1482891585607 6 3
1482891588240 6 -3
1482891589046 8 2
1482891591607 3 -1
1482891593167 9 4
1482891594224 3 1
1482891601223 3 -1
1482891604824 1 1
1482891605632 5 1
1482891606758 3 1
1482891607798 1 1
1482891609095 10 1
1482891611615 11 -1
1482891612976 7 -1
1482891639727 5 -1
1482891640240 10 -1
1482891641376 1 -2
1482891643216 8 -2
1482891643851 6 2
1482891644696 2 2
1482891648113 0 1
1482891649192 11 -1
1482891652984 11 1
1482891657655 2 -1
1482891658457 7 3
1482891659440 2 1
1482891661136 11 -1
1482891662519 2 -1
1482891663433 7 -3
1482891666930 2 1
1482891675768 2 -1
1482891677007 7 3
1482891678008 11 2
1482891678768 2 1
1482891680744 0 -1
1482891681792 2 -2
1482891682680 6 -2
1482891683569 7 -2
1482891684583 8 2
1482891688312 1 2
1482891689144 5 1
1482891689816 10 1
