1482799515464 0 1
1482799517735 11 3
1482799520192 10 -1
1482799522895 5 -2
1482799527432 1 -2
1482799530174 0 1
1482799532726 11 -1
1482799542239 8 -1
1482799548134 9 -2
1482799549790 4 -1
1482799552134 8 1
1482799554102 3 3
1482799558535 11 1
1482799563622 2 -1
1482799566558 8 -1
1482799567606 2 1
1482799568479 8 1
1482799569879 0 -2
1482799573086 2 -2
1482799574886 8 -2
1482799576366 6 -3
1482799585247 8 2
1482799587440 3 -1
1482799589494 9 4
1482799590975 3 1
1482799592127 8 -2
1482799594160 6 2
1482799595216 7 3
1482799596887 11 1
1482799599431 2 2
1482799600671 0 1
1482799611631 2 -1
1482799612807 11 -1
1482799614151 7 -3
1482799617248 0 -1
1482799618391 2 -1
1482799619663 6 -2
1482799621648 8 2
1482799623384 1 2
1482799628456 R
1482799637687 9 -2
1482799643447 5 -1
1482799645007 4 -1
1482799650791 3 -1
1482799654136 2 -2
1482799666343 9 2
1482799667287 4 1
1482799668128 5 2
1482799675479 2 2
1482799679176 3 1
1482799680207 0 1
1482799681720 11 3
1482799682943 10 -1
1482799685736 5 -3
1482799687952 1 -2
1482799689647 4 -1
1482799692919 9 -2
1482799695127 3 3
1482799698208 8 -2
1482799705064 2 -1
1482799707767 7 4
1482799709103 2 1
1482799710827 11 1
1482799713851 8 2
1482799715659 3 -4
1482799719531 2 -1
1482799720640 8 -1
1482799722371 7 -3
1482799723683 8 1
1482799730467 0 -1
1482799731579 2 -1
1482799733123 8 -2
1482799734735 6 -3
1482799736025 8 2
1482799738899 4 3
1482799751332 9 4
1482799753133 1 2
1482799754115 5 3
1482799755259 10 3
1482799757275 2 -2
1482799758423 0 1
1482799762547 3 1
1482799764460 11 -4
1482799765635 3 -1
1482799767363 6 -1
1482799768043 7 -1
1482799778795 9 -2
1482799779755 4 -1
1482799785875 9 2
1482799789243 R
1482799819035 5 -1
1482799820739 4 -1
1482799828828 0 1
1482799831580 11 3
1482799832850 10 -1
1482799833738 5 -1
1482799835658 1 -2
1482799836714 0 1
1482799837979 11 -1
1482799841907 9 -2
1482799846194 3 3
1482799855011 3 -3
1482799862195 3 3
1482799863306 2 -1
1482799864234 8 -1
1482799865394 7 4
1482799867194 8 1
1482799868098 2 1
1482799869315 11 2
1482799871546 3 -4
1482799878106 3 2
1482799880754 11 -2
1482799889570 9 2
1482799891450 4 1
1482799894467 0 -1
1482799895539 1 1
1482799896403 5 3
1482799899323 9 -1
1482799904079 11 2
1482799905571 0 -1
1482799907387 3 -2
1482799909164 2 -2
1482799910267 8 -1
1482799911579 7 -3
1482799913899 8 1
1482799915315 9 1
1482799916140 1 1
1482799917267 5 -3
1482799926291 4 -1
1482799930331 9 -2
1482799934604 1 -2
1482799936452 8 -2
1482799938060 6 -3
1482799939411 4 3
1482799941371 8 2
1482799945652 1 2
1482799947052 5 2
1482799948387 10 2
1482799951468 9 4
1482799953891 5 1
1482799954523 10 1
1482799956003 2 -2
1482799956963 0 1
1482799958587 4 -1
1482799959987 9 -2
1482799967380 3 1
1482799969379 11 -4
1482799970435 3 -1
1482799971395 6 -1
1482799972427 7 -1
1482799976002 9 2
1482799976962 4 1
1482799981571 0 -1
1482799982787 2 4
1482799986194 0 1
1482799988636 10 -2
1482799989299 5 -2
1482799992234 4 -3
1482799994667 9 -4
1482799999035 3 1
1482800000092 11 2
1482800000666 10 -1
1482800001435 5 -1
1482800003219 1 -2
1482800005315 4 3
1482800006739 0 4
