1479884818810 4 -1
1479884819317 2 -1
1479884820027 0 1
1479884826863 9 -1
1479884827392 10 -1
1479884829108 8 -2
1479884831455 R
1479884837528 4 -1
1479884837912 7 -1
1479884838697 8 -3
1479884839313 3 1
1479884839804 10 1
1479884840615 5 3
1479884843913 3 -2
1479884844513 8 2
1479884845217 7 1
1479884845925 2 -1
1479884847880 0 3
1479884849354 2 1
1479884849820 7 -1
1479884856572 7 1
1479884859832 2 -1
1479884860767 6 -2
1479884864610 3 1
1479884866138 0 -1
1479884867626 1 -2
1479884868759 1 2
1479884869195 6 2
1479884883094 0 1
1479884883814 2 1
1479884884413 2 1
1479884885294 7 -1
1479884885973 8 -2
1479884890066 3 1
1479884890659 5 -1
1479884891204 10 -1
1479884893637 2 -1
1479884896857 6 -2
1479884897543 10 1
1479884898315 5 1
1479884898781 3 -2
1479884901816 6 2
1479884905627 3 1
1479884906110 2 1
1479884911152 8 1
1479884912081 8 1
1479884915277 2 -1
1479884916049 3 -1
1479884919680 7 1
1479884920321 2 -1
1479884922475 3 1
1479884923229 9 -2
1479884924794 R
1479884944512 4 -1
1479884945207 2 -1
1479884947967 0 1
1479884953860 0 -1
1479884954321 2 2
1479884957727 2 -2
1479884958577 9 -2
1479884959284 10 -1
1479884966448 9 1
1479884967666 2 1
1479884968431 7 -1
1479884969442 8 -3
1479884970168 3 1
1479884970855 5 2
1479884972678 10 2
1479884973217 9 1
1479884973591 5 1
1479884974331 3 -2
1479884978673 8 1
1479884979810 7 1
1479884980747 2 -1
1479884981946 0 2
1479884986180 8 1
1479884988480 0 1
1479884990896 2 1
1479884991427 4 1
1479884993314 1 -3
1479884994194 6 -2
1479884996542 3 1
1479884997127 9 -1
1479884999793 9 1
1479885000528 2 1
1479885001273 6 1
1479885003931 6 1
1479885004905 1 2
1479885005576 4 -1
1479885006214 2 -2
1479885006784 0 -2
1479885007705 3 -1
1479885008757 8 -1
1479885011928 R
1479885050158 4 -1
1479885050516 7 -1
1479885051367 8 -3
1479885051998 3 1
1479885052786 5 2
1479885054985 10 1
1479885055601 5 1
1479885067380 3 -1
1479885067919 8 2
1479885068730 7 1
1479885069402 2 -1
1479885071388 0 3
1479885072432 2 2
1479885081882 4 1
1479885082926 4 -1
1479885084664 7 -1
1479885087128 8 -2
1479885087675 3 1
1479885088259 5 -1
1479885089034 10 -1
1479885091596 2 -1
1479885092160 9 -1
1479885094800 10 -1
1479885095417 1 -2
1479885095869 6 -1
1479885096851 6 -1
1479885097499 10 -2
1479885097996 9 1
1479885098948 5 1
1479885099586 3 -2
1479885100367 8 3
1479885101168 0 2
