1479260246996 4 -1
1479260248510 4 1
1479260257308 4 -1
1479260258453 2 -1
1479260260082 0 1
1479260276587 0 -1
1479260277545 9 -2
1479260278447 10 -1
1479260279556 8 -2
1479260282260 8 2
1479260285782 10 1
1479260286903 9 2
1479260287931 0 1
1479260292460 0 -1
1479260294171 2 1
1479260325314 7 -1
1479260326527 8 -3
1479260327452 3 1
1479260328758 5 2
1479260330271 10 1
1479260331242 5 1
1479260336454 3 -1
1479260337413 8 2
1479260338409 7 1
1479260339308 2 -1
1479260342025 0 3
1479260357972 2 2
1479260360492 2 -1
1479260362156 7 -1
1479260363035 8 -2
1479260372488 6 -2
1479260373366 1 -2
1479260377145 3 1
1479260378059 9 -1
1479260379087 5 -1
1479260380092 10 -4
1479260381109 9 1
1479260382080 5 1
1479260382970 3 -2
1479260384420 8 3
1479260385131 0 2
