1479570953900 4 -1
1479570955536 2 -1
1479570957871 3 -1
1479570959369 8 -2
1479570960574 0 1
1479570962190 3 1
1479570965303 3 -1
1479570969199 1 -2
1479570974231 1 2
1479570974947 0 -1
1479570977798 0 1
1479570978822 1 -2
1479570984559 8 2
1479570986399 3 1
1479570989232 9 -1
1479570991086 10 -1
1479571031966 10 1
1479571032902 9 1
1479571034359 1 2
1479571035536 0 -1
1479571037262 2 2
1479571039696 7 -1
1479571041254 8 -3
1479571042368 3 1
1479571044862 10 1
1479571049735 5 3
1479571052832 3 -1
1479571053766 8 2
1479571054599 7 1
1479571056262 2 -2
1479571057334 0 3
1479571059094 3 -1
1479571061766 2 1
1479571062551 7 -1
1479571063654 8 -2
1479571073766 3 2
1479571079670 2 1
1479571083341 2 -1
1479571084253 9 -1
1479571084952 5 -1
1479571085838 10 -2
1479571093366 10 2
1479571095175 9 1
1479571096565 5 1
1479571097973 3 -1
1479571099221 9 -1
1479571100670 8 2
1479571104725 7 1
1479571105958 2 -1
1479571107006 9 -1
1479571117454 8 -1
1479571130877 9 1
1479571131742 2 1
1479571132641 7 -1
1479571133463 8 -1
1479571138990 3 1
1479571139736 5 -1
1479571141192 10 -2
1479571180370 10 2
1479571181414 9 1
1479571182117 5 1
1479571191334 3 -2
1479571222796 3 1
1479571225925 6 -2
1479571226829 1 -2
1479571229600 8 2
1479571231768 3 -1
1479571234142 8 -2
1479571234973 3 2
1479571236052 9 -1
1479571236860 5 -1
1479571237562 10 -4
1479571242940 9 1
1479571243846 5 1
1479571245861 3 -2
1479571247066 8 3
1479571247697 0 2
