1479509293277 4 -1
1479509297764 2 -1
1479509319300 0 1
1479509320904 1 -2
1479509331344 U
1479509333719 U
1479509334577 U
1479509335180 U
1479509400193 4 -1
1479509401153 7 -1
1479509402741 8 -3
1479509405949 3 1
1479509407673 5 2
1479509415382 10 1
1479509416499 5 -2
1479509417595 U
1479509417788 U
1479509417953 U
1479509418119 U
1479509418303 U
1479509418495 U
1479509418695 U
1479509432083 4 -1
1479509448917 7 -1
1479509450555 8 -3
1479509463116 10 1
1479509464145 3 1
1479509472918 5 3
1479509476076 3 -2
1479509478531 8 2
1479509480228 7 1
1479509481408 2 -1
1479509482578 0 3
1479509484886 2 1
1479509486026 7 -1
1479509492467 7 1
1479509493945 2 -1
1479509501203 3 1
1479509506199 3 -1
1479509510888 0 -1
1479509514209 U
1479509514559 U
1479509514745 U
1479509514929 U
1479509516028 U
1479509517581 U
1479509518922 U
1479509529282 2 1
1479509530824 4 1
1479509533602 1 -3
1479509543362 6 -2
1479509554339 R
1479509581270 4 -1
1479509582088 2 -1
1479509587714 0 1
1479509608719 8 -2
1479509615681 R
1479509625073 R
1479509636485 4 -1
1479509637453 7 -1
1479509638861 8 -3
1479509641746 3 1
1479509648454 10 1
1479509650286 5 3
1479509656898 3 -2
1479509658428 8 2
1479509661844 7 1
1479509663302 2 -1
1479509664443 0 3
1479509668580 2 1
1479509669659 7 -1
1479509673934 8 -2
1479509681986 6 -2
1479509685588 3 2
1479509692475 6 2
1479509697758 2 1
1479509702068 3 -1
1479509702978 8 2
1479509708843 2 -1
1479509718500 9 -1
1479509720673 6 -2
1479509722877 7 1
1479509723912 2 -1
1479509724888 9 -1
1479509728390 1 -2
1479509734277 8 -1
