1482812611669 4 -1
1482812612864 2 -1
1482812614789 3 -1
1482812619640 8 -2
1482812620532 3 1
1482812621723 9 -2
1482812623042 10 -1
1482812624491 8 2
1482812626496 9 1
1482812628716 2 1
1482812631892 2 -1
1482812633088 0 1
1482812634166 1 -2
1482812635885 10 1
1482812637870 1 2
1482812638654 0 -1
1482812641205 2 1
1482812642370 2 -1
1482812646275 2 1
1482812648815 7 -1
1482812650607 9 1
1482812652378 3 -1
1482812659310 8 -3
1482812660213 3 2
1482812661301 5 2
1482812663559 2 1
1482812668913 5 -2
1482812669811 3 -1
1482812671709 8 3
1482812672800 7 1
1482812674170 2 -2
1482812675963 3 -1
1482812676986 0 1
1482812677890 1 -2
1482812681869 3 1
1482812682701 9 -1
1482812685390 10 -1
1482812691161 10 1
1482812691731 9 1
1482812692412 3 -1
1482812694421 8 -2
1482812695373 10 1
1482812697032 3 1
1482812699125 9 -1
1482812701484 1 2
1482812703342 1 -2
1482812708437 9 1
1482812709162 3 -1
1482812710519 8 1
1482812712831 1 2
1482812713748 1 -2
1482812715109 1 2
1482812715670 0 -1
1482812718584 3 1
1482812720101 2 2
1482812720993 7 -1
1482812722201 8 -2
1482812722953 3 1
1482812724070 5 3
1482812727804 5 -1
1482812732097 5 1
1482812732864 3 -1
1482812733941 8 2
1482812736924 7 1
1482812737787 2 -2
1482812743418 0 2
1482812744348 0 1
1482812749670 2 2
1482812750598 7 -1
1482812751566 8 -2
1482812755000 2 -1
1482812757773 2 1
1482812759087 8 2
1482812761711 2 -1
1482812762875 9 -1
1482812765451 9 1
1482812766702 3 -1
1482812770147 7 1
1482812770774 4 1
1482812771716 1 -3
1482812775159 6 -2
1482812776834 6 2
1482812778101 1 2
1482812778802 4 -1
1482812779532 2 -1
1482812780883 0 -1
1482812784590 0 1
1482812785135 2 1
1482812785968 7 -1
1482812787143 8 -2
1482812788808 1 -1
1482812789410 6 -2
1482812791091 3 2
1482812791901 9 -1
1482812792495 5 -1
1482812794205 9 1
1482812794798 5 1
1482812795874 9 -1
1482812796289 5 -1
1482812796945 10 -4
1482812797864 5 1
1482812798443 9 1
1482812799265 3 -2
1482812800101 8 3
1482812800880 0 2
