1479434862331 4 -1
1479434864563 2 -1
1479434873888 0 1
1479434883415 9 -1
1479434885400 10 -1
1479434887284 10 1
1479434891033 1 -2
1479434893377 1 2
1479434896074 0 -1
1479434899021 9 1
1479434909602 2 2
1479434912833 2 -2
1479434918391 3 -1
1479434920131 8 -2
1479434921424 10 1
1479434927255 3 1
1479434930728 9 -2
1479434932947 9 2
1479434934007 2 2
1479434937165 7 -1
1479434938636 8 -1
1479434940748 3 1
1479434942441 5 3
1479434947698 3 -1
1479434949012 8 2
1479434950774 7 1
1479434952724 2 -2
1479434958659 0 3
1479434960689 9 -2
1479434962557 9 2
1479434963944 2 2
1479434965707 2 -2
1479434968800 3 -1
1479434971251 2 1
1479434972387 7 -1
1479434974149 8 -2
1479434976668 3 2
1479434978116 9 -1
1479434979030 5 -1
1479434980506 10 -2
1479434984787 6 -2
1479434987295 1 -2
1479434988657 10 -2
1479434990242 9 1
1479434991091 5 1
1479434992045 3 -2
1479434993368 8 3
1479434994136 0 2
