1482488864232 4 -1
1482488865104 2 -1
1482488873190 2 1
1482488873920 7 -1
1482488874637 8 -3
1482488875219 3 1
1482488875819 5 2
1482488876728 10 1
1482488877211 5 1
1482488877700 3 -1
1482488878254 8 1
1482488879076 8 1
1482488879717 7 1
1482488880321 2 -1
1482488881138 0 3
1482488891220 2 1
1482488892036 4 1
1482488894454 6 -2
1482488896884 3 -1
1482488902075 6 2
1482488904713 8 -1
1482488905365 4 -1
1482488905809 7 -1
1482488906338 8 -1
1482488906889 3 2
1482488907559 9 -1
1482488907970 5 -1
1482488909080 1 -2
1482488909594 6 -2
1482488910426 10 -4
1482488911078 9 1
1482488911421 5 1
1482488913771 3 -2
1482488914291 8 3
1482488915108 0 2
