1482789493921 4 -1
1482789494564 1 -2
1482789495762 9 -2
1482789497405 7 2
1482789499440 5 3
1482789503884 5 -3
1482789507280 9 2
1482789508231 7 -3
1482789509707 9 1
1482789510693 10 2
1482789517087 0 1
1482789517827 6 2
1482789521202 3 -1
1482789526304 R
1482789532887 7 -1
1482789534911 4 -1
1482789535896 1 -2
1482789537528 9 -2
1482789538471 5 3
1482789540996 7 3
1482789543545 8 2
1482789545501 3 3
1482789546645 10 -1
1482789548238 0 2
1482789555287 3 -1
1482789556950 7 -3
1482789560036 6 1
1482789562020 0 -1
1482789562980 8 -1
1482789564833 5 -2
1482789565520 2 -1
1482789566988 4 3
1482789568451 1 2
1482789570222 6 -1
1482789572911 R
1482789583270 1 -1
1482789585864 9 -2
1482789587090 5 2
1482789588580 2 -2
1482789593728 7 2
1482789595590 2 2
1482789597421 8 2
1482789599025 3 3
1482789600547 10 -1
1482789602340 0 1
1482789603310 5 -2
1482789605536 8 -1
1482789606700 7 -2
1482789608587 2 -1
1482789609747 4 2
1482789610326 1 1
1482789611645 9 1
1482789613752 6 4
1482789616378 0 -1
1482789618772 9 -1
1482789619878 1 -1
1482789620727 10 1
1482789621863 5 2
1482789623032 3 -4
1482789625709 10 -1
1482789627894 4 -2
1482789628808 8 -1
1482789630225 7 -1
1482789631027 2 1
1482789632005 5 -2
1482789634167 0 1
1482789636467 2 -2
1482789638533 4 2
1482789640984 9 1
1482789642744 6 -3
1482789644086 9 -1
1482789644686 1 -1
1482789646312 4 -3
1482789647082 5 3
1482789648900 2 2
1482789649131 7 3
1482789650822 0 4
