1482597680996 7 2
1482597684724 9 -2
1482597685612 1 -2
1482597686588 4 -1
1482597688348 5 3
1482597690572 8 2
1482597691300 3 3
1482597692836 10 -1
1482597694068 0 2
1482597695372 6 1
1482597698068 8 -1
1482597698924 7 -2
1482597699788 2 -1
1482597701180 0 -1
1482597701940 5 -3
1482597702964 4 3
1482597705324 1 2
1482597706108 9 1
1482597707300 6 3
1482597708108 9 -1
1482597709059 1 -1
1482597710316 4 -2
1482597711380 2 1
1482597712132 7 2
1482597713260 8 1
1482597714396 5 2
1482597715532 3 -1
1482597716948 7 -3
1482597718788 0 -1
1482597719724 10 1
1482597720604 3 -3
1482597721715 10 -1
1482597724860 8 -2
1482597726964 7 3
1482597729284 2 -1
1482597730723 4 1
1482597733180 5 -2
1482597734324 7 -3
1482597735107 2 -1
1482597736307 4 1
1482597737013 1 3
1482597740859 0 1
1482597741435 9 1
1482597742468 6 -3
1482597743739 9 -1
1482597744645 4 -3
1482597745915 5 3
1482597747923 0 1
1482597749348 0 -1
1482597751539 5 -3
1482597752419 1 -4
1482597753923 2 2
1482597755547 7 3
1482597757083 5 3
1482597758187 0 4
