1482234717453 7 2
1482234720443 9 -2
1482234721247 1 -2
1482234722314 4 -1
1482234724448 5 3
1482234728508 8 2
1482234729478 3 3
1482234731052 10 -1
1482234731861 0 2
1482234734677 3 -1
1482234735731 7 -3
1482234738727 0 -1
1482234739876 8 -1
1482234743689 2 -1
1482234745617 5 -1
1482234746242 4 3
1482234749868 0 -1
1482234751306 5 -1
1482234754696 1 2
1482234756423 4 -3
1482234757076 2 1
1482234759415 1 -1
1482234760479 5 2
1482234762224 0 2
1482234763443 2 -1
1482234766121 7 1
1482234767042 7 2
1482234768379 3 1
1482234776131 R
1482234782396 7 2
1482234788351 4 -1
1482234788867 1 -2
1482234789346 9 -2
1482234791517 5 3
1482234796667 8 2
1482234797443 3 3
1482234798266 10 -1
1482234799829 0 1
1482234801800 5 -3
1482234802535 9 1
1482234803055 1 2
1482234803573 4 1
1482234805536 6 1
1482234807360 9 -1
1482234807919 1 -2
1482234808368 4 -1
1482234810062 5 3
1482234814478 8 -1
1482234816209 5 -3
1482234818760 2 -1
1482234820652 4 2
1482234823088 1 2
1482234823409 9 1
1482234824401 6 3
1482234825072 9 -1
1482234825736 1 -1
1482234826071 4 -1
1482234827242 2 1
1482234831029 0 -1
1482234831762 10 1
1482234832560 5 2
1482234833446 3 -4
1482234837842 10 -1
1482234839163 8 -1
1482234841661 5 -2
1482234847778 0 1
1482234849136 9 2
1482234849880 6 -3
1482234850439 1 -1
1482234850778 4 -1
1482234851409 9 -2
1482234852315 5 3
1482234853182 0 5
