1481739814356 9 -2
1481739815944 7 2
1481739819721 7 -3
1481739821923 9 3
1481739823304 1 -2
1481739824490 4 -1
1481739830368 9 -3
1481739832008 5 3
1481739833717 7 3
1481739835650 5 -3
1481739839414 7 -3
1481739840991 9 3
1481739842814 10 2
1481739844722 0 1
1481739845688 6 2
1481739846763 3 -1
1481739850149 6 -1
1481739852985 3 1
1481739854097 6 -1
1481739855161 0 -1
1481739858842 10 -2
1481739862665 R
1481739868548 7 2
1481739871959 7 -3
1481739873598 9 1
1481739875786 4 -1
1481739877009 1 -2
1481739878501 9 -3
1481739880236 5 3
1481739883537 3 1
1481739885431 3 -1
1481739886973 8 2
1481739888318 3 2
1481739889307 10 -1
1481739891204 0 2
1481739893833 6 1
1481739896781 7 3
1481739898991 3 1
1481739902158 3 -1
1481739903540 8 -1
1481739906669 6 -1
1481739907964 6 1
1481739910459 3 1
1481739914078 7 -2
1481739915630 2 -1
1481739919043 2 1
1481739919959 7 2
1481739921938 3 -1
1481739925943 U
1481739930313 R
1481739934727 9 -2
1481739937784 1 -1
1481739939288 5 2
1481739940937 4 -1
1481739941928 5 1
1481739946097 3 1
1481739947612 7 2
1481739948849 8 2
1481739949936 3 2
1481739951184 10 -1
1481739953348 0 2
1481739955927 3 -1
1481739960218 7 -3
1481739961270 8 -1
1481739963617 2 -1
1481739966612 0 -1
1481739967821 5 -2
1481739969252 4 1
1481739970877 1 1
1481739973714 2 1
1481739975950 6 1
1481739979067 8 1
1481739980338 7 3
1481739981694 3 1
1481739983124 5 -1
1481739986240 1 -2
1481739987659 4 -1
1481739988660 5 3
1481739992854 0 1
1481739994602 3 -1
1481739998353 3 1
1481739999588 8 -1
1481740004795 6 -1
1481740006958 0 -1
1481740009903 3 -1
1481740011076 8 1
1481740013741 0 1
1481740017823 0 -1
1481740019326 3 1
1481740020782 8 -1
1481740022981 7 -2
1481740024984 2 -1
1481740026575 5 -1
1481740028113 4 3
1481740030731 1 1
1481740033724 5 -2
1481740035838 9 1
1481740037965 6 4
1481740040030 9 -1
1481740046935 5 2
1481740050198 7 1
1481740051726 3 -1
1481740058837 R
1481740063203 9 -2
1481740067480 1 -1
1481740070193 4 -1
1481740075437 2 -2
1481740077527 4 3
1481740079396 9 1
1481740081207 1 3
1481740083467 9 -1
1481740084751 5 2
1481740086938 3 1
1481740089897 3 -1
1481740092316 4 -3
1481740093819 5 1
1481740095701 3 1
1481740099050 7 -1
1481740103877 5 -2
1481740106262 1 -4
1481740108254 5 2
1481740109439 2 2
1481740111467 8 2
1481740114109 3 1
1481740115453 10 -1
1481740117176 0 2
1481740119878 7 3
1481740121685 3 1
1481740123837 0 -2
1481740126099 5 -3
1481740129140 8 -1
1481740130657 9 2
1481740132013 7 -2
1481740134421 10 1
1481740136303 9 -2
1481740139089 5 3
1481740140922 10 -1
1481740143160 0 2
1481740146495 3 -1
1481740147767 7 -1
1481740153350 R
1481740159085 9 -2
1481740164022 7 -1
1481740166162 2 -2
1481740167910 1 2
1481740169009 4 2
1481740171698 5 2
1481740173604 4 -3
1481740174998 5 1
1481740180058 3 1
1481740181755 3 -1
1481740183724 5 -3
1481740203446 1 -4
1481740207859 2 2
1481740210440 5 3
1481740214840 8 2
1481740217284 3 2
1481740219778 10 -1
1481740221855 0 2
1481740227210 6 1
1481740229188 7 3
1481740232307 3 1
1481740236138 8 -1
1481740240134 6 -1
1481740246735 0 -1
1481740249864 8 1
1481740252027 0 1
1481740254045 3 -1
1481740256415 3 1
1481740258310 0 -2
1481740260486 7 -2
1481740262648 8 -1
1481740265667 0 2
1481740268821 1 1
1481740274280 R
1481740279003 7 2
1481740282683 9 -2
1481740288048 1 -2
1481740289955 4 -1
1481740295028 5 3
1481740297425 8 2
1481740299417 3 3
1481740303731 10 -1
1481740306359 0 2
1481740312054 0 -2
1481740313754 10 1
1481740315530 3 -3
1481740317151 8 -2
1481740332148 5 -3
1481740336204 9 2
1481740339223 1 2
1481740341069 4 1
1481740346737 R
1481740347767 R
1481740350224 9 -2
1481740353329 7 2
1481740360196 9 2
1481740362811 1 -2
1481740364534 9 -2
1481740366967 4 -1
1481740369924 5 3
1481740374812 3 1
1481740376465 8 2
1481740378296 3 2
1481740380143 10 -1
1481740384479 0 2
1481740389306 3 -1
1481740390834 8 -1
1481740396774 0 -2
1481740398816 8 1
1481740400856 3 1
1481740403264 5 -3
1481740409953 5 3
1481740413519 10 1
1481740415903 3 -3
1481740418456 8 -2
1481740423394 8 1
1481740425837 3 3
1481740427988 10 -1
1481740430518 0 2
1481740432620 8 1
1481740436007 1 1
1481740437912 0 -1
1481740442373 3 -1
1481740445014 8 -1
1481740447482 7 -3
1481740450891 0 1
1481740454229 2 -1
