1481189469659 4 -1
1481189472163 1 -2
1481189473456 9 -2
1481189484457 5 3
1481189493838 5 -1
1481189494194 R
1481189496962 7 2
1481189501274 4 -1
1481189509432 1 -2
1481189520080 7 -3
1481189522935 9 1
1481189526827 10 2
1481189546889 10 -1
1481189547110 10 -1
1481189551614 9 -3
1481189554938 5 3
1481189558705 3 1
1481189564471 8 2
1481189566366 3 1
1481189568062 10 -1
1481189569411 8 -1
1481189571734 0 2
1481189575695 7 3
1481189577579 3 1
1481189579590 8 1
1481189588856 7 -2
1481189595464 7 1
1481189597785 8 -1
1481189600089 3 -1
1481189602861 2 -1
1481189608584 0 -1
1481189611820 3 1
1481189613333 5 -3
1481189624507 2 1
1481189626117 7 1
1481189632225 5 3
1481189634287 8 1
1481189639300 0 1
1481189644018 6 1
1481189653081 8 -1
1481189657274 3 -1
1481189661968 1 1
1481189664675 0 -1
1481189665766 5 -2
1481189669663 3 1
1481189670583 5 -1
1481189685052 9 2
1481189686862 7 -2
1481189693159 1 -1
1481189696929 6 -1
1481189697926 0 -1
1481189703513 10 1
1481189705629 9 -2
1481189709025 5 3
1481189714832 10 -1
1481189715944 0 2
1481189720096 1 1
1481189721218 2 -1
1481189723077 2 1
1481189724211 8 1
1481189725315 7 2
1481189729369 7 -2
1481189730425 7 2
1481189731912 8 -1
1481189736737 R
1481189736765 R
1481189736873 R
1481189744595 7 -1
1481189748309 9 -2
1481189750016 1 -2
1481189751600 4 -1
1481189752816 2 -2
1481189753728 5 1
1481189756388 5 1
1481189757952 5 1
1481189761161 2 1
1481189763719 3 1
1481189766538 3 -1
1481189769533 5 -3
1481189772935 2 1
1481189774786 5 2
1481189775251 5 1
1481189776395 5 -3
1481189777986 9 1
1481189779176 9 2
1481189781187 10 2
1481189787514 0 1
1481189789883 6 2
1481189792059 3 -1
1481189797959 4 1
1481189800792 6 -1
1481189804912 4 -1
1481189807428 8 1
