1480614318270 10 -2
1480614323965 9 -4
1480614330031 8 1
1480614331942 1 1
1480614337887 10 2
1480614343591 2 -1
1480614345981 4 -1
1480614348083 3 -1
1480614350277 12 -1
1480614357384 10 -2
1480614359724 1 -2
1480614362023 5 2
1480614363718 8 -2
1480614365569 5 1
1480614368202 11 2
1480614400953 R
1480614415031 10 -2
1480614419425 9 -4
1480614428086 4 -1
1480614432157 2 -1
1480614434223 3 -1
1480614436222 12 -1
1480614443677 5 1
1480614446187 9 4
1480614450348 1 -1
1480614452324 5 -1
1480614453862 10 2
1480614468797 1 1
1480614472582 1 -1
1480614474058 10 -2
1480614475664 9 -4
1480614482333 8 -1
1480614484480 5 3
1480614486191 11 2
1480614488915 0 1
1480614499481 6 1
1480614500928 4 -1
1480614502818 3 -1
1480614504825 1 -1
1480614508707 1 1
1480614513995 7 1
1480614516903 6 2
1480614519318 2 -1
1480614530040 1 -1
1480614533039 10 -1
1480614554532 10 1
1480614556662 2 1
1480614558725 6 -2
1480614561856 7 -1
1480614565927 1 1
1480614567678 3 1
1480614569192 4 1
1480614570715 6 -1
1480614572715 0 -1
1480614575933 7 1
1480614580159 7 -1
1480614583191 11 -2
1480614585869 5 -3
1480614588017 10 2
1480614591132 1 2
1480614593683 2 1
1480614596185 8 2
1480614598115 12 2
1480614599661 2 1
1480614601614 3 1
1480614606407 11 -1
1480614608431 4 1
1480614612592 11 1
1480614614531 2 -2
1480614618829 R
1480614654323 4 -1
1480614656474 2 -1
1480614658541 1 -1
1480614664004 3 -1
1480614665367 12 -1
1480614671982 10 -2
1480614674167 9 -4
1480614679266 8 -1
1480614680875 5 3
1480614683299 11 2
1480614688344 0 1
1480614692056 0 -1
1480614696253 11 -2
1480614698164 5 -3
1480614705809 1 2
1480614707765 10 2
1480614714043 8 2
1480614716146 2 1
1480614719008 2 -1
1480614720927 12 2
1480614722630 3 1
1480614724810 4 1
1480614727248 2 2
1480614729508 11 -1
1480614732699 4 -1
1480614734403 3 -1
