1482853187212 10 -2
1482853194799 9 -4
1482853196665 10 2
1482853196964 1 1
1482853197277 8 1
1482853197648 12 1
1482853198277 2 1
1482853198862 11 -1
1482853211962 11 1
1482853212289 4 -1
1482853212629 2 -2
1482853212891 3 -1
1482853213604 12 -2
1482853214292 1 -2
1482853214696 8 -2
1482853215126 10 -2
1482853215762 5 3
1482853216315 9 4
1482853216757 11 2
1482853217166 7 1
1482853217483 0 1
1482853217943 6 4
1482853218358 7 -1
1482853218648 0 -1
1482853222048 2 -1
1482853222396 4 -1
1482853222728 3 -1
1482853223191 10 -1
1482853223689 1 -1
1482853224557 11 -2
1482853225293 5 -2
1482853225761 9 -3
1482853226212 10 1
1482853226552 1 3
1482853226868 8 2
1482853227236 12 2
1482853227684 3 2
1482853228168 2 3
1482853228954 11 -2
1482853229680 7 1
1482853229950 0 1
1482853231090 6 -3
1482853231541 5 -1
1482853232061 9 -1
1482853232452 7 -1
1482853232820 10 2
1482853235683 0 2
1482853236077 11 2
1482853236557 2 -1
1482853236818 3 -2
1482853237415 12 -2
1482853237868 0 3
