1481907973014 10 -1
1481907983217 9 -4
1481907985832 8 1
1481907986765 1 1
1481907989855 10 1
1481907991480 12 1
1481908000999 10 -2
1481908004719 1 -1
1481908007043 2 -1
1481908008096 1 -1
1481908009819 5 2
1481908014980 9 3
1481908018715 9 -1
1481908020896 12 -1
1481908022197 12 1
1481908023525 4 -1
1481908024859 3 -1
1481908026104 12 -2
1481908027616 8 -2
1481908029117 5 1
1481908032038 9 2
1481908033684 11 2
1481908035819 0 1
1481908037413 7 1
1481908038979 6 4
1481908041650 4 -1
1481908042703 2 -1
1481908044591 3 -1
1481908047491 1 -1
1481908051683 7 -1
1481908053868 11 -1
1481908062297 10 -1
1481908065161 1 1
1481908069246 9 -2
1481908070835 9 -1
1481908074540 1 -1
1481908078170 9 2
1481908080026 11 1
1481908084960 9 1
1481908088803 0 -1
1481908090330 11 -2
1481908095305 5 -1
1481908097306 9 -1
1481908098365 8 2
1481908105377 5 -1
1481908107316 9 -1
1481908108830 1 3
1481908112773 12 2
1481908115137 3 2
1481908117428 10 -1
1481908120715 10 2
1481908122397 2 3
1481908125305 11 -2
1481908130347 0 1
1481908131487 7 1
1481908132955 6 -3
1481908134920 7 -1
1481908136160 5 -1
1481908138002 9 -1
1481908140036 10 2
1481908141591 0 2
1481908143355 11 2
1481908145469 2 -2
1481908148112 3 -2
1481908149511 12 -1
1481908150934 12 -1
1481908152342 0 2
