1482131929031 10 -2
1482131931399 5 1
1482131934940 5 -1
1482131936821 9 -4
1482131940676 8 1
1482131941644 1 1
1482131945257 10 2
1482131952082 10 -2
1482131957733 12 1
1482131959084 10 2
1482131962552 4 -1
1482131965739 2 -1
1482131966778 3 -1
1482131967834 12 -2
1482131968923 1 -2
1482131970595 8 -2
1482131973275 10 -2
1482131974691 5 3
1482131975737 9 4
1482131978306 11 2
1482131980319 0 1
1482131984575 11 -1
1482131986618 9 -4
1482131987520 11 1
1482131991543 11 -1
1482131993838 U
1482131999096 R
1482132002538 4 -1
1482132004290 2 -1
1482132005994 1 -1
1482132009985 10 -2
1482132012713 9 -4
1482132015314 5 2
1482132017138 5 -2
1482132018562 8 1
1482132020801 1 2
1482132021943 10 2
1482132025034 2 1
1482132030630 1 -1
1482132031305 10 -2
1482132032121 8 -1
1482132033169 5 1
1482132035881 1 1
1482132036593 8 1
1482132038258 1 -1
1482132039233 3 -1
1482132040150 12 -1
1482132041170 8 -2
1482132042898 1 1
1482132044630 5 -1
1482132045334 9 2
1482132046553 10 1
1482132049549 R
1482132065964 2 -1
1482132067481 4 -1
1482132068313 3 -1
1482132070307 3 1
1482132071441 1 -1
1482132072641 10 -2
1482132074064 3 -1
1482132075064 12 -1
1482132080708 8 -1
1482132082033 9 -4
1482132083320 5 3
1482132086284 11 2
1482132090291 11 -2
1482132096752 11 2
1482132098202 7 1
1482132099088 0 1
1482132101082 6 3
1482132103048 4 -1
1482132104054 2 -1
1482132105096 3 -1
1482132106608 1 -1
1482132107720 10 -1
1482132109817 6 -1
1482132111832 7 2
1482132115056 7 -2
1482132117146 7 2
1482132120520 7 -2
1482132121776 10 1
1482132122520 1 1
1482132129669 1 -1
1482132130362 10 -1
1482132131351 7 2
1482132133168 6 1
1482132134525 11 -1
1482132136432 9 4
1482132137303 6 1
1482132138208 11 1
1482132140872 7 -3
1482132144127 11 -1
1482132145279 11 1
1482132146839 10 1
1482132147639 1 1
1482132150462 2 1
1482132151223 3 1
1482132152999 7 1
1482132153976 6 -3
1482132156095 7 -1
1482132158471 11 -1
1482132159310 9 -4
1482132160991 11 1
1482132166308 R
1482132171007 10 -2
1482132172687 9 -4
1482132176343 10 2
1482132177397 1 1
1482132177946 8 1
1482132183226 12 1
1482132185527 2 -1
1482132186468 4 -1
1482132187156 3 -1
1482132188228 12 -2
1482132192444 8 -2
1482132193152 1 -2
1482132194126 10 -2
1482132194961 5 3
1482132196799 9 4
1482132198064 11 2
1482132201327 11 -2
1482132202000 5 -3
1482132203243 9 -4
1482132205149 10 2
1482132205728 1 2
1482132206368 8 2
1482132211380 2 1
