1480181970230 10 -2
1480181974588 9 -4
1480181976316 8 1
1480181977341 1 1
1480181978612 10 2
1480181981500 12 1
1480181982396 2 1
1480181983516 11 -1
1480181984636 7 2
1480181987222 7 -2
1480181988268 11 1
1480181990084 10 -2
1480181990869 5 1
1480181991748 9 2
1480181993948 1 -1
1480181994700 9 1
1480181996804 4 -1
1480181997452 3 -1
1480181998231 2 -2
1480181999021 12 -2
1480182000196 1 -1
1480182001307 8 -2
1480182007100 9 1
1480182008004 5 2
1480182010532 11 2
1480182011524 0 1
1480182012540 7 1
1480182013644 6 3
1480182014885 6 1
1480182017021 4 -1
1480182017756 3 -1
1480182018764 1 -1
1480182020220 2 -1
1480182021204 10 -1
1480182022100 7 2
1480182025124 0 -1
1480182026550 11 -2
1480182028676 5 -2
1480182029525 9 -3
1480182030908 8 2
1480182032372 12 2
1480182037556 12 -2
1480182038780 7 1
1480182040717 10 1
1480182041556 2 1
1480182044028 5 1
1480182046021 6 -1
1480182048067 9 -1
1480182054364 2 -1
1480182055588 12 1
1480182057572 5 -1
1480182059845 10 -1
1480182062372 7 -1
1480182063016 12 1
1480182064748 12 -2
1480182065812 8 -2
1480182067148 5 2
1480182069182 11 2
1480182070589 0 1
1480182071580 6 -1
1480182074116 11 -1
1480182074884 9 4
1480182076276 11 1
1480182077567 7 -2
1480182080630 10 1
1480182081519 1 1
1480182082373 3 1
1480182084804 4 1
1480182087182 9 -1
1480182090651 6 2
1480182091955 0 -1
1480182093244 7 -1
1480182094093 11 -2
1480182094957 9 -2
1480182095589 5 -2
1480182096972 8 2
1480182097916 12 2
1480182098700 3 1
1480182099566 4 1
1480182100816 1 2
1480182101580 2 3
1480182103565 11 -1
1480182106380 1 -1
1480182110501 4 -2
1480182111448 3 -2
1480182114323 11 1
1480182115012 2 -3
1480182116734 12 -2
1480182117804 1 -2
1480182118580 10 -1
1480182120115 5 1
1480182121156 9 2
1480182122734 8 -2
1480182123507 5 1
1480182124398 11 2
1480182125939 0 1
1480182130421 11 -1
1480182131156 9 -2
1480182134012 1 1
1480182134988 3 1
1480182135648 4 1
1480182136804 10 1
1480182137620 2 1
1480182143476 9 3
1480182144847 11 1
1480182148757 U
1480182149357 U
1480182149941 R
1480182155604 10 -1
1480182156907 9 -4
1480182158613 8 1
1480182159388 12 1
1480182161236 2 1
1480182164301 4 -1
1480182166070 2 -2
1480182166919 3 -1
1480182168236 2 2
1480182169316 3 1
1480182169941 4 1
1480182171310 11 -1
1480182172181 7 1
1480182173589 10 -1
1480182175804 5 1
1480182182974 9 3
1480182186573 9 -3
1480182188004 1 1
1480182191397 4 -1
1480182192476 3 -1
1480182194566 7 -1
1480182195814 11 1
1480182199768 2 -2
1480182201476 12 -2
1480182202988 8 -2
1480182203876 1 -2
1480182205068 5 2
1480182206444 11 2
1480182210628 0 1
1480182211940 11 -1
1480182212716 9 4
1480182214588 11 1
1480182216452 7 1
1480182218005 6 4
1480182220228 4 -1
1480182220988 3 -1
1480182221966 1 -1
1480182224156 7 -1
1480182225724 11 -1
1480182227277 9 -3
1480182229612 2 -1
1480182230692 10 -1
1480182237349 10 1
1480182237988 1 1
1480182239021 3 1
1480182239716 2 1
1480182240486 4 1
1480182243507 9 3
1480182244892 11 1
1480182245583 7 1
1480182250332 6 -2
1480182254788 2 -1
1480182255740 10 -1
1480182257278 7 1
1480182264652 6 2
1480182269852 7 -2
1480182271044 11 -1
1480182273012 9 -3
1480182277374 9 3
1480182279799 11 1
1480182280685 0 -1
1480182281724 11 -2
1480182283412 5 -2
1480182284332 10 1
1480182285206 9 -3
1480182287150 2 1
1480182289060 8 2
1480182290036 12 2
1480182290821 1 2
1480182291867 2 2
1480182293133 3 1
1480182293669 4 1
1480182298477 4 -2
1480182299532 11 -2
1480182300844 0 1
1480182305404 3 -1
1480182308494 9 1
1480182310404 7 1
1480182311364 6 -3
1480182313844 7 -1
1480182315092 5 -1
1480182315748 9 -2
1480182316956 10 2
1480182319476 0 2
1480182322972 10 -1
1480182326060 9 2
1480182327796 7 1
1480182329284 6 1
1480182330887 11 1
1480182331708 3 -1
1480182334741 3 2
1480182338732 6 -1
1480182339581 7 -1
1480182340548 11 1
1480182343276 2 -2
1480182346141 3 -2
1480182347068 12 -2
1480182348197 0 2
