1481770869073 10 -2
1481770870335 9 -4
1481770871559 10 2
1481770873277 1 1
1481770874831 4 -1
1481770875643 3 -1
1481770877017 12 -1
1481770888684 8 -1
1481770890103 1 -1
1481770890727 2 -1
1481770891727 1 -1
1481770892694 10 -2
1481770893585 5 3
1481770896311 11 2
1481770899833 0 1
1481770900809 6 1
1481770901605 4 -1
1481770902451 3 -1
1481770903610 1 -1
1481771059030 R
1481771237058 4 -1
1481771237699 3 -1
1481771238490 12 -1
1481771239128 2 -1
1481771240128 1 -1
1481771240972 8 -1
1481771241838 10 -2
1481771243766 5 3
1481771244827 11 2
1481771246054 0 1
1481771246928 6 1
1481771247677 4 -1
1481771248653 3 -1
1481771251160 11 -1
1481771252065 9 -4
1481771271171 11 1
1481771271882 7 1
1481771272748 6 2
1481771273811 2 -1
1481771275381 10 -1
1481771285064 6 -1
1481771286524 6 1
1481771289837 7 1
1481771292716 6 -1
1481771296590 6 1
1481771298176 1 -1
1481771299128 7 1
1481771301464 11 -1
1481771302236 9 4
1481771303518 11 1
1481771304298 6 1
1481771306468 7 -3
1481771316888 7 1
1481771325596 10 1
1481771326526 2 1
1481771327728 6 -3
1481771328984 7 -1
1481771335537 1 1
1481771336238 3 1
1481771336792 4 1
1481771337441 6 -1
1481771341465 11 -1
1481771342330 9 -4
1481771348001 R
1481771372840 10 -1
1481771376354 9 -1
1481771377330 8 1
1481771378406 12 1
1481771379718 2 1
1481771381000 4 -1
1481771391712 4 1
1481771396383 2 -2
1481771430307 4 -1
1481771437326 2 2
1481771475334 2 -2
1481771476528 3 -1
1481771495571 3 1
1481771506184 12 -1
1481771507144 8 -1
1481771507863 1 -1
1481771508574 10 -1
1481771509628 5 2
1481771512392 3 -1
1481771513093 12 -1
1481771513765 8 -1
1481771514609 5 1
1481771516311 11 2
1481771520675 0 1
1481771524377 7 1
1481771525760 6 4
1481771527009 7 -1
1481771528524 4 -1
1481771529797 2 -1
1481771530954 3 -1
1481771573548 7 1
1481771574727 2 1
1481771576875 6 -2
1481771587513 R
1481771616268 10 -2
1481771617987 9 -4
1481771646622 8 1
1481771648364 12 1
1481771656062 2 1
1481771672663 4 -1
1481771673309 3 -1
1481771673981 2 -2
1481771675708 1 -1
1481771676987 12 -2
1481771677697 8 -2
1481771678956 5 3
1481771704482 9 1
1481771706536 11 1
1481771711407 0 1
1481771715225 6 1
1481771716257 4 -1
1481771736135 R
1481772002048 10 -1
1481772004070 9 -3
1481772005460 10 1
1481772034329 4 -1
1481772035047 3 -1
1481772036039 8 1
1481772036781 12 -1
1481772037639 1 1
1481772111403 2 -1
1481772112457 1 -2
1481772113204 10 -2
1481772114392 8 -2
1481772115689 5 3
1481772117571 9 2
1481772118717 11 2
1481772122099 0 1
1481772122784 7 1
1481772124785 6 2
1481772126736 2 -1
1481772127697 4 -1
1481772132491 6 2
1481772133600 7 -1
1481772135410 11 -1
1481772137153 9 -2
1481772149340 9 2
1481772150762 11 1
1481772151378 7 1
1481772152340 6 -2
1481772155962 2 1
1481772156680 4 1
1481772157641 6 -2
1481772158789 7 -1
1481772160226 11 -1
1481772171586 6 1
1481772172414 4 -1
1481772173102 3 -1
1481772174546 1 -1
1481772178740 11 1
1481772179786 7 1
1481772181924 6 1
1481772182800 2 -1
1481772184088 10 -1
1481772188615 7 2
1481772192232 11 -1
1481772222748 6 1
1481772223918 0 -1
1481772224729 11 -1
1481772225611 5 -2
1481772232429 9 -1
1481772233381 8 2
1481772238129 7 1
1481772239183 10 1
1481772250519 10 -1
1481772258789 9 -2
1481772273301 10 1
1481772274300 2 1
1481772277267 R
1481772405880 4 -1
1481772406637 3 -1
1481772407332 2 -1
1481772408315 12 -1
1481772410033 1 -1
1481772411165 10 -2
1481772415459 8 -1
1481772417839 5 3
1481772434011 11 1
1481772435033 0 1
1481772435899 6 1
1481772436845 4 -1
1481772437929 3 -1
1481772441787 1 -1
1481772451211 11 1
1481772452305 7 1
1481772453875 6 1
1481772455770 2 -1
1481772458161 1 1
1481772458912 3 1
1481772462119 9 -1
1481772465773 10 -1
1481772474277 6 2
1481772475129 7 -1
1481772475955 11 -1
1481772477033 9 -2
1481772483044 3 -1
1481772484404 1 -1
1481772504534 10 1
1481772505752 2 1
1481772510444 9 2
1481772511211 11 1
1481772511786 7 1
1481772512834 6 -3
1481772513746 7 -1
1481772514558 11 -1
1481772515870 9 -2
1481772525694 1 1
1481772526630 3 1
1481772527192 4 1
1481772528020 6 -1
1481772534642 R
1481772578701 2 -1
1481772580019 1 -1
1481772588913 10 -2
1481772590545 9 -1
1481772591451 8 1
1481772592560 5 2
1481772606097 5 -1
1481772609517 9 -1
1481772611007 1 2
1481772615661 4 -1
1481772617839 3 -1
1481772619339 12 -1
1481772623251 5 -1
1481772624009 9 -2
1481772625038 10 2
1481772652124 12 2
1481772653146 3 1
1481772658707 2 2
1481772662087 4 1
1481772669377 11 -1
1481772674273 7 1
1481772692293 10 -2
1481772702685 R
1481772722519 4 -1
1481772723151 2 -1
1481772724196 3 -1
1481772725243 12 -1
1481772726006 1 -1
1481772727398 8 -1
1481772728483 10 -2
1481772738921 5 3
1481772751141 11 1
1481772756099 0 1
1481772756787 11 1
1481772757621 7 1
1481772760589 6 2
1481772761697 2 -1
1481772762641 4 -1
1481773001811 R
