1481908088221 10 -2
1481908089397 5 1
1481908091973 9 -4
1481908093260 1 1
1481908097108 8 1
1481908098021 12 1
1481908099110 2 1
1481908100335 11 -1
1481908104196 7 1
1481908105132 5 -1
1481908106108 10 2
1481908110108 7 -1
1481908111012 11 1
1481908120980 4 -1
1481908122533 11 -1
1481908123684 7 2
1481908128197 7 -2
1481908131636 3 -1
1481908132720 11 1
1481908133453 2 -2
1481908134492 12 -2
1481908137558 1 -2
1481908145396 1 2
1481908147252 2 1
1481908149853 10 -2
1481908150883 5 1
1481908152428 9 2
1481908154516 9 -2
1481908155332 5 -1
1481908156300 1 -1
1481908160388 2 -1
1481908161540 1 -1
1481908162508 10 2
1481908169261 10 -2
1481908170287 8 -2
1481908171324 5 3
1481908173725 11 2
1481908181972 7 1
1481908184660 0 1
1481908185620 7 -1
1481908186679 11 -1
1481908187590 6 1
1481908188511 4 -1
1481908189268 3 -1
1481908190148 1 -1
1481908191443 11 1
1481908195683 11 -1
1481908201299 9 4
1481908202460 11 1
1481908204075 7 1
1481908205555 6 3
1481908207397 2 -1
1481908208211 10 -1
1481908209099 7 -1
1481908212523 11 -1
1481908213563 9 -3
1481908219619 1 1
1481908220418 3 1
1481908221419 4 1
1481908222435 10 1
1481908227155 4 -1
1481908227971 3 -1
1481908229676 1 -1
1481908232019 10 -1
1481908236941 R
1481908249315 4 -1
1481908250179 2 -1
1481908251605 3 -1
1481908252531 12 -1
1481908253579 1 -1
1481908254763 8 -1
1481908256843 10 -2
1481908258171 5 3
1481908260547 11 2
1481908264724 11 -2
1481908265851 5 -3
1481908267091 9 -4
1481908268483 10 2
1481908269883 1 2
1481908272019 8 2
1481908274475 12 2
1481908275406 3 1
1481908276530 4 1
1481908278395 2 2
1481908279445 11 -1
1481908281972 4 -1
1481908282627 3 -1
1481908283947 11 1
1481908284635 2 -2
1481908285708 12 -2
1481908293315 12 2
1481908294474 2 2
1481908295522 11 -1
1481908296698 10 -2
1481908298260 1 -1
1481908299203 5 1
1481908300325 7 1
1481908302483 5 -1
1481908302979 7 -1
1481908303835 10 2
1481908305845 10 -2
1481908307259 1 1
1481908308836 3 1
1481908310046 11 1
1481908310820 2 -2
1481908312316 1 -2
1481908313572 5 2
1481908317884 9 3
1481908318628 5 -2
1481908320686 9 -3
1481908322531 10 2
1481908323707 1 2
1481908325574 12 -1
1481908326653 2 1
1481908327452 4 1
1481908328180 2 -1
1481908329316 1 -2
1481908335340 4 -1
1481908336277 3 -1
1481908337579 12 1
1481908338548 1 1
1481908340164 2 2
1481908343163 11 -1
1481908344244 10 -2
1481908351548 R
1481908369455 2 -1
1481908370388 1 -1
1481908372239 10 -2
1481908376860 9 -4
1481908379478 1 2
1481908382189 10 2
