1481256430853 4 -1
1481256432155 2 -1
1481256433619 3 -1
1481256438252 3 1
1481256439023 4 1
1481256439677 2 1
1481256442452 4 -1
1481256443732 3 -1
1481256444404 12 -1
1481256447194 10 -2
1481256448324 9 -4
1481256449299 1 1
1481256450466 10 2
1481256456873 12 1
1481256457694 3 1
1481256458691 4 1
1481256461595 8 1
1481256462194 12 1
1481256463011 2 1
1481256465739 11 -1
1481256467114 4 -1
1481256470987 3 -1
1481256472298 1 -1
1481256473250 10 -2
1481256474355 5 1
1481256475290 7 1
1481256476036 7 -1
1481256476749 11 1
1481256477373 5 -1
1481256478218 1 1
1481256479045 10 2
1481256483875 1 -1
1481256484478 10 -2
1481256485762 2 -2
1481256486391 12 -2
1481256487003 8 -2
1481256487762 1 -1
1481256488693 5 3
1481256490554 11 2
1481256493609 0 1
1481256494468 6 1
1481256495034 4 -1
1481256495933 3 -1
1481256497116 1 -1
1481256498226 11 -1
1481256501299 9 4
1481256504889 1 1
1481256505758 3 1
1481256506657 4 1
1481256507358 6 -1
1481256510377 11 1
1481256510939 7 1
1481256513713 6 4
1481256516269 7 -1
1481256517195 11 -1
1481256518453 9 -3
1481256520108 9 3
1481256521005 11 1
1481256521835 11 -1
1481256522852 9 -3
1481256524372 0 -1
1481256526364 2 -1
1481256526908 4 -1
1481256527773 3 -1
1481256529220 3 1
1481256530773 10 -1
1481256531862 9 3
1481256533141 11 1
1481256534899 0 1
1481256536159 4 1
1481256537836 7 2
1481256538591 6 -2
1481256540180 7 -1
1481256542331 9 -1
1481256543468 10 1
1481256544318 4 -1
1481256544988 3 -1
1481256546043 1 -1
1481256547203 10 -1
1481256548323 7 2
1481256550067 11 -1
1481256550734 9 -3
1481256555346 9 4
1481256556100 11 1
1481256556654 7 -2
1481256558348 6 2
1481256558869 7 -1
1481256560576 11 -1
1481256561271 9 -3
1481256571523 1 1
1481256572349 3 1
1481256573098 4 1
1481256575542 0 -1
1481256576475 9 3
1481256577411 11 1
1481256578177 0 1
1481256580496 11 -1
1481256581201 9 -3
1481256582932 9 3
1481256583811 11 1
1481256584451 7 2
1481256585555 6 -2
1481256586385 7 -1
1481256587744 7 1
1481256588495 9 -1
1481256589169 7 -1
1481256590210 10 1
1481256591067 4 -1
1481256591677 3 -1
1481256592805 1 -1
1481256593449 10 -1
1481256594338 7 2
1481256595430 11 -1
1481256595997 9 -3
1481256597352 11 1
1481256598137 7 -2
1481256600774 1 1
1481256601686 3 1
1481256602474 4 1
1481256603778 10 1
1481256605530 6 1
1481256607138 0 -1
1481256607990 10 -1
1481256611643 7 1
1481256615085 4 -1
1481256616266 7 -1
1481256620449 10 1
1481256621353 3 -1
1481256622530 1 -1
1481256624897 1 1
1481256626599 10 -1
1481256630367 1 -1
1481256633105 7 2
1481256633782 11 -2
1481256634396 5 -2
1481256635314 8 2
1481256636257 7 1
1481256637433 10 1
1481256638617 2 1
1481256643073 9 3
1481256643907 6 1
1481256647488 2 -1
1481256648312 10 -1
1481256649849 5 1
1481256653984 7 -1
1481256654583 8 -2
1481256655601 5 1
1481256656625 11 2
1481256660552 7 -3
1481256661909 11 -2
1481256663122 5 -2
1481256665488 8 2
1481256666417 1 2
1481256667270 3 1
1481256667960 4 1
1481256669472 1 -1
1481256670403 5 1
1481256674272 10 1
1481256675194 4 -1
1481256675842 3 -1
1481256676530 10 -1
1481256677072 1 -1
1481256678377 8 -2
1481256679174 5 1
1481256680303 9 1
1481256681226 11 2
1481256684497 7 3
1481256685807 0 1
1481256687548 6 -2
1481256689455 7 -2
1481256690151 7 2
1481256690839 11 -1
1481256691584 9 -4
1481256692580 11 1
1481256693319 7 -2
1481256696271 1 1
1481256696998 3 1
1481256698037 4 1
1481256699249 4 -1
1481256700903 7 1
1481256702207 6 1
1481256704191 4 1
1481256705319 0 -1
1481256706770 7 -1
1481256708409 10 1
1481256708961 2 1
1481256710059 4 -1
1481256711168 0 1
1481256712167 6 -2
1481256714103 7 -1
1481256714999 11 -1
1481256715834 9 1
1481256716794 9 3
1481256720660 11 1
1481256721193 7 1
1481256722390 6 3
1481256724012 7 -1
1481256724776 2 -1
1481256726187 3 -1
1481256727916 3 1
1481256729022 3 -1
1481256729940 9 -1
1481256730706 11 -1
1481256731608 9 -2
1481256734031 10 -1
1481256734591 1 -1
1481256737256 9 3
1481256738166 11 1
1481256739022 7 3
1481256739854 11 -1
1481256740620 6 -2
1481256741735 11 1
1481256742495 6 2
1481256743172 7 -3
1481256745620 11 -1
1481256746431 9 -3
1481256747374 1 1
1481256747904 10 1
1481256748558 3 1
1481256749237 10 -1
1481256751117 4 1
1481256752181 0 -1
1481256753195 11 -1
1481256754404 9 3
1481256755601 5 -2
1481256756609 1 1
1481256757149 10 1
1481256757694 4 -1
1481256758384 2 2
1481256760092 3 -1
1481256762101 8 1
1481256763606 12 1
1481256764255 9 -3
1481256764877 1 1
1481256765575 12 -1
1481256766401 2 -2
1481256767429 10 -1
1481256768295 3 1
1481256769325 3 -1
1481256769949 1 -3
1481256771077 5 1
1481256772598 5 -1
1481256774310 8 1
1481256774762 1 3
1481256776583 3 1
1481256779853 9 1
1481256781634 1 -2
1481256782234 5 1
1481256784606 9 -1
1481256786305 8 -2
1481256786788 5 1
1481256787389 11 1
1481256788151 3 -1
1481256789082 1 -1
1481256790431 11 -1
1481256791667 5 -2
1481256792468 1 3
1481256793749 3 1
1481256794893 4 1
1481256796358 4 -1
1481256796881 3 -1
1481256797595 8 2
1481256798251 1 -3
1481256804078 8 -2
1481256804680 5 2
1481256805417 9 3
1481256806215 11 2
1481256807928 0 1
1481256810372 10 1
1481256811484 1 1
1481256812164 3 1
1481256812783 2 1
1481256814332 7 1
1481256816343 6 -3
1481256817724 7 -1
1481256818334 11 -1
1481256819724 9 -4
1481256820836 11 1
1481256823973 3 -1
1481256824621 1 -1
1481256833073 11 -1
1481256833968 9 4
1481256834887 11 1
1481256835844 7 1
1481256836987 6 3
1481256837867 7 -1
1481256841721 7 1
1481256842530 6 -3
1481256843225 7 -1
1481256844365 11 -1
1481256845020 9 -4
1481256846358 11 1
1481256847269 11 -1
1481256847991 1 1
1481256848908 3 1
1481256849525 4 1
1481256850339 6 -1
1481256852273 9 4
1481256853035 11 1
1481256854652 11 -1
1481256855265 9 -4
1481256859974 11 1
1481256862691 6 1
1481256863291 4 -1
1481256863899 3 -1
1481256864581 1 -1
1481256866155 11 -1
1481256870500 9 4
1481256871594 11 1
1481256872919 7 1
1481256873738 6 1
1481256874693 2 -1
1481256875480 10 -1
1481256876528 7 2
1481256879677 11 -1
1481256880336 9 -4
1481256881069 11 1
1481256882266 7 -2
1481256883003 10 1
1481256883686 1 1
1481256884323 3 1
1481256885922 4 1
1481256887453 10 -1
1481256889986 7 1
1481256891386 6 1
1481256892098 7 -1
1481256893362 10 1
1481256893935 2 1
1481256895098 6 -3
1481256895834 7 -1
1481256896505 11 -1
1481256897175 9 4
1481256901306 11 1
1481256902377 11 -1
1481256904113 0 -1
1481256905638 11 -1
1481256906262 5 -3
1481256907315 10 2
1481256908241 1 1
1481256908961 2 1
1481256910423 10 -1
1481256911667 9 -4
1481256913064 10 1
1481256913806 1 1
1481256914588 8 2
1481256919673 12 1
1481256920352 3 1
1481256921193 4 1
1481256922819 2 -1
1481256923893 1 -2
1481256925017 10 -2
1481256925726 8 -1
1481256926614 5 2
1481256927954 9 4
1481256932460 4 -1
1481256933611 3 -1
1481256934223 12 -1
1481256937839 5 -2
1481256939881 9 -4
1481256941137 1 2
1481256943032 2 1
1481256945089 2 -1
1481256946842 8 1
1481256948856 12 2
1481256949494 3 1
1481256950537 1 -2
1481256951731 10 2
1481256953593 3 -1
1481256954265 12 -2
1481256954979 8 -2
1481256955761 10 -2
1481256957264 10 2
1481256958877 1 2
1481256959634 2 1
1481256961792 8 2
1481256963739 12 2
1481256964400 3 1
1481256965235 2 1
1481256970889 4 1
1481256972004 11 -1
1481256972711 1 -1
1481256973389 10 -2
1481256974747 9 3
1481256977302 4 -1
1481256979319 5 1
1481256980712 7 1
1481256981770 9 -3
1481256982831 1 1
1481256983751 3 -1
1481256987250 7 -1
1481256988954 11 1
1481256990137 2 -2
1481256990876 12 -1
1481256991695 12 -1
1481256992367 8 -2
1481256993304 1 -2
1481256994099 5 2
1481256995239 11 2
1481256996520 0 1
1481256997807 7 1
1481257000415 6 3
1481257001358 6 -1
1481257002058 2 -1
1481257002475 4 -1
1481257003203 3 -1
1481257004184 10 -1
1481257005569 1 -1
1481257008535 7 2
1481257021631 7 -2
1481257023414 10 1
1481257025849 1 1
1481257026871 3 1
1481257028180 10 -1
1481257028790 4 1
1481257031666 7 1
1481257033434 6 1
1481257034083 7 -1
1481257034937 10 1
1481257035766 4 -1
1481257036734 3 -1
1481257037369 1 -1
1481257038056 10 -1
1481257041645 7 2
1481257042323 11 -1
1481257043719 9 3
1481257045326 9 1
1481257046206 9 -1
1481257050031 0 -1
1481257050677 11 -1
1481257053823 6 1
1481257056390 5 -2
1481257058420 8 2
1481257059901 12 2
1481257061773 12 -2
1481257063141 7 1
1481257064197 10 1
1481257065597 2 1
1481257066951 6 -1
1481257069799 2 -1
1481257070695 10 -1
1481257073604 9 -2
1481257074828 10 1
1481257075709 2 1
1481257077217 2 -1
1481257079872 12 1
1481257080783 10 -1
1481257081516 7 -1
1481257083071 12 1
1481257085500 5 1
1481257086544 9 -1
1481257088528 9 3
1481257090234 6 1
1481257091236 5 -1
1481257094359 12 -2
1481257095087 9 -2
1481257095837 8 -2
1481257096276 8 2
1481257097059 7 1
1481257098981 10 1
1481257099516 2 1
1481257243279 6 -1
1481257244072 9 -1
1481257244992 5 1
1481257246168 5 -1
1481257251080 5 1
1481257252621 9 3
1481257253561 6 1
1481257256264 2 -1
1481257257096 10 -1
1481257258587 12 1
1481257260273 12 -1
1481257261200 7 -1
1481257261887 8 -2
1481257263062 5 1
1481257263793 9 1
1481257265151 11 2
1481257269624 7 -3
1481257275715 11 -2
1481257276470 5 -2
1481257281365 5 2
1481257282193 11 2
1481257284287 9 -1
1481257286832 9 1
1481257288168 11 -2
1481257288626 5 -2
1481257289743 8 1
1481257290815 1 2
1481257291655 3 1
1481257292767 3 -1
1481257294074 9 -3
1481257295136 1 1
1481257297122 3 1
1481257298367 3 -1
1481257299518 8 1
1481257304654 12 2
1481257305225 3 2
1481257306298 10 -1
1481257311510 1 -2
1481257312396 12 -1
1481257313126 8 -1
1481257314071 5 1
1481257314851 9 3
1481257319160 4 1
1481257320662 10 2
1481257321743 3 -1
1481257322606 12 -1
1481257323277 10 -1
1481257324454 5 -1
1481257325348 1 1
1481257325855 9 -3
1481257326756 1 1
1481257328054 4 -1
1481257328862 3 -1
1481257330779 1 -3
1481257331900 8 1
1481257332796 5 1
1481257333828 5 -1
1481257334842 12 2
1481257336451 1 3
1481257337342 12 -2
1481257338654 10 1
1481257339328 3 1
1481257340491 4 1
1481257341668 2 2
1481257343033 4 -1
1481257346000 1 -1
1481257347035 8 -2
1481257347867 9 3
1481257350501 8 1
1481257351486 12 1
1481257352186 3 1
1481257353198 4 2
1481257360443 9 -3
1481257361245 1 1
1481257479498 8 1
1481257486908 2 -2
1481257496281 1 -2
1481257497257 4 -2
1481257498267 3 -2
1481257499770 12 -1
1481257500841 10 -1
1481257501547 1 -1
1481257505746 8 -2
1481257507308 9 3
1481257508529 10 1
1481257509417 1 2
1481257510281 2 2
1481257513641 2 -2
1481257514424 1 -2
1481257515831 2 1
1481257517089 2 -1
1481257517845 10 -1
1481257518841 5 2
1481257520849 11 1
1481257522074 9 -3
1481257523456 1 1
1481257524004 10 1
1481257524969 3 1
1481257525555 2 1
1481257526328 4 1
1481257527176 11 -1
1481257528216 2 -1
1481257528792 4 -1
1481257529674 3 -1
1481257530424 10 -1
1481257531582 1 -1
1481257534106 1 1
1481257535256 10 1
1481257536472 9 3
1481257539624 11 2
1481257540392 7 1
1481257541049 0 1
1481257542530 6 -2
1481257546553 6 2
1481257547290 7 -1
1481257550624 11 -1
1481257551496 9 -3
1481257554408 9 2
1481257555576 11 1
1481257556288 7 1
1481257557004 6 -2
1481257558931 9 1
1481257560386 1 -1
1481257561148 10 -1
1481257562279 7 2
1481257564359 11 -1
1481257565169 9 -4
1481257566175 11 1
1481257566928 7 -2
1481257568584 1 1
1481257569362 3 1
1481257570408 4 1
1481257574664 7 1
1481257576847 6 1
1481257578627 7 -1
1481257579769 10 1
1481257580863 4 -1
1481257582527 3 -1
1481257583711 1 -1
1481257588055 6 -1
1481257590142 10 -1
1481257591644 1 1
1481257592381 3 1
1481257593247 4 1
1481257594127 10 1
1481257595031 2 1
1481257596127 6 -2
1481257597495 7 -1
1481257598853 11 -1
1481257600062 9 4
1481257600870 11 1
1481257605114 11 -1
1481257605827 9 -4
1481257607567 11 1
1481257608678 7 1
1481257610950 6 1
1481257611598 4 -1
1481257612167 3 -1
1481257613050 1 -1
1481257614872 7 -1
1481257615692 11 -1
1481257617159 9 4
1481257618341 1 1
1481257619039 3 1
1481257619942 4 1
1481257620740 6 -1
1481257622461 11 1
1481257623877 11 -1
1481257625349 0 -1
1481257626207 11 1
1481257629109 7 1
1481257633533 7 -1
1481257634227 11 -2
1481257635159 5 -3
1481257635975 10 2
1481257637241 1 1
1481257638115 2 1
1481257641269 10 -1
1481257641951 9 -4
1481257642873 10 1
1481257643517 1 1
1481257644325 2 -1
1481257647759 8 2
1481257649021 1 -2
1481257650107 10 -2
1481257651325 5 2
1481257652416 5 -2
1481257653261 10 2
1481257654773 1 2
1481257655681 2 1
1481257656530 12 2
1481257657236 2 1
1481257657898 3 1
1481257658774 4 1
1481257659902 4 -1
1481257661309 11 -1
1481257662988 11 1
1481257664702 4 1
1481257666399 2 -2
1481257667319 1 -2
1481257667908 10 -2
1481257668604 5 2
1481257669820 5 -2
1481257670423 12 -1
1481257671257 8 -1
1481257671985 5 2
1481257675322 4 -1
1481257676397 3 -1
1481257677087 12 -1
1481257678308 8 -1
1481257678765 5 1
1481257679685 11 2
1481257680716 0 1
1481257684758 6 1
1481257685238 4 -1
1481257685821 3 -1
1481257687040 1 -1
1481257688634 11 -1
1481257689438 9 4
1481257690474 11 1
1481257693156 7 1
1481257693893 6 2
1481257694923 6 1
1481257695643 7 -1
1481257696998 2 -1
1481257697738 10 -1
1481257699395 11 -1
1481257700032 9 -3
1481257701612 1 1
1481257702556 3 1
1481257704877 4 1
1481257707251 9 2
1481257708017 11 1
1481257709587 7 1
1481257710811 6 -2
1481257711899 4 -1
1481257712947 3 -1
1481257714364 1 -1
1481257716787 7 2
1481257719987 11 -1
1481257721235 9 -3
1481257722434 11 1
1481257723282 7 -2
1481257726811 1 1
1481257727543 3 1
1481257729450 4 1
1481257731232 7 1
1481257732840 6 1
1481257734047 4 -1
1481257735824 3 -1
1481257736501 1 -1
1481257738031 6 -1
1481257738874 7 -1
1481257742742 7 2
1481257745703 6 1
1481257747170 0 -1
1481257749096 11 -1
1481257749474 11 -1
1481257750255 5 -2
1481257751027 8 2
1481257751754 12 2
1481257753465 9 3
1481257755099 6 1
1481257758258 12 -2
1481257759055 7 1
1481257760130 10 1
1481257761129 2 1
1481257762834 6 -1
1481257764633 12 1
1481257765936 9 -3
1481257768552 5 1
1481257770496 5 -1
1481257771904 12 -1
1481257773825 2 -1
1481257774660 10 -1
1481257775473 5 1
1481257777291 10 1
1481257778121 2 1
1481257779932 9 3
1481257780998 5 -1
1481257783020 12 1
1481257791322 U
1481257796811 9 -3
1481257799864 9 1
1481257802377 6 1
1481257806704 2 -1
1481257816584 12 1
1481257818289 10 -1
1481257819780 7 -1
1481257821432 12 1
1481257822881 5 1
1481257824417 9 2
1481257825800 6 -1
1481257827825 5 -1
1481257829236 12 -2
1481257830292 8 -2
1481257831760 9 1
1481257833455 8 1
1481257836303 6 1
1481257839400 9 -2
1481257841287 8 1
1481257842999 7 1
1481257843803 10 1
1481257844586 2 1
1481257846422 6 -1
1481257847463 9 -2
1481257849423 12 1
1481257851184 5 1
1481257851687 5 -1
1481257852431 9 3
1481257853223 6 1
1481257855263 2 -1
1481257856053 10 -1
1481257858258 12 -1
1481257858829 7 -1
1481257859445 8 -2
1481257860398 9 1
1481257867463 5 1
1481257868701 5 1
1481257869512 11 2
1481257871135 7 -3
1481257872271 0 1
1481257874726 9 -1
1481257878185 7 3
1481257879557 6 -2
1481257880575 7 -2
1481257881917 7 2
1481257882543 11 -1
1481257883268 9 -3
1481257884146 6 1
1481257885367 0 -1
1481257887221 11 1
1481257888094 7 -2
1481257890932 7 2
1481257891796 11 -2
1481257892404 5 -2
1481257893385 8 2
1481257894129 7 1
1481257896337 7 -1
1481257897206 12 2
1481257899105 9 3
1481257899966 6 1
1481257901837 12 -2
1481257902404 7 1
1481257903511 10 1
1481257904556 2 1
1481257906382 12 1
1481257908446 5 1
1481257909214 9 -2
1481257910293 6 -1
1481257911104 5 -1
1481257913472 12 -1
1481257916199 5 1
1481257919466 2 -1
1481257920132 10 -1
1481257921013 5 -1
1481257921824 7 -1
1481257922985 8 -2
1481257923786 5 2
1481257924565 9 3
1481257925952 6 1
1481257926857 5 -2
1481257927901 8 1
1481257930013 5 1
1481257931106 5 -1
1481257931801 8 -1
1481257932299 5 2
1481257933086 11 2
1481257933625 7 -3
1481257935176 0 1
1481257937965 1 1
1481257939605 9 -1
1481257940713 11 -1
1481257941545 9 -2
1481257942950 10 1
1481257943879 1 -1
1481257945385 2 1
1481257949077 1 1
1481257949999 3 1
1481257951246 4 1
1481257952133 4 -1
1481257954513 9 2
1481257955138 11 1
1481257956157 7 1
1481257957084 6 -3
1481257957608 7 -1
1481257960131 11 -1
1481257960836 9 -3
1481257962430 11 1
1481257963861 3 -1
1481257964811 1 -1
1481257969734 11 -1
1481257971437 9 4
1481257972917 11 1
1481257973708 1 1
1481257974510 3 1
1481257976845 4 1
1481257977673 6 -1
1481257979713 11 -1
1481257981204 9 -4
1481257982004 11 1
1481257983606 7 1
1481257985099 6 2
1481257985764 2 -1
1481257986335 4 -1
1481257988610 10 -1
1481257989448 4 1
1481257992367 7 1
1481257994835 6 1
1481257995843 0 -1
1481257997203 0 1
1481257998265 4 -1
1481257998892 3 -1
1481257999581 1 -1
1481258000339 7 1
1481258001284 11 -1
1481258002328 6 -1
1481258003345 9 4
1481258004916 11 1
1481258005602 7 -2
1481258007784 1 1
1481258008363 3 1
1481258021076 6 2
1481258022035 7 -1
1481258031186 3 -1
1481258042596 11 -1
1481258043834 9 -3
1481258045315 10 1
1481258049773 1 -1
1481258052079 2 1
1481258054074 1 1
1481258055266 3 1
1481258056676 4 1
1481258057579 0 -1
1481258058699 4 -1
1481258060098 11 -1
1481258061131 9 3
1481258065209 11 1
1481258066226 0 1
1481258069577 11 1
1481258070123 7 1
1481258071138 6 -3
1481258073321 4 1
1481258074835 6 -1
1481258077225 6 1
1481258079285 7 -1
1481258080906 11 -1
1481258082329 9 -4
1481258083617 11 1
1481258084625 11 -1
1481258087391 6 -1
1481258088857 0 -1
1481258089568 11 -1
1481258090665 5 -3
1481258091732 10 2
1481258092826 1 2
1481258093945 2 1
1481258096208 10 -2
1481258097073 1 -1
1481258099144 8 2
1481258099875 12 2
1481258100689 2 1
1481258103429 11 -1
1481258106009 3 1
1481258106880 4 1
1481258109864 10 2
1481258113449 11 1
1481258114249 4 -1
1481258115137 2 -2
1481258116634 3 -1
1481258117487 12 -2
1481258118460 1 1
1481258119359 10 -2
1481258120456 5 1
1481258121318 9 2
1481258122093 5 -1
1481258122952 10 1
1481258125330 12 2
1481258126143 3 1
1481258126834 2 2
1481258127777 4 1
1481258128578 11 -1
1481258129304 4 -1
1481258131320 11 1
1481258133063 11 -1
1481258133880 9 -2
1481258134776 10 -1
1481258135343 1 -1
1481258136526 3 -1
1481258140984 11 1
1481258141856 2 -2
1481258142784 12 -2
1481258143538 8 -2
1481258145130 5 1
1481258146784 1 1
1481258147981 2 1
1481258150911 9 1
1481258152775 8 2
1481258154502 1 -1
1481258155791 8 -1
1481258156566 9 3
1481258159014 5 -1
1481258160054 10 2
1481258162203 2 -1
1481258162926 1 -1
1481258163456 8 -1
1481258164541 10 -2
1481258165377 5 3
1481258166688 11 2
1481258167239 11 -2
1481258169230 11 1
1481258170390 0 1
1481258172143 6 1
1481258172886 4 -1
1481258173595 3 -1
1481258174726 1 -1
1481258177974 9 -4
1481258180954 9 4
1481258182406 11 1
1481258183774 7 1
1481258184501 6 1
1481258185325 2 -1
1481258186193 10 -1
1481258187866 7 2
1481258189791 11 -1
1481258191253 9 -4
1481258192845 9 3
1481258193608 11 1
1481258194718 7 -2
1481258195653 6 2
1481258196630 7 -1
1481258197593 11 -1
1481258198519 9 -2
1481258200319 1 1
1481258201286 3 1
1481258202668 4 1
1481258204421 9 1
1481258204941 9 1
1481258207682 4 -1
1481258208311 3 -1
1481258209537 10 1
1481258210197 2 1
1481258211137 11 1
1481258211846 7 1
1481258213346 6 -3
1481258215151 7 -1
1481258215779 11 -1
1481258216907 9 -3
1481258221193 1 -1
1481258223852 9 2
1481258227070 9 2
1481258227820 11 1
1481258229927 7 1
1481258231267 6 1
1481258232596 2 -1
1481258233837 10 -1
1481258236253 7 2
1481258238909 6 2
1481258239909 7 -3
1481258241076 11 -1
1481258242093 9 -3
1481258243070 1 1
1481258243619 10 1
1481258244308 3 1
1481258247326 9 3
1481258248780 11 1
1481258249444 7 1
1481258250254 6 -2
1481258251747 10 -1
1481258252843 7 1
1481258254028 9 -1
1481258254884 6 1
1481258255508 0 -1
1481258256156 7 -1
1481258257161 4 1
1481258259260 7 1
1481258259907 7 -1
1481258260716 6 1
1481258261357 7 -1
1481258262012 11 -2
1481258262698 5 -2
1481258263916 8 2
1481258264835 1 1
1481258265963 12 2
1481258266655 3 1
1481258267429 10 -1
1481258269022 4 -1
1481258272251 1 -1
1481258276184 9 -2
1481258277095 1 2
1481258280419 10 2
1481258281171 2 3
1481258285876 4 2
1481258286971 4 -2
1481258287675 11 -2
1481258290115 3 -1
1481258292063 1 -1
1481258292851 9 2
1481258294882 7 1
1481258295554 0 1
1481258297346 6 -3
1481258298770 7 -1
1481258300250 5 -1
1481258302268 9 -2
1481258303266 10 2
1481258303866 0 1
1481258308570 3 1
1481258312308 10 -1
1481258312933 10 1
1481258313515 7 2
1481258316563 6 1
1481258318562 1 1
1481258319139 0 1
1481258320069 7 -1
1481258321078 11 1
1481258321967 11 -1
1481258322544 7 1
1481258322946 0 -2
1481258323818 1 -1
1481258324383 1 1
1481258325067 0 1
1481258327339 7 -1
1481258328096 10 -1
1481258329263 1 -1
1481258331111 6 -1
1481258331714 7 -1
1481258332513 9 -1
1481258333570 10 1
1481258334112 1 1
1481258335537 3 -1
1481258338294 0 1
1481258338954 11 2
1481258339627 2 -2
1481258340523 12 -2
1481258341086 0 2
