1481907983722 10 -2
1481907984474 9 -4
1481907986402 10 2
1481907988938 10 -2
1481907989689 8 1
1481907990914 1 1
1481907991554 10 2
1481907996498 2 -1
1481907999898 1 -2
1481908004923 1 2
1481908008099 1 -2
1481908010179 1 2
1481908011410 2 1
1481908012115 4 -1
1481908013131 2 -1
1481908013779 3 -1
1481908014467 12 -1
1481908017771 10 -2
1481908018418 1 -2
1481908021123 8 -1
1481908023523 8 -1
1481908024627 9 4
1481908026011 5 3
1481908027739 11 2
1481908033579 11 -2
1481908042051 9 -4
1481908043563 5 -3
1481908046579 8 2
1481908049075 12 2
1481908049714 3 1
1481908050980 3 -1
1481908053067 1 2
1481908053859 10 2
1481908057290 2 2
1481908059618 3 1
1481908060514 4 1
1481908062849 11 -1
1481908064266 10 -2
1481908064810 1 -1
1481908066546 5 1
1481908068034 1 1
1481908069586 R
1481908072874 4 -1
1481908073690 3 -1
1481908074705 12 -1
1481908076794 10 -2
1481908078530 9 -4
1481908079890 8 1
1481908080521 1 1
1481908084346 10 2
1481908086922 12 2
1481908087521 3 1
1481908088826 2 1
1481908092618 11 -1
1481908093554 10 -2
1481908095370 1 -1
1481908095929 5 1
1481908096913 9 3
1481908098385 5 -1
1481908099201 10 1
1481908099946 11 1
1481908101274 4 1
1481908101873 2 -2
1481908102794 10 -1
1481908103795 R
1481908432425 4 -1
1481908433369 3 -1
1481908434154 12 -1
1481908437314 10 -2
1481908438057 9 -4
1481908438881 8 1
1481908439562 1 1
1481908444137 12 2
