1482132773239 10 -2
1482132776406 9 -4
1482132778668 4 -1
1482132779339 2 -1
1482132780072 3 -1
1482132780743 12 -1
1482132781503 1 -1
1482132782263 8 -1
1482132784748 5 3
1482132787135 11 2
1482132788476 11 -2
1482132791648 11 2
1482132792639 7 1
1482132795053 7 -1
1482132796293 0 1
1482132797401 6 1
1482132798477 11 -1
1482132800365 11 1
1482132808165 7 1
1482132809901 6 2
1482132811018 0 -1
1482132813356 2 -1
1482132815742 2 1
1482132816631 2 -1
1482132817536 4 -1
1482132818503 3 -1
1482132819548 1 -1
1482132820469 10 -1
1482132835855 10 1
1482132837181 10 -1
1482132838024 10 1
1482132838605 1 1
1482132841986 0 1
1482132842626 6 -1
1482132845241 3 1
1482132846227 4 1
1482132846876 2 1
1482132848162 6 -2
1482132849129 7 -1
1482132851007 0 -1
1482132851881 11 -2
1482132854158 5 -3
1482132858758 8 1
1482132860031 1 1
1482132861788 1 1
1482132862847 8 1
1482132864694 12 2
1482132867131 12 -2
1482132878765 5 1
1482132880155 9 2
1482132882148 9 -1
1482132889550 9 1
1482132890299 9 -2
1482132891999 1 -2
1482132893637 5 1
1482132898622 8 -2
1482132900078 5 1
1482132902498 11 2
1482132904735 11 -1
1482132906878 0 1
1482132908885 11 1
1482132911427 6 1
1482132914769 11 -1
1482132919388 9 4
1482132920480 11 1
1482132923131 4 -1
1482132923724 3 -1
1482132926235 7 1
1482132928225 6 3
1482132936646 0 -1
1482132937520 2 -1
1482132940474 7 -1
1482132941610 7 1
1482132946882 7 -1
1482132947717 11 -2
1482132948503 11 2
1482132950290 7 1
1482132951195 7 -1
1482132951871 0 1
1482132952483 0 -1
1482132954037 1 -1
1482132955020 10 -1
1482132965979 0 1
1482132968192 7 3
1482132969148 6 -2
1482132970069 7 -2
1482132981715 7 2
1482132983191 11 -1
1482132984801 11 1
1482132986454 7 -2
1482132988210 9 -1
1482132996007 6 2
1482132997021 7 -1
1482133003510 10 1
1482133006246 2 1
1482133007191 2 -1
1482133009047 2 1
1482133010280 2 -1
1482133011956 1 1
1482133014783 11 -1
1482133015563 11 1
1482133016858 0 -1
1482133018068 7 1
1482133018818 7 -1
1482133020224 11 -2
1482133021846 9 -1
1482133022685 9 -1
1482133023573 5 -2
1482133026475 1 2
1482133041551 8 2
1482133043449 10 -1
1482133048328 1 -3
1482133050353 8 -2
1482133054106 5 2
1482133055813 11 1
1482133057795 9 3
1482133059153 11 1
1482133064268 10 1
1482133065005 10 -1
1482133066323 1 1
1482133071320 1 -1
1482133077950 7 3
1482133088822 11 -2
1482133090086 5 -2
1482133092457 9 -3
1482133096466 8 2
1482133100195 7 1
1482133108166 10 1
1482133109290 10 -1
1482133115278 7 -1
1482133118297 5 1
1482133119844 8 -2
1482133122926 5 1
1482133123814 11 1
1482133128806 6 -1
1482133130493 9 -1
1482133131326 11 1
1482133132681 7 -2
1482133136908 10 1
1482133137564 10 -1
1482133141414 7 2
1482133145267 11 -2
1482133146420 5 -2
1482133156573 8 2
1482133162885 12 2
1482133175544 12 -2
1482133178934 8 -2
1482133180201 5 2
1482133181932 11 2
1482133183180 7 -2
1482133184776 7 2
1482133185822 11 -2
1482133188208 5 -2
1482133193091 5 2
1482133197943 5 -2
1482133200361 8 2
1482133202779 12 2
1482133209074 12 -2
1482133210135 8 -2
1482133211998 5 2
1482133217596 11 2
1482133218996 7 -2
1482133220586 1 1
1482133223208 3 1
1482133224020 4 1
1482133229421 10 1
1482133231070 2 1
1482133234892 0 1
1482133235888 6 -3
1482133237962 7 -1
1482133243422 7 1
1482133245238 7 -1
1482133258964 0 -1
1482133260330 11 -2
1482133261886 5 -3
1482133264451 8 2
1482133265574 1 2
1482133267243 10 2
1482133275886 2 1
1482133278491 2 -1
1482133279813 12 2
1482133296813 2 2
1482133300468 2 -2
1482133304299 3 1
1482133305300 2 2
1482133309959 11 -1
1482133322750 1 -1
1482133323655 1 1
1482133324918 10 -2
1482133326158 5 1
1482133333454 1 -1
1482133334808 1 1
1482133337261 11 1
1482133340782 2 -2
1482133343244 12 -1
1482133344221 1 -2
1482133346218 1 2
1482133348637 9 2
1482133351953 5 -1
1482133353263 10 1
1482133355666 10 -1
1482133357085 1 -2
1482133357904 8 -1
1482133358965 8 1
1482133359953 3 -1
1482133360680 12 -1
1482133361565 8 -2
1482133364735 5 3
1482133367715 5 -3
1482133370679 5 3
1482133372123 11 1
1482133374111 0 1
1482133376426 9 2
1482133381090 9 -4
1482133382338 11 1
1482133383555 7 1
1482133385091 6 3
1482133390160 4 -1
1482133395893 2 -1
1482133397822 3 -1
1482133400590 1 -1
1482133404589 0 -1
1482133407998 0 1
1482133408827 2 1
1482133410417 1 1
1482133411337 3 1
1482133412258 4 1
1482133418420 6 -2
1482133419949 7 -1
1482133421867 6 -1
1482133422725 0 -1
1482133424278 0 1
1482133426577 11 -1
1482133427768 9 4
1482133431012 11 1
1482133432238 7 1
1482133434222 6 4
1482133435285 7 -1
1482133443780 2 -1
1482133446311 4 -1
1482133451193 3 -1
1482133458338 0 -1
1482133459227 3 1
1482133462468 11 -2
1482133463467 11 2
1482133464760 11 -2
1482133465925 5 -2
1482133469689 9 -3
1482133471414 1 2
1482133474848 8 2
1482133476026 12 2
1482133479284 2 3
1482133480313 11 -2
1482133490282 3 1
1482133496877 0 1
1482133498703 7 1
1482133508956 6 -2
1482133511062 5 -1
1482133520271 10 2
1482133521436 0 2
1482133522638 11 1
1482133525779 7 1
1482133526910 7 -1
1482133529309 6 -1
1482133530094 7 -1
1482133533972 11 1
1482133534737 2 -2
1482133536074 3 -2
1482133538541 12 -2
1482133556278 3 1
1482133574285 0 1
1482133578075 0 1
