1482853158390 10 -2
1482853161113 5 1
1482853163216 5 -1
1482853171001 9 -4
1482853173679 8 1
1482853177515 10 2
1482853179900 2 -1
1482853181623 1 -1
1482853187820 4 -1
1482853189599 3 -1
1482853191183 12 -1
1482853196820 1 2
1482853204010 12 2
1482853207304 2 2
1482853209093 11 -1
1482853211039 3 1
1482853216001 4 1
1482853218093 11 1
1482853219614 2 -2
1482853220827 4 -1
1482853223201 3 -1
1482853230839 12 -2
1482853232864 1 -2
1482853235418 10 -2
1482853237736 5 2
1482853244316 8 -2
1482853246589 5 1
1482853249266 11 2
1482853251449 0 1
1482853253643 6 1
1482853255037 4 -1
1482853257558 3 -1
1482853264037 1 -1
1482853272632 1 1
1482853273870 3 1
1482853275062 4 1
1482853276513 6 -1
1482853281013 7 1
1482853283443 6 3
1482853285356 4 -1
1482853287302 3 -1
1482853290125 1 -1
1482853298923 1 1
1482853300341 3 1
1482853301783 2 -1
1482853303524 10 -1
1482853306010 7 1
1482853311770 7 -1
1482853319870 0 -1
1482853323493 3 -1
1482853325169 1 -1
1482853329804 7 2
1482853331053 11 -2
1482853332672 5 -2
1482853334135 8 2
1482853336721 7 1
1482853340300 10 1
1482853341526 2 1
1482853344563 5 1
1482853349423 5 -1
1482853353957 2 -1
1482853355408 10 -1
1482853360055 9 3
1482853361731 6 1
1482853366129 9 -2
1482853367783 10 1
1482853369122 2 1
1482853371316 2 -1
1482853374454 10 -1
1482853376558 7 -1
1482853379269 8 -2
1482853380289 5 2
1482853382262 11 1
1482853383600 0 1
1482853385648 6 -2
1482853387459 9 -1
1482853388889 11 1
1482853390361 7 -2
1482853403119 7 2
1482853404345 11 -1
1482853406618 9 4
1482853411849 6 1
1482853413356 0 -1
1482853414807 11 -1
1482853416326 5 -2
1482853422300 6 1
1482853425574 9 -3
1482853428273 8 2
1482853430332 7 1
1482853448793 10 1
1482853453765 10 -1
1482853455633 7 -1
1482853472609 6 -1
1482853474029 9 -1
1482853479224 5 1
1482853485434 5 -1
1482853493016 8 -2
1482853494276 5 2
1482853497224 11 2
1482853499114 0 1
1482853500385 6 -1
1482853503737 7 -2
1482853507001 10 1
1482853508800 1 1
1482853511736 3 1
1482853514121 2 1
1482853515538 6 -1
1482853517057 7 -1
1482853531153 11 -1
1482853532503 9 4
1482853534269 11 1
1482853538648 3 -1
1482853540099 1 -1
1482853542875 7 1
1482853544315 6 3
1482853545575 7 -1
1482853546599 2 -1
1482853548478 10 -1
1482853552382 R
1482853555487 R
1482853566916 4 -1
1482853569999 2 -1
1482853573520 10 -2
1482853580067 9 -3
1482853582081 9 -1
1482853585703 1 1
1482853587706 3 -1
1482853589450 12 -1
1482853591317 8 1
1482853595851 2 1
1482853598168 10 2
1482853603861 12 2
1482853605548 2 1
1482853607393 11 -1
1482853610183 3 1
1482853612129 4 1
1482853617923 11 1
1482853619509 2 -2
1482853627395 10 -2
1482853636834 1 -2
1482853638870 1 2
1482853645417 4 -1
1482853647319 3 -1
1482853649051 12 -2
1482853651055 2 1
1482853654383 2 -1
1482853656938 1 -2
1482853664137 1 2
1482853666522 2 1
1482853668513 10 2
1482853675668 12 2
1482853677187 2 1
1482853680978 11 -1
1482853682621 7 2
1482853687087 9 1
1482853688920 9 -1
1482853691564 7 -2
1482853698505 3 1
1482853700148 4 1
1482853701779 4 -1
1482853703185 3 -1
1482853707247 R
1482853716314 2 -1
1482853718136 1 -1
1482853719959 4 -1
1482853723311 3 -1
1482853733695 R
1482853744731 10 -2
1482853746272 5 1
1482853749433 9 -4
1482853750986 1 1
1482853752774 2 -1
1482853754361 4 -1
1482853760481 3 -1
1482853761628 12 -1
1482853763563 8 1
1482853766195 1 -2
1482853767410 5 -1
1482853768929 10 2
1482853770718 1 2
1482853777659 12 2
1482853779403 3 1
1482853781068 4 1
1482853783576 2 2
1482853785680 11 -1
1482853788223 7 2
1482853791530 4 -1
1482853793769 1 -1
1482853795355 9 1
1482853797222 7 -2
1482853801205 11 1
1482853802274 11 -1
1482853803635 1 1
1482853807291 3 -1
1482853825460 R
1482853828722 10 -2
1482853830364 5 1
1482853833087 2 -1
1482853835292 1 -1
1482853841288 9 -4
1482853842424 5 -1
1482853843718 10 2
1482853845641 1 2
1482853864508 8 1
1482853871550 4 -1
1482853872540 3 -1
1482853873699 12 -1
1482853931703 R
1482853942154 2 -1
1482853943920 10 -2
1482853944606 5 1
1482853947685 9 -4
1482853948848 1 1
1482853949613 8 1
1482853950603 5 -1
1482853951773 10 2
1482853953201 12 1
1482853954023 4 -1
1482853954889 3 -1
1482853955598 12 -2
1482853960301 10 -2
1482853961639 1 -2
1482853963585 8 -2
1482853964799 5 3
1482853973215 11 2
1482853976286 0 1
1482853976938 7 1
1482853978851 6 3
1482853980268 4 -1
1482853980955 2 -1
1482853981753 3 -1
1482853983385 1 -1
1482853992407 0 -1
1482853993838 10 -1
1482853994769 7 2
1482854002599 11 -2
1482854004804 5 -2
1482854008247 8 2
1482854009777 7 1
1482854010688 10 1
1482854012533 2 1
1482854014535 5 1
1482854016763 12 1
1482854018945 5 -1
1482854021683 2 -1
1482854022725 10 -1
1482854023603 7 -1
1482854024581 12 -1
1482854025999 5 1
1482854026899 8 -2
1482854027518 5 1
1482854028598 11 2
1482854029396 7 -2
1482854042559 0 1
1482854043954 6 -1
1482854046305 10 1
1482854050715 1 1
1482854054832 6 1
1482854055530 0 -1
1482854056677 10 -1
1482854057228 1 -1
1482854059951 7 2
1482854063011 11 -2
1482854065013 5 -2
1482854066374 8 2
1482854067646 7 1
1482854068467 10 1
1482854069851 12 1
1482854072528 10 -1
1482854073169 7 -1
1482854074002 12 1
1482854076443 5 1
1482854080043 5 -1
1482854088503 R
1482854096637 10 -2
1482854098121 9 -4
1482854103420 1 1
1482854104691 2 -1
1482854105366 4 -1
1482854106131 3 -1
1482854107999 12 -1
1482854109720 10 2
1482854124604 2 1
1482854125267 12 1
1482854125944 3 1
1482854126797 2 -1
1482854127956 2 1
1482854128800 4 1
1482854132501 R
1482854136562 10 -2
1482854137327 5 1
1482854138555 4 -1
1482854139106 2 -1
1482854141039 5 -1
1482854142828 5 1
1482854144369 3 -1
1482854145303 12 -1
1482854146012 1 -1
1482854146822 8 -1
1482854148341 5 2
1482854149769 11 2
1482854150770 7 1
1482854151704 0 1
1482854153065 6 4
1482854154339 4 -1
1482854155102 2 -1
1482854155900 3 -1
1482854158274 7 -1
1482854159320 11 -1
1482854160715 9 -3
1482854161530 0 -1
1482854162538 11 -1
1482854163404 5 -2
1482854167803 5 2
1482854169423 11 1
1482854178592 11 -1
1482854179311 5 -2
1482854180121 1 2
1482854180988 8 2
1482854182214 3 1
1482854183811 12 2
1482854184838 3 1
1482854185881 10 -2
1482854187872 10 2
1482854189200 2 3
1482854190303 11 -2
1482854196377 1 -1
1482854203780 11 2
1482854207728 11 -2
1482854210676 0 1
1482854213376 3 -1
1482854218360 0 -1
1482854219136 11 2
1482854220261 3 -1
1482854220807 2 -3
1482854223130 1 -2
1482854223939 12 -2
1482854224941 10 -1
1482854230329 1 3
1482854235830 3 1
1482854238767 10 1
1482854239623 12 2
1482854240312 2 3
1482854241455 11 -2
1482854243899 3 1
1482854246113 0 1
1482854257093 7 1
1482854259534 6 -3
1482854260805 7 -1
1482854261491 5 -1
1482854262085 9 -1
1482854263910 10 2
1482854267769 0 2
1482854269040 11 2
1482854270019 2 -2
1482854270739 3 -2
1482854271695 12 -2
1482854514705 0 2
