1481937931213 6 -3
1481937933413 9 -2
1481937936413 1 1
1481937937565 7 -1
1481937938797 1 -1
1481937940893 9 1
1481937942029 9 1
1481937943557 3 2
1481937944516 10 2
1481937945732 7 -1
1481937946428 10 -1
1481937947613 3 -1
1481937948884 3 1
1481937949996 3 -1
1481937951213 1 -1
1481938156687 3 1
1481938157895 4 1
1481938160599 3 -1
1481938163423 9 -1
1481938166191 2 -2
1481938167143 2 -1
1481938168215 4 -2
1481938169343 1 1
1481938170807 1 -1
1481938172535 2 2
1481938173399 3 1
1481938174439 2 -3
1481938178071 11 -1
1481938180479 4 3
1481938182111 9 1
1481938184142 0 1
1481938185838 1 1
1481938190335 9 -1
1481938192391 7 2
1481938193479 10 -1
1481938197663 4 -1
1481938198287 11 1
1481938200359 6 -1
1481938202279 0 -1
1481938203959 9 1
1481938205526 4 -1
1481938207215 4 -1
1481938211895 2 1
1481938213199 3 -1
1481938214319 4 -1
1481938221520 9 -1
1481938222511 3 -1
1481938223351 9 -1
1481938225094 1 2
1481938236846 5 -1
1481938240911 8 2
1481938247974 8 -2
1481938249423 11 -2
1481938255998 4 1
1481938261318 11 2
1481938262958 8 2
1481938264151 8 -2
1481938265278 5 1
1481938267216 1 -2
1481938270295 9 2
1481938272503 4 2
1481938273262 3 2
1481938274414 2 -1
1481938275302 0 1
1481938276630 11 -1
1481938277798 4 1
1481938282103 0 -1
1481938282886 6 1
1481938283655 10 1
1481938284742 7 -2
1481938286174 1 -1
1481938291510 9 -1
1481938293214 2 1
1481938294478 2 1
1481938295590 2 1
1481938296974 6 1
1481938299430 10 1
1481938300702 0 1
1481938307438 0 -1
1481938308102 6 -1
1481938308838 10 -1
1481938314726 2 -3
1481938317230 9 1
1481938319038 1 1
1481938319767 9 -1
1481938323325 2 1
1481938324398 3 -1
1481938328077 4 -3
1481938329581 3 1
1481938330894 7 1
1481938331805 10 -1
1481938332678 3 -2
1481938333885 9 -1
1481938336486 1 2
1481938339838 5 -1
1481938340925 11 -1
1481938351254 7 1
1481938352261 6 -1
1481938355397 11 2
1481938357270 8 2
1481938359270 7 1
1481938360166 0 -1
1481938362277 5 -2
1481938363581 1 -2
1481938365445 9 2
1481938367502 3 2
1481938368574 5 -1
1481938369373 2 -1
1481938370789 0 2
1481938372101 7 -1
1481938377606 8 -2
1481938378510 11 -2
1481938379326 9 1
1481938380701 4 3
1481938381221 0 3
