1482556915429 6 -2
1482556916791 4 -2
1482556917732 9 -2
1482556920394 7 -1
1482556922579 9 1
1482556923621 3 1
1482556924226 10 1
1482556924881 7 -1
1482556925721 0 1
1482556926615 1 -1
1482556928179 4 1
1482556929827 6 -1
1482556930643 0 -1
1482556941234 2 -1
1482556941973 11 -1
1482556942790 9 1
1482556945567 4 2
1482556947137 4 1
1482556947977 2 -2
1482556948803 9 -1
1482556950064 1 1
1482556951407 7 2
1482556952576 6 -1
1482556953235 10 -1
1482556954038 3 -1
1482556954552 3 2
1482556955141 2 -1
1482556955865 0 1
1482556957071 9 1
1482556959723 6 1
1482556960253 10 1
1482556960875 7 -2
1482556961598 1 -1
1482556962539 9 -1
1482556967743 0 -1
1482556968296 2 3
1482556968957 3 -1
1482556970621 2 -2
1482556971313 1 1
1482556972129 7 2
1482556972977 6 -1
1482556973499 10 -1
1482556974347 3 -1
1482556975793 9 -1
1482556976976 1 2
1482556978128 5 -1
1482556978905 8 1
1482556979713 7 1
1482556981439 6 1
1482556983784 0 -1
1482556984223 6 -1
1482556984979 5 -2
1482556985753 1 -2
1482556986861 4 -4
1482556989583 1 1
1482556991519 1 -1
1482556992569 1 2
1482556993751 5 2
1482556995665 4 1
1482556997634 5 -2
1482556998296 1 -2
1482556999112 9 2
1482557000013 4 3
1482557004299 3 2
1482557005032 5 -1
1482557005575 2 -1
1482557006423 0 2
1482557007240 7 -1
1482557007917 8 -1
1482557008479 11 -1
1482557009067 9 1
1482557009751 0 3
