1480201682948 4 1
1480201686304 3 2
1480201689296 6 -4
1480201694558 0 1
1480201696524 6 4
1480201698510 7 -1
1480201701031 10 2
1480201702273 7 -1
1480201703716 1 -1
1480201704815 2 -1
1480201705932 11 -1
1480201707283 4 1
1480201709429 6 -3
1480201710343 10 -1
1480201713612 9 -1
1480201715115 9 1
1480201716280 0 -1
1480201717583 2 -3
1480201720176 4 -1
1480201729446 11 1
1480201730705 2 4
1480201732007 0 1
1480201735741 1 1
1480201736883 7 2
1480201737849 6 -1
1480201738816 10 -1
1480201741777 3 -2
1480201743685 9 -2
1480201745469 1 1
1480201748971 4 -3
1480201751539 1 1
1480201753358 1 -2
1480201761063 1 2
1480201762815 5 -1
1480201766477 5 1
1480201768117 1 -2
1480201769416 4 3
1480201770461 9 2
1480201771783 6 4
1480201772903 3 2
1480201773868 10 2
1480201775467 7 -2
1480201776726 1 -1
1480201778647 2 -1
1480201779684 11 -1
1480201781962 4 1
1480201787024 0 -1
1480201788195 10 -1
1480201789396 2 -3
1480201795969 4 -2
1480201797125 11 1
1480201799807 0 1
1480201801922 1 1
1480201803796 7 2
1480201804977 10 -1
1480201809341 11 -1
1480201810543 4 2
1480201811824 0 -1
1480201812804 2 1
1480201814356 3 -2
1480201817158 4 -2
1480201818298 11 1
1480201820525 3 2
1480201821792 2 -1
1480201822925 0 1
1480201829944 0 -1
1480201838699 R
1480201844160 3 2
1480201845125 10 2
1480201846395 7 -2
1480201849125 1 -1
1480201850398 2 -1
1480201851477 11 -1
1480201852932 4 2
1480201859646 6 -3
1480201862289 10 -1
1480201876695 2 -3
1480201878288 9 -1
1480201884676 4 -2
1480201886311 1 1
1480201896698 11 1
1480201897648 1 -1
1480201898825 2 4
1480201899869 6 1
1480201900810 10 1
1480201901686 0 1
1480201905734 2 -1
1480201907387 0 -1
1480201908432 2 -1
1480201910040 11 -1
1480201911314 9 1
1480201912987 4 2
1480201916659 6 2
1480201920149 10 -1
1480201921158 2 -2
1480201922447 0 1
1480201931106 4 -1
1480201932089 11 1
1480201933316 0 -1
1480201934190 2 4
1480201935940 0 1
1480201938596 1 1
1480201939591 7 2
1480201940801 10 -1
1480201942834 6 -4
1480201953115 3 -2
1480201954144 9 -2
1480201955486 4 -3
1480201956799 1 2
1480201961595 5 -1
1480201966154 8 1
1480201967176 7 1
1480201971904 0 -2
1480201972927 5 -2
1480201973956 1 -2
1480201977200 1 2
1480201980810 5 2
1480201982043 0 2
1480201983441 6 2
1480201984560 7 -1
1480201985633 7 -1
1480201986873 8 -1
1480202005318 R
1480202008622 0 1
1480202010170 7 -1
1480202013016 3 2
1480202015448 R
1480202020461 7 -1
1480202026247 R
1480202034252 3 2
1480202035137 10 2
1480202036585 7 -2
1480202037779 1 -1
1480202039009 2 -3
1480202045698 10 -1
1480202046646 2 -1
1480202048960 1 1
1480202061719 1 -1
1480202068018 2 2
1480202069051 6 -3
1480202070105 2 -2
1480202081483 0 1
1480202092719 9 -1
1480202095320 11 -1
1480202097241 4 2
1480202103560 1 1
1480202109561 7 1
1480202111048 7 1
1480202111933 6 -1
1480202112724 10 -1
1480202113874 0 -1
1480202115162 2 1
1480202116350 3 -2
1480202117366 9 -1
1480202119070 1 2
1480202120084 5 -1
1480202121760 11 -1
1480202126980 11 1
1480202127880 5 1
1480202129432 1 -2
1480202131848 4 -4
1480202133572 11 1
1480202135179 1 2
1480202137213 5 -1
1480202138307 11 -2
1480202144898 6 1
1480202146057 7 -1
1480202147431 7 1
1480202148368 6 -1
1480202157619 11 2
1480202158481 5 1
1480202159638 1 -2
1480202160899 6 1
1480202162889 6 -1
1480202168102 9 2
1480202169287 3 1
1480202171136 6 1
1480202171806 10 1
1480202172656 7 -2
1480202174052 1 -1
1480202179413 9 -1
1480202183822 2 3
1480202185178 0 1
1480202188879 2 -1
1480202190811 2 1
1480202193309 4 3
1480202194631 3 1
1480202195910 10 1
1480202197211 6 1
1480202199419 6 -1
1480202200424 10 -1
1480202201517 0 -1
1480202202670 2 -4
1480202215662 9 1
1480202217032 4 -2
1480202218319 9 -1
1480202221563 0 1
1480202223396 1 1
1480202227774 7 2
1480202229056 6 -1
1480202230173 10 -1
1480202232191 9 1
1480202233762 4 2
1480202239112 9 -1
1480202240118 4 -2
