1482182513633 3 2
1482182516895 10 1
1482182519799 7 -2
1482182522306 1 -1
1482182525659 2 -4
1482182532971 1 1
1482182535008 7 2
1482182538821 10 -1
1482182554020 7 -1
1482182562694 11 -1
1482182567948 4 2
1482182572898 2 1
1482182577938 3 -2
1482182581605 7 1
1482182584801 4 -2
1482182588254 11 1
1482182592259 R
1482182610001 6 -4
1482182622444 4 -2
1482182627259 9 -2
1482182646969 4 3
1482182648274 9 2
1482182654203 6 4
1482182657701 7 -1
1482182663247 6 -3
1482182669896 4 -3
1482182673204 4 1
1482182688876 4 -1
1482182690890 9 -2
1482182693095 1 2
1482182694760 5 -1
1482182697471 8 1
1482182699306 7 2
1482182708507 6 -1
1482182710611 0 -1
1482182712982 5 -2
1482182715334 1 -2
1482182721004 9 2
1482182726786 4 3
1482182729543 3 2
1482182732220 5 -1
1482182739781 0 2
1482182749500 7 -1
1482182751683 8 -1
1482182756296 0 -1
1482182758759 9 -1
1482182760784 4 -2
1482182765914 8 1
1482182768963 7 1
1482182775567 R
1482182955332 3 2
1482182957751 10 1
1482182959697 7 -2
1482182969305 1 -1
1482182971330 2 -4
1482182990950 2 4
1482182994112 6 -3
1482182996182 3 -1
1482182998521 4 -2
1482183022000 U
1482183023260 U
1482183026242 U
1482183028593 U
1482183030213 U
1482183032553 U
1482183033656 U
1482183034927 U
1482183036086 R
1482183045818 6 -4
1482183061049 4 -2
1482183063187 9 -2
1482183067440 1 2
1482183075742 5 -1
1482183083932 8 1
1482183085507 7 1
1482183089546 0 -1
1482183091347 5 -2
1482183094778 1 -2
1482183101055 9 2
1482183103058 3 1
1482183104902 5 -1
1482183119955 0 2
1482183129248 7 -1
1482183139969 7 1
1482183144649 0 -2
1482183151782 4 3
1482183154224 5 1
1482183155494 3 -1
1482183158487 9 -2
1482183162380 4 -3
1482183165181 1 2
1482183168162 5 2
1482183173708 0 2
1482183175699 7 -1
1482183177230 8 -1
1482183178490 5 1
1482183180155 1 -2
1482183192620 4 3
1482183194836 9 2
1482183198020 3 2
1482183201293 10 1
1482183203206 6 1
1482183206772 7 -2
1482183220532 7 2
1482183221499 10 -1
1482183222354 6 -1
1482183223592 3 -2
1482183225504 9 -2
1482183231770 1 1
1482183236383 4 -3
1482183240478 1 1
1482183244202 5 -1
1482183245158 8 1
1482183247261 7 1
1482183257049 6 2
1482183259738 7 -2
1482183262708 8 -1
1482183264452 5 1
1482183267084 1 -2
1482183277626 9 2
1482183280764 6 -1
1482183289236 9 -2
