1480405886359 3 2
1480405889386 10 2
1480405890410 7 -2
1480405891330 1 -1
1480405892622 2 -3
1480405894368 1 1
1480405895666 7 2
1480405896729 10 -2
1480405898730 2 -1
1480405904678 10 1
1480405906812 7 -2
1480405907766 11 -1
1480405908962 4 2
1480405909978 0 1
1480405910692 1 -1
1480405912798 0 -1
1480405913928 2 3
1480405914712 6 -3
1480405915785 2 -3
1480405919054 2 3
1480405920542 3 -1
1480405922234 4 -4
1480405923408 11 1
1480405924324 2 1
1480405926203 6 2
1480405927163 0 1
1480405930376 0 -1
1480405931245 R
1480405934851 6 -4
1480405936226 9 -2
1480405937070 4 -2
1480405938252 1 2
1480405939540 0 1
1480405940674 6 2
1480405941776 7 -1
1480405945076 5 -1
1480405945984 8 1
1480405947061 7 2
1480405948373 6 -2
1480405949219 0 -2
1480405950235 5 -2
1480405952806 1 -2
1480405953968 9 2
1480405954618 4 3
1480405955762 3 2
1480405956797 5 -1
1480405957873 3 -1
1480405959016 4 -3
1480405966519 0 2
1480405967510 7 -1
1480405968678 8 -1
1480405971209 0 -1
1480405972962 4 3
1480405973649 3 1
1480405975019 9 -1
1480405979615 4 -2
1480405982851 3 -1
1480405983845 4 -1
1480405985856 8 1
1480405986731 7 1
1480405987564 0 -1
1480405990507 5 1
1480405991253 3 -1
1480405992052 9 -1
1480405992905 1 2
1480405997165 5 2
1480405997897 0 2
1480405998595 6 2
1480405999441 7 -2
1480406000358 8 -1
1480406001551 5 1
1480406002435 1 -2
1480406003523 9 2
1480406013219 9 -2
1480406014026 1 2
1480406018716 6 -1
1480406019312 0 -1
1480406020220 5 -1
1480406022855 5 1
1480406023462 1 -2
1480406025834 1 2
1480406026465 5 -1
1480406027836 8 1
1480406028648 7 2
1480406029705 6 -1
1480406030227 0 -1
1480406031342 5 -2
1480406033554 1 -2
1480406034353 9 2
1480406034977 3 1
1480406035797 5 -1
1480406040384 0 2
1480406042412 7 -1
1480406044918 8 -1
1480406046158 4 3
1480406049505 3 1
1480406051580 8 1
1480406052262 7 1
1480406052937 0 -2
1480406054736 5 1
1480406055574 10 2
1480406063348 R
1480406065564 0 1
1480406071907 6 -4
1480406076020 9 -2
1480406078768 4 -2
1480406083310 6 2
1480406084485 7 -1
1480406086120 1 2
1480406088536 5 -1
1480406091199 6 -1
1480406091803 0 -1
1480406098459 5 1
1480406100581 5 -1
1480406101328 8 1
1480406102314 7 2
1480406102796 0 -1
1480406103291 6 -1
1480406104091 5 -2
1480406105534 1 -2
1480406110302 9 2
1480406110822 4 3
1480406111506 3 2
1480406112380 5 -1
1480406125392 0 2
1480406126092 7 -1
1480406127033 8 -1
1480406127727 0 -1
1480406131617 R
1480406135537 3 2
1480406136266 10 2
1480406137284 7 -2
1480406138363 1 -1
1480406139615 2 -3
1480406140239 10 -1
1480406141289 2 -1
1480406147693 0 1
1480406148593 1 1
1480406152413 7 2
1480406153581 10 -1
1480406161183 10 1
1480406162095 7 -2
1480406163255 1 -1
1480406164413 11 -1
1480406167043 4 2
1480406176716 0 -1
1480406177555 2 3
1480406178758 6 -3
1480406180223 3 -1
1480406185479 9 -1
1480406186211 9 1
1480406192466 3 1
1480406193500 2 -3
1480406195394 1 1
1480406197124 7 2
1480406198066 6 -1
1480406198696 10 -1
1480406202962 2 1
1480406203805 3 -2
1480406204864 9 -2
1480406205982 1 2
1480406208909 5 -1
1480406210699 11 -1
1480406213192 6 1
1480406215057 7 -1
1480406227292 7 1
1480406227961 6 -1
1480406230862 11 1
1480406233826 6 1
1480406235108 7 -1
1480406237099 5 1
1480406237731 1 -2
1480406238572 9 2
1480406239208 3 2
1480406239815 10 2
1480406240797 7 -1
1480406244886 9 -1
1480406251425 10 -1
1480406253565 1 -1
1480406254925 2 2
1480406255979 0 1
1480406256484 6 1
1480406257189 10 1
1480406262211 4 -2
1480406263082 11 1
1480406263881 2 1
1480406264488 1 1
1480406266040 7 2
1480406269010 10 -2
1480406269665 3 -2
1480406270573 9 -1
1480406271565 4 -2
1480406272885 1 2
1480406275110 5 -1
1480406276525 7 -1
1480406278189 0 -1
1480406278955 6 -1
1480406282260 8 1
1480406283219 7 2
1480406283807 6 -1
1480406284399 0 -1
1480406285373 5 -2
1480406287641 1 -2
1480406288947 9 2
1480406289676 4 3
1480406290815 3 2
1480406291578 5 -1
1480406297437 0 2
1480406298950 7 -1
1480406300060 8 -1
1480406300967 9 -1
1480406301627 4 -2
