1482182867689 6 -2
1482182868936 9 -2
1482182871543 9 2
1482182888257 R
1482183700550 6 -4
1482183701965 9 -2
1482183702685 4 -2
1482183708075 1 2
1482183715772 1 -1
1482183716997 R
1482183747327 6 -2
1482183748732 9 -2
1482183767783 R
1482183778200 6 -2
1482183785020 4 -1
1482183786975 9 -2
1482183811971 1 2
1482183816737 1 -2
1482183825257 9 2
1482183826111 4 2
1482183829437 6 2
1482183830765 3 2
1482183831911 10 2
1482183833484 7 -2
1482183837271 1 -1
1482183840451 2 -3
1482183843969 10 -1
1482183845723 3 -1
1482183851309 2 3
1482183853073 6 -3
1482183854309 9 -1
1482183856839 R
1482183858401 6 -1
1482183859355 6 -1
1482183860534 9 -2
1482183861208 4 -2
1482183862354 1 2
1482183863354 0 1
1482183864477 5 -1
1482183872123 R
1482183874291 6 -2
1482183875269 9 -2
1482183875976 4 -2
1482183878257 R
1482183879571 3 2
1482183881548 10 1
1482183882448 3 -1
1482183883448 6 -1
1482183884210 4 -2
1482183885222 7 -2
1482183886031 1 -1
1482183887008 2 -2
1482183887851 6 -1
1482183888952 6 -1
1482183891108 4 1
1482183891682 3 1
1482183892412 2 -2
1482183894344 4 2
1482183897377 11 -1
1482183898264 4 1
1482183901444 1 1
1482183902983 7 2
1482183904253 6 -1
1482183904770 10 -1
1482183906982 0 1
1482183909218 0 -1
1482183909824 2 1
1482183910611 3 -2
1482183911307 9 -2
1482183912464 1 2
1482183913486 5 -1
1482183914095 11 -1
1482183923428 11 1
1482183923945 5 1
1482183928463 5 -1
1482183931172 11 -1
1482183933881 11 1
1482183934307 5 1
1482183935364 1 -2
1482183936207 4 -4
1482183937521 11 1
1482183939667 1 2
1482183942385 1 -2
1482183946755 9 2
1482183948676 3 1
1482183949767 3 -1
1482183950462 4 1
1482183951215 3 2
1482183951844 2 -1
1482183953473 9 -1
1482183954843 0 1
1482183955900 6 1
1482183956888 10 1
1482183957652 7 -2
1482183958484 1 -1
1482183960529 11 -1
1482183961797 4 3
1482183962539 9 1
1482183966224 0 -1
1482183967661 2 3
1482183974368 2 -2
1482183976311 2 2
1482183979840 3 -1
1482183980625 2 -2
1482183981300 9 -1
1482183984345 1 1
1482183984829 7 2
1482183985334 6 -1
1482183985773 10 -1
1482183986334 3 -1
1482183987615 9 -1
1482183988615 1 2
1482183989435 5 -1
1482183990177 11 -1
1482183999249 6 1
1482184000001 7 -1
1482184002429 11 1
1482184002856 5 1
1482184004205 1 -2
1482184006194 9 2
1482184007981 3 1
1482184008431 10 1
1482184009015 7 -1
1482184009656 1 -1
1482184010240 2 2
1482184011533 0 1
1482184013319 3 1
1482184015039 10 1
1482184015355 6 1
1482184016939 6 -1
1482184017737 10 -1
1482184018152 3 -1
1482184019197 4 -3
1482184020917 11 1
1482184021389 2 1
1482184023244 1 1
1482184023727 7 2
1482184024334 6 -1
1482184024773 10 -1
1482184025313 3 -1
1482184025986 4 -1
1482184027908 9 -2
1482184029370 1 2
1482184030291 5 -1
1482184031797 5 1
1482184032561 1 -2
1482184036531 6 2
1482184037150 7 -1
1482184038890 9 1
1482184039476 3 1
1482184039834 10 1
1482184040283 7 -1
1482184040878 1 -1
1482184041508 2 -1
1482184043306 11 -1
1482184043823 9 1
1482184044934 4 3
1482184045575 6 2
1482184048608 3 1
1482184049059 10 1
1482184051316 11 1
1482184051742 2 1
1482184052653 1 1
1482184055023 7 2
1482184055720 6 -4
1482184056821 10 -2
1482184057315 3 -2
1482184058280 9 -2
1482184060797 4 -2
1482184061787 1 2
1482184063033 5 -1
1482184065988 5 1
1482184066830 1 -1
1482184068291 4 2
1482184069775 1 -1
1482184070482 1 1
1482184071133 4 -1
1482184071908 4 -1
1482184072617 1 1
1482184074223 5 -1
1482184075189 6 2
1482184075831 7 -1
1482184077852 6 -1
