1481823811445 6 -3
1481823813467 7 -1
1481823815781 3 1
1481823817441 10 1
1481823818805 7 -1
1481823820077 4 -2
1481823823333 1 -1
1481823824389 2 -3
1481823827958 11 -1
1481823829413 4 4
1481823830315 3 1
1481823831418 2 -1
1481823833189 4 -3
1481823835589 11 1
1481823836317 1 1
1481823837645 7 2
1481823838614 10 -1
1481823839517 6 -1
1481823844773 2 1
1481823845741 3 -2
1481823846941 9 -2
1481823850597 1 2
1481823851461 5 -1
1481823852391 11 -2
1481823856965 4 -1
1481823858630 11 2
1481823859748 8 2
1481823860400 7 1
1481823866047 8 -1
1481823868350 0 -1
1481823869102 5 -2
1481823869853 1 -2
1481823870766 11 -1
1481823872485 9 2
1481823876390 4 4
1481823877742 3 2
1481823878311 2 -1
1481823879279 5 -1
1481823881086 0 2
1481823885014 7 -1
1481823885726 8 -1
1481823886606 11 -1
1481823887486 9 1
1481823888245 0 3
