1482554967280 6 -4
1482554968420 9 -2
1482554969532 1 1
1482554971573 0 1
1482554974037 1 -1
1482554975263 9 2
1482554976068 4 -2
1482554977460 9 -2
1482554979724 9 2
1482554981236 6 3
1482554982125 3 1
1482554982764 10 1
1482554983917 7 -2
1482554985092 1 -1
1482554986356 2 -1
1482554987292 11 -1
1482554989765 4 4
1482554990660 6 1
1482554991503 3 1
1482554992188 10 1
1482554994852 4 -2
1482554995804 11 1
1482554996621 2 1
1482555001535 1 1
1482555002636 7 2
1482555003676 0 -1
1482555004220 10 -2
1482555005133 6 -4
1482555006316 3 -2
1482555007701 4 -2
1482555008326 9 -2
1482555018093 9 2
1482555019093 0 1
1482555021285 4 3
1482555037183 R
1482555046350 6 -4
1482555050605 9 -2
1482555056341 1 1
1482555058145 0 1
1482555058677 0 -1
1482555059581 4 -2
1482555060509 1 1
1482555061557 5 -1
1482555063757 0 1
1482555066264 8 1
1482555067303 7 1
1482555068454 0 -2
1482555069548 5 -2
1482555070116 1 -2
1482555073271 1 2
1482555074311 5 2
1482555079255 5 -2
1482555082620 1 -2
1482555083981 4 3
1482555084729 9 2
1482555085316 3 2
1482555086780 5 -1
1482555094172 0 2
1482555096758 7 -1
1482555097596 8 -1
1482555103300 4 -2
1482555105322 8 1
1482555106078 7 1
1482555106812 0 -2
1482555108692 3 -1
1482555109492 4 -1
1482555110540 9 -1
1482555115252 4 2
1482555116014 5 1
1482555116708 3 -1
1482555117412 9 -1
1482555119444 1 1
1482555120964 4 -2
1482555123620 1 1
1482555124739 5 2
1482555126788 5 -2
1482555144164 1 -2
1482555146411 1 2
1482555147294 5 2
1482555148132 0 2
1482555153971 0 -2
1482555154828 5 -2
1482555155623 1 -2
1482555156516 9 2
1482555158668 3 1
1482555159460 5 -1
1482555160676 4 3
1482555161723 0 2
1482555167996 9 -1
1482555169260 4 -3
1482555170132 9 1
1482555170956 0 -2
1482555173332 4 3
1482555173988 3 1
1482555174918 5 1
1482555175796 3 -2
1482555177084 9 -2
1482555179967 9 2
1482555180726 3 2
1482555181412 5 -1
1482555182164 0 2
1482555185804 7 -1
1482555186540 8 -1
1482555189749 0 -1
1482555191709 9 -1
1482555194941 R
1482555201725 6 -4
1482555211853 9 -2
1482555212797 4 -2
1482555217933 4 2
1482555219757 4 1
1482555220365 9 2
1482555220957 3 2
1482555221999 10 2
1482555222549 6 4
1482555224396 7 -2
1482555227189 1 -1
1482555228661 2 -3
1482555229309 10 -1
1482555230173 2 -1
1482555234541 1 1
1482555237549 11 -1
1482555240669 1 -1
1482555241541 4 1
1482555244517 1 1
1482555245324 1 -1
1482555247213 4 -2
1482555248168 11 1
1482555250389 4 1
1482555252757 2 4
1482555253749 6 -3
1482555254759 3 -1
1482555255837 4 -3
1482555256389 9 -1
1482555257549 9 1
1482555258197 0 1
