1480125554356 3 1
1480125555040 3 1
1480125563400 0 1
1480125564760 7 -1
1480125568261 6 -3
1480125569407 3 -2
1480125570589 9 -2
1480125574639 4 1
1480125577091 R
1480125580904 6 -4
1480125585168 9 -2
1480125587240 6 1
1480125589206 9 1
1480125589982 3 1
1480125590671 10 1
1480125591627 7 -2
1480125596361 1 -1
1480125597914 0 1
1480125598723 9 1
1480125599602 4 1
1480125601267 3 1
1480125602560 10 1
1480125603313 1 1
1480125604112 7 2
1480125605344 6 -1
1480125606824 10 -2
1480125607600 3 -2
1480125608320 9 -2
1480125611537 4 -3
1480125612305 9 2
1480125614811 9 -2
1480125616546 1 2
1480125618727 5 -1
1480125619716 8 1
1480125620638 7 1
1480125622011 6 2
1480125624888 R
1480125630214 6 -4
1480125631709 9 -2
1480125632859 1 1
1480125634071 4 -2
1480125634915 0 1
1480125635793 1 -1
1480125637066 9 2
1480125640361 6 3
1480125641181 7 -1
1480125643173 6 -2
1480125643994 9 -2
1480125645018 1 2
1480125645682 0 -1
1480125646728 5 -1
1480125648009 8 1
1480125649235 7 2
1480125651249 6 -1
1480125652576 0 -1
1480125653848 5 -2
1480125656267 1 -2
1480125657245 9 2
1480125659079 3 1
1480125659968 4 3
1480125661095 5 -1
1480125662265 0 2
1480125664950 3 1
1480125665975 9 -1
1480125667798 3 -1
1480125669530 4 -3
1480125671758 7 -1
1480125672658 8 -1
1480125675268 9 1
1480125677552 4 3
1480125678485 3 1
1480125681151 9 -1
1480125684459 0 -1
1480125685426 3 -1
1480125686755 4 -3
1480125687530 9 1
1480125688330 0 1
1480125690208 8 1
1480125690849 7 1
1480125693134 R
1480125696317 3 2
1480125698690 7 -1
1480125699962 10 2
1480125700983 7 -1
1480125702008 1 -1
1480125704045 10 -1
1480125704720 3 -1
1480125707948 6 -3
1480125709378 2 -3
1480125710075 3 1
1480125710727 2 -1
1480125712550 11 -1
1480125714711 11 1
1480125721021 9 -1
1480125723736 11 -1
1480125724712 4 2
1480125727334 9 1
1480125730607 4 -3
1480125731473 11 1
1480125733430 2 4
1480125734950 9 -1
1480125735815 3 -1
1480125736659 4 -1
1480125740068 0 1
1480125740821 2 -1
1480125746200 9 1
1480125747424 11 -1
1480125748295 R
1480125757955 4 1
1480125763399 3 2
1480125764412 10 2
1480125765571 7 -2
1480125772007 1 -1
1480125774459 10 -1
1480125775584 2 -4
1480125786913 R
1480125801753 4 1
1480125804631 0 1
1480125805790 7 -1
1480125806972 3 1
1480125808265 10 1
1480125809492 7 -1
1480125810662 1 -1
1480125811550 0 -1
1480125812574 2 -3
1480125817534 1 1
1480125818538 11 -1
1480125820258 4 1
1480125821778 3 1
1480125822800 2 -1
1480125825784 0 1
1480125828842 7 1
1480125830292 10 -1
1480125836482 R
1480125850759 3 2
1480125853739 0 1
1480125855640 7 -1
1480125863661 6 -2
1480125870778 6 2
1480125874167 7 1
1480125875036 10 2
1480125876553 7 -2
1480125877814 1 -1
1480125879525 0 -1
1480125880807 10 -1
1480125881988 2 -4
1480125886251 11 -1
1480125887364 4 2
1480125889164 1 1
1480125890327 0 1
1480125892654 1 -1
1480125903170 0 -1
1480125904283 2 3
1480125905353 6 -3
1480125906377 3 -1
1480125909134 9 -1
1480125912892 R
1480125916367 7 -1
1480125919045 7 1
1480125920496 3 2
1480125922736 6 -4
1480125923748 3 -2
1480125925085 9 -2
1480125926075 4 -2
1480125926740 1 2
1480125930205 5 -1
1480125931565 8 1
1480125934345 4 1
1480125937325 0 1
1480125938732 6 2
1480125940240 7 -1
1480125945819 4 -1
1480125957034 8 -1
1480125958147 5 1
1480125959645 1 -2
1480125966023 1 2
1480125966935 5 -1
1480125967892 8 1
1480125968723 7 2
1480125970028 0 -2
1480125971526 6 -2
1480125972649 5 -2
1480125973516 1 -2
1480125976317 9 2
1480125977194 3 1
1480125978465 5 -1
1480125979208 0 2
1480125980907 7 -1
1480125982067 8 -1
1480125984822 9 -1
1480125993168 R
1480125996690 0 1
1480126003023 6 -4
1480126012848 9 -2
1480126014140 4 -2
1480126015061 1 2
1480126018515 6 2
1480126023668 7 -1
1480126024793 5 -1
1480126025918 8 1
1480126029643 7 2
1480126030868 0 -2
1480126035189 5 -1
1480126035672 6 -2
1480126036675 5 -1
1480126048665 1 -2
1480126050533 4 3
1480126053076 9 2
1480126054313 3 2
1480126055303 5 -1
1480126057046 0 1
1480126061017 0 1
1480126062334 7 -1
1480126063337 8 -1
1480126067340 3 -1
1480126068106 4 -3
1480126071616 9 -1
1480126074014 8 1
1480126076240 7 1
1480126077344 R
1480126081325 3 2
1480126082235 10 2
1480126084633 4 1
1480126086163 7 -2
1480126087446 1 -1
1480126090596 10 -1
1480126092519 2 -4
1480126098797 11 -1
1480126100327 4 1
1480126108966 2 3
1480126112454 6 -3
1480126117145 3 -1
1480126118529 4 -4
1480126122184 11 1
1480126124300 2 1
1480126128935 6 1
1480126133626 4 3
1480126136270 0 1
1480126137113 3 1
1480126139219 9 -1
1480126141298 1 1
