1482956182782 3 2
1482956184028 10 2
1482956185593 7 -2
1482956188301 1 -1
1482956189998 2 -3
1482956194234 10 -1
1482956195535 2 -1
1482956197547 11 -1
1482956199099 1 1
1482956201611 0 1
1482956203365 1 -1
1482956207057 4 2
1482956209748 1 1
1482956214485 4 -2
1482956215799 11 1
1482956217332 1 -1
1482956221261 0 -1
1482956222796 2 4
1482956256489 6 -3
1482956263740 3 -1
1482956265413 2 -3
1482956276349 9 -1
1482956277570 4 -2
1482956280178 1 1
1482956289590 7 2
1482956291345 10 -1
1482956293050 6 -1
1482956295338 3 -1
1482956296568 9 -1
1482956300878 1 2
1482956303668 5 -1
1482956305439 8 2
1482956306751 7 1
1482956308383 0 -1
1482956309742 5 -2
1482956311988 1 -2
1482956313224 8 -1
1482956319438 9 1
1482956322969 4 1
1482956324471 3 2
1482956325900 10 2
1482956331696 11 -1
1482956333938 4 1
1482956335540 4 2
1482956341343 9 1
1482956344946 9 -1
1482956345992 10 -1
1482956348013 2 -1
1482956350057 4 -2
1482956351371 11 1
1482956352890 8 1
1482956357332 10 -1
1482956358577 5 -1
1482956359796 0 2
1482956361647 7 -1
1482956364236 8 -2
1482956365540 11 -2
1482956366812 9 2
1482956368420 4 2
1482956370885 0 2
1482956374639 0 1
