1482406180057 3 2
1482406181041 10 2
1482406182153 7 -2
1482406183481 1 -1
1482406189881 10 -1
1482406190673 3 -1
1482406191409 6 -3
1482406192457 4 -2
1482406194161 9 -1
1482406196785 2 -3
1482406198001 11 -1
1482406203224 1 1
1482406204041 7 2
1482406204753 10 -1
1482406205457 3 -1
1482406206209 9 -1
1482406207400 1 2
1482406208681 5 -1
1482406218873 5 1
1482406219761 1 -2
1482406223952 6 -1
1482406227673 1 2
1482406228697 5 -1
1482406229482 8 1
1482406230433 7 1
1482406231138 0 -1
1482406231929 5 -2
1482406238929 1 -2
1482406240241 9 1
1482406241496 4 2
1482406242520 3 2
1482406243410 5 -1
1482406244081 2 -1
1482406245097 0 2
1482406246329 7 -1
1482406248417 8 -1
1482406249289 11 -1
1482406250225 9 2
1482406251017 4 2
1482406252105 0 4
