1482857439230 3 1
1482857442774 10 1
1482857444781 8 3
1482857446077 6 -4
1482857448077 0 -1
1482857449886 8 -3
1482857451288 4 1
1482857451782 4 -1
1482857452870 10 -1
1482857453693 10 1
1482857454295 10 -1
1482857454743 1 -2
1482857455365 11 -4
1482857457525 10 1
1482857458229 10 -1
1482857458646 10 1
1482857459581 1 2
1482857460245 8 3
1482857463454 8 -2
1482857464381 4 1
1482857465180 3 1
1482857466710 0 1
1482857467766 6 3
1482857468366 0 -1
1482857469325 0 1
1482857469997 6 -3
1482857470686 8 -1
1482857472206 1 -1
1482857473837 3 -1
1482857474558 4 -1
1482857476223 1 1
1482857485646 2 2
1482857486990 9 1
1482857490397 4 1
1482857491045 3 2
1482857492886 0 -1
1482857493871 1 -3
1482857496543 8 1
1482857498261 8 -1
1482857498830 1 3
1482857499917 0 1
1482857500781 6 1
1482857501486 9 -2
1482857502654 3 -2
1482857503406 4 -2
1482857506293 2 -2
1482857508406 10 -2
1482857510582 1 -1
1482857511285 11 4
1482857512237 1 1
1482857513231 1 -1
1482857513949 10 2
1482857515101 0 2
1482857515940 1 -1
1482857517333 10 -1
1482857518014 11 -4
1482857520118 10 1
1482857521998 1 2
1482857524447 1 -2
1482857525174 10 -1
1482857527445 10 1
1482857530437 1 2
1482857531005 8 3
1482857532046 6 2
1482857532550 3 -1
1482857533390 1 -3
1482857534343 8 -2
1482857535525 8 1
1482857536310 6 -1
1482857537198 8 -1
1482857539950 8 2
1482857541757 1 3
1482857544077 8 -2
1482857545902 0 -1
1482857547821 2 2
1482857549637 0 -1
1482857550316 4 2
1482857551056 9 2
1482857554222 3 3
1482857554909 6 -2
1482857555677 8 -1
1482857556958 9 -1
1482857557790 3 -2
1482857560629 4 -1
1482857561141 2 -2
1482857565741 10 -1
1482857567740 10 1
1482857570062 0 -1
1482857570805 1 -2
1482857573037 4 1
1482857577053 1 2
1482857577637 4 -1
1482857579582 2 2
1482857580312 9 1
1482857582310 0 1
1482857583309 8 2
1482857586669 9 -1
1482857587711 2 -2
1482857589614 8 1
1482857590838 1 -1
1482857592053 11 1
1482857592822 6 4
1482857594397 3 -1
1482857594958 9 -1
1482857595671 4 -1
1482857596797 0 2
1482857598421 1 -2
1482857599270 8 -3
1482857601765 10 -1
1482857602413 10 1
1482857603709 8 1
1482857604693 8 -1
1482857605524 1 2
1482857606766 0 -2
1482857607655 10 -2
1482857608261 5 -1
1482857608903 7 2
1482857611493 11 2
1482857612119 1 1
1482857614262 0 -1
1482857615101 1 -2
1482857615613 5 -2
1482857617149 10 1
1482857618204 1 -1
1482857619830 10 -1
1482857620421 11 -2
1482857621237 10 2
1482857623734 2 4
1482857626847 1 1
1482857627709 4 2
1482857628462 9 2
1482857630101 3 3
1482857631158 1 -1
1482857633334 1 1
1482857635717 12 2
1482857636397 9 1
1482857637294 3 1
1482857638029 4 -1
1482857638469 1 -2
1482857640869 4 1
1482857641399 4 -1
1482857641999 0 1
1482857645774 8 1
1482857646342 6 -3
1482857646893 5 -1
1482857647349 11 -1
1482857648797 8 -1
1482857650525 4 1
1482857651222 4 -1
1482857652117 4 1
1482857653022 6 -1
1482857653614 0 -1
1482857654462 1 4
1482857655533 0 1
1482857660246 9 -2
1482857661301 9 2
1482857662214 6 1
1482857662725 9 -3
1482857663670 4 -2
1482857664814 0 2
1482857667029 0 -1
1482857667885 0 -1
1482857668541 4 2
1482857669133 3 -3
1482857670389 4 -2
1482857671661 12 -2
1482857673277 0 3
1482857675949 0 1
