1482351236512 9 -1
1482351241519 4 -1
1482351247775 2 2
1482351255927 0 -1
1482351259790 1 -1
1482351261502 11 -3
1482351271486 4 1
1482351273478 9 2
1482351278302 1 -1
1482351279446 9 -2
1482351285214 4 -1
1482351286247 10 -1
1482351286922 5 -3
1482351288454 10 1
1482351289749 4 1
1482351290629 10 1
1482351291741 4 1
1482351294061 9 2
1482351295605 7 2
1482351296973 12 2
1482351298181 9 1
1482351299517 1 -2
1482351301277 1 2
1482351308149 1 -2
1482351309981 0 1
1482351314092 2 2
1482351332106 8 1
1482351333172 6 -2
1482351334268 5 -1
1482351335259 11 -1
1482351342389 R
1482351347571 9 -1
1482351348260 4 -1
1482351352235 0 2
1482351353563 1 -3
1482351356603 11 -3
1482351361555 1 2
1482351365035 0 -2
1482351379074 10 -1
1482351379785 5 -1
1482351380345 7 2
1482351388507 R
1482351409905 2 1
1482351410985 9 1
1482351414145 3 1
1482351415193 8 1
1482351416465 6 -4
1482351419729 8 -1
1482351424289 10 1
1482351429347 4 1
1482351430081 2 1
1482351431040 3 2
1482351435368 1 -1
1482351440027 3 -2
1482351440936 9 -1
1482351442352 2 -2
1482351445112 4 -1
1482351446896 10 -1
1482351447816 11 -4
1482351451360 1 1
1482351451813 10 1
1482351453287 4 1
1482351454351 3 1
1482351457111 6 1
1482351458351 9 -1
1482351459007 3 -1
1482351459895 4 -2
1482351463383 0 2
1482351464503 1 -2
1482351476543 1 2
1482351489358 8 3
1482351491006 1 -2
1482351492606 1 2
1482351493830 1 -2
1482351495982 1 2
1482351497199 0 -2
1482351498502 8 -3
1482351500574 10 -2
1482351501374 5 -1
1482351502182 7 2
1482351507926 2 2
1482351512693 2 -2
1482351515917 1 -1
1482351519566 R
1482351531891 9 -1
1482351535429 4 -1
1482351540684 10 -1
1482351541349 5 -1
1482351542039 11 -1
1482351542965 7 2
1482351545828 1 -1
1482351546484 11 -2
1482351551295 0 -1
1482351552132 1 -2
1482351553172 5 -2
1482351553915 10 2
1482351557836 2 4
1482351567651 1 1
1482351568923 3 1
1482351572363 4 2
1482351573131 3 2
1482351574603 1 -1
1482351575291 8 1
