1482145492236 10 1
1482145494012 9 -1
1482145495308 4 -1
1482145500559 0 2
1482145511989 1 -3
1482145513283 8 3
1482145515871 6 -2
1482145517093 8 -2
1482145518399 10 -1
1482145519502 11 -4
1482145520244 10 1
1482145523191 10 -1
1482145524150 10 1
1482145524773 10 -1
1482145525888 11 4
1482145527110 10 1
1482145531208 8 2
1482145533163 1 3
1482145534826 6 2
1482145538721 0 -3
1482145539775 8 -3
1482145541645 4 2
1482145544030 2 2
1482145545072 9 2
1482145546270 3 3
1482145547898 0 1
1482145548834 8 1
1482145550331 6 -4
1482145551433 0 -1
1482145552082 8 -1
1482145553207 1 -3
1482145556982 9 -1
1482145558322 1 1
1482145559174 3 -2
1482145560707 2 -2
1482145562529 4 -1
1482145564158 10 -1
1482145566315 11 -4
1482145567489 1 2
1482145569610 10 1
1482145577518 0 1
1482145578968 8 3
1482145580765 6 3
1482145581975 3 -1
1482145582898 9 -1
1482145584181 4 -1
1482145585330 0 2
1482145589657 3 1
1482145590699 6 -2
1482145593167 8 -3
1482145599098 1 -2
1482145600776 10 -1
1482145605735 10 1
1482145607078 1 2
1482145611751 0 -2
1482145613548 10 -2
1482145614495 5 -1
1482145615476 7 2
1482145617155 2 2
1482145620039 12 2
1482145623504 1 -1
1482145625193 11 3
1482145626235 1 1
1482145627410 8 1
1482145628248 6 3
1482145629579 8 -1
1482145632131 0 -1
1482145632924 3 -1
1482145633880 1 -3
1482145634935 5 -2
1482145636648 11 -2
1482145637535 10 2
1482145638458 2 2
1482145641430 12 -2
1482145644220 8 4
1482145645287 1 1
1482145650546 1 -1
1482145653483 4 1
1482145654524 12 1
1482145655460 9 3
1482145656694 1 -1
1482145657555 0 1
1482145659282 4 1
1482145662002 6 -2
1482145662959 5 -1
1482145666506 11 -1
1482145668866 4 -1
1482145670376 8 -3
1482145673933 12 1
1482145678558 12 -1
1482145679529 8 3
1482145682594 R
1482145689389 9 -1
1482145691223 0 -1
1482145692744 1 -3
1482145693966 4 -1
1482145695835 10 1
1482145698602 1 3
1482145703059 0 3
1482145705924 8 3
1482145707804 1 -3
1482145710833 6 -2
1482145711768 8 -2
1482145716056 10 -1
1482145717100 11 -4
1482145718416 10 1
1482145719651 8 2
1482145722093 1 3
1482145729153 8 -2
1482145737673 0 -2
1482145740765 10 -2
1482145744881 5 -1
1482145746954 7 2
1482145751480 3 1
1482145753690 6 -1
1482145754920 8 -1
1482145756498 1 -1
1482145759054 11 3
1482145760320 1 1
1482145764206 8 1
1482145765474 6 3
1482145767391 3 -1
1482145768576 0 -1
1482145769415 8 -1
1482145771087 1 -3
1482145773242 5 -2
1482145774546 11 -2
1482145775669 10 2
1482145777493 2 4
1482145782578 12 2
1482145784733 4 2
1482145790352 9 3
1482145792844 1 -1
1482145795586 1 2
1482145798119 3 4
1482145799392 1 -2
1482145800796 4 -1
1482145803030 8 3
1482145806302 0 1
1482145807678 6 -4
1482145809859 5 -1
1482145811620 11 -1
1482145812771 8 -3
1482145819551 4 1
1482145821840 0 -1
1482145823761 1 4
1482145826570 9 -2
1482145827770 3 -3
1482145831471 9 2
1482145839804 0 1
1482145841526 6 1
1482145842687 9 -3
1482145844462 4 -2
1482145845505 12 -2
1482145846390 0 4
