1481252660163 9 -1
1481252661546 4 -1
1481252668089 1 -1
1481252670724 11 -3
1481252673254 0 2
1481252675090 1 -2
1481252683899 8 1
1481252685502 6 -2
1481252686743 11 -1
1481252690122 10 1
1481252694130 10 -1
1481252696712 6 1
1481252700765 11 1
1481252702042 6 1
1481252703198 8 -1
1481252705064 1 2
1481252706633 0 -2
1481252708152 10 -1
1481252709427 5 -1
1481252710514 7 2
1481252714877 2 2
1481252717628 12 2
1481252725358 0 -1
1481252726513 1 -2
1481252728800 5 -2
1481252730655 10 2
1481252731853 2 2
1481252738498 4 1
1481252739617 9 3
1481252741767 1 -1
1481252744102 4 1
1481252745853 1 2
1481252747050 3 4
1481252751944 3 -4
1481252757864 12 -1
1481252761261 9 -3
1481252762379 4 -2
1481252767004 12 -1
1481252771403 10 -2
1481252775527 2 -4
1481252777328 5 2
1481252778183 11 2
1481252779410 1 2
1481252786477 1 -1
1481252822178 1 1
1481252826071 R
1481252828431 9 -1
1481252829794 4 -1
1481252832557 10 1
1481252834744 0 2
1481252838643 1 -3
1481252842188 1 3
1481252843269 0 -3
1481252844428 1 -3
1481252846566 10 -2
1481252847992 5 -3
1481252849379 11 -3
1481252851602 10 2
1481252852891 8 3
1481252858389 8 -3
1481252859956 7 2
1481252863240 2 4
1481252866656 4 2
1481252868398 12 2
1481252869469 9 3
1481252870679 1 -1
1481252871840 0 1
1481252878386 R
1481252881408 9 -1
1481252890334 4 -1
1481252893210 0 2
1481252903256 1 -3
1481252907150 11 -3
1481252909919 10 1
1481252916174 10 -1
1481253079785 U
