1480180311499 9 -1
1480180311499 9 -1
1480180311499 9 -1
1480180311499 9 -1
1480180311499 9 -1
1480180311499 9 -1
1480180313991 4 -1
1480180313991 4 -1
1480180313991 4 -1
1480180313991 4 -1
1480180313991 4 -1
1480180313991 4 -1
1480180320167 0 2
1480180320167 0 2
1480180320167 0 2
1480180320167 0 2
1480180320167 0 2
1480180320167 0 2
1480180322127 1 -3
1480180322127 1 -3
1480180322127 1 -3
1480180322127 1 -3
1480180322127 1 -3
1480180322127 1 -3
1480180329016 1 2
1480180329016 1 2
1480180329016 1 2
1480180329016 1 2
1480180329016 1 2
1480180329016 1 2
1480180337976 1 -2
1480180337976 1 -2
1480180337976 1 -2
1480180337976 1 -2
1480180337976 1 -2
1480180337976 1 -2
1480180344620 1 3
1480180344620 1 3
1480180344620 1 3
1480180344620 1 3
1480180344620 1 3
1480180344620 1 3
1480180349440 1 -3
1480180349440 1 -3
1480180349440 1 -3
1480180349440 1 -3
1480180349440 1 -3
1480180349440 1 -3
1480180354856 10 1
1480180354856 10 1
1480180354856 10 1
1480180354856 10 1
1480180354856 10 1
1480180354856 10 1
1480180369776 1 3
1480180369776 1 3
1480180369776 1 3
1480180369776 1 3
1480180369776 1 3
1480180369776 1 3
1480180405737 8 3
1480180405737 8 3
1480180405737 8 3
1480180405737 8 3
1480180405737 8 3
1480180405737 8 3
1480180413641 6 -2
1480180413641 6 -2
1480180413641 6 -2
1480180413641 6 -2
1480180413641 6 -2
1480180413641 6 -2
1480180420234 1 -3
1480180420234 1 -3
1480180420234 1 -3
1480180420234 1 -3
1480180420234 1 -3
1480180420234 1 -3
1480180423521 8 -2
1480180423521 8 -2
1480180423521 8 -2
1480180423521 8 -2
1480180423521 8 -2
1480180423521 8 -2
1480180425329 8 2
1480180425329 8 2
1480180425329 8 2
1480180425329 8 2
1480180425329 8 2
1480180425329 8 2
1480180426557 1 3
1480180426557 1 3
1480180426557 1 3
1480180426557 1 3
1480180426557 1 3
1480180426557 1 3
1480180429265 0 -2
1480180429265 0 -2
1480180429265 0 -2
1480180429265 0 -2
1480180429265 0 -2
1480180429265 0 -2
1480180447926 1 -1
1480180447926 1 -1
1480180447926 1 -1
1480180447926 1 -1
1480180447926 1 -1
1480180447926 1 -1
1480180449442 1 1
1480180449442 1 1
1480180449442 1 1
1480180449442 1 1
1480180449442 1 1
1480180449442 1 1
1480180454442 8 -2
1480180454442 8 -2
1480180454442 8 -2
1480180454442 8 -2
1480180454442 8 -2
1480180454442 8 -2
1480180455334 0 2
1480180455334 0 2
1480180455334 0 2
1480180455334 0 2
1480180455334 0 2
1480180455334 0 2
1480180458615 8 2
1480180458615 8 2
1480180458615 8 2
1480180458615 8 2
1480180458615 8 2
1480180458615 8 2
1480180460062 0 -2
1480180460062 0 -2
1480180460062 0 -2
1480180460062 0 -2
1480180460062 0 -2
1480180460062 0 -2
1480180461192 R
1480180461192 R
1480180461192 R
1480180461192 R
1480180461192 R
1480180461192 R
1480180469359 1 -1
1480180469359 1 -1
1480180469359 1 -1
1480180469359 1 -1
1480180469359 1 -1
1480180469359 1 -1
1480180471495 10 1
1480180471495 10 1
1480180471495 10 1
1480180471495 10 1
1480180471495 10 1
1480180471495 10 1
1480180475207 4 1
1480180475207 4 1
1480180475207 4 1
1480180475207 4 1
1480180475207 4 1
1480180475207 4 1
1480180476503 1 1
1480180476503 1 1
1480180476503 1 1
1480180476503 1 1
1480180476503 1 1
1480180476503 1 1
1480180477791 0 -1
1480180477791 0 -1
1480180477791 0 -1
1480180477791 0 -1
1480180477791 0 -1
1480180477791 0 -1
1480180482799 1 -2
1480180482799 1 -2
1480180482799 1 -2
1480180482799 1 -2
1480180482799 1 -2
1480180482799 1 -2
1480180490703 2 2
1480180490703 2 2
1480180490703 2 2
1480180490703 2 2
1480180490703 2 2
1480180490703 2 2
1480180492047 3 3
1480180492047 3 3
1480180492047 3 3
1480180492047 3 3
1480180492047 3 3
1480180492047 3 3
1480180492991 9 1
1480180492991 9 1
1480180492991 9 1
1480180492991 9 1
1480180492991 9 1
1480180492991 9 1
1480180496478 1 2
1480180496478 1 2
1480180496478 1 2
1480180496478 1 2
1480180496478 1 2
1480180496478 1 2
1480180512440 8 1
1480180512440 8 1
1480180512440 8 1
1480180512440 8 1
1480180512440 8 1
1480180512440 8 1
1480180532976 8 -1
1480180532976 8 -1
1480180532976 8 -1
1480180532976 8 -1
1480180532976 8 -1
1480180532976 8 -1
1480180534544 1 -3
1480180534544 1 -3
1480180534544 1 -3
1480180534544 1 -3
1480180534544 1 -3
1480180534544 1 -3
1480180535808 8 1
1480180535808 8 1
1480180535808 8 1
1480180535808 8 1
1480180535808 8 1
1480180535808 8 1
1480180538312 6 -1
1480180538312 6 -1
1480180538312 6 -1
1480180538312 6 -1
1480180538312 6 -1
1480180538312 6 -1
1480180546206 9 -2
1480180546206 9 -2
1480180546206 9 -2
1480180546206 9 -2
1480180546206 9 -2
1480180546206 9 -2
1480180552273 U
1480180552273 U
1480180552273 U
1480180552273 U
1480180552273 U
1480180552273 U
1480180553049 R
1480180553049 R
1480180553049 R
1480180553049 R
1480180553049 R
1480180553049 R
1480180557728 10 1
1480180557728 10 1
1480180557728 10 1
1480180557728 10 1
1480180557728 10 1
1480180557728 10 1
1480180585521 3 1
1480180585521 3 1
1480180585521 3 1
1480180585521 3 1
1480180585521 3 1
1480180585521 3 1
1480180587601 8 3
1480180587601 8 3
1480180587601 8 3
1480180587601 8 3
1480180587601 8 3
1480180587601 8 3
1480180589378 6 -4
1480180589378 6 -4
1480180589378 6 -4
1480180589378 6 -4
1480180589378 6 -4
1480180589378 6 -4
1480180592833 8 -3
1480180592833 8 -3
1480180592833 8 -3
1480180592833 8 -3
1480180592833 8 -3
1480180592833 8 -3
1480180619969 8 3
1480180619969 8 3
1480180619969 8 3
1480180619969 8 3
1480180619969 8 3
1480180619969 8 3
1480180620852 R
1480180620852 R
1480180620852 R
1480180620852 R
1480180620852 R
1480180620852 R
1480180625029 10 1
1480180625029 10 1
1480180625029 10 1
1480180625029 10 1
1480180625029 10 1
1480180625029 10 1
1480180899538 R
1480180899538 R
1480180899538 R
1480180899538 R
1480180899538 R
1480180899538 R
1480180917192 10 1
1480180917192 10 1
1480180917192 10 1
1480180917192 10 1
1480180917192 10 1
1480180917192 10 1
1480180919578 8 3
1480180919578 8 3
1480180919578 8 3
1480180919578 8 3
1480180919578 8 3
1480180919578 8 3
1480180923795 0 -1
1480180923795 0 -1
1480180923795 0 -1
1480180923795 0 -1
1480180923795 0 -1
1480180923795 0 -1
1480180927416 9 -1
1480180927416 9 -1
1480180927416 9 -1
1480180927416 9 -1
1480180927416 9 -1
1480180927416 9 -1
1480180930344 4 -1
1480180930344 4 -1
1480180930344 4 -1
1480180930344 4 -1
1480180930344 4 -1
1480180930344 4 -1
1480180932998 8 -3
1480180932998 8 -3
1480180932998 8 -3
1480180932998 8 -3
1480180932998 8 -3
1480180932998 8 -3
1480180934276 0 2
1480180934276 0 2
1480180934276 0 2
1480180934276 0 2
1480180934276 0 2
1480180934276 0 2
1480180937793 0 1
1480180937793 0 1
1480180937793 0 1
1480180937793 0 1
1480180937793 0 1
1480180937793 0 1
1480180941386 0 -3
1480180941386 0 -3
1480180941386 0 -3
1480180941386 0 -3
1480180941386 0 -3
1480180941386 0 -3
1480180944269 0 2
1480180944269 0 2
1480180944269 0 2
1480180944269 0 2
1480180944269 0 2
1480180944269 0 2
1480180945793 0 1
1480180945793 0 1
1480180945793 0 1
1480180945793 0 1
1480180945793 0 1
1480180945793 0 1
1480180947566 1 -1
1480180947566 1 -1
1480180947566 1 -1
1480180947566 1 -1
1480180947566 1 -1
1480180947566 1 -1
1480180948692 1 -2
1480180948692 1 -2
1480180948692 1 -2
1480180948692 1 -2
1480180948692 1 -2
1480180948692 1 -2
1480180951027 1 1
1480180951027 1 1
1480180951027 1 1
1480180951027 1 1
1480180951027 1 1
1480180951027 1 1
1480180951593 1 2
1480180951593 1 2
1480180951593 1 2
1480180951593 1 2
1480180951593 1 2
1480180951593 1 2
1480180954185 1 -1
1480180954185 1 -1
1480180954185 1 -1
1480180954185 1 -1
1480180954185 1 -1
1480180954185 1 -1
1480180956465 10 -1
1480180956465 10 -1
1480180956465 10 -1
1480180956465 10 -1
1480180956465 10 -1
1480180956465 10 -1
1480180961052 11 -3
1480180961052 11 -3
1480180961052 11 -3
1480180961052 11 -3
1480180961052 11 -3
1480180961052 11 -3
1480180965457 1 -2
1480180965457 1 -2
1480180965457 1 -2
1480180965457 1 -2
1480180965457 1 -2
1480180965457 1 -2
1480180967481 10 1
1480180967481 10 1
1480180967481 10 1
1480180967481 10 1
1480180967481 10 1
1480180967481 10 1
1480180974585 1 2
1480180974585 1 2
1480180974585 1 2
1480180974585 1 2
1480180974585 1 2
1480180974585 1 2
1480180976342 0 -3
1480180976342 0 -3
1480180976342 0 -3
1480180976342 0 -3
1480180976342 0 -3
1480180976342 0 -3
1480180978186 1 -2
1480180978186 1 -2
1480180978186 1 -2
1480180978186 1 -2
1480180978186 1 -2
1480180978186 1 -2
1480180980194 10 -2
1480180980194 10 -2
1480180980194 10 -2
1480180980194 10 -2
1480180980194 10 -2
1480180980194 10 -2
1480180981485 5 -3
1480180981485 5 -3
1480180981485 5 -3
1480180981485 5 -3
1480180981485 5 -3
1480180981485 5 -3
1480180983705 10 2
1480180983705 10 2
1480180983705 10 2
1480180983705 10 2
1480180983705 10 2
1480180983705 10 2
1480180989666 U
1480180989666 U
1480180989666 U
1480180989666 U
1480180989666 U
1480180989666 U
1480180990274 U
1480180990274 U
1480180990274 U
1480180990274 U
1480180990274 U
1480180990274 U
1480180992154 U
1480180992154 U
1480180992154 U
1480180992154 U
1480180992154 U
1480180992154 U
1480180992610 U
1480180992610 U
1480180992610 U
1480180992610 U
1480180992610 U
1480180992610 U
1480180993082 U
1480180993082 U
1480180993082 U
1480180993082 U
1480180993082 U
1480180993082 U
1480181008082 1 -2
1480181008082 1 -2
1480181008082 1 -2
1480181008082 1 -2
1480181008082 1 -2
1480181008082 1 -2
1480181009234 10 -1
1480181009234 10 -1
1480181009234 10 -1
1480181009234 10 -1
1480181009234 10 -1
1480181009234 10 -1
1480181021635 10 1
1480181021635 10 1
1480181021635 10 1
1480181021635 10 1
1480181021635 10 1
1480181021635 10 1
1480181034346 10 -1
1480181034346 10 -1
1480181034346 10 -1
1480181034346 10 -1
1480181034346 10 -1
1480181034346 10 -1
1480181039186 1 2
1480181039186 1 2
1480181039186 1 2
1480181039186 1 2
1480181039186 1 2
1480181039186 1 2
1480181045235 0 -2
1480181045235 0 -2
1480181045235 0 -2
1480181045235 0 -2
1480181045235 0 -2
1480181045235 0 -2
1480181051179 10 -1
1480181051179 10 -1
1480181051179 10 -1
1480181051179 10 -1
1480181051179 10 -1
1480181051179 10 -1
1480181052195 5 -1
1480181052195 5 -1
1480181052195 5 -1
1480181052195 5 -1
1480181052195 5 -1
1480181052195 5 -1
1480181054227 7 2
1480181054227 7 2
1480181054227 7 2
1480181054227 7 2
1480181054227 7 2
1480181054227 7 2
1480181062515 7 -2
1480181062515 7 -2
1480181062515 7 -2
1480181062515 7 -2
1480181062515 7 -2
1480181062515 7 -2
1480181063359 5 1
1480181063359 5 1
1480181063359 5 1
1480181063359 5 1
1480181063359 5 1
1480181063359 5 1
1480181064443 10 2
1480181064443 10 2
1480181064443 10 2
1480181064443 10 2
1480181064443 10 2
1480181064443 10 2
1480181068979 3 1
1480181068979 3 1
1480181068979 3 1
1480181068979 3 1
1480181068979 3 1
1480181068979 3 1
1480181075004 U
1480181075004 U
1480181075004 U
1480181075004 U
1480181075004 U
1480181075004 U
1480181075660 U
1480181075660 U
1480181075660 U
1480181075660 U
1480181075660 U
1480181075660 U
1480181076259 U
1480181076259 U
1480181076259 U
1480181076259 U
1480181076259 U
1480181076259 U
1480181076684 U
1480181076684 U
1480181076684 U
1480181076684 U
1480181076684 U
1480181076684 U
1480181077063 U
1480181077063 U
1480181077063 U
1480181077063 U
1480181077063 U
1480181077063 U
1480181077460 U
1480181077460 U
1480181077460 U
1480181077460 U
1480181077460 U
1480181077460 U
1480181077822 U
1480181077822 U
1480181077822 U
1480181077822 U
1480181077822 U
1480181077822 U
1480181078211 U
1480181078211 U
1480181078211 U
1480181078211 U
1480181078211 U
1480181078211 U
1480181081548 1 -2
1480181081548 1 -2
1480181081548 1 -2
1480181081548 1 -2
1480181081548 1 -2
1480181081548 1 -2
1480181086124 8 1
1480181086124 8 1
1480181086124 8 1
1480181086124 8 1
1480181086124 8 1
1480181086124 8 1
1480181087932 6 -2
1480181087932 6 -2
1480181087932 6 -2
1480181087932 6 -2
1480181087932 6 -2
1480181087932 6 -2
1480181091119 11 -1
1480181091119 11 -1
1480181091119 11 -1
1480181091119 11 -1
1480181091119 11 -1
1480181091119 11 -1
1480181094348 10 1
1480181094348 10 1
1480181094348 10 1
1480181094348 10 1
1480181094348 10 1
1480181094348 10 1
1480181096620 10 -1
1480181096620 10 -1
1480181096620 10 -1
1480181096620 10 -1
1480181096620 10 -1
1480181096620 10 -1
1480181099572 10 1
1480181099572 10 1
1480181099572 10 1
1480181099572 10 1
1480181099572 10 1
1480181099572 10 1
1480181102548 10 -1
1480181102548 10 -1
1480181102548 10 -1
1480181102548 10 -1
1480181102548 10 -1
1480181102548 10 -1
1480181104356 11 4
1480181104356 11 4
1480181104356 11 4
1480181104356 11 4
1480181104356 11 4
1480181104356 11 4
1480181108540 10 1
1480181108540 10 1
1480181108540 10 1
1480181108540 10 1
1480181108540 10 1
1480181108540 10 1
1480181115796 10 -1
1480181115796 10 -1
1480181115796 10 -1
1480181115796 10 -1
1480181115796 10 -1
1480181115796 10 -1
1480181116652 11 -4
1480181116652 11 -4
1480181116652 11 -4
1480181116652 11 -4
1480181116652 11 -4
1480181116652 11 -4
1480181127644 11 4
1480181127644 11 4
1480181127644 11 4
1480181127644 11 4
1480181127644 11 4
1480181127644 11 4
1480181129220 6 2
1480181129220 6 2
1480181129220 6 2
1480181129220 6 2
1480181129220 6 2
1480181129220 6 2
1480181131709 8 -1
1480181131709 8 -1
1480181131709 8 -1
1480181131709 8 -1
1480181131709 8 -1
1480181131709 8 -1
1480181136381 11 -3
1480181136381 11 -3
1480181136381 11 -3
1480181136381 11 -3
1480181136381 11 -3
1480181136381 11 -3
1480181138165 1 2
1480181138165 1 2
1480181138165 1 2
1480181138165 1 2
1480181138165 1 2
1480181138165 1 2
1480181140069 0 -2
1480181140069 0 -2
1480181140069 0 -2
1480181140069 0 -2
1480181140069 0 -2
1480181140069 0 -2
1480181144197 10 -1
1480181144197 10 -1
1480181144197 10 -1
1480181144197 10 -1
1480181144197 10 -1
1480181144197 10 -1
1480181147093 5 -1
1480181147093 5 -1
1480181147093 5 -1
1480181147093 5 -1
1480181147093 5 -1
1480181147093 5 -1
1480181148637 7 2
1480181148637 7 2
1480181148637 7 2
1480181148637 7 2
1480181148637 7 2
1480181148637 7 2
1480181155885 0 -1
1480181155885 0 -1
1480181155885 0 -1
1480181155885 0 -1
1480181155885 0 -1
1480181155885 0 -1
1480181160105 7 -2
1480181160105 7 -2
1480181160105 7 -2
1480181160105 7 -2
1480181160105 7 -2
1480181160105 7 -2
