1480607307101 10 1
1480607310564 8 3
1480607311961 6 -2
1480607314753 8 -2
1480607315806 10 -1
1480607318039 10 1
1480607318854 8 2
1480607320855 6 2
1480607321772 3 1
1480607322480 0 -1
1480607325531 0 1
1480607326613 9 -1
1480607327486 4 -1
1480607328381 0 2
1480607330608 8 -3
1480607332225 1 -2
1480607333472 10 -1
1480607334331 11 -3
1480607335989 10 1
1480607337128 1 1
1480607339762 0 -2
1480607341138 10 -2
1480607341864 5 -1
1480607343749 7 2
1480607346371 7 -2
1480607347035 5 1
1480607348099 11 3
1480607350864 1 1
1480607351616 8 1
1480607353053 6 -3
1480607353790 8 -1
1480607355606 1 -1
1480607356644 11 -4
1480607357667 1 1
1480607361243 5 -1
1480607363495 5 1
1480607364857 10 2
1480607366190 0 2
1480607370107 0 -1
1480607373240 0 -1
1480607375573 0 2
1480607376395 1 -2
1480607379967 10 -1
1480607381511 1 2
1480607383122 0 -2
1480607384399 1 -1
1480607385238 10 -1
1480607386089 5 -1
1480607388717 5 1
1480607390134 10 2
1480607391379 0 2
1480607394549 0 -2
1480607396736 10 -2
1480607397908 5 -1
1480607401051 5 1
1480607401878 10 2
1480607402803 0 2
1480607405531 1 1
1480607407063 8 3
1480607409957 0 -2
1480607411485 8 -3
1480607412811 4 2
1480607415087 9 1
1480607416196 6 -1
1480607417301 0 -1
1480607418791 4 -1
1480607422820 4 1
1480607425262 4 -1
1480607425898 0 1
1480607426658 6 1
1480607427321 9 -1
1480607428280 4 -1
1480607434543 10 -2
1480607435739 5 -1
1480607436769 7 2
1480607437960 12 2
1480607442934 12 -2
1480607443844 7 -2
1480607444498 5 1
1480607445752 10 2
1480607450887 0 2
1480607452419 8 3
1480607453983 6 2
1480607456652 3 -1
1480607463344 1 -3
1480607464815 6 -1
1480607466669 8 -2
1480607469007 10 -1
1480607469866 10 1
1480607470833 8 2
1480607472748 1 2
1480607476776 1 1
1480607477619 0 -2
1480607478606 8 -2
1480607479631 10 -2
1480607480608 5 -1
1480607487275 5 1
1480607488696 10 2
1480607489381 8 2
1480607490524 6 1
1480607491155 0 -1
1480607492437 1 -3
1480607495029 8 -2
1480607496034 10 -2
1480607497107 5 -3
1480607499452 7 2
1480607500850 10 2
1480607506358 10 -2
1480607507110 5 2
1480607511095 11 3
1480607512051 6 1
1480607512799 8 -1
1480607513583 11 -2
1480607514494 5 -2
1480607516009 10 2
1480607522079 8 4
1480607524735 4 2
1480607526136 2 1
1480607527032 12 1
1480607527746 9 3
1480607529246 1 -1
1480607531897 0 1
1480607533035 6 -2
1480607533734 5 -1
1480607534323 11 -1
1480607535877 4 -1
1480607538589 8 -3
1480607540712 2 3
1480607542693 12 1
1480607546188 8 2
1480607550358 8 -2
1480607551976 2 -3
1480607552753 8 2
1480607555069 8 -2
1480607555879 12 -1
1480607556748 4 1
1480607557505 2 2
1480607558814 4 -1
1480607559334 2 1
1480607560217 12 1
1480607566706 2 -3
1480607572083 8 2
1480607573554 8 -2
1480607574457 12 -1
1480607579624 8 3
1480607582422 5 1
1480607583252 6 1
1480607583849 0 -1
1480607585360 1 2
1480607587081 3 1
1480607588630 9 -3
1480607590595 4 -1
1480607591715 2 -1
1480607593633 12 -1
1480607596081 10 -2
1480607598610 5 2
1480607599401 1 2
1480607600001 0 1
1480607600910 6 -2
1480607609218 1 -1
1480607610535 11 3
1480607612327 1 1
1480607613177 6 3
1480607614546 0 -1
1480607615530 1 -2
1480607616300 5 -2
1480607617377 11 -2
1480607619550 10 2
1480607622099 6 -1
1480607623733 11 -1
1480607625497 10 -2
1480607626004 5 2
1480607626671 1 2
1480607627635 0 1
1480607628469 6 -2
1480607630745 1 -1
1480607631795 11 3
1480607632681 1 1
1480607635320 6 3
1480607636162 0 -1
1480607637066 1 -2
1480607638250 11 -2
1480607639203 5 -2
1480607640279 10 2
1480607642961 6 -1
1480607643524 3 -1
1480607644764 1 -1
1480607646847 8 -3
1480607647821 7 -2
1480607649155 7 2
1480607650061 11 -1
1480607651853 10 -2
1480607654549 10 2
1480607655275 8 3
1480607657894 4 2
1480607659451 2 1
1480607660075 12 1
1480607660697 9 3
1480607661749 1 -1
1480607664312 1 2
1480607668264 1 -2
1480607668864 0 1
1480607671953 0 -1
1480607673261 4 -1
1480607676182 1 2
1480607677516 3 1
1480607678165 3 -1
1480607679379 1 -2
1480607680133 0 1
1480607683094 6 -1
1480607683795 5 -1
1480607685290 8 -3
1480607687912 2 3
1480607690780 12 1
1480607693621 2 -3
1480607695481 10 -1
1480607698331 10 1
1480607700151 8 2
1480607701899 5 1
1480607702508 6 1
1480607703161 0 -1
1480607703823 1 2
1480607704674 9 -3
1480607705940 1 -1
1480607709186 8 -2
1480607710449 2 -1
1480607711895 4 1
1480607712451 12 -2
1480607713273 7 -2
1480607714021 4 -2
1480607715325 8 2
1480607718113 8 -2
1480607718931 10 -2
1480607719742 5 3
1480607720864 11 4
1480607722441 6 1
1480607724207 8 -1
1480607725697 1 3
1480607726463 10 2
1480607727217 0 3
1480607728297 1 -3
1480607730927 10 -1
1480607732321 11 -3
1480607734865 11 3
1480607748611 1 2
1480607750763 0 -2
1480607752217 10 -1
1480607755217 11 -3
1480607756299 5 -1
1480607759100 7 2
1480607760694 7 -2
1480607761759 0 -1
1480607763584 0 1
1480607765372 5 1
1480607766896 10 2
1480607767749 0 2
1480607768703 1 -2
1480607771127 8 3
1480607772121 6 -2
1480607772979 11 -1
1480607774176 8 -2
1480607777581 10 -1
1480607780844 10 1
1480607781468 8 2
1480607782295 1 3
1480607783799 8 -2
1480607785361 8 2
1480607787506 3 1
1480607788346 6 -1
1480607789447 8 -3
1480607790886 1 -2
1480607794358 1 2
1480607795030 0 -2
1480607795964 10 -2
1480607799502 1 -1
1480607800224 11 4
1480607802330 1 1
1480607803347 10 2
1480607804092 0 2
1480607807594 8 3
1480607810852 8 -3
1480607813344 0 -2
1480607814290 4 2
1480607814801 9 1
1480607816442 6 -1
1480607818257 4 -1
1480607819574 1 -1
1480607820364 10 -1
1480607823050 11 -4
1480607826008 1 1
1480607826945 10 1
1480607828734 8 3
1480607830744 1 -1
1480607832844 0 -1
1480607833950 1 -1
1480607834941 1 2
1480607835490 8 -3
1480607837296 0 1
1480607840564 6 1
1480607841300 9 -1
1480607842306 4 -1
1480607843283 0 2
1480607847466 8 3
1480607851244 0 -2
1480607852225 8 -3
1480607853529 10 -2
1480607858299 1 -1
1480607859333 11 4
1480607860762 1 1
1480607863384 10 2
1480607865061 0 2
1480607867667 8 3
1480607868978 1 -2
1480607871613 6 3
1480607873043 3 -1
1480607874353 1 -1
1480607875512 6 -2
1480607876411 8 -2
1480607877641 10 -1
1480607878461 11 -4
1480607880295 10 1
1480607880945 8 2
1480607881983 1 3
1480607882911 0 -2
1480607883975 8 -2
1480607885140 10 -2
1480607885865 5 -1
1480607886841 7 2
1480607890309 3 1
1480607891139 6 -1
1480607892166 8 -1
1480607894036 1 -1
1480607895571 7 -2
1480607896050 5 1
1480607896822 10 2
1480607898257 0 2
1480607899379 1 -1
1480607903375 1 2
1480607904298 8 3
1480607905871 1 -2
1480607907615 6 2
1480607908296 3 -1
1480607909173 1 -1
1480607911223 8 -2
1480607913291 6 -1
1480607914469 11 1
1480607915220 6 2
1480607915812 8 -1
1480607917094 1 2
1480607917835 0 -3
1480607919172 10 -2
1480607920094 5 -1
1480607921193 7 2
1480607922660 1 -2
1480607923394 5 -2
1480607924625 10 2
1480607926657 8 4
1480607931093 6 -1
1480607931860 11 -1
1480607933729 1 1
1480607936276 4 2
1480607937281 9 1
1480607939855 9 -1
1480607940850 4 -2
1480607942741 1 -1
1480607944758 10 -2
1480607945448 5 2
1480607946023 11 2
1480607946601 6 1
1480607947555 11 -1
1480607948447 5 -2
1480607951431 5 2
1480607952503 1 2
1480607954370 1 -2
1480607956381 6 -1
1480607956886 11 -1
1480607959097 1 3
1480607960698 1 -3
1480607962069 5 -2
1480607963525 10 2
1480607965188 1 1
1480607967501 4 2
1480607968004 2 1
1480607968619 12 1
1480607969203 9 3
1480607970195 1 -2
1480607975413 0 1
1480607982844 6 -1
1480607983364 5 -1
1480607986739 4 -1
1480607987972 8 -3
1480607990297 2 3
1480607993741 12 1
1480607995985 4 1
1480607997955 4 -1
1480608000609 4 1
1480608003557 4 -1
1480608004936 8 2
1480608008305 12 -1
1480608009266 8 1
1480608010508 10 -1
1480608011283 11 2
1480608012065 5 1
1480608013147 6 2
1480608014208 0 -1
1480608015277 1 2
1480608017993 6 -1
1480608018595 11 -2
1480608019765 1 -2
1480608020849 0 1
1480608021821 6 -1
1480608022471 5 -1
1480608023399 10 1
1480608025109 8 -3
1480608028457 2 -3
1480608030385 8 3
1480608034947 8 -3
1480608036154 2 3
1480608037925 10 -1
1480608040143 10 1
1480608041353 8 3
1480608044406 10 -1
1480608045825 11 2
1480608046291 5 1
1480608047100 6 2
1480608047663 0 -1
1480608049113 1 2
1480608049758 9 -3
1480608052321 12 -1
1480608056220 1 -1
1480608058781 4 -1
1480608062567 11 -1
1480608063226 10 1
1480608065013 8 -4
1480608067780 4 2
1480608068804 9 2
1480608069749 9 -2
1480608070681 12 2
1480608071566 9 3
1480608072565 1 1
1480608073267 3 4
1480608074346 1 -2
1480608081555 4 -1
1480608084505 8 3
1480608085141 0 1
1480608086271 6 -4
1480608087174 5 -1
1480608087898 11 -1
1480608089278 0 -1
1480608090557 1 4
1480608093793 9 -2
1480608094770 9 2
1480608096275 0 1
1480608098053 0 -1
1480608098782 8 -3
1480608100063 4 1
1480608100837 3 -3
1480608102228 9 -2
1480608104291 12 -2
1480608105690 2 -4
1480608107703 2 3
1480608112788 4 -1
1480608114911 12 2
1480608115545 9 2
1480608118319 9 -2
1480608119021 4 1
1480608119845 3 3
1480608120571 0 1
1480608121241 6 1
1480608121955 3 -3
1480608122658 9 -1
1480608123640 4 -2
1480608125656 2 1
1480608127021 12 -2
1480608127830 0 4
