1482534188778 9 -1
1482534189594 4 -1
1482534191007 0 2
1482534192233 1 -3
1482534203890 1 2
1482534206148 0 -3
1482534210494 10 1
1482534211175 4 2
1482534211785 9 1
1482534219659 3 2
1482534220882 1 1
1482534221535 0 1
1482534221930 8 1
1482534222837 6 -4
1482534224836 8 -1
1482534225905 1 -1
1482534231907 0 -1
1482534232950 R
1482534246726 9 -1
1482534247503 4 -1
1482534248546 10 -1
1482534249252 5 -1
1482534249967 11 -1
1482534250790 7 2
1482534256653 0 -1
1482534257493 1 -3
1482534258700 5 -2
1482534259409 11 -2
1482534260191 10 2
1482534265140 2 4
1482534269383 4 1
1482534270685 12 1
1482534271383 9 3
1482534272006 1 -1
1482534285758 0 1
1482534292650 8 1
1482534293578 6 -2
1482534294636 5 -1
1482534295248 11 -1
1482534323122 5 1
1482534323683 11 1
1482534324247 6 2
1482534326410 0 -1
1482534327129 8 -1
1482534328322 1 1
1482534341200 9 -3
1482534352084 4 -1
1482534362713 4 2
1482534363262 9 3
1482534364266 1 -1
1482534364995 0 1
1482534376485 0 -1
1482534377816 1 2
1482534384384 3 3
1482534385323 1 -2
1482534386045 0 1
1482534396527 12 1
1482534397211 3 1
1482534400028 4 -1
1482534401170 8 1
1482534402475 6 -4
1482534404731 8 -1
1482534405352 5 -1
1482534406059 11 -1
1482534407717 0 -1
1482534408499 1 4
1482534409485 0 1
1482534420992 4 1
1482534422343 3 -3
1482534423883 9 -2
1482534427140 6 1
1482534427625 9 -1
1482534428386 4 -2
1482534430227 12 -2
1482534431393 0 4
