1479932409500 0 -1
1479932409500 0 -1
1479932412467 9 -1
1479932412467 9 -1
1479932414504 4 -1
1479932414504 4 -1
1479932415935 10 1
1479932415935 10 1
1479932416676 8 3
1479932416676 8 3
1479932417620 0 2
1479932417620 0 2
1479932419499 0 1
1479932419499 0 1
1479932420561 3 1
1479932420561 3 1
1479932421281 3 -1
1479932421281 3 -1
1479932428943 1 -3
1479932428943 1 -3
1479932430812 8 -3
1479932430812 8 -3
1479932433035 10 -1
1479932433035 10 -1
1479932433500 8 1
1479932433500 8 1
1479932435728 6 -2
1479932435728 6 -2
1479932436509 11 -4
1479932436509 11 -4
1479932437309 10 1
1479932437309 10 1
1479932439289 8 2
1479932439289 8 2
1479932440120 1 3
1479932440120 1 3
1479932440935 8 -2
1479932440935 8 -2
1479932445369 8 2
1479932445369 8 2
1479932445907 0 -2
1479932445907 0 -2
1479932447098 0 2
1479932447098 0 2
1479932447963 3 1
1479932447963 3 1
1479932449051 6 1
1479932449051 6 1
1479932450448 3 -1
1479932450448 3 -1
1479932451111 0 -3
1479932451111 0 -3
1479932451652 1 -3
1479932451652 1 -3
1479932453259 11 1
1479932453259 11 1
1479932453731 11 -1
1479932453731 11 -1
1479932454236 8 -2
1479932454236 8 -2
1479932455716 10 -2
1479932455716 10 -2
1479932456757 5 -3
1479932456757 5 -3
1479932457449 7 2
1479932457449 7 2
1479932458462 2 4
1479932458462 2 4
1479932459947 10 2
1479932459947 10 2
1479932461211 4 2
1479932461211 4 2
1479932462052 9 2
1479932462052 9 2
1479932464692 12 2
1479932464692 12 2
1479932465145 9 1
1479932465145 9 1
1479932466194 1 -1
1479932466194 1 -1
1479932467057 4 -1
1479932467057 4 -1
1479932468079 8 2
1479932468079 8 2
1479932469951 0 1
1479932469951 0 1
1479932470715 6 -1
1479932470715 6 -1
1479932471969 5 -1
1479932471969 5 -1
1479932473531 8 -2
1479932473531 8 -2
1479932474704 12 -1
1479932474704 12 -1
1479932475641 4 1
1479932475641 4 1
1479932476847 2 -3
1479932476847 2 -3
1479932479431 7 -1
1479932479431 7 -1
1479932480070 4 -1
1479932480070 4 -1
1479932480691 8 2
1479932480691 8 2
1479932481656 5 1
1479932481656 5 1
1479932483539 5 -1
1479932483539 5 -1
1479932487189 7 1
1479932487189 7 1
1479932487807 12 1
1479932487807 12 1
1479932489764 8 -2
1479932489764 8 -2
1479932490502 2 3
1479932490502 2 3
1479932491244 4 1
1479932491244 4 1
1479932494155 5 1
1479932494155 5 1
1479932494535 11 1
1479932494535 11 1
1479932495060 6 2
1479932495060 6 2
1479932496907 0 -1
1479932496907 0 -1
1479932497431 8 -1
1479932497431 8 -1
1479932497987 4 -1
1479932497987 4 -1
1479932498874 8 3
1479932498874 8 3
1479932500543 1 2
1479932500543 1 2
1479932501987 9 -3
1479932501987 9 -3
1479932502666 4 -1
1479932502666 4 -1
1479932503449 12 -2
1479932503449 12 -2
1479932504185 7 -2
1479932504185 7 -2
1479932506464 7 2
1479932506464 7 2
1479932506984 8 1
1479932506984 8 1
1479932510548 4 2
1479932510548 4 2
1479932511053 9 2
1479932511053 9 2
1479932511560 1 -1
1479932511560 1 -1
1479932512354 1 1
1479932512354 1 1
1479932513369 12 1
1479932513369 12 1
1479932513863 9 1
1479932513863 9 1
1479932514539 1 -2
1479932514539 1 -2
1479932515481 0 1
1479932515481 0 1
1479932518049 6 -2
1479932518049 6 -2
1479932518860 11 -1
1479932518860 11 -1
1479932519867 5 -1
1479932519867 5 -1
1479932521831 4 -1
1479932521831 4 -1
1479932523031 8 -3
1479932523031 8 -3
1479932524953 10 -1
1479932524953 10 -1
1479932525517 2 -3
1479932525517 2 -3
1479932526946 2 3
1479932526946 2 3
1479932527693 2 -3
1479932527693 2 -3
1479932528761 5 1
1479932528761 5 1
1479932529537 11 3
1479932529537 11 3
1479932530525 6 2
1479932530525 6 2
1479932531434 0 -1
1479932531434 0 -1
1479932532735 7 -1
1479932532735 7 -1
1479932533465 11 1
1479932533465 11 1
1479932534800 10 1
1479932534800 10 1
1479932535341 8 2
1479932535341 8 2
1479932536813 0 1
1479932536813 0 1
1479932537308 6 -2
1479932537308 6 -2
1479932537882 5 -1
1479932537882 5 -1
1479932539498 8 -2
1479932539498 8 -2
1479932541883 10 -1
1479932541883 10 -1
1479932542310 11 -4
1479932542310 11 -4
1479932543205 7 1
1479932543205 7 1
1479932543987 10 1
1479932543987 10 1
1479932544397 8 3
1479932544397 8 3
1479932548095 4 1
1479932548095 4 1
1479932550467 R
1479932550467 R
1479932553453 8 1
1479932553453 8 1
1479932554531 3 1
1479932554531 3 1
1479932555648 6 -4
1479932555648 6 -4
1479932557811 10 1
1479932557811 10 1
1479932559744 8 -1
1479932559744 8 -1
1479932560873 4 1
1479932560873 4 1
1479932561632 4 -1
1479932561632 4 -1
1479932562213 2 2
1479932562213 2 2
1479932563141 10 -1
1479932563141 10 -1
1479932563867 1 -1
1479932563867 1 -1
1479932564513 11 -4
1479932564513 11 -4
1479932565536 1 1
1479932565536 1 1
1479932565971 10 1
1479932565971 10 1
1479932567877 2 -2
1479932567877 2 -2
1479932574205 8 1
1479932574205 8 1
1479932577503 6 3
1479932577503 6 3
1479932580411 6 -3
1479932580411 6 -3
1479932581167 8 -1
1479932581167 8 -1
1479932582337 4 1
1479932582337 4 1
1479932582942 3 1
1479932582942 3 1
1479932583825 8 1
1479932583825 8 1
1479932584683 6 3
1479932584683 6 3
1479932586477 2 2
1479932586477 2 2
1479932590297 9 -1
1479932590297 9 -1
1479932590994 3 1
1479932590994 3 1
1479932594050 6 -2
1479932594050 6 -2
1479932594840 8 -1
1479932594840 8 -1
1479932595465 1 -1
1479932595465 1 -1
1479932597170 9 2
1479932597170 9 2
1479932597656 6 -1
1479932597656 6 -1
1479932599665 0 -1
1479932599665 0 -1
1479932600282 1 -2
1479932600282 1 -2
1479932600967 8 1
1479932600967 8 1
1479932601800 11 1
1479932601800 11 1
1479932604080 R
1479932604080 R
1479932605702 9 -1
1479932605702 9 -1
1479932606709 4 -1
1479932606709 4 -1
1479932608166 10 1
1479932608166 10 1
1479932609038 0 2
1479932609038 0 2
1479932612312 1 -3
1479932612312 1 -3
1479932614975 10 -1
1479932614975 10 -1
1479932615648 11 -3
1479932615648 11 -3
1479932616441 10 1
1479932616441 10 1
1479932621140 10 -1
1479932621140 10 -1
1479932622074 10 1
1479932622074 10 1
1479932623242 8 2
1479932623242 8 2
1479932623964 6 -2
1479932623964 6 -2
1479932625076 11 -1
1479932625076 11 -1
1479932626022 8 -1
1479932626022 8 -1
1479932629469 8 2
1479932629469 8 2
1479932630574 1 3
1479932630574 1 3
1479932631442 8 -2
1479932631442 8 -2
1479932633344 8 2
1479932633344 8 2
1479932634566 1 -3
1479932634566 1 -3
1479932635396 8 -2
1479932635396 8 -2
1479932636348 10 -1
1479932636348 10 -1
1479932637104 10 1
1479932637104 10 1
1479932637984 8 2
1479932637984 8 2
1479932639436 1 3
1479932639436 1 3
1479932640016 1 -3
1479932640016 1 -3
1479932641932 8 -2
1479932641932 8 -2
1479932643850 10 -1
1479932643850 10 -1
1479932644632 11 4
1479932644632 11 4
1479932645282 10 1
1479932645282 10 1
1479932646936 6 2
1479932646936 6 2
1479932647646 8 -1
1479932647646 8 -1
1479932649234 1 3
1479932649234 1 3
1479932649984 8 1
1479932649984 8 1
1479932650694 6 -2
1479932650694 6 -2
1479932651658 8 2
1479932651658 8 2
1479932652412 1 -3
1479932652412 1 -3
1479932653847 8 -2
1479932653847 8 -2
1479932655467 8 2
1479932655467 8 2
1479932656009 6 2
1479932656009 6 2
1479932656565 8 -3
1479932656565 8 -3
1479932657469 1 3
1479932657469 1 3
1479932658885 10 -1
1479932658885 10 -1
1479932659315 10 1
1479932659315 10 1
1479932659865 1 -3
1479932659865 1 -3
1479932661499 10 -1
1479932661499 10 -1
1479932662263 11 -3
1479932662263 11 -3
1479932663029 10 1
1479932663029 10 1
1479932664559 8 3
1479932664559 8 3
1479932665519 6 -2
1479932665519 6 -2
1479932666371 11 -1
1479932666371 11 -1
1479932667259 1 3
1479932667259 1 3
1479932667961 8 -2
1479932667961 8 -2
1479932670380 8 2
1479932670380 8 2
1479932670934 1 -3
1479932670934 1 -3
1479932671640 8 -2
1479932671640 8 -2
1479932672801 10 -1
1479932672801 10 -1
1479932674026 10 1
1479932674026 10 1
1479932674939 10 -1
1479932674939 10 -1
1479932676700 6 1
1479932676700 6 1
1479932678466 6 -1
1479932678466 6 -1
1479932679388 11 3
1479932679388 11 3
1479932680570 11 1
1479932680570 11 1
1479932681941 10 1
1479932681941 10 1
1479932683759 8 2
1479932683759 8 2
1479932684386 1 3
1479932684386 1 3
1479932686430 3 1
1479932686430 3 1
1479932687468 6 -1
1479932687468 6 -1
1479932694280 8 -2
1479932694280 8 -2
1479932695678 10 -1
1479932695678 10 -1
1479932697612 11 -1
1479932697612 11 -1
1479932699312 8 -1
1479932699312 8 -1
1479932700070 1 -2
1479932700070 1 -2
1479932702112 11 -2
1479932702112 11 -2
1479932705138 10 1
1479932705138 10 1
1479932707328 11 -1
1479932707328 11 -1
1479932708340 1 2
1479932708340 1 2
1479932711492 1 -2
1479932711492 1 -2
1479932712748 10 -1
1479932712748 10 -1
1479932714664 1 2
1479932714664 1 2
1479932716344 1 -2
1479932716344 1 -2
1479932736630 11 3
1479932736630 11 3
1479932738080 1 2
1479932738080 1 2
1479932738574 8 1
1479932738574 8 1
1479932739306 8 -1
1479932739306 8 -1
1479932740188 1 -2
1479932740188 1 -2
1479932741320 11 -3
1479932741320 11 -3
1479932742030 10 1
1479932742030 10 1
1479932744030 1 2
1479932744030 1 2
1479932744862 8 3
1479932744862 8 3
1479932747222 6 2
1479932747222 6 2
1479932748372 3 -1
1479932748372 3 -1
1479932749854 3 1
1479932749854 3 1
1479932753424 0 -1
1479932753424 0 -1
1479932754166 2 1
1479932754166 2 1
1479932754910 2 -1
1479932754910 2 -1
1479932755656 0 1
1479932755656 0 1
1479932756558 3 -1
1479932756558 3 -1
1479932757566 1 -3
1479932757566 1 -3
1479932760872 1 2
1479932760872 1 2
1479932767006 1 -2
1479932767006 1 -2
1479932769079 6 -1
1479932769079 6 -1
1479932771876 8 -2
1479932771876 8 -2
1479932773239 10 -1
1479932773239 10 -1
1479932774132 11 4
1479932774132 11 4
1479932775416 10 1
1479932775416 10 1
1479932777254 8 2
1479932777254 8 2
1479932777965 6 2
1479932777965 6 2
1479932779092 8 -3
1479932779092 8 -3
1479932780006 1 3
1479932780006 1 3
1479932781394 8 3
1479932781394 8 3
1479932782104 6 -2
1479932782104 6 -2
1479932783048 8 -2
1479932783048 8 -2
1479932784074 10 -1
1479932784074 10 -1
1479932785322 0 -2
1479932785322 0 -2
1479932790340 10 -1
1479932790340 10 -1
1479932794440 10 2
1479932794440 10 2
1479932796094 10 -2
1479932796094 10 -2
1479932799562 6 2
1479932799562 6 2
1479932814471 8 -1
1479932814471 8 -1
1479932819718 1 -1
1479932819718 1 -1
1479932821637 11 -3
1479932821637 11 -3
1479932823567 5 -1
1479932823567 5 -1
1479932824749 7 2
1479932824749 7 2
1479932830357 2 2
1479932830357 2 2
1479932831190 12 2
1479932831190 12 2
1479932834285 12 -2
1479932834285 12 -2
1479932845521 11 2
1479932845521 11 2
1479932846713 1 1
1479932846713 1 1
1479932848809 8 1
1479932848809 8 1
1479932849331 6 -2
1479932849331 6 -2
1479932850681 6 2
1479932850681 6 2
1479932851092 8 -1
1479932851092 8 -1
1479932851955 1 -1
1479932851955 1 -1
1479932853005 2 -2
1479932853005 2 -2
1479932856547 11 -2
1479932856547 11 -2
1479932858475 7 -2
1479932858475 7 -2
1479932859123 5 1
1479932859123 5 1
1479932860551 10 2
1479932860551 10 2
1479932862557 10 -1
1479932862557 10 -1
1479932863515 11 3
1479932863515 11 3
1479932869281 11 -3
1479932869281 11 -3
1479932869947 10 1
1479932869947 10 1
1479932871933 2 2
1479932871933 2 2
1479932872510 4 2
1479932872510 4 2
1479932873361 3 3
1479932873361 3 3
1479932875171 9 2
1479932875171 9 2
1479932877221 0 -1
1479932877221 0 -1
1479932879074 1 -2
1479932879074 1 -2
1479932880375 8 1
1479932880375 8 1
1479932881764 6 -1
1479932881764 6 -1
1479932882389 11 -1
1479932882389 11 -1
1479932888034 11 1
1479932888034 11 1
1479932888553 6 1
1479932888553 6 1
1479932889140 8 -1
1479932889140 8 -1
1479932889811 1 2
1479932889811 1 2
1479932890915 9 -2
1479932890915 9 -2
1479932891733 3 -3
1479932891733 3 -3
1479932893027 0 1
1479932893027 0 1
1479932894029 4 -2
1479932894029 4 -2
1479932894747 0 1
1479932894747 0 1
1479932895933 10 -1
1479932895933 10 -1
1479932897090 11 1
1479932897090 11 1
1479932900474 3 1
1479932900474 3 1
1479932901653 11 -1
1479932901653 11 -1
1479932902534 2 -2
1479932902534 2 -2
1479932904742 10 1
1479932904742 10 1
1479932907443 3 -1
1479932907443 3 -1
1479932909051 0 1
1479932909051 0 1
1479932909599 1 -2
1479932909599 1 -2
1479932912129 8 3
1479932912129 8 3
1479932912851 6 -2
1479932912851 6 -2
1479932914337 8 -2
1479932914337 8 -2
1479932914983 11 -1
1479932914983 11 -1
1479932917010 8 2
1479932917010 8 2
1479932917695 11 1
1479932917695 11 1
1479932920385 8 -2
1479932920385 8 -2
1479932921907 10 -1
1479932921907 10 -1
1479932923348 11 -1
1479932923348 11 -1
1479932924032 10 1
1479932924032 10 1
1479932924773 10 -1
1479932924773 10 -1
1479932925775 10 1
1479932925775 10 1
1479932926659 8 2
1479932926659 8 2
1479932930305 1 1
1479932930305 1 1
1479932930710 3 1
1479932930710 3 1
1479932931235 6 -1
1479932931235 6 -1
1479932933943 1 1
1479932933943 1 1
1479932936224 1 -1
1479932936224 1 -1
1479932937919 6 2
1479932937919 6 2
1479932938879 1 1
1479932938879 1 1
1479932940773 3 -1
1479932940773 3 -1
1479932941627 1 -2
1479932941627 1 -2
1479932943349 8 -2
1479932943349 8 -2
1479932945259 11 1
1479932945259 11 1
1479932946997 6 1
1479932946997 6 1
1479932947795 8 -1
1479932947795 8 -1
1479932951617 1 1
1479932951617 1 1
1479932953639 1 1
1479932953639 1 1
1479932955166 10 -1
1479932955166 10 -1
1479932956027 11 3
1479932956027 11 3
1479932957135 10 1
1479932957135 10 1
1479932959064 1 1
1479932959064 1 1
1479932959737 8 2
1479932959737 8 2
1479932962307 8 -2
1479932962307 8 -2
1479932963087 1 -3
1479932963087 1 -3
1479932965827 8 1
1479932965827 8 1
1479932966507 6 -2
1479932966507 6 -2
1479932968543 10 -1
1479932968543 10 -1
1479932969149 11 -4
1479932969149 11 -4
1479932971699 6 1
1479932971699 6 1
1479932974217 10 1
1479932974217 10 1
1479932975557 10 -1
1479932975557 10 -1
1479932977511 6 -1
1479932977511 6 -1
1479932979481 10 1
1479932979481 10 1
1479932980709 8 2
1479932980709 8 2
1479932983041 11 1
1479932983041 11 1
1479932983781 11 -1
1479932983781 11 -1
1479932985733 1 3
1479932985733 1 3
1479932986829 8 -2
1479932986829 8 -2
1479932989071 8 2
1479932989071 8 2
1479932989548 1 -3
1479932989548 1 -3
1479932991420 8 -2
1479932991420 8 -2
1479932992646 10 -1
1479932992646 10 -1
1479932996465 11 4
1479932996465 11 4
1479932997143 10 1
1479932997143 10 1
1479932998157 8 2
1479932998157 8 2
1479932999765 6 2
1479932999765 6 2
1479933001617 8 -3
1479933001617 8 -3
1479933004449 10 -1
1479933004449 10 -1
1479933005097 11 -3
1479933005097 11 -3
1479933006021 10 1
1479933006021 10 1
1479933009031 10 -1
1479933009031 10 -1
1479933010363 8 1
1479933010363 8 1
1479933011156 8 -1
1479933011156 8 -1
1479933012997 1 2
1479933012997 1 2
1479933014923 0 -2
1479933014923 0 -2
1479933016305 2 2
1479933016305 2 2
1479933017535 10 1
1479933017535 10 1
1479933019051 2 -2
1479933019051 2 -2
1479933022973 3 1
1479933022973 3 1
1479933024709 0 1
1479933024709 0 1
1479933025695 10 -1
1479933025695 10 -1
1479933026637 11 1
1479933026637 11 1
1479933029013 11 2
1479933029013 11 2
1479933029701 10 1
1479933029701 10 1
1479933030710 1 1
1479933030710 1 1
1479933031521 8 1
1479933031521 8 1
1479933032119 6 -3
1479933032119 6 -3
1479933032665 8 -1
1479933032665 8 -1
1479933034755 1 -1
1479933034755 1 -1
1479933035798 1 1
1479933035798 1 1
1479933036677 8 3
1479933036677 8 3
1479933038245 6 3
1479933038245 6 3
1479933039323 3 -1
1479933039323 3 -1
1479933041909 0 -2
1479933041909 0 -2
1479933047241 6 -1
1479933047241 6 -1
1479933049123 1 -1
1479933049123 1 -1
1479933051133 0 3
1479933051133 0 3
1479933051761 1 -2
1479933051761 1 -2
1479933052895 8 -2
1479933052895 8 -2
1479933053973 6 1
1479933053973 6 1
1479933054627 8 -1
1479933054627 8 -1
1479933057844 10 -1
1479933057844 10 -1
1479933058609 11 -3
1479933058609 11 -3
1479933060470 1 2
1479933060470 1 2
1479933061430 3 1
1479933061430 3 1
1479933062935 1 -1
1479933062935 1 -1
1479933063695 11 3
1479933063695 11 3
1479933064933 1 2
1479933064933 1 2
1479933065406 8 1
1479933065406 8 1
1479933065953 6 -3
1479933065953 6 -3
1479933067091 8 -1
1479933067091 8 -1
1479933067993 1 -2
1479933067993 1 -2
1479933068581 11 -4
1479933068581 11 -4
1479933071991 10 1
1479933071991 10 1
1479933072611 10 -1
1479933072611 10 -1
1479933073195 1 2
1479933073195 1 2
1479933075075 0 -1
1479933075075 0 -1
1479933076063 2 2
1479933076063 2 2
1479933077571 2 -2
1479933077571 2 -2
1479933078285 0 -1
1479933078285 0 -1
1479933081013 10 1
1479933081013 10 1
1479933082913 8 3
1479933082913 8 3
1479933084561 1 -1
1479933084561 1 -1
1479933085923 11 1
1479933085923 11 1
1479933086850 6 3
1479933086850 6 3
1479933088081 3 -1
1479933088081 3 -1
1479933090373 0 2
1479933090373 0 2
1479933091077 1 -2
1479933091077 1 -2
1479933092805 8 -3
1479933092805 8 -3
1479933097127 1 2
1479933097127 1 2
1479933098243 3 1
1479933098243 3 1
1479933099627 1 -1
1479933099627 1 -1
1479933102491 1 1
1479933102491 1 1
1479933107243 10 -1
1479933107243 10 -1
1479933108275 11 3
1479933108275 11 3
1479933108965 10 1
1479933108965 10 1
1479933111031 1 1
1479933111031 1 1
1479933113469 3 -1
1479933113469 3 -1
1479933115015 1 -3
1479933115015 1 -3
1479933118005 8 3
1479933118005 8 3
1479933119748 6 -2
1479933119748 6 -2
1479933121113 6 2
1479933121113 6 2
1479933122027 6 -2
1479933122027 6 -2
1479933122542 8 -2
1479933122542 8 -2
1479933123760 10 -1
1479933123760 10 -1
1479933124637 11 -4
1479933124637 11 -4
1479933127573 10 1
1479933127573 10 1
1479933129075 8 2
1479933129075 8 2
1479933130055 1 3
1479933130055 1 3
1479933132409 0 -1
1479933132409 0 -1
1479933133226 2 1
1479933133226 2 1
1479933134271 2 -1
1479933134271 2 -1
1479933135029 0 -1
1479933135029 0 -1
1479933135475 4 1
1479933135475 4 1
1479933137376 8 -2
1479933137376 8 -2
1479933138516 4 1
1479933138516 4 1
1479933139651 3 2
1479933139651 3 2
1479933140349 6 -1
1479933140349 6 -1
1479933141009 8 -1
1479933141009 8 -1
1479933143171 2 2
1479933143171 2 2
1479933143839 3 1
1479933143839 3 1
1479933145033 3 -2
1479933145033 3 -2
1479933146313 4 -2
1479933146313 4 -2
1479933146851 2 -2
1479933146851 2 -2
1479933150229 2 2
1479933150229 2 2
1479933151148 4 2
1479933151148 4 2
1479933152353 9 2
1479933152353 9 2
1479933153117 6 -1
1479933153117 6 -1
1479933154007 3 2
1479933154007 3 2
1479933155853 1 -1
1479933155853 1 -1
1479933158527 1 1
1479933158527 1 1
1479933159139 8 1
1479933159139 8 1
1479933161609 9 -1
1479933161609 9 -1
1479933162647 0 -1
1479933162647 0 -1
1479933163543 8 -1
1479933163543 8 -1
1479933164745 1 -3
1479933164745 1 -3
1479933166505 8 1
1479933166505 8 1
1479933167222 11 1
1479933167222 11 1
1479933169025 11 -1
1479933169025 11 -1
1479933170313 8 -1
1479933170313 8 -1
1479933170899 1 3
1479933170899 1 3
1479933171387 0 1
1479933171387 0 1
1479933173213 3 -2
1479933173213 3 -2
1479933173901 2 -2
1479933173901 2 -2
1479933176317 8 1
1479933176317 8 1
1479933176779 0 -1
1479933176779 0 -1
1479933177532 0 1
1479933177532 0 1
1479933178647 6 3
1479933178647 6 3
1479933179533 9 -1
1479933179533 9 -1
1479933181861 6 -2
1479933181861 6 -2
1479933182582 8 -1
1479933182582 8 -1
1479933183973 4 -2
1479933183973 4 -2
1479933188409 10 -2
1479933188409 10 -2
1479933189132 1 -1
1479933189132 1 -1
1479933189829 11 4
1479933189829 11 4
1479933191545 10 2
1479933191545 10 2
1479933194457 10 -2
1479933194457 10 -2
1479933196045 1 1
1479933196045 1 1
1479933196759 8 1
1479933196759 8 1
1479933197413 6 3
1479933197413 6 3
1479933199965 3 -1
1479933199965 3 -1
1479933201117 8 -1
1479933201117 8 -1
1479933202290 10 2
1479933202290 10 2
1479933203469 4 2
1479933203469 4 2
1479933205035 3 2
1479933205035 3 2
1479933205694 3 -2
1479933205694 3 -2
1479933206801 2 2
1479933206801 2 2
1479933208555 8 1
1479933208555 8 1
1479933209459 6 -2
1479933209459 6 -2
1479933211175 9 2
1479933211175 9 2
1479933211671 3 3
1479933211671 3 3
1479933212297 6 -2
1479933212297 6 -2
1479933215793 8 -1
1479933215793 8 -1
1479933216705 1 -1
1479933216705 1 -1
1479933217753 3 -2
1479933217753 3 -2
1479933218333 4 -1
1479933218333 4 -1
1479933219585 2 -1
1479933219585 2 -1
1479933221223 1 1
1479933221223 1 1
1479933223503 8 3
1479933223503 8 3
1479933224519 8 -3
1479933224519 8 -3
1479933225948 6 1
1479933225948 6 1
1479933226533 9 -2
1479933226533 9 -2
1479933227691 2 -1
1479933227691 2 -1
1479933229085 4 -1
1479933229085 4 -1
1479933230798 8 3
1479933230798 8 3
1479933231562 6 3
1479933231562 6 3
1479933232621 0 2
1479933232621 0 2
1479933233261 8 -3
1479933233261 8 -3
1479933234391 1 -2
1479933234391 1 -2
1479933236387 10 -1
1479933236387 10 -1
1479933238029 11 -3
1479933238029 11 -3
1479933238961 10 1
1479933238961 10 1
1479933239819 10 -1
1479933239819 10 -1
1479933240770 3 -1
1479933240770 3 -1
1479933241451 1 -1
1479933241451 1 -1
1479933243377 8 1
1479933243377 8 1
1479933243969 6 -2
1479933243969 6 -2
1479933245031 11 -1
1479933245031 11 -1
1479933245683 10 1
1479933245683 10 1
1479933246755 10 -1
1479933246755 10 -1
1479933248780 6 1
1479933248780 6 1
1479933250452 11 4
1479933250452 11 4
1479933251244 6 1
1479933251244 6 1
1479933252029 8 -1
1479933252029 8 -1
1479933252787 1 3
1479933252787 1 3
1479933255511 0 -3
1479933255511 0 -3
1479933257561 1 -1
1479933257561 1 -1
1479933258405 0 2
1479933258405 0 2
1479933260940 3 1
1479933260940 3 1
1479933263319 0 1
1479933263319 0 1
1479933263963 1 -1
1479933263963 1 -1
1479933265639 10 1
1479933265639 10 1
1479933266683 3 -1
1479933266683 3 -1
1479933267297 1 -1
1479933267297 1 -1
1479933269067 10 -1
1479933269067 10 -1
1479933270081 11 -3
1479933270081 11 -3
1479933271139 8 1
1479933271139 8 1
1479933271803 6 -2
1479933271803 6 -2
1479933272529 11 -1
1479933272529 11 -1
1479933277415 10 1
1479933277415 10 1
1479933278257 8 2
1479933278257 8 2
1479933279551 1 3
1479933279551 1 3
1479933281313 8 -1
1479933281313 8 -1
1479933283125 3 1
1479933283125 3 1
1479933283587 6 -1
1479933283587 6 -1
1479933285003 8 -1
1479933285003 8 -1
1479933286153 10 -1
1479933286153 10 -1
1479933289499 10 1
1479933289499 10 1
1479933291349 8 -1
1479933291349 8 -1
1479933291993 8 1
1479933291993 8 1
1479933292637 8 -1
1479933292637 8 -1
1479933293290 1 -2
1479933293290 1 -2
1479933294025 1 1
1479933294025 1 1
1479933295285 10 -1
1479933295285 10 -1
1479933296059 11 4
1479933296059 11 4
1479933296949 10 1
1479933296949 10 1
1479933299543 0 -1
1479933299543 0 -1
1479933301193 2 2
1479933301193 2 2
1479933303657 1 1
1479933303657 1 1
1479933305077 8 2
1479933305077 8 2
1479933305813 6 3
1479933305813 6 3
1479933306318 3 -1
1479933306318 3 -1
1479933308493 8 -2
1479933308493 8 -2
1479933309533 1 -1
1479933309533 1 -1
1479933311008 R
1479933311008 R
1479933314937 9 -1
1479933314937 9 -1
1479933317497 4 -1
1479933317497 4 -1
1479933319191 10 1
1479933319191 10 1
1479933324135 8 2
1479933324135 8 2
1479933325803 6 -2
1479933325803 6 -2
1479933327981 8 -1
1479933327981 8 -1
1479933328787 10 -2
1479933328787 10 -2
1479933331417 2 2
1479933331417 2 2
1479933334309 5 -1
1479933334309 5 -1
1479933334741 11 -1
1479933334741 11 -1
1479933335293 7 2
1479933335293 7 2
1479933336578 2 -2
1479933336578 2 -2
1479933339597 3 1
1479933339597 3 1
1479933340154 6 -1
1479933340154 6 -1
1479933341362 8 -1
1479933341362 8 -1
1479933343481 1 -1
1479933343481 1 -1
1479933345169 12 2
1479933345169 12 2
1479933346771 2 2
1479933346771 2 2
1479933348392 11 -3
1479933348392 11 -3
1479933349702 2 -2
1479933349702 2 -2
1479933352165 1 1
1479933352165 1 1
1479933352988 12 -2
1479933352988 12 -2
1479933355255 7 -2
1479933355255 7 -2
1479933356969 8 1
1479933356969 8 1
1479933357615 8 -1
1479933357615 8 -1
1479933358693 5 1
1479933358693 5 1
1479933359417 10 2
1479933359417 10 2
1479933360649 0 1
1479933360649 0 1
1479933363577 10 -1
1479933363577 10 -1
1479933364493 1 -1
1479933364493 1 -1
1479933365921 11 4
1479933365921 11 4
1479933369759 0 1
1479933369759 0 1
1479933370679 1 -1
1479933370679 1 -1
1479933372177 11 -2
1479933372177 11 -2
1479933375791 11 -1
1479933375791 11 -1
1479933376543 10 1
1479933376543 10 1
1479933379925 10 -1
1479933379925 10 -1
1479933381427 1 1
1479933381427 1 1
1479933384389 11 -1
1479933384389 11 -1
1479933385121 11 1
1479933385121 11 1
1479933386009 10 1
1479933386009 10 1
1479933386879 1 -1
1479933386879 1 -1
1479933388291 11 -1
1479933388291 11 -1
1479933388983 10 -1
1479933388983 10 -1
1479933389647 10 1
1479933389647 10 1
1479933391651 10 -1
1479933391651 10 -1
1479933393861 1 2
1479933393861 1 2
1479933395084 8 1
1479933395084 8 1
1479933400295 0 -2
1479933400295 0 -2
1479933401157 0 1
1479933401157 0 1
1479933401875 2 2
1479933401875 2 2
1479933403359 10 1
1479933403359 10 1
1479933404569 2 -2
1479933404569 2 -2
1479933405785 8 -1
1479933405785 8 -1
1479933407655 8 3
1479933407655 8 3
1479933408524 8 -3
1479933408524 8 -3
1479933408977 1 -1
1479933408977 1 -1
1479933409449 1 1
1479933409449 1 1
1479933410390 R
1479933410390 R
1479933412667 11 -1
1479933412667 11 -1
1479933414129 1 -1
1479933414129 1 -1
1479933415515 11 -2
1479933415515 11 -2
1479933417803 3 1
1479933417803 3 1
1479933421453 0 -1
1479933421453 0 -1
1479933422125 1 -1
1479933422125 1 -1
1479933424341 10 1
1479933424341 10 1
1479933427015 10 -1
1479933427015 10 -1
1479933427801 10 1
1479933427801 10 1
1479933428505 2 2
1479933428505 2 2
1479933429323 9 1
1479933429323 9 1
1479933430275 3 -1
1479933430275 3 -1
1479933431091 1 -1
1479933431091 1 -1
1479933432104 2 -1
1479933432104 2 -1
1479933434396 8 1
1479933434396 8 1
1479933435006 6 -1
1479933435006 6 -1
1479933435716 11 -1
1479933435716 11 -1
1479933438350 8 2
1479933438350 8 2
1479933440202 8 -2
1479933440202 8 -2
1479933441038 4 1
1479933441038 4 1
1479933441770 2 1
1479933441770 2 1
1479933443920 9 -2
1479933443920 9 -2
1479933445633 4 -1
1479933445633 4 -1
1479933447032 8 1
1479933447032 8 1
1479933448044 11 1
1479933448044 11 1
1479933448612 6 1
1479933448612 6 1
1479933449449 8 -2
1479933449449 8 -2
1479933451126 10 -1
1479933451126 10 -1
1479933451694 11 3
1479933451694 11 3
1479933452810 1 3
1479933452810 1 3
1479933454322 8 1
1479933454322 8 1
1479933455362 9 2
1479933455362 9 2
1479933456112 9 -2
1479933456112 9 -2
1479933456784 4 -1
1479933456784 4 -1
1479933457596 2 -2
1479933457596 2 -2
1479933460730 11 -1
1479933460730 11 -1
1479933462486 0 1
1479933462486 0 1
1479933463504 6 -2
1479933463504 6 -2
1479933464836 10 -1
1479933464836 10 -1
1479933467633 2 2
1479933467633 2 2
1479933470828 2 -2
1479933470828 2 -2
1479933472079 5 -1
1479933472079 5 -1
1479933473396 7 2
1479933473396 7 2
1479933477368 12 2
1479933477368 12 2
1479933478024 2 2
1479933478024 2 2
1479933479766 12 -2
1479933479766 12 -2
1479933480237 2 -2
1479933480237 2 -2
1479933483076 3 1
1479933483076 3 1
1479933483592 6 -1
1479933483592 6 -1
1479933484362 8 -1
1479933484362 8 -1
1479933484964 1 -1
1479933484964 1 -1
1479933485732 11 -3
1479933485732 11 -3
1479933486356 1 1
1479933486356 1 1
1479933487536 7 -2
1479933487536 7 -2
1479933488002 5 1
1479933488002 5 1
1479933488917 10 2
1479933488917 10 2
1479933489460 0 1
1479933489460 0 1
1479933490668 10 -1
1479933490668 10 -1
1479933491134 1 -1
1479933491134 1 -1
1479933492566 11 4
1479933492566 11 4
1479933493094 1 1
1479933493094 1 1
1479933493932 8 1
1479933493932 8 1
1479933494417 6 3
1479933494417 6 3
1479933495257 8 -1
1479933495257 8 -1
1479933495802 1 -1
1479933495802 1 -1
1479933496630 10 1
1479933496630 10 1
1479933497260 2 2
1479933497260 2 2
1479933499390 1 1
1479933499390 1 1
1479933499852 8 1
1479933499852 8 1
1479933500481 6 -3
1479933500481 6 -3
1479933501198 8 -1
1479933501198 8 -1
1479933502158 8 1
1479933502158 8 1
1479933503528 10 -1
1479933503528 10 -1
1479933505282 8 -1
1479933505282 8 -1
1479933506058 1 -1
1479933506058 1 -1
1479933506916 10 1
1479933506916 10 1
1479933507636 2 -2
1479933507636 2 -2
1479933510740 1 1
1479933510740 1 1
1479933511508 1 -1
1479933511508 1 -1
1479933512698 10 -1
1479933512698 10 -1
1479933513781 2 2
1479933513781 2 2
1479933515176 11 -4
1479933515176 11 -4
1479933517064 2 -2
1479933517064 2 -2
1479933519772 1 1
1479933519772 1 1
1479933520348 8 1
1479933520348 8 1
1479933521318 6 2
1479933521318 6 2
1479933521906 3 -1
1479933521906 3 -1
1479933523176 0 1
1479933523176 0 1
1479933524124 10 1
1479933524124 10 1
1479933525659 6 -1
1479933525659 6 -1
1479933526572 8 1
1479933526572 8 1
1479933527748 8 1
1479933527748 8 1
1479933528412 1 -3
1479933528412 1 -3
1479933529202 8 -2
1479933529202 8 -2
1479933530331 11 1
1479933530331 11 1
1479933530882 6 2
1479933530882 6 2
1479933531374 8 -1
1479933531374 8 -1
1479933532820 10 -1
1479933532820 10 -1
1479933533468 11 3
1479933533468 11 3
1479933534098 10 1
1479933534098 10 1
1479933535324 1 3
1479933535324 1 3
1479933536387 3 1
1479933536387 3 1
1479933537308 8 2
1479933537308 8 2
1479933538094 6 -3
1479933538094 6 -3
1479933539856 8 -1
1479933539856 8 -1
1479933540722 6 3
1479933540722 6 3
1479933541531 8 -1
1479933541531 8 -1
1479933542089 8 1
1479933542089 8 1
1479933543984 0 -1
1479933543984 0 -1
1479933545580 10 -1
1479933545580 10 -1
1479933546575 10 1
1479933546575 10 1
1479933547108 2 2
1479933547108 2 2
1479933548072 3 -1
1479933548072 3 -1
1479933549274 8 -1
1479933549274 8 -1
1479933552990 8 1
1479933552990 8 1
1479933553658 6 -2
1479933553658 6 -2
1479933554448 8 1
1479933554448 8 1
1479933556596 3 1
1479933556596 3 1
1479933557130 6 -1
1479933557130 6 -1
1479933558696 8 -2
1479933558696 8 -2
1479933561449 2 -2
1479933561449 2 -2
1479933562070 0 1
1479933562070 0 1
1479933563430 10 -1
1479933563430 10 -1
1479933563954 1 -2
1479933563954 1 -2
1479933565050 11 -4
1479933565050 11 -4
1479933565750 1 1
1479933565750 1 1
1479933568642 1 -1
1479933568642 1 -1
1479933575846 10 1
1479933575846 10 1
1479933577934 11 1
1479933577934 11 1
1479933579797 1 1
1479933579797 1 1
1479933582983 10 -1
1479933582983 10 -1
1479933583538 11 3
1479933583538 11 3
1479933584115 10 1
1479933584115 10 1
1479933584588 1 1
1479933584588 1 1
1479933586065 8 1
1479933586065 8 1
1479933586811 6 3
1479933586811 6 3
1479933588146 3 -1
1479933588146 3 -1
1479933589098 8 -1
1479933589098 8 -1
1479933589996 8 1
1479933589996 8 1
1479933592194 8 -1
1479933592194 8 -1
1479933592928 1 -3
1479933592928 1 -3
1479933594084 10 -1
1479933594084 10 -1
1479933595278 11 -3
1479933595278 11 -3
1479933595958 10 1
1479933595958 10 1
1479933598286 8 1
1479933598286 8 1
1479933598825 6 -2
1479933598825 6 -2
1479933600827 11 -1
1479933600827 11 -1
1479933602434 10 -1
1479933602434 10 -1
1479933603399 10 1
1479933603399 10 1
1479933606776 10 -1
1479933606776 10 -1
1479933607193 11 1
1479933607193 11 1
1479933607788 6 2
1479933607788 6 2
1479933608224 8 -1
1479933608224 8 -1
1479933608997 1 2
1479933608997 1 2
1479933609453 0 -2
1479933609453 0 -2
1479933610511 4 1
1479933610511 4 1
1479933611114 3 1
1479933611114 3 1
1479933612242 4 -1
1479933612242 4 -1
1479933614656 3 -1
1479933614656 3 -1
1479933615384 0 1
1479933615384 0 1
1479933616067 0 1
1479933616067 0 1
1479933616614 1 -2
1479933616614 1 -2
1479933618520 8 1
1479933618520 8 1
1479933619152 6 -2
1479933619152 6 -2
1479933619869 11 -1
1479933619869 11 -1
1479933621226 10 1
1479933621226 10 1
1479933621794 8 2
1479933621794 8 2
1479933622518 1 3
1479933622518 1 3
1479933623464 8 -2
1479933623464 8 -2
1479933624214 8 2
1479933624214 8 2
1479933624846 1 -3
1479933624846 1 -3
1479933625630 8 -2
1479933625630 8 -2
1479933626938 10 -1
1479933626938 10 -1
1479933628540 6 1
1479933628540 6 1
1479933629465 6 -1
1479933629465 6 -1
1479933630626 10 1
1479933630626 10 1
1479933631856 8 2
1479933631856 8 2
1479933635240 8 -1
1479933635240 8 -1
1479933636974 6 1
1479933636974 6 1
1479933637870 6 -1
1479933637870 6 -1
1479933639110 8 -1
1479933639110 8 -1
1479933642239 10 -1
1479933642239 10 -1
1479933643550 11 4
1479933643550 11 4
1479933644214 10 1
1479933644214 10 1
1479933645234 8 1
1479933645234 8 1
1479933646362 6 2
1479933646362 6 2
1479933647046 8 -2
1479933647046 8 -2
1479933647950 1 3
1479933647950 1 3
1479933650553 8 1
1479933650553 8 1
1479933651044 6 -2
1479933651044 6 -2
1479933651682 6 2
1479933651682 6 2
1479933652272 8 2
1479933652272 8 2
1479933652874 0 -2
1479933652874 0 -2
1479933653529 4 1
1479933653529 4 1
1479933654182 2 1
1479933654182 2 1
1479933656322 9 2
1479933656322 9 2
1479933658354 3 1
1479933658354 3 1
1479933658895 8 -3
1479933658895 8 -3
1479933660506 4 1
1479933660506 4 1
1479933661166 2 1
1479933661166 2 1
1479933663003 8 1
1479933663003 8 1
1479933663570 6 -4
1479933663570 6 -4
1479933665631 8 -1
1479933665631 8 -1
1479933666627 1 -1
1479933666627 1 -1
1479933667523 4 -1
1479933667523 4 -1
1479933669369 2 -1
1479933669369 2 -1
1479933673167 9 -1
1479933673167 9 -1
1479933673767 2 -1
1479933673767 2 -1
1479933675593 10 -1
1479933675593 10 -1
1479933676929 11 -4
1479933676929 11 -4
1479933678216 2 2
1479933678216 2 2
1479933679475 10 1
1479933679475 10 1
1479933680194 1 1
1479933680194 1 1
1479933681267 2 -2
1479933681267 2 -2
1479933684096 1 -1
1479933684096 1 -1
1479933684927 4 1
1479933684927 4 1
1479933685672 2 2
1479933685672 2 2
1479933686172 3 2
1479933686172 3 2
1479933687495 9 1
1479933687495 9 1
1479933688727 0 -1
1479933688727 0 -1
1479933689383 1 -2
1479933689383 1 -2
1479933691993 11 1
1479933691993 11 1
1479933692479 8 1
1479933692479 8 1
