1482857460534 10 1
1482857461726 9 -1
1482857462687 4 -1
1482857463549 0 2
1482857465181 8 3
1482857466197 1 -3
1482857467309 8 -3
1482857470687 1 3
1482857474814 3 1
1482857475422 3 -1
1482857476246 1 -3
1482857478687 8 1
1482857479374 6 -2
1482857481198 8 2
1482857482166 1 3
1482857483070 8 -2
1482857483782 0 -2
1482857484382 4 2
1482857484886 2 2
1482857485894 3 3
1482857486374 9 2
1482857487078 6 -2
1482857487751 0 -1
1482857488398 8 -1
1482857489238 1 -3
1482857492551 1 3
1482857493591 3 -2
1482857494583 9 -1
1482857495326 2 -2
1482857496120 4 -1
1482857497463 1 -2
1482857499599 R
1482857500958 10 1
1482857502057 10 -1
1482857503295 8 1
1482857503919 6 -2
1482857505240 3 1
1482857506006 6 -2
1482857506662 0 -1
1482857507134 8 -1
1482857507647 1 -2
1482857508399 10 1
1482857509672 10 -1
1482857510342 10 1
1482857510656 4 1
1482857511472 3 1
1482857512919 3 -1
1482857513800 2 2
1482857514591 3 2
1482857515079 9 1
1482857515991 9 -1
1482857518743 9 1
1482857519617 1 -1
1482857520441 1 3
1482857521184 0 1
1482857521696 8 1
1482857522239 6 4
1482857522872 8 -1
1482857523855 1 -1
1482857524479 3 -3
1482857524975 9 -2
1482857525751 4 -2
1482857526304 2 -2
1482857526863 0 2
1482857527951 0 -3
1482857529791 10 -2
1482857530743 1 -1
1482857531375 5 -3
1482857532535 11 -3
1482857533536 7 2
1482857534575 10 2
1482857535487 2 4
1482857537976 12 2
1482857538479 4 2
1482857539087 9 3
1482857540103 1 -2
1482857542385 1 2
1482857543191 3 4
1482857544496 1 -2
1482857545752 4 -1
1482857546911 8 3
1482857547576 0 1
1482857548271 6 -4
1482857549103 5 -1
1482857549663 11 -1
1482857550656 8 -3
1482857552576 0 -1
1482857553352 1 4
1482857557063 0 1
1482857557544 6 1
1482857558079 9 -3
1482857558825 4 -1
1482857562216 4 2
1482857562784 3 -3
1482857563432 4 -2
1482857564457 12 -2
1482857565209 0 4
