1480187925364 2 1
1480187926958 0 -1
1480187928485 6 1
1480187929985 8 1
1480187933987 5 1
1480187935593 9 2
1480187937397 4 -2
1480187939217 11 -1
1480187940651 3 -2
1480187944295 12 -1
1480187948369 9 -1
1480187951283 1 1
1480187956023 5 -1
1480187957515 9 2
1480187959083 0 1
1480187960687 2 -1
1480187963737 8 -2
1480187966805 9 1
1480187968530 6 -1
1480187970109 7 1
1480187978857 7 -2
1480187980021 R
1480187985669 8 -1
1480187987493 6 -1
1480187989693 3 1
1480187991618 7 1
1480187997895 12 -1
1480187999883 3 -2
1480188001443 1 1
1480188002721 6 1
1480188004557 8 1
1480188006267 2 1
1480188007856 0 -1
1480188009767 9 3
1480188012181 4 -2
1480188013706 11 -1
1480188017471 3 -1
1480188020679 9 -2
1480188022417 9 2
1480188025458 0 1
1480188027271 2 -1
1480188028461 8 -1
1480188030315 6 -1
1480188033323 11 2
1480188035171 6 1
1480188036839 9 1
1480188038661 12 1
1480188040027 3 1
1480188041429 4 2
1480188044255 12 -1
1480188046179 9 -1
1480188047703 6 -1
1480188051099 12 1
1480188054734 4 -2
1480188056355 3 -1
1480188057699 11 -2
1480188059314 6 1
1480188060879 9 1
1480188062743 9 -1
1480188064765 8 1
1480188066651 2 1
1480188068719 2 -1
1480188070485 7 -2
1480188071920 6 1
1480188073589 8 -1
1480188075445 9 1
1480188077667 9 -1
1480188078916 1 1
1480188080476 12 2
1480188082362 0 1
1480188083587 5 -2
1480188091825 5 2
1480188093881 8 1
1480188095341 2 1
1480188096925 10 1
1480188098471 4 -1
1480188103157 4 1
1480188104981 10 -1
1480188106423 2 -1
1480188108029 5 -2
1480188109265 8 -1
1480188111671 12 -1
1480188113706 6 -2
1480188120113 5 2
1480188121866 0 -1
1480188123469 12 -2
1480188125137 1 -1
1480188126759 7 2
1480188129845 6 1
1480188131357 9 1
1480188134444 9 -1
1480188136395 6 -1
1480188138095 7 -2
1480188139885 6 2
1480188141340 1 1
1480188143680 12 3
1480188145287 0 1
1480188147145 5 -2
1480188151431 12 -1
1480188152960 6 -2
1480188163145 6 2
1480188165091 8 2
1480188166801 2 1
1480188168573 5 3
1480188170211 10 1
1480188172465 4 -1
1480188174962 0 -1
1480188176535 12 -3
1480188178200 0 1
1480188179963 5 -3
1480188182004 8 -1
1480188185043 6 -1
1480188186596 1 -1
1480188188375 7 2
1480188197525 11 2
1480188200055 11 -2
1480188201523 7 -2
1480188202979 1 1
1480188204088 6 1
1480188205913 8 1
1480188209227 5 2
1480188211501 3 1
1480188213945 0 -1
1480188215833 12 3
1480188219425 4 2
1480188220646 10 -1
1480188224623 0 1
1480188226855 2 -1
1480188229184 5 -3
1480188233202 8 -2
1480188235881 6 -2
1480188239912 6 2
1480188241595 8 2
1480188243707 2 1
1480188245213 0 -2
1480188249211 9 -2
1480188250753 12 -2
1480188252345 1 -3
1480188254687 8 -1
1480188258515 12 3
1480188261277 12 -3
