1481815334945 8 -1
1481815335846 6 -1
1481815336731 3 1
1481815361071 3 -2
1481815362143 6 2
1481815363078 8 2
1481815364035 2 1
1481815374904 0 -1
1481815375748 9 2
1481815376676 4 -2
1481815377710 3 -1
1481815385536 3 2
1481815388838 3 -2
1481815391962 1 1
1481815392930 9 1
1481815399834 0 1
1481815413422 2 -1
1481815414514 8 -2
1481815418052 6 -2
1481815419366 7 1
1481815420768 7 -1
1481815421720 11 -1
1481815422533 7 -1
1481815423342 1 1
1481815424170 12 1
1481815425436 0 1
1481815426678 5 -2
1481815442896 6 2
1481815453689 3 1
1481815454587 4 1
1481815455458 5 -1
1481815459146 8 2
1481815460608 5 4
1481815466917 5 -4
1481815468187 8 -2
1481815469310 6 -2
1481815474286 6 2
1481815475169 9 1
1481815476040 12 1
1481815481189 5 2
1481815482054 4 -1
1481815483030 3 -1
1481815488634 5 -1
1481815494398 9 -1
1481815495579 12 -1
1481815496386 6 -2
1481815503647 5 2
1481815508019 3 1
1481815509265 4 1
1481815512269 5 -3
1481815520250 R
1481815527548 8 -1
1481815528237 6 -1
1481815529255 3 1
1481815549587 7 1
1481815557194 R
1481815562350 2 1
1481815563549 0 -1
1481815565901 9 2
1481815566922 4 -2
1481815568876 3 -2
1481815569991 11 -1
1481815578120 7 -1
1481815579102 1 2
1481815579963 12 1
1481815580720 9 1
1481815585294 0 2
1481815590550 2 -1
1481815591650 8 -1
1481815594630 5 -2
1481815595532 9 1
1481815599128 6 1
1481815600670 12 1
1481815602966 12 -1
1481815605768 R
1481815619745 2 1
1481815620726 0 -1
1481815628229 9 1
1481815629509 4 -2
1481815631171 9 1
1481815638821 3 -2
1481815639911 1 1
1481815640837 9 1
1481815642092 0 1
1481815646310 10 1
1481815647145 4 -1
1481815649909 12 -2
1481815651903 0 1
1481815654291 5 -2
1481815690348 3 1
1481815692544 11 -1
1481815694950 7 -1
1481815697350 1 1
1481815699212 1 -1
1481815700362 6 1
1481815702610 8 1
