1481815985005 7 1
1481815986028 11 1
1481815987445 12 -1
1481815990099 8 -1
1481815991027 6 -1
1481815992083 3 1
1481815995476 11 -1
1481815998684 7 -1
1481815999483 3 -2
1481816000188 6 2
1481816001602 8 2
1481816002492 2 1
1481816003322 0 -1
1481816005987 9 2
1481816007426 4 -2
1481816008523 3 -1
1481816009411 11 -1
1481816010980 1 1
1481816011851 9 1
1481816012851 8 -1
1481816013571 6 -1
1481816014323 7 1
1481816015226 11 2
1481816016939 3 1
1481816017602 4 2
1481816019467 0 1
1481816021035 2 -1
1481816021763 8 -1
1481816022466 6 -1
1481816024594 12 1
1481816027259 4 -2
1481816027947 3 -1
1481816028691 11 -2
1481816029434 12 -1
1481816032691 3 1
1481816033244 12 1
1481816034410 4 1
1481816037308 6 1
1481816038083 9 1
1481816041787 4 -1
1481816042643 3 -1
1481816043299 12 -1
1481816045010 9 -1
1481816045755 6 -1
1481816047211 7 -2
1481816048010 1 1
1481816049146 12 2
1481816049899 0 1
1481816051035 5 -2
1481816053786 6 2
1481816060564 3 1
1481816061386 4 1
1481816062458 5 -1
1481816064979 0 -1
1481816065683 12 -2
1481816066986 9 1
1481816067953 12 3
1481816068817 0 1
1481816070907 9 -1
1481816071843 12 -1
1481816072657 6 -2
1481816077611 5 3
1481816078530 4 -1
1481816079963 5 -1
1481816084770 5 1
1481816085594 0 -1
1481816086875 12 -2
1481816090835 3 -1
1481816094250 1 -1
1481816095403 7 2
1481816098779 7 -1
1481816100202 11 1
1481816101234 3 1
1481816103674 7 1
1481816104571 11 -1
1481816105993 3 -1
1481816111546 6 1
1481816114403 9 1
1481816118723 9 -1
1481816120555 8 1
1481816121499 2 1
1481816122187 10 1
1481816122906 4 -1
1481816123827 12 -1
1481816124546 0 1
1481816125498 5 -2
1481816129722 11 2
1481816130322 3 1
1481816131825 3 -1
1481816135362 11 -1
1481816137018 7 -1
1481816137986 6 1
1481816138985 8 1
1481816140674 5 3
1481816145027 5 -3
1481816146194 8 -1
1481816147042 6 -1
1481816147897 7 1
1481816148722 3 1
1481816282802 5 2
1481816283689 0 -1
1481816284465 12 2
1481816287770 12 -2
1481816288522 3 -1
1481816290258 0 1
1481816292066 5 -2
1481816295248 11 -1
1481816296985 7 -2
1481816297521 6 1
1481816298994 1 1
1481816300249 8 1
1481816301561 5 3
1481816304042 5 -2
1481816306984 8 -1
1481816312321 5 1
1481816313641 0 -1
1481816314705 12 4
1481816315762 0 1
1481816316680 5 -2
1481816318306 4 1
1481816319265 10 -1
1481816319873 2 -1
1481816320633 8 -1
1481816322480 12 -1
1481816323226 6 -2
1481816324938 6 2
1481816326194 12 1
1481816327345 9 1
1481816329079 5 2
1481816330761 5 -2
1481816334233 3 1
1481816335649 4 1
1481816336472 5 -1
1481816337922 9 -1
1481816339129 12 -1
1481816339882 6 -2
1481816342849 0 -1
1481816343569 12 -2
1481816344448 1 -1
1481816345664 7 2
1481816346898 11 2
1481816347952 4 1
1481816352969 11 -1
1481816354609 7 -1
1481816355704 6 1
1481816356697 9 1
1481816358032 12 1
1481816362969 7 1
1481816365057 4 -1
1481816366712 11 -1
1481816368362 7 -2
1481816369096 1 1
1481816369721 6 1
1481816370897 12 1
1481816372033 0 1
1481816373569 9 -1
1481816374465 12 1
1481816379873 12 -1
1481816380913 6 -2
1481816386409 6 2
1481816389224 9 1
1481816392778 5 2
1481816394895 4 -1
1481816395744 3 -1
1481816399288 9 -1
1481816400290 6 -2
1481816403146 3 1
1481816404178 4 1
1481816405353 5 -2
1481816409442 0 -1
1481816411345 0 1
1481816412088 5 3
1481816412945 4 -1
1481816413868 0 -1
1481816415081 3 -1
1481816416794 0 1
1481816418041 0 -1
1481816419233 12 -2
1481816419938 1 -1
1481816420761 7 2
1481816424018 6 1
1481816424994 8 1
1481816428069 3 1
1481816428889 12 1
1481816429689 11 2
1481816430721 4 2
1481816432897 12 -1
1481816435728 8 -1
1481816436882 6 -1
1481816440329 6 1
1481816441033 8 1
1481816441922 2 1
1481816442811 0 -1
1481816443425 9 -3
1481816445161 0 1
1481816447849 1 -1
1481816448857 3 1
1481816450642 2 -1
1481816451401 8 -1
1481816452177 6 -1
1481816452994 3 1
1481816464778 3 -2
1481816465593 1 1
1481816470114 6 1
1481816472970 12 1
1481816474050 6 -1
1481816475826 1 -1
1481816477025 3 2
1481816479736 12 -1
1481816481321 11 -1
1481816482081 7 -1
1481816484258 3 -1
1481816485074 6 2
1481816486098 8 2
1481816487089 5 1
1481816488522 12 1
1481816492593 5 -1
1481816493490 8 -2
1481816494674 8 2
1481816495457 5 1
1481816496241 12 -1
1481816498937 2 1
1481816499714 0 -1
1481816500490 9 2
1481816501890 9 -2
1481816502826 5 -1
1481816504178 8 -1
1481816506361 3 -1
1481816507018 1 1
1481816508249 9 3
1481816509409 6 -1
1481816510417 12 1
1481816513721 0 1
1481816514713 2 -1
1481816515969 8 -1
1481816516665 6 -1
1481816517704 7 1
1481816520884 12 -1
1481816523241 11 1
1481816524058 12 1
1481816527016 4 -2
1481816527968 3 -1
1481816530058 3 1
1481816531392 4 1
1481816532306 11 -2
1481816533793 7 -2
1481816534496 1 1
1481816535536 12 1
1481816536072 6 2
1481816537090 12 1
1481816539081 12 -3
1481816540137 4 -1
1481816543297 8 1
1481816545785 2 1
1481816546650 10 1
1481816547264 4 -1
1481816548001 12 -1
1481816550977 0 1
1481816552249 5 -2
1481816555418 3 -1
1481816556354 1 -1
1481816557337 6 -1
1481816558169 7 2
1481816562792 11 2
1481816563425 3 1
1481816564906 3 -1
1481816568105 5 2
1481816569657 0 -1
1481816570304 12 2
1481816571408 3 1
1481816573193 3 -1
1481816574784 4 1
1481816575945 10 -1
1481816576608 2 -1
1481816577497 8 -1
1481816578679 6 -1
1481816580865 11 -2
1481816582424 3 1
1481816585634 12 -1
1481816586808 4 1
1481816588129 12 1
1481816590385 12 -1
1481816592344 6 1
1481816593129 9 1
1481816594945 12 1
1481816597439 9 -1
1481816598104 6 -1
1481816602194 4 -1
1481816602903 4 1
1481816606609 4 -1
1481816607608 3 -1
1481816608225 12 -1
1481816612095 11 2
1481816615936 6 1
1481816617017 9 1
1481816617896 12 1
1481816621537 3 1
1481816622664 4 2
1481816624247 12 -1
1481816626152 11 -1
1481816627017 9 -1
1481816627712 8 1
1481816628393 2 1
1481816630153 10 1
1481816630887 4 -3
1481816632232 12 -1
1481816633385 0 1
1481816638977 5 -2
1481816641360 3 -1
1481816642369 11 -1
1481816643792 7 -2
1481816644743 6 1
1481816645832 1 1
1481816652217 3 1
1481816654016 6 -1
1481816654927 1 -1
1481816655927 7 2
1481816657297 11 2
1481816663832 5 2
1481816668880 3 -1
1481816678512 5 -2
1481816680920 3 1
1481816682537 11 -2
1481816683313 3 -1
1481816687952 7 -2
1481816688719 1 1
1481816689504 6 1
1481816691200 8 1
1481816692201 5 3
1481816693567 0 -1
1481816694728 12 3
1481816695665 0 1
1481816696665 5 -3
1481816697720 8 -1
1481816698544 12 1
1481816700448 4 1
1481816701328 10 -1
1481816702967 2 -1
1481816703729 8 -1
1481816704575 9 1
1481816708144 12 -1
1481816708927 9 -1
1481816709633 6 -2
1481816711368 6 2
1481816713696 9 1
1481816714632 12 1
1481816717367 5 2
1481816720279 3 1
1481816722552 5 -2
1481816724351 12 -1
1481816725143 9 -1
1481816726791 8 2
1481816728393 5 2
1481816729992 4 1
1481816730992 2 1
1481816731967 0 -2
1481816733072 12 -2
1481816733889 9 -2
1481816734615 1 -2
1481816735567 3 1
1481816736288 7 1
1481816737527 12 1
1481816738136 9 1
1481816739168 4 -1
1481816740249 8 -1
1481816741424 6 -1
1481816742072 7 1
1481816743040 7 -2
1481816744064 6 1
1481816746807 8 1
1481816747592 5 1
1481816749014 5 -1
1481816749879 8 -1
1481816750504 6 -1
1481816751408 7 2
1481816752175 11 2
1481816753158 4 2
1481816754440 9 -2
1481816755722 0 1
1481816756656 10 1
1481816758376 12 -1
1481816760553 3 -1
1481816761624 1 1
1481816763336 11 -1
1481816764063 7 -1
1481816765024 6 1
1481816765617 8 1
1481816766473 5 1
1481816767560 10 -1
1481816768392 2 -1
1481816769465 5 -1
1481816770118 8 -2
1481816771088 6 -2
1481816772023 7 1
1481816773041 11 1
1481816774095 1 -1
1481816774926 3 2
1481816776063 12 1
1481816777928 11 -1
1481816778631 12 -1
1481816779759 3 -2
1481816782047 7 -1
1481816783070 3 2
1481816784103 7 1
1481816789767 3 -2
1481816790622 1 1
1481816791591 6 1
1481816792735 12 1
1481816793727 1 -1
1481816796830 11 1
1481816799454 1 1
1481816801190 8 1
1481816802110 2 1
1481816803070 0 -1
1481816804207 9 3
1481816805023 0 1
1481816805990 2 -1
1481816806646 8 -1
1481816807703 9 1
1481816811974 12 -1
1481816813815 9 -1
1481816814558 6 -1
1481816816678 6 1
1481816817911 8 1
1481816819407 2 1
1481816820254 0 -1
1481816821846 0 1
1481816822870 2 -1
1481816823734 4 -2
1481816825198 3 -1
1481816826294 8 -1
1481816827167 6 -1
1481816830110 3 1
1481816832694 4 1
1481816833694 11 -2
1481816835895 12 1
1481816836992 7 -2
1481816837671 1 1
1481816838615 12 1
1481816839527 0 1
1481816842495 5 -3
1481816844935 0 -1
1481816845656 12 -2
1481816846662 1 -1
1481816847600 7 2
1481816848527 11 2
1481816849255 11 -2
1481816850648 12 1
1481816852975 6 1
1481816853567 9 1
1481816855383 9 -1
1481816856031 6 -1
1481816858215 6 1
1481816859687 8 1
1481816860480 2 1
1481816861423 0 -1
1481816862183 9 -2
1481816865199 1 -2
1481816866087 12 1
1481816868768 3 1
1481816869623 11 2
1481816870446 4 1
1481816871446 9 -1
1481816872703 0 2
1481816878384 2 -1
1481816881263 5 2
1481816883031 2 1
1481816884183 10 1
1481816885495 10 -1
1481816886198 5 -2
1481816887118 5 2
1481816888639 2 -1
1481816889262 8 -1
1481816890094 6 -1
1481816891014 3 1
1481816891790 11 -1
1481816893606 0 1
1481816894368 9 2
1481816895079 4 -2
1481816895759 11 -1
1481816896407 0 2
