1480637628118 6 1
1480637628919 8 1
1480637629559 5 1
1480637630703 2 1
1480637631430 0 -1
1480637631919 9 2
1480637632550 4 -2
1480637633198 11 -1
1480637633726 3 -2
1480637634303 12 -1
1480637634830 9 -1
1480637635663 7 -1
1480637636189 1 2
1480637637039 9 2
1480637637575 12 2
1480637638222 0 2
1480637638949 5 -3
1480637640055 2 -1
1480637640798 8 -2
1480637641629 6 -2
1480637643559 5 2
1480637643989 0 -1
1480637644909 12 -2
1480637646013 1 -1
1480637646719 7 2
1480637647486 11 2
1480637647887 3 1
1480637648670 4 2
1480637650623 6 1
1480637651343 9 1
1480637653206 12 1
1480637654478 4 -2
1480637655246 3 -1
1480637655813 12 -1
1480637656558 11 -2
1480637657214 9 -1
1480637657925 6 -1
1480637658758 7 -2
1480637659198 1 1
1480637659886 12 2
1480637660390 0 1
1480637661095 5 -2
1480637663766 3 1
1480637664262 4 1
1480637665094 5 -1
1480637665621 0 -1
1480637666335 12 -2
1480637667926 1 -1
1480637668510 6 2
1480637669742 12 1
1480637670638 1 1
1480637671133 12 1
1480637671863 0 1
1480637672765 8 2
1480637673383 2 1
1480637674143 5 4
1480637674895 0 -2
1480637676941 4 -1
1480637677653 3 -1
1480637679525 9 -2
1480637680286 12 -2
1480637680837 3 1
1480637681509 1 -2
1480637682142 7 1
1480637682599 11 1
1480637683230 4 2
1480637684197 9 -1
1480637684781 0 1
1480637685917 1 1
1480637686989 5 -1
1480637687839 8 -1
1480637688615 6 -1
1480637689255 7 1
1480637690198 11 1
1480637690758 12 1
1480637691990 10 1
1480637692502 10 -1
1480637694006 0 -1
1480637695181 12 -1
1480637696615 9 2
1480637697181 4 -2
1480637697973 3 -1
1480637698501 11 -2
1480637699174 9 1
1480637699781 0 1
1480637700791 12 1
1480637701950 7 -2
1480637702430 1 1
1480637702935 6 1
1480637703512 12 2
1480637704053 0 1
1480637705519 10 1
1480637706198 4 -1
1480637707710 0 -1
1480637708423 12 -4
1480637709166 0 1
1480637709695 1 -1
1480637710110 6 -1
1480637711720 7 2
1480637713285 3 1
1480637720567 0 -1
1480637721101 12 2
1480637722470 12 -1
1480637723110 4 2
1480637723895 10 -1
1480637724637 2 -1
1480637725359 8 -1
1480637727630 12 1
1480637728359 6 -1
1480637729246 7 -1
1480637730615 6 2
1480637731557 6 -2
1480637732565 6 2
1480637733213 9 1
1480637734463 12 -1
1480637734981 4 -1
1480637735838 3 -1
1480637736565 6 -1
1480637737469 7 1
1480637737966 3 1
1480637738446 12 1
1480637739029 9 -1
1480637739543 6 -1
1480637740590 7 -1
1480637742493 4 1
1480637743062 11 1
1480637743909 4 1
1480637744519 12 -1
1480637747471 6 1
1480637748231 8 1
1480637748902 2 1
1480637749504 0 -1
1480637750317 9 -3
1480637750910 0 1
1480637752199 2 -1
1480637752879 8 -1
1480637753422 6 -1
1480637753934 1 -1
1480637754455 3 2
1480637754951 7 1
1480637755566 12 1
1480637756629 11 1
1480637758533 12 -1
1480637760326 3 -2
1480637760952 1 1
1480637762173 11 -1
1480637765815 6 1
1480637766350 8 1
1480637766982 2 1
1480637767405 0 -1
1480637768190 9 3
1480637768670 4 -2
1480637769598 11 -1
1480637770085 3 -1
1480637770789 7 -2
1480637771342 1 1
1480637772102 6 1
1480637773031 9 -2
1480637773621 12 1
1480637775006 9 2
1480637776127 0 1
1480637776749 12 1
1480637777358 0 1
1480637778149 5 -2
1480637778951 8 1
1480637779528 2 -1
1480637780223 5 3
1480637780783 0 -1
1480637781358 12 -2
1480637782414 1 -1
1480637783166 7 1
1480637784349 12 1
1480637785102 3 1
1480637786077 4 1
1480637787998 2 1
1480637788502 0 -1
1480637789799 9 -2
1480637790437 12 -1
1480637791197 1 -1
1480637792055 3 1
1480637792911 12 1
1480637793535 9 1
1480637794461 11 1
1480637795086 4 1
1480637795726 9 -2
1480637796238 0 1
1480637796702 12 -1
1480637801118 2 -1
1480637801718 5 -1
1480637802198 8 -2
1480637803000 6 -2
1480637803775 3 1
1480637804389 7 1
1480637805165 12 1
1480637805774 11 1
1480637807294 12 -1
1480637815079 12 1
1480637816200 12 -1
1480637817662 3 -2
1480637818151 1 1
1480637818623 6 1
1480637819159 12 1
1480637821287 8 1
1480637822007 2 1
1480637822438 0 -1
1480637823013 9 3
1480637823629 0 1
1480637824158 4 -2
1480637824743 3 -1
1480637825166 12 -1
1480637825869 11 -2
1480637827117 7 -2
1480637827614 1 1
1480637828087 6 1
1480637828807 12 3
1480637829335 0 1
1480637830294 5 -2
1480637831143 2 -1
1480637831557 8 -1
1480637832198 9 1
1480637832934 5 2
1480637833694 3 1
1480637834662 12 -1
1480637835079 9 -1
1480637835653 0 -1
1480637836166 4 1
1480637837630 8 1
1480637838159 2 1
1480637838598 0 -1
1480637839783 9 -2
1480637841815 12 -2
1480637842503 1 -1
1480637843007 6 -1
1480637843527 7 2
1480637844007 11 2
1480637844454 4 1
1480637845069 9 -1
1480637845526 0 1
1480637845950 12 1
1480637846863 1 -1
1480637847774 0 -1
1480637848766 12 -1
1480637849391 3 1
1480637850038 11 -1
1480637850511 7 -1
1480637851182 6 1
1480637851741 8 1
1480637852607 5 1
1480637853166 0 1
1480637855886 12 1
1480637856837 2 -1
1480637857365 5 -1
1480637857918 8 -2
1480637858462 6 -2
1480637859311 3 1
1480637860590 7 1
1480637861173 11 1
1480637861902 12 -1
1480637863813 3 -2
1480637864334 11 -1
1480637865678 3 2
1480637866176 11 1
1480637866799 12 1
1480637869093 12 -1
1480637869853 3 -2
1480637870326 11 -1
1480637870934 1 1
1480637871414 6 1
1480637871950 12 1
1480637872942 12 -1
1480637873926 1 -1
1480637874848 8 1
1480637875951 2 1
1480637876406 0 -1
1480637879501 9 1
1480637880071 4 -2
1480637881381 3 -1
1480637881958 11 -1
1480637882670 7 -2
1480637883734 1 2
1480637884246 6 1
1480637884775 8 1
1480637885366 12 2
1480637885831 9 2
1480637886407 0 2
1480637887070 5 -2
1480637888759 3 1
1480637889263 4 1
1480637889734 5 -1
1480637890382 0 -2
1480637891045 9 -2
1480637891519 12 -2
1480637892078 1 -3
1480637892727 8 -1
1480637896701 1 2
1480637897423 9 2
1480637898086 0 1
1480637898782 2 -1
1480637899518 8 -1
1480637901296 6 -1
1480637901878 9 1
1480637902526 12 1
1480637905053 7 2
1480637906030 11 2
1480637906574 4 1
1480637910493 12 -1
1480637912477 9 -1
1480637912929 8 1
1480637913614 2 1
1480637914480 0 -1
1480637915045 9 -3
1480637915622 0 1
1480637916191 1 -2
1480637917719 2 -1
1480637918182 8 -1
1480637918655 6 -1
1480637919222 3 2
1480637919847 12 2
1480637921118 0 2
1480637921814 9 2
1480637922311 4 -1
1480637922792 11 -2
1480637923350 0 3
