1480193663524 2 1
1480193665731 0 -1
1480193671043 0 1
1480193673019 2 -1
1480193674116 8 -1
1480193675202 6 -1
1480193676691 3 1
1480193682931 12 -1
1480193686274 7 1
1480193689203 12 1
1480193690242 3 -2
1480193692618 1 1
1480193693602 7 -1
1480193695435 6 2
1480193697450 8 2
1480193699162 2 1
1480193700482 10 1
1480193701978 10 -1
1480193702906 0 -1
1480193703844 9 3
1480193706722 4 -2
1480193708762 11 -1
1480193710210 7 -1
1480193711458 1 1
1480193713610 12 1
1480193714898 0 2
1480193717490 4 1
1480193718930 5 -3
1480193720705 2 -1
1480193722753 0 -1
1480193724410 12 -2
1480193726243 1 -1
1480193733697 8 -2
1480193736612 9 1
1480193737577 6 -1
1480193739289 7 2
1480193741105 9 -1
1480193744401 12 1
1480193749257 11 2
1480193750344 4 1
1480193751971 12 -1
1480193754889 8 1
1480193757025 2 1
1480193759225 0 -1
1480193760087 9 -3
1480193762744 1 -2
1480193766600 12 2
1480193769728 0 2
1480193772232 2 -1
1480193773385 8 -1
1480193774248 6 -1
1480193775752 3 2
1480193777576 0 1
1480193778664 9 2
1480193779512 5 2
1480193780680 4 -2
1480193781661 11 -2
1480193782741 0 2
