1480349080238 7 1
1480349084538 8 -1
1480349086348 6 -1
1480349089584 3 1
1480349091092 12 -1
1480349097026 11 1
1480349101513 3 -2
1480349103546 6 1
1480349106745 11 -1
1480349107554 7 -1
1480349108690 6 1
1480349110886 1 1
1480349111986 8 2
1480349114960 5 1
1480349115852 2 1
1480349117400 0 -1
1480349119468 9 3
1480349120944 4 -2
1480349122568 3 -1
1480349123159 11 -1
1480349131005 7 -1
1480349132138 1 1
1480349133902 12 2
1480349135376 0 2
1480349138593 5 -3
1480349143311 2 -1
1480349144482 8 -2
1480349145535 9 1
1480349149542 12 1
1480349154926 5 2
1480349155934 0 -1
1480349157926 12 -3
1480349158974 1 -1
1480349159758 6 -1
1480349160862 7 2
1480349168594 3 1
1480349169478 11 2
1480349171548 4 2
1480349176678 9 -1
1480349182462 8 1
1480349183595 2 1
1480349184588 10 1
1480349186138 4 -3
1480349187294 12 -1
1480349199535 0 1
1480349200580 5 -1
1480349202288 5 -1
1480349208096 3 -1
1480349210412 11 -2
1480349224239 7 -2
1480349232738 5 1
1480349236123 5 1
1480349237292 0 -1
1480349241492 1 1
1480349242117 6 1
1480349244178 12 4
1480349245428 0 1
1480349248200 5 -2
1480349248980 4 1
1480349250492 10 -1
1480349251486 2 -1
1480349261184 8 -1
1480349268536 5 2
1480349269464 0 -1
1480349270636 12 -2
1480349271900 6 -2
1480349272876 1 -1
1480349275302 7 2
1480349282804 3 1
1480349283856 11 2
1480349285044 4 2
1480349289412 12 -1
1480349290542 6 1
1480349294636 6 -1
1480349299286 4 -2
1480349308675 3 -1
1480349315131 11 -2
1480349316383 7 -2
1480349317630 1 1
1480349320740 6 2
1480349325140 12 3
1480349326338 12 -1
1480349328211 0 1
1480349336610 0 -1
1480349340378 3 1
1480349341432 12 -1
1480349342374 12 1
1480349344076 12 -1
1480349345078 1 -1
1480349346356 6 -1
1480349347550 7 2
1480349348710 11 2
1480349351714 4 2
1480349366020 8 1
1480349366716 2 1
1480349367481 10 1
1480349368762 4 -3
1480349370328 12 -2
1480349371556 0 1
1480349379810 11 -1
1480349380941 7 -1
1480349388452 0 -1
1480349389846 12 2
1480349394054 4 3
1480349402728 10 -1
1480349403986 2 -1
1480349408542 4 -2
1480349409174 3 -1
1480349411807 11 -1
1480349415787 7 -1
1480349416720 1 1
1480349417578 6 1
1480349418859 12 2
1480349427749 2 1
1480349428629 10 1
1480349429843 4 -1
1480349431203 12 -4
1480349438857 6 -1
1480349439642 1 -1
1480349441367 7 2
1480349442525 0 1
1480349451259 5 -1
