1480346751239 12 -1
1480346756934 3 -1
1480346776187 6 1
1480346777985 8 -1
1480346781029 1 1
1480346782557 8 2
1480346788005 2 1
1480346789163 5 1
1480346790495 0 -1
1480346793821 0 1
1480346795597 0 -1
1480346796779 1 -1
1480346797814 3 1
1480346800772 9 1
1480346802916 4 -2
1480346804249 3 -2
1480346805776 11 -1
1480346810866 1 1
1480346812642 9 2
1480346813948 0 1
1480346815292 10 1
1480346816661 4 -1
1480346817869 12 -1
1480346819913 0 1
1480346821198 5 -3
1480346823561 8 -1
1480346825374 6 -1
1480346826386 7 1
1480346836652 3 1
1480346839147 11 2
1480346843506 11 -2
1480346844393 3 -1
1480346847080 7 -1
1480346849115 R
1480346858254 8 -1
1480346860855 8 1
1480346861829 6 1
1480346863875 6 -1
1480346865515 7 1
1480346868017 11 1
1480346875722 3 -1
1480346878808 12 -1
1480346886019 2 1
1480346889420 0 -1
1480346890738 9 2
1480346892687 4 -2
1480346899590 3 -1
1480346901538 11 -2
1480346902993 1 1
1480346904191 9 1
1480346907666 0 1
1480346910148 10 1
1480346911945 4 -1
1480346914732 12 -1
1480346917492 0 1
1480346922326 5 -2
1480346926899 11 1
1480346928514 3 1
1480346931669 5 2
1480346933715 0 -1
1480346935996 12 1
1480346939127 4 3
1480346941026 10 -1
1480346942321 2 -1
1480346943750 8 -1
1480346945427 9 1
1480346949507 4 -2
1480346951075 3 -1
1480346952246 11 -1
1480346954119 7 -2
1480346955770 6 1
1480346956696 1 1
1480346958273 12 3
1480346960074 0 1
1480346961749 5 -2
1480346964560 9 -1
1480346965832 12 -1
1480346967420 6 -2
1480346971649 5 2
1480346975385 3 1
1480346981118 6 2
1480346982146 12 1
1480346983267 9 1
1480346985544 5 -2
1480346988491 9 -1
1480346989676 8 1
1480346990663 2 1
1480346991709 10 1
1480346993016 4 -1
1480346996101 5 2
1480346997776 3 -1
1480347002090 4 1
1480347007231 10 -1
1480347008205 2 -1
1480347009598 8 -1
1480347010892 12 -1
1480347012471 6 -2
1480347018091 5 -2
1480347024033 3 1
1480347031475 R
1480347053995 7 1
1480347060242 7 -1
1480347061808 8 -1
1480347068021 6 -1
1480347069192 3 1
1480347074012 7 1
1480347077118 12 -1
1480347078387 3 -2
1480347079719 1 1
1480347080732 6 1
1480347089911 R
1480347103493 2 1
1480347107535 0 -1
1480347108595 9 2
1480347110431 4 -2
1480347111959 11 -1
1480347113662 7 1
1480347118021 7 -2
1480347119994 6 1
1480347122363 8 1
1480347126995 8 -1
1480347128151 6 -1
1480347131997 3 -2
1480347136764 1 1
1480347138009 9 1
1480347140941 0 1
1480347142346 2 -1
1480347143596 8 -1
1480347144958 1 1
1480347147127 12 1
1480347149433 0 1
1480347159077 5 -2
1480347168455 9 1
1480347169872 5 2
1480347171202 0 -1
1480347172681 12 -2
1480347178178 12 2
1480347183241 6 1
1480347184670 9 -1
1480347186410 8 1
1480347187703 2 1
1480347188789 10 1
1480347189995 4 -1
1480347191132 12 -3
1480347196228 0 1
1480347198162 5 -2
1480347200774 6 -1
1480347201924 1 -1
1480347202858 7 2
1480347222720 R
1480347231371 8 -1
1480347233366 6 -1
1480347236679 3 1
1480347239268 7 1
1480347243283 11 1
1480347248865 11 -1
1480347249975 7 -1
1480347251096 3 -2
1480347253215 6 1
1480347254952 8 1
1480347256037 2 1
1480347257270 0 -1
1480347258686 9 2
1480347262382 1 1
1480347265364 9 -2
1480347270292 1 -1
1480347275012 0 1
1480347277462 2 -1
1480347283600 8 -1
1480347284671 6 -1
1480347285841 3 2
1480347289328 7 1
1480347300712 7 -1
1480347301623 3 -2
1480347303200 6 1
1480347304494 8 1
1480347305431 2 1
1480347307354 0 -1
1480347308425 9 2
1480347310050 4 -2
1480347312095 9 -1
1480347313351 12 -1
1480347314583 1 1
1480347316628 9 2
1480347319942 7 1
1480347326630 0 1
1480347327900 2 -1
1480347330153 4 2
1480347331102 2 1
1480347332039 10 1
1480347334244 4 -3
1480347336252 12 -1
1480347337348 0 1
1480347342880 3 -1
1480347344605 7 -1
1480347347080 6 1
1480347353338 8 1
1480347377947 5 1
1480347383269 5 -3
1480347386127 8 -1
1480347387838 6 -1
1480347390252 7 1
1480347401007 11 -1
1480347403385 7 -2
1480347406600 R
1480347426984 3 -1
1480347428302 1 1
1480347430297 1 -1
1480347435150 1 1
1480347436678 6 1
1480347446656 6 -1
1480347447592 8 -1
1480347448849 6 -1
1480347452289 7 1
1480347454381 6 1
1480347455513 8 1
1480347456489 2 1
1480347457645 10 1
1480347459300 10 -1
1480347460371 0 -1
1480347463015 9 3
1480347465073 0 1
1480347466009 10 1
1480347467331 4 -3
1480347473471 12 -2
1480347478043 3 -1
1480347479213 11 -1
1480347480655 11 2
1480347482318 12 2
1480347485008 12 -2
1480347486256 0 1
1480347493441 5 -2
1480347494538 11 -2
1480347498787 7 -1
1480347501042 6 1
1480347503236 8 1
1480347505020 7 -1
1480347516919 1 1
1480347522512 5 3
1480347523878 0 -1
1480347526035 12 1
1480347527132 4 1
1480347529709 12 2
1480347531516 0 1
1480347533093 4 -1
1480347534559 5 -3
1480347536787 4 1
1480347541702 8 -1
1480347546913 6 -1
1480347553539 6 1
1480347555916 12 1
1480347561925 4 -1
1480347567060 4 1
1480347568908 10 -1
1480347569954 2 -1
1480347571322 8 -1
1480347572874 12 -1
1480347574425 6 -2
1480347577541 3 1
1480347578735 4 1
1480347582085 5 -1
1480347584955 6 1
1480347586359 9 1
1480347588477 6 1
1480347590422 12 1
1480347591716 0 -1
1480347593083 12 -3
1480347595374 1 -1
1480347596703 6 -1
1480347598415 7 1
1480347599783 7 1
1480347604011 9 -1
1480347605624 6 -1
1480347607214 7 -2
1480347608186 1 1
1480347612139 12 2
1480347615798 0 1
1480347619160 5 2
1480347621808 4 -1
1480347623706 3 -1
1480347626748 6 2
1480347629089 6 -2
1480347631984 5 -1
1480347634189 6 1
1480347636444 8 1
1480347638205 2 1
1480347640287 5 2
1480347643221 10 1
1480347645868 4 -1
1480347648210 0 -1
1480347654014 12 -3
1480347658004 6 1
1480347659494 12 4
1480347663228 12 -4
1480347665249 0 1
1480347670711 5 -2
1480347681293 3 1
1480347689488 3 -1
1480347691275 1 -1
1480347692334 7 1
1480347693803 6 -1
1480347694626 7 1
1480347696438 11 2
1480347697596 3 1
1480347699296 3 -1
1480347700295 5 2
1480347701367 0 -1
1480347702269 3 1
1480347703156 12 2
1480347705113 4 3
1480347706904 4 -3
1480347708884 12 -2
1480347713446 12 2
1480347714541 4 3
1480347716364 10 -1
1480347717314 0 -1
1480347718633 9 -3
1480347719926 0 1
1480347721873 2 -1
1480347723106 8 -1
1480347724375 6 -1
1480347727961 11 -1
1480347728973 12 -1
1480347739640 R
1480347761934 6 1
1480347762871 8 1
1480347764002 5 1
1480347766282 12 -1
1480347769990 2 1
1480347776902 2 -1
1480347778640 5 -1
1480347780181 8 -2
1480347785602 6 -2
1480347786687 3 1
1480347787685 7 1
1480347804434 3 -2
1480347805566 1 1
1480347807021 6 1
1480347808191 8 1
1480347809176 2 1
1480347810730 0 -1
1480347815312 9 3
1480347819540 0 1
1480347820784 10 1
1480347821869 4 -3
1480347824345 12 -1
1480347825762 0 1
1480347829568 3 -1
1480347831528 5 -2
1480347833465 5 2
1480347834695 3 1
1480347837418 5 -2
1480347839366 5 2
1480347841816 11 -1
1480347844404 7 -1
1480347845441 6 1
1480347849012 8 1
1480347856319 0 -1
1480347858897 12 1
1480347859942 12 -1
1480347861629 7 -1
1480347862641 1 1
1480347864328 8 -1
1480347865942 12 4
1480347867322 0 1
1480347873951 4 1
1480347876342 10 -1
1480347880741 2 -1
1480347882281 8 -1
1480347883970 9 1
1480347888701 5 -2
1480347900816 3 -1
1480347908739 9 -1
1480347910046 12 -1
1480347911734 6 -2
1480347918080 3 1
1480347919765 4 1
1480347920897 5 -1
1480347926984 6 2
1480347928504 12 1
1480347930533 12 -1
1480347931691 8 2
1480347932604 2 1
1480347938271 5 3
1480347940157 4 -1
1480347944040 10 1
1480347945641 4 -1
1480347947811 3 -1
1480347950447 0 -1
1480347951594 12 -3
1480347953430 0 1
1480347955747 3 1
1480347962656 8 -1
1480347964495 5 -1
1480347967315 5 1
1480347968781 0 -1
1480347971000 12 1
1480347974573 4 1
1480347975559 10 -1
1480347976521 2 -1
1480347977680 8 -1
1480347984035 6 -2
1480347994272 4 1
1480347998315 1 -1
1480347999350 7 1
1480348000669 11 1
1480348003552 4 -1
1480348006116 4 2
1480348017721 12 1
1480348018674 4 -2
1480348022713 4 2
1480348024291 6 1
1480348025316 8 1
1480348027444 2 1
1480348028546 10 1
1480348033841 4 -3
1480348042262 12 -2
1480348044196 0 1
1480348045489 7 1
1480348047733 7 -1
1480348055569 5 -2
