1482377885867 2 1
1482377886820 0 -1
1482377887792 9 2
1482377888972 4 -2
1482377890790 11 -1
1482377902382 7 1
1482377904382 3 -2
1482377905691 1 1
1482377907654 9 1
1482377910621 0 1
1482377911587 2 -1
1482377912631 8 -1
1482377918277 7 -2
1482377919309 1 1
1482377919973 6 1
1482377921482 12 1
1482377922963 0 1
1482377924574 5 -2
1482377931590 12 1
1482377933763 12 -1
1482377938640 5 2
1482377939500 0 -1
1482377940757 12 -2
1482377941901 1 -1
1482377942665 6 -1
1482377943701 7 2
1482377946262 8 1
1482377947143 2 1
1482377948052 10 1
1482377949053 4 -1
1482377950091 12 -1
1482377951893 0 1
1482377958664 3 1
1482377962905 0 -1
1482377963652 12 2
1482377964693 4 2
1482377965621 10 -1
1482377966558 2 -1
1482377972534 8 -1
1482377973611 9 1
1482377979135 U
1482377980198 U
1482377981942 U
1482377982862 U
1482377984095 U
1482377988659 7 -2
1482377993266 1 1
1482377995743 12 1
1482377996926 0 1
1482377998223 5 -2
1482378004190 4 2
1482378005188 5 -1
1482378009702 0 -1
1482378011318 12 -2
1482378012382 1 -1
1482378013475 7 2
1482378014219 11 2
1482378014931 4 1
1482378021973 10 -1
1482378022803 0 -1
1482378023756 9 -3
1482378027957 1 -2
1482378029036 12 2
1482378031863 3 1
1482378032981 0 2
1482378033939 2 -1
1482378034882 8 -1
1482378035752 6 -1
1482378037198 3 1
1482378038687 0 1
1482378041465 9 2
1482378042269 4 -1
1482378043229 11 -2
1482378048936 0 2
