1480193584932 7 1
1480193587893 11 1
1480193589748 12 -1
1480193592217 11 -1
1480193593436 3 -1
1480193595478 8 -1
1480193597108 6 -1
1480193599293 3 2
1480193604971 12 1
1480193609532 7 -1
1480193610708 3 -2
1480193612756 1 1
1480193621395 6 2
1480193624813 6 -1
1480193626220 7 1
1480193630564 12 -1
1480193635284 1 -1
1480193638259 6 -1
1480193640699 3 2
1480193642483 11 1
1480193647324 12 1
1480193649836 3 -2
1480193657227 6 1
1480193660651 3 1
1480193663203 11 -1
1480193664567 7 -1
1480193665923 6 1
1480193667579 8 2
1480193668949 2 1
1480193672238 0 -1
1480193674732 9 2
1480193681202 4 -2
1480193686636 3 -2
1480193690931 11 -1
1480193696107 12 -1
1480193698612 9 -1
1480193701075 5 1
1480193704229 3 2
1480193709403 12 1
1480193713091 11 1
1480193714747 4 2
1480193716603 9 -1
1480193718381 0 1
1480193720115 2 -1
1480193722813 12 -1
1480193727062 12 1
1480193729220 3 -1
1480193731860 1 1
1480193733635 5 -1
1480193735034 8 -2
1480193737917 6 -2
1480193740274 7 1
1480193742434 11 1
1480193744611 12 -1
1480193745966 1 -1
1480193748019 3 2
1480193752292 12 1
1480193757340 3 -2
1480193759284 6 1
1480193761387 1 1
1480193765531 12 -1
1480193767347 1 -1
1480193768882 6 -1
1480193771011 3 2
1480193773051 12 1
1480193775635 11 -1
1480193778101 7 -1
1480193779412 3 -2
1480193783076 6 2
1480193785266 1 1
1480193787971 12 -1
1480193789506 1 -1
1480193792883 3 1
1480193795755 12 1
1480193803414 6 -2
1480193805459 3 1
1480193807549 12 -1
1480193813702 12 1
1480193815283 3 -2
1480193817443 6 2
1480193819400 8 2
1480193821179 5 1
1480193824683 2 1
1480193826301 0 -1
1480193828771 9 2
1480193830354 5 -1
1480193832627 8 -1
1480193834537 6 -1
1480193836066 3 1
1480193839180 12 -1
1480193840790 3 -1
1480193842450 1 1
1480193844180 9 1
1480193846483 6 1
1480193848316 8 1
1480193850252 5 1
1480193852475 9 -3
1480193856758 1 -1
1480193859956 12 1
1480193862019 3 1
1480193864826 0 1
1480193867006 5 -1
1480193868079 2 -1
1480193870078 8 -2
1480193872083 6 -2
1480193873803 12 -1
1480193876052 3 1
1480193877683 7 1
1480193879491 11 1
1480193882075 3 -2
1480193884491 12 1
1480193887362 1 1
1480193889859 6 1
1480193900011 11 -1
1480193909267 7 -1
1480193911491 6 1
1480193913899 1 -1
1480193915707 3 1
1480193922205 12 -1
1480193931789 3 -1
1480193934020 6 -2
1480193935955 3 2
1480193937475 7 1
1480193939019 12 1
1480193943451 11 1
1480193947476 12 -1
1480193949611 3 -2
1480193951490 1 1
1480193953275 6 1
1480193955499 8 1
1480193956955 2 1
1480193959116 0 -1
1480193961347 9 3
1480193964394 4 -2
1480193965314 3 -1
1480193969262 11 -2
1480193991651 0 1
1480193993431 10 1
1480193994979 4 -1
1480193996723 12 -1
1480193999411 7 -2
1480194003139 0 1
1480194005308 5 -2
1480194007526 7 2
1480194013860 7 -2
1480194016723 1 1
1480194018804 6 1
1480194020420 3 1
1480194026203 3 -1
1480194029455 1 -1
1480194030885 7 1
1480194032678 11 1
1480194034413 6 -1
1480194035812 7 1
1480194051960 7 -1
1480194053613 6 1
1480194057299 5 2
1480194058555 8 1
1480194060484 5 1
1480194062893 0 -1
1480194067363 12 2
1480194070756 12 -2
1480194073739 11 -1
1480194074740 7 -1
1480194076518 1 1
1480194080099 12 3
1480194081699 0 1
1480194096236 5 -3
1480194098140 3 1
1480194101292 4 2
1480194102708 10 -1
1480194103658 5 -1
1480194108428 2 -1
1480194121228 8 -2
1480194136196 9 1
1480194142260 12 1
1480194145037 0 -1
1480194147043 12 -3
1480194150939 6 -1
1480194152339 1 -1
1480194153859 7 2
1480194155778 12 1
1480194169902 9 -1
1480194171259 6 -1
1480194174426 12 -1
1480194176130 7 -2
1480194177226 1 1
1480194179052 12 2
1480194181708 0 1
1480194186189 5 3
1480194187708 4 -1
1480194191027 3 -1
1480194193595 0 -1
1480194199571 12 -2
1480194208498 1 -1
1480194213051 7 2
1480194216579 11 2
1480194218521 12 1
1480194238612 11 -2
1480194241179 3 1
1480194243459 4 1
1480194245285 12 -1
1480194247998 11 2
1480194249778 4 -1
1480194251955 3 -1
1480194253045 11 -2
1480194254514 7 -2
1480194257730 1 1
1480194259995 12 2
1480194262511 0 1
1480194263883 5 -2
1480194268818 3 1
1480194270790 4 1
1480194272188 5 -1
1480194285781 5 2
1480194300148 5 -1
1480194303155 4 -1
1480194304627 3 -1
1480194308971 5 2
1480194310114 0 -1
1480194311411 12 -2
1480194315966 1 -1
1480194317548 7 2
1480194320324 12 1
1480194327874 11 1
1480194329507 12 -1
1480194335884 7 -1
1480194338851 6 2
1480194340643 9 1
1480194344106 12 1
1480194345322 11 -1
1480194346437 3 1
1480194349253 4 1
1480194350644 12 -1
1480194352586 9 -1
1480194354602 6 -2
1480194356378 7 1
1480194363028 7 -2
1480194367066 7 2
1480194368803 11 2
1480194370355 4 1
1480194372724 12 1
1480194377211 6 1
1480194379218 9 1
1480194382659 4 -2
1480194388994 3 -1
1480194392706 11 -2
1480194394540 7 -2
1480194396363 1 1
1480194398635 6 1
1480194401300 9 -1
1480194403098 9 1
1480194404746 12 2
1480194406626 0 1
1480194408755 5 -2
1480194411010 9 -1
1480194412106 12 -1
1480194413611 6 -2
1480194417226 3 1
1480194420619 4 1
1480194422874 5 2
1480194425522 4 -1
1480194427029 3 -1
1480194428862 0 -1
1480194431506 12 -2
1480194433275 1 -1
1480194434755 7 2
1480194438675 11 2
1480194440026 3 1
1480194441642 4 2
1480194448351 11 -1
1480194450547 7 -1
1480194453203 6 2
1480194454682 9 1
1480194459227 12 1
1480194461442 4 -2
1480194463299 3 -1
1480194464994 12 -1
1480194466771 9 -1
1480194469074 6 -2
1480194470796 7 1
1480194473598 11 -1
1480194476330 3 1
1480194478170 4 1
1480194484412 12 1
1480194486026 7 -2
1480194489242 12 -1
1480194491397 1 1
1480194493962 4 -1
1480194495674 3 -1
1480194504514 1 -1
1480194507642 7 2
1480194512614 3 1
1480194519116 7 -2
1480194521059 1 1
1480194523051 12 2
1480194526692 3 -1
1480194563772 12 -2
1480194569122 1 -1
1480194570628 7 2
1480194575603 11 2
1480194577131 3 1
1480194579059 4 2
1480194580996 12 1
1480194582427 11 -1
1480194583974 7 -1
1480194586475 4 -2
1480194589819 3 -1
1480194590827 11 -1
1480194592144 7 -1
1480194593819 1 1
1480194595195 12 1
1480194597699 3 1
1480194599204 4 1
1480194600868 12 -2
1480194602756 1 -1
1480194604355 7 2
1480194606643 11 2
1480194608731 4 -1
1480194610683 3 -1
1480194611772 11 -2
1480194621573 7 -2
1480194623803 1 1
1480194626027 6 2
1480194628556 12 3
1480194632875 3 1
1480194634576 4 1
1480194639123 9 1
1480194641899 9 -1
1480194644988 0 1
1480194647159 5 -3
1480194648876 0 -1
1480194651330 12 -3
1480194656967 6 -2
1480194659509 12 2
1480194661237 0 1
1480194667276 5 3
1480194669027 0 -1
1480194670675 4 -1
1480194672820 12 -2
1480194674835 3 -1
1480194677286 1 -1
1480194679149 7 2
1480194681323 11 2
1480194682572 3 1
1480194684358 4 2
1480194686166 12 1
1480194698459 11 -1
1480194703149 12 -1
1480194706698 4 -2
1480194708459 11 -1
1480194709978 3 -1
1480194713186 7 -2
1480194715197 1 1
1480194741691 12 2
1480194742758 3 1
1480194744450 4 1
1480194746022 12 -2
1480194749130 1 -1
1480194750725 7 2
1480194752171 12 1
1480194754178 11 2
1480194755410 4 1
1480194758274 12 -1
1480194760270 4 -2
1480194761803 3 -1
1480194772250 11 -2
1480194773987 12 1
1480194776082 11 2
1480194777842 6 1
1480194779932 9 1
1480194781701 11 -2
1480194783187 3 1
1480194786549 4 1
1480194789418 12 -1
1480194791866 9 -1
1480194794938 6 -1
1480194796570 12 1
1480194800754 4 -1
1480194802627 3 -1
1480194804868 12 -1
1480194811189 7 -2
1480194813153 6 2
1480194814796 9 1
1480194816859 1 1
1480194823091 9 -1
1480194828250 3 1
1480194830241 12 3
1480194832276 0 1
1480194833946 5 -2
1480194848291 12 -1
1480194849554 4 1
1480194851003 5 -1
1480194852747 0 -1
1480194854826 12 -2
1480194858570 9 1
1480194860429 1 -1
1480194862891 12 1
1480194866338 12 -1
1480194869595 1 1
1480194874849 12 2
1480194876548 0 1
1480194878378 9 -1
1480194891930 6 -2
1480194894476 5 3
1480194895711 4 -1
1480194897242 3 -1
1480194901637 0 -1
1480194903875 12 -2
1480194905450 1 -1
1480194907882 7 2
1480194914122 3 1
1480194918668 11 2
1480194920570 12 1
1480194924777 4 2
1480194926663 12 -1
1480194928382 11 -1
1480194931899 7 -1
1480194934532 6 2
1480194937163 9 1
1480194938843 12 1
1480194941323 4 -2
1480194942935 3 -1
1480194945554 11 -1
1480194947555 9 -1
1480194950069 6 -2
1480194951754 12 -1
1480194953794 7 1
1480194955850 3 1
1480194957811 12 1
1480194959811 4 1
1480194961532 12 -1
1480194965734 7 -2
1480194967859 1 1
1480194973606 4 -1
1480194975737 3 -1
1480194980117 1 -1
1480194983372 6 2
1480194986851 9 1
1480194988355 12 1
1480194990547 3 1
1480194991883 4 1
1480194993698 12 -1
1480194999581 1 1
1480195003663 1 -1
1480195005035 7 1
1480195006459 11 1
1480195007927 4 1
1480195010099 9 -1
1480195014996 6 -2
1480195018918 6 1
1480195020793 12 1
1480195024683 4 -2
1480195028002 3 -1
1480195032756 8 1
1480195034266 2 1
1480195035622 0 -1
1480195037416 9 -2
1480195038692 1 -1
1480195040850 3 2
1480195043482 6 1
1480195045155 9 1
1480195047963 4 2
1480195049361 9 -2
1480195055604 12 -1
1480195058380 0 1
1480195059965 2 -1
1480195061411 8 -1
1480195063091 6 -2
1480195065131 3 1
1480195066634 7 1
1480195068714 11 1
1480195070458 12 1
1480195085795 12 -1
1480195090083 11 -1
1480195097499 12 1
1480195101139 3 -2
1480195104876 6 1
1480195106214 8 1
1480195107724 2 1
1480195109995 10 1
1480195111308 12 -1
1480195113303 7 -1
1480195114571 6 1
1480195115844 3 1
1480195120067 10 -1
1480195121803 0 -1
1480195125115 9 2
1480195126589 4 -2
1480195128370 11 -1
1480195136189 3 -2
1480195138099 6 -1
1480195139683 3 2
1480195142385 7 1
1480195144548 4 1
1480195147706 9 -1
1480195154170 3 -1
1480195155819 1 1
1480195158067 9 2
1480195159530 0 1
1480195161354 2 -1
1480195163236 8 -1
1480195164835 6 -1
1480195167250 4 -1
1480195168898 3 -1
1480195170933 7 -2
1480195173066 1 1
1480195174922 12 2
1480195176666 0 1
1480195178938 3 1
1480195181506 4 1
1480195184234 5 -3
1480195188371 0 -1
1480195191579 12 -2
1480195193066 1 -1
1480195194844 7 2
1480195196442 11 2
1480195198130 4 1
1480195199546 12 1
1480195201044 11 -1
1480195202394 4 -1
1480195204482 11 -1
1480195206278 7 -2
1480195207597 1 1
1480195209371 12 1
1480195211171 0 1
1480195213004 5 3
1480195214275 0 -1
1480195216378 12 -2
1480195217841 1 -1
1480195219433 4 -1
1480195220649 3 -1
1480195222602 7 2
1480195225818 3 1
1480195228986 11 2
1480195230946 4 2
1480195232475 12 1
1480195236524 4 -2
1480195240802 3 -1
1480195241109 3 1
1480195243458 11 -2
1480195245010 3 -1
1480195250444 3 1
1480195253850 12 -1
1480195256571 6 1
1480195257818 9 1
1480195259250 12 1
1480195260385 3 -1
1480195263146 11 2
1480195264972 3 1
1480195267460 4 2
1480195269274 12 -1
1480195272102 11 -1
1480195276057 4 -2
1480195279402 12 1
1480195280762 11 -1
1480195281930 7 -2
1480195283717 1 1
1480195285126 12 -1
1480195286793 9 -1
1480195288466 1 -1
1480195290386 7 2
1480195292826 4 1
1480195294314 11 2
1480195295666 12 1
1480195300556 6 -1
