1481815603286 6 1
1481815603966 8 1
1481815605383 2 1
1481815606183 5 1
1481815608005 10 1
1481815609582 10 -1
1481815610198 0 -1
1481815610886 9 2
1481815612461 4 -2
1481815613351 11 -1
1481815615166 3 -2
1481815616550 12 -1
1481815617206 9 -1
1481815618535 1 1
1481815619486 7 -1
1481815620398 1 1
1481815622878 5 -1
1481815623662 5 1
1481815625614 9 2
1481815626374 12 2
1481815627286 0 2
1481815628655 5 -3
1481815629967 8 -1
1481815631167 12 1
1481815632638 12 -1
1481815633247 6 -1
1481815637254 10 1
1481815638038 4 -1
1481815639806 5 2
1481815640646 0 -1
1481815642414 12 -3
1481815645373 1 -1
1481815646198 7 2
1481815647671 0 1
1481815650054 5 -2
1481815652798 11 2
1481815653532 3 1
1481815657150 11 -1
1481815657934 7 -1
1481815658734 6 1
1481815659806 8 1
1481815661653 11 -1
1481815662294 7 -1
1481815663142 1 1
1481815666637 8 -1
1481815669350 8 1
1481815672214 5 2
1481815673790 0 -1
1481815674935 12 3
1481815678181 4 2
1481815679229 8 -1
1481815680415 6 -1
1481815682693 12 -1
1481815683750 1 -1
1481815684709 7 2
1481815685878 11 2
1481815688349 4 1
1481815689661 10 -1
1481815690734 2 -1
1481815691525 8 -1
1481815692453 6 -1
1481815694862 11 -1
1481815697830 6 1
1481815698534 8 1
1481815699687 2 1
1481815703237 2 -1
1481815704268 12 -1
1481815705846 8 -1
1481815706630 9 1
1481815710110 9 -1
1481815711038 6 -1
1481815715086 6 1
1481815715974 8 1
1481815716822 2 1
1481815717837 0 -1
1481815718965 9 -3
1481815719950 0 1
1481815721030 12 1
1481815722238 10 1
1481815724382 10 -1
1481815725773 12 -1
1481815728453 0 -1
1481815729406 9 3
1481815730452 0 1
1481815731830 2 -1
1481815732869 8 -1
1481815733830 6 -1
1481815735439 11 1
1481815736957 12 1
1481815737822 4 -2
1481815738838 3 -1
1481815740862 11 -2
1481815742300 7 -2
1481815743015 1 1
1481815744309 12 1
1481815745277 0 1
1481815746470 5 -2
1481815748157 6 2
1481815749038 12 1
1481815750054 9 1
1481815752477 9 -1
1481815753604 12 -1
1481815754551 6 -2
1481815755830 6 2
1481815756982 12 1
1481815760101 5 2
1481815761878 5 -2
1481815763277 9 1
1481815764821 5 2
1481815767654 5 -2
1481815768479 9 -1
1481815769126 12 -1
1481815770549 6 -2
1481815774261 6 1
1481815775692 6 1
1481815777925 5 2
1481815778590 0 -1
1481815779630 12 -2
1481815780830 6 -2
1481815781461 1 -1
1481815782701 7 2
1481815783669 11 2
1481815784316 3 1
1481815786484 4 2
1481815789053 4 -2
1481815790532 3 -1
1481815792198 11 -2
1481815794062 6 1
1481815795021 9 1
1481815795837 12 1
1481815796988 11 2
1481815798277 3 1
1481815801565 4 2
1481815805269 4 -2
1481815806062 11 -2
1481815806773 3 -1
1481815807701 7 -2
1481815808676 6 1
1481815809605 9 -1
1481815811142 8 1
1481815812044 2 1
1481815812846 10 1
1481815813629 4 -1
1481815814973 12 -2
1481815815909 0 1
1481815817021 5 -2
1481815823789 7 1
1481815828950 6 -1
1481815829708 7 1
1481815834277 7 -2
1481815835237 6 1
1481815835884 1 1
1481815838060 8 1
1481815843677 8 -1
1481815845605 5 2
1481815846757 0 -1
1481815847669 12 4
1481815848462 0 1
1481815850550 5 -2
1481815851317 4 1
1481815852517 10 -1
1481815853309 2 -1
1481815854302 8 -1
1481815855453 9 1
1481815856557 9 -1
1481815857204 12 -1
1481815858093 6 -2
1481815860750 6 2
1481815861565 12 1
1481815863500 12 -1
1481815864941 6 -2
1481815868900 5 2
1481815869588 0 -1
1481815870453 12 -2
1481815874685 6 2
1481815875620 12 3
1481815876405 0 1
1481815877309 5 -2
1481815880942 12 -1
1481815881765 6 -2
1481815889045 5 2
1481815891533 5 -2
1481815892749 3 1
1481815895981 4 1
1481815896781 5 -1
1481815899028 0 -1
1481815900004 12 -2
1481815902868 6 1
1481815904277 6 1
1481815904892 6 -2
1481815905957 1 -1
1481815907245 7 2
1481815908590 11 2
1481815909764 4 1
1481815912771 6 1
1481815913588 9 1
1481815915348 4 -1
1481815916285 11 -2
1481815919013 9 -1
1481815919717 6 -1
1481815922365 12 1
1481815925885 11 1
1481815926804 4 1
1481815929084 12 -1
1481815932701 7 -1
1481815933620 6 2
1481815934885 9 1
1481815935940 9 -1
