1479931620512 8 -1
1479931622080 6 -1
1479931623256 7 1
1479931625528 3 1
1479931628040 11 1
1479931631534 3 -2
1479931632218 11 -1
1479931632891 7 -1
1479931633589 6 2
1479931634344 8 2
1479931634951 5 1
1479931635539 2 1
1479931636312 0 -1
1479931637705 9 2
1479931638896 4 -2
1479931639873 11 -1
1479931640972 3 -1
1479931641898 7 -1
1479931642834 1 2
1479931643637 12 1
1479931644265 9 1
1479931646585 0 2
1479931647273 10 1
1479931648241 4 -1
1479931648972 0 -1
1479931650097 12 -3
1479931651105 1 -1
1479931652033 7 1
1479931658445 7 -1
1479931659090 1 1
1479931660826 12 3
1479931663615 R
1479931666756 6 1
1479931667717 8 1
1479931668348 5 1
1479931669100 2 1
1479931670027 0 -1
1479931672726 9 2
1479931678152 4 -2
1479931679629 3 -2
1479931680110 11 -1
1479931680851 7 -1
1479931682187 1 2
1479931682762 12 1
1479931683293 9 1
1479931684372 0 2
1479931684987 10 1
1479931685628 4 -1
1479931686317 0 -1
1479931687724 12 -3
1479931688901 0 1
1479931689845 5 -3
1479931690727 8 -1
1479931692388 6 -1
1479931693084 1 -1
1479931693717 7 2
1479931695109 11 2
1479931700710 U
1479931701382 U
1479931702182 U
1479931704270 6 1
1479931704900 8 1
1479931705828 5 3
1479931706678 0 -1
1479931707421 12 3
1479931708080 4 1
1479931708655 R
1479931717981 8 -1
1479931718966 6 -1
1479931719557 3 1
1479931721397 12 -1
1479931722650 7 1
1479931723168 11 1
1479931724472 12 1
1479931727992 R
1479931728987 6 1
1479931729608 8 1
1479931731054 5 1
1479931732267 2 1
1479931734231 10 1
1479931735435 10 -1
1479931736326 0 -1
1479931736950 9 2
1479931737839 4 -1
1479931738879 11 -1
1479931739983 3 -1
1479931740623 1 1
1479931741454 9 1
1479931742335 0 1
1479931742853 10 1
1479931743510 4 -2
1479931745423 12 -2
1479931746567 0 1
1479931748912 5 -1
1479931749839 8 -1
1479931750520 6 -1
1479931751119 7 1
1479931752119 11 2
1479931752837 3 -1
1479931754443 3 1
1479931754882 11 -2
1479931755545 7 -2
1479931756393 6 1
1479931757104 8 1
1479931759984 5 1
1479931761232 0 -1
1479931762496 12 2
1479931763240 4 2
1479931764378 10 -1
1479931765016 0 -1
1479931765772 9 -2
1479931766734 1 -1
1479931767913 7 1
1479931768528 3 1
1479931770659 5 -1
1479931771371 8 -1
1479931772369 6 -1
1479931772906 7 1
1479931774524 3 -1
1479931775112 11 2
1479931776321 4 -1
1479931777041 3 -1
1479931779890 3 2
1479931784136 4 2
1479931785069 9 -1
1479931785818 0 1
1479931787244 2 -1
1479931787850 8 -1
1479931788518 6 -1
1479931789101 3 1
1479931794347 12 -1
1479931798206 3 -1
1479931799906 3 1
1479931802194 12 1
1479931807820 R
1479931808645 6 1
1479931809291 8 1
1479931809781 5 1
1479931810358 2 1
1479931811292 0 -1
1479931812300 9 2
1479931813755 4 -1
1479931814443 11 -1
1479931815492 4 -1
1479931816427 3 -2
1479931817596 12 -1
1479931818178 9 -1
1479931819091 1 1
1479931819749 7 -1
1479931820524 1 1
1479931822797 5 -1
1479931823452 8 -1
1479931824494 12 3
1479931826436 9 2
1479931827412 0 2
1479931828899 5 -2
1479931830276 10 1
1479931833423 10 -1
1479931834095 2 -1
1479931834900 8 -1
1479931835629 9 1
1479931836860 5 2
1479931839349 0 -1
1479931839988 12 -3
1479931844421 12 2
1479931845069 0 1
1479931847974 5 -2
1479931849463 R
1479931874032 R
1479931875892 8 -1
1479931876513 6 -1
1479931877433 3 1
1479931879543 7 1
1479931881455 11 1
1479931887518 12 -1
1479931889208 3 -2
1479931890288 1 1
1479931892096 6 1
1479931893416 8 1
1479931893959 2 1
1479931894615 0 -1
1479931898096 1 -1
1479931899544 3 1
1479931900020 11 -1
1479931900809 7 -1
1479931901504 6 1
1479931902624 8 1
1479931903744 5 1
1479931906458 U
1479931907035 R
1479931908656 2 1
1479931909305 0 -1
1479931909856 9 2
1479931911087 4 -2
1479931911855 11 -1
1479931912625 7 1
1479931913630 3 -2
1479931914275 12 -1
1479931914778 9 -1
