1481814944051 8 -1
1481814945994 6 -1
1481814946883 7 1
1481814948122 3 1
1481814950594 11 1
1481814951625 12 -1
1481814953107 12 1
1481814955995 12 -1
1481814956738 12 1
1481814957610 11 -1
1481814958603 7 -1
1481814959346 3 -2
1481814960402 6 2
1481814962097 8 2
1481814963313 2 1
1481814965258 5 1
1481814966642 10 1
1481814969129 10 -1
1481814969890 0 -1
1481814970866 9 2
1481814973019 4 -2
1481814975730 3 -1
1481814976985 1 1
1481814977970 9 1
1481814979290 5 -1
1481814980738 8 -1
1481814981922 8 1
1481814984730 11 -1
1481814986571 0 1
1481814987249 10 1
1481814987913 4 -1
1481814988992 12 -2
1481814990377 0 1
1481814992010 5 -2
1481814994817 5 2
1481814995755 8 -1
1481814997241 6 -1
1481814998107 7 1
1481815001177 7 -2
1481815001937 1 1
1481815004609 6 1
1481815006849 0 -1
1481815007748 12 4
1481815008833 0 1
1481815012729 5 -2
1481815015628 3 1
1481815016489 3 -1
1481815019433 4 1
1481815020497 10 -1
1481815021498 2 -1
1481815022345 8 -1
1481815023579 9 1
1481815026218 5 2
1481815027899 0 -1
1481815028706 0 1
1481815029690 5 -2
1481815030994 9 -1
1481815031666 12 -1
1481815032473 6 -2
1481815036498 6 2
1481815037201 12 1
1481815038057 9 1
1481815042923 U
1481815044386 R
1481815046305 7 1
1481815047969 8 -1
1481815050426 8 1
1481815051377 2 1
1481815052041 10 1
1481815054457 10 -1
1481815055024 0 -1
1481815055857 9 2
1481815057208 4 -2
1481815058570 11 -1
1481815061745 3 -2
1481815064249 7 -2
1481815065617 6 1
1481815066498 8 1
1481815067401 5 1
1481815068689 9 -1
1481815069481 9 1
1481815070321 1 2
1481815071442 9 1
1481815072250 12 1
1481815073136 0 2
1481815074512 5 -3
1481815078384 8 -1
1481815080529 12 1
1481815082377 12 -1
1481815083145 8 1
1481815084624 5 3
1481815085777 3 1
1481815087824 2 -1
1481815088728 5 -3
1481815089687 8 -2
1481815091225 6 -2
1481815092664 6 2
1481815093753 9 1
1481815095808 12 1
1481815099367 4 1
1481815100439 5 -1
1481815101991 9 -1
1481815105159 8 1
1481815106175 8 -1
1481815107768 12 -1
1481815108520 6 -2
1481815112152 0 -1
1481815113192 12 -2
1481815114152 1 -1
1481815115464 7 2
1481815118416 11 2
1481815119328 4 1
1481815124776 12 1
1481815126104 4 -1
1481815126839 11 -2
1481815130927 7 -2
1481815131839 6 2
1481815134097 9 1
1481815135039 12 -1
1481815136881 9 -1
1481815139504 9 1
1481815141032 9 -1
1481815141978 7 1
1481815143505 6 -2
1481815145857 11 1
1481815146585 7 1
1481815147352 11 1
1481815148863 4 1
1481815154289 R
1481815159409 8 -1
1481815160274 6 -1
1481815162000 3 1
1481815163313 12 -1
1481815164178 7 1
1481815168482 7 -1
1481815171265 3 -2
1481815172210 12 1
1481815173121 1 1
1481815174792 7 1
1481815176921 6 1
1481815178719 6 -1
1481815179721 1 -1
1481815180913 3 2
1481815185408 12 -1
1481815186264 3 -2
1481815187050 1 1
1481815188393 6 1
1481815189122 1 -1
1481815189833 8 1
1481815190553 2 1
1481815191633 0 -1
1481815192593 9 2
1481815193920 4 -2
1481815195193 11 -1
1481815196080 3 -1
1481815197809 1 1
1481815198663 1 -1
1481815199744 3 2
1481815201112 11 2
1481815201855 4 2
1481815204040 4 -2
1481815204897 11 -2
1481815205519 3 -2
1481815206623 12 1
1481815207697 7 -2
1481815209608 6 1
1481815210337 8 1
1481815211128 1 2
1481815212392 12 1
1481815213313 9 1
1481815214911 0 2
1481815216464 5 -2
1481815218257 8 -1
1481815219480 8 1
1481815220569 8 -1
1481815221689 12 1
1481815223433 12 -1
1481815226600 2 -1
1481815227353 8 -1
1481815229481 6 -2
1481815231231 6 2
1481815232817 9 1
1481815233953 12 1
1481815236528 5 2
1481815239816 0 -1
1481815240785 3 1
1481815241592 12 -3
1481815242320 1 -1
1481815243673 6 -1
1481815244521 7 2
1481815245728 3 -1
1481815246809 12 1
1481815247697 11 2
1481815249016 11 -2
1481815249728 12 -1
1481815252888 11 2
1481815253736 12 1
1481815254296 3 1
1481815255129 4 2
1481815256456 12 -1
1481815262639 9 -1
1481815265056 12 1
1481815266584 6 -1
1481815268374 6 1
1481815270199 12 -1
1481815271551 9 1
1481815273976 4 -2
1481815274878 3 -1
1481815277047 11 -2
