1480345977572 8 -1
1480345979378 6 -1
1480345980275 3 1
1480345981294 7 1
1480345984734 11 1
1480345985934 12 -1
1480345988395 12 1
1480345989615 12 -1
1480345991825 3 -2
1480345992994 1 1
1480345994406 6 1
1480345995708 8 1
1480345998179 2 1
1480345999712 0 -1
1480346000782 9 3
1480346003050 4 -2
1480346004150 11 -2
1480346005058 3 -1
1480346006873 12 1
1480346010262 9 -2
1480346011715 12 -1
1480346012835 1 -1
1480346014367 3 2
1480346015780 12 1
1480346016829 9 1
1480346017787 4 1
1480346019562 11 2
1480346020812 4 1
1480346022154 9 -2
1480346026380 0 1
1480346028296 10 1
1480346029235 10 -1
1480346030929 2 -1
1480346032352 8 -1
1480346033430 6 -1
1480346034671 3 1
1480346038070 12 -1
1480346039794 12 1
1480346040701 3 -2
1480346041670 11 -1
1480346042870 1 1
1480346044736 6 1
1480346045987 8 1
1480346048013 2 1
1480346049144 0 -1
1480346050081 9 3
1480346051785 4 -2
1480346053258 3 -1
1480346054075 11 -1
1480346056345 0 1
1480346058159 10 1
1480346058787 4 -1
1480346060226 12 -2
1480346064342 3 1
1480346068466 7 -2
1480346069527 1 1
1480346070373 6 1
1480346072077 12 4
1480346075848 4 2
1480346077453 10 -1
1480346079903 0 1
1480346080892 5 -3
1480346085008 0 -2
1480346086561 9 -2
1480346087679 12 -3
1480346088557 1 -3
1480346091057 6 -1
1480346092056 7 2
1480346097703 1 2
1480346098893 9 2
1480346099973 0 1
1480346100809 10 1
1480346102264 10 -1
1480346103130 2 -1
1480346104118 8 -1
1480346105207 9 1
1480346106660 9 -1
1480346108182 6 -1
1480346109432 7 -2
1480346111459 1 1
1480346112437 12 2
1480346114112 0 1
1480346115321 5 3
1480346118045 4 -1
1480346120374 3 -1
1480346123148 0 -1
1480346124216 12 -1
1480346125184 1 -1
1480346126031 7 2
1480346130378 7 -2
1480346131518 1 1
1480346132356 6 2
1480346134361 9 1
1480346135431 12 2
1480346136378 0 1
1480346137337 5 -2
1480346139576 9 -1
1480346140150 12 -1
1480346140805 6 -2
1480346142853 6 2
1480346143570 12 1
1480346144336 3 1
1480346145546 3 -1
1480346150286 8 1
1480346151112 2 1
1480346152473 10 1
1480346153321 4 -1
1480346155883 5 2
1480346157103 0 -1
1480346158020 12 -4
1480346162014 0 1
1480346163516 5 -1
1480346164334 5 -1
1480346166361 1 -1
1480346167662 6 -1
1480346169356 7 2
1480346171504 11 2
1480346172290 11 -2
1480346174307 5 2
1480346175044 0 -1
1480346176899 0 1
1480346182123 5 -2
1480346186449 5 2
1480346189173 0 -1
1480346190008 12 2
1480346193035 3 1
1480346193921 11 2
1480346197149 12 -2
1480346197906 3 -1
1480346199247 11 -2
1480346201284 7 -2
1480346202656 6 1
1480346203715 1 1
1480346206518 12 4
1480346208506 0 1
1480346212873 0 -1
1480346225196 4 1
1480346226084 10 -1
1480346228262 0 -1
1480346229633 3 1
1480346230793 4 1
1480346232316 0 2
1480346234393 5 -3
1480346235845 2 -1
1480346236844 8 -1
1480346238145 9 1
1480346241776 0 -1
1480346242915 12 -3
1480346243824 1 -1
1480346244640 6 -1
1480346245981 7 2
1480346246898 11 2
1480346247826 4 1
1480346251527 4 -1
1480346252869 12 1
1480346255885 4 1
1480346257529 4 -1
1480346258546 9 -1
1480346259575 6 -1
1480346261592 6 1
1480346266272 8 1
