1480350475824 8 -1
1480350476652 6 -1
1480350477949 3 1
1480350479258 7 1
1480350484598 12 -1
1480350496274 U
1480350514907 11 1
1480350517700 R
1480350520763 2 1
1480350522235 0 -1
1480350525299 9 2
1480350527462 4 -2
1480350529601 11 -1
1480350535049 6 1
1480350536334 8 1
1480350537508 5 1
1480350543452 4 1
1480350546689 9 -1
1480350547764 12 -1
1480350549753 5 -1
1480350550951 8 -1
1480350552508 6 -1
1480350553447 7 1
1480350556846 11 2
1480350558377 4 1
1480350559292 9 -1
1480350563961 3 -1
1480350567720 11 -1
1480350571811 7 -1
1480350572923 6 1
1480350576062 8 1
1480350577199 5 1
1480350582898 9 2
1480350584122 4 -2
1480350585148 3 -1
1480350586062 11 -1
1480350588695 1 1
1480350589734 9 1
1480350592502 12 1
1480350594542 3 1
1480350595580 4 1
1480350596965 9 -2
1480350597781 12 -1
1480350598635 1 -1
1480350599413 3 1
1480350600526 12 1
1480350601242 9 1
1480350602195 4 -1
1480350603689 3 -2
1480350605025 1 1
1480350606409 9 1
1480350609573 3 1
1480350610574 4 1
1480350611749 12 -1
1480350613800 9 -2
1480350614751 4 -1
1480350615827 3 -1
1480350623170 1 -1
1480350624208 3 2
1480350627446 7 -1
1480350628250 7 1
1480350628978 12 1
1480350629757 9 1
1480350631265 11 1
1480350632241 4 2
1480350636889 9 -2
1480350638051 0 1
1480350639075 2 -1
1480350640029 12 -1
1480350641153 3 -1
1480350642116 1 1
1480350647419 12 1
1480350651423 12 -1
1480350653006 5 -1
1480350654489 8 -2
1480350659259 1 -1
1480350660162 6 -2
1480350661226 3 2
1480350664500 12 1
1480350667070 7 1
1480350668195 11 1
1480350672249 3 -2
1480350676686 11 -1
1480350683965 1 1
1480350686956 6 1
1480350688119 8 1
1480350688947 2 1
1480350690282 0 -1
1480350693200 9 3
1480350696525 0 1
1480350697438 2 -1
1480350700245 8 -1
1480350701023 9 1
1480350710169 9 -1
1480350711146 6 -1
1480350711962 7 -1
1480350713088 7 1
1480350715744 4 -2
1480350716709 11 -1
1480350717797 7 -2
1480350720651 1 1
1480350721652 12 1
1480350724471 0 1
1480350725868 6 2
1480350727214 9 1
1480350727894 12 1
1480350734049 3 -1
1480350738957 9 -1
1480350739539 12 -1
1480350741503 6 -2
1480350744174 6 2
1480350745321 8 2
1480350746151 2 1
1480350749227 10 1
1480350750043 4 -1
1480350752428 0 -1
1480350754071 12 -3
1480350755209 0 1
1480350760969 5 -2
1480350768879 1 -1
1480350770239 1 1
1480350775540 8 -1
1480350777259 6 -1
1480350779224 1 -1
1480350780114 7 2
1480350784080 11 2
1480350785700 11 -2
1480350801311 7 -2
1480350801942 1 1
1480350804930 5 2
1480350805932 0 -1
1480350807726 12 3
1480350811643 12 -3
1480350814189 0 1
1480350816513 5 -2
1480350818725 6 1
1480350819701 8 1
1480350821197 5 3
1480350827203 1 -1
1480350828043 7 1
1480350830083 3 1
