1480349496980 8 -1
1480349498986 3 -1
1480349501598 1 1
1480349507269 8 1
1480349508044 2 1
1480349509617 0 -1
1480349511508 9 3
1480349517404 4 -2
1480349521752 11 -1
1480349522561 7 -1
1480349523786 1 1
1480349524680 6 1
1480349526076 12 2
1480349527876 0 2
1480349535730 0 -1
1480349543213 10 1
1480349544298 4 -1
1480349544574 4 2
1480349545837 4 -2
1480349547788 12 -4
1480349560727 1 -1
1480349561910 6 -1
1480349566194 3 -1
1480349570416 7 2
1480349600691 12 2
1480349601443 3 1
1480349602283 11 2
1480349603457 4 3
1480349605295 10 -1
1480349607269 2 -1
1480349608189 8 -1
1480349615967 9 1
1480349622079 9 -1
1480349623181 8 1
1480349624327 2 1
1480349625432 10 1
1480349626669 4 -3
1480349628243 12 -2
1480349629242 0 1
1480349636840 0 -1
1480349638443 12 1
1480349639687 4 1
1480349640860 10 -1
1480349643509 0 -1
1480349651693 9 -1
1480349654144 1 -1
1480349657238 3 1
1480349658932 4 2
1480349661232 9 -2
1480349664876 9 2
1480349666285 9 -2
1480349667508 0 1
1480349673398 2 -1
1480349677548 3 -1
1480349678311 11 -1
1480349679214 7 -1
1480349680414 6 1
1480349697196 8 1
1480349709749 2 1
1480349711000 0 -1
1480349721456 9 1
1480349723152 4 -2
1480349727266 8 -1
1480349732731 6 -1
1480349733770 3 1
1480349735220 4 2
1480349736882 9 -1
1480349749002 3 -1
1480349752870 6 1
1480349753656 1 1
1480349755276 9 3
1480349758336 4 -2
1480349760119 0 1
1480349764340 2 -1
1480349765452 8 -1
1480349766680 6 -2
1480349770822 7 1
1480349772308 11 -1
1480349778637 3 -1
1480349788216 7 -2
1480349789270 1 1
1480349790968 12 2
1480349792020 0 1
1480349797524 5 -2
1480349810626 6 2
1480349816710 5 2
1480349819636 0 -1
1480349822070 8 2
1480349823429 2 1
1480349824833 0 -1
1480349827278 9 -2
1480349829384 12 -2
1480349832792 8 -1
1480349833946 1 -2
1480349835190 6 -1
1480349836838 3 2
1480349837657 7 2
1480349839166 11 2
1480349839984 4 2
1480349841405 9 -1
1480349842321 0 1
1480349843156 2 -1
