1482776189278 2 1
1482776190238 0 -1
1482776191981 6 1
1482776193117 6 -1
1482776193757 7 1
1482776195077 9 2
1482776196285 4 -2
1482776197205 11 -1
1482776198261 7 -2
1482776198973 6 1
1482776199909 8 1
1482776200812 5 1
1482776204605 3 -2
1482776205205 3 2
1482776205989 7 1
1482776206989 3 -2
1482776208517 1 1
1482776209869 9 1
1482776212429 5 -1
1482776213237 8 -1
1482776213981 6 -1
1482776214965 7 1
1482776215837 7 -2
1482776220325 0 1
1482776221356 2 -1
1482776222501 8 -1
1482776223541 9 1
1482776224293 12 -1
1482776225933 1 1
1482776226805 6 1
1482776227901 12 3
1482776229997 3 1
1482776231213 4 1
1482776231821 0 1
1482776232734 5 -3
1482776234557 9 -1
1482776235119 12 -1
1482776236325 6 -2
1482776239533 0 -1
1482776240365 12 -2
1482776241061 1 -1
1482776242469 7 2
1482776243565 6 1
1482776244381 9 1
1482776246469 12 1
1482776247541 7 -2
1482776248005 1 1
1482776249077 12 1
1482776249837 6 1
1482776250538 12 1
1482776251077 9 -1
1482776251949 8 1
1482776252989 2 1
1482776254445 0 1
1482776255813 0 -2
1482776256693 9 -2
1482776258621 12 -3
1482776260029 1 -3
1482776263030 12 3
1482776264655 3 1
1482776265277 7 1
1482776265877 11 1
1482776266493 4 1
1482776267247 9 -1
1482776269597 0 2
1482776272205 12 -1
1482776273919 2 -1
1482776277430 8 -1
1482776278796 6 -2
1482776279621 3 1
1482776281677 7 1
1482776282693 0 1
1482776284656 9 2
1482776285501 4 -1
1482776286238 11 -1
1482776287791 0 2
