1480354729700 3 -1
1480354730994 12 -1
1480354734976 7 1
1480354735978 3 1
1480354736946 11 1
1480354738475 12 1
1480354745517 12 -1
1480354748622 3 -1
1480354749713 1 1
1480354754776 11 -1
1480354756981 7 -1
1480354761818 1 -1
1480354762909 3 1
1480354764630 12 1
1480354769490 7 1
1480354771200 11 1
1480354778534 12 -1
1480354781617 3 -1
1480354782787 11 -1
1480354786105 7 -1
1480354787062 6 1
1480354788198 8 1
1480354789176 5 1
1480354791201 2 1
1480354792461 0 -1
1480354802698 9 2
1480354804082 9 -2
1480354807558 9 2
1480354808717 4 -2
1480354809853 11 -1
1480354810618 3 -1
1480354811889 12 1
1480354814150 9 -1
1480354816805 12 -1
1480354820304 3 2
1480354821350 3 -2
1480354823038 9 1
1480354827638 3 2
1480354831047 11 1
1480354834388 4 2
1480354836222 9 -2
1480354837212 0 1
1480354838933 10 1
1480354843613 12 1
1480354849271 10 -1
1480354850868 0 -1
1480354853130 9 2
1480354855087 4 -2
1480354857523 3 -2
1480354860622 3 2
1480354867664 4 2
1480354869115 9 -2
1480354870510 0 1
1480354872220 10 1
1480354876484 10 -1
1480354877226 2 -1
1480354878407 5 -1
1480354879296 8 -2
1480354880128 6 -2
1480354887373 7 1
1480354889308 3 1
1480354893392 11 1
1480354895127 12 -1
1480354899410 11 -1
1480354914597 12 1
1480354916265 3 -2
1480354922944 6 1
1480354923754 8 1
1480354924890 2 1
1480354925993 0 -1
1480354932180 11 1
1480354941382 R
1480354950168 2 1
1480354951259 0 -1
1480354952508 9 2
1480354954308 4 -2
1480354958180 11 -1
1480354959572 7 1
1480354961946 3 -2
1480354962812 12 -1
1480354963634 9 -1
1480354965344 1 1
1480354967470 9 2
1480354968325 0 1
1480354969776 2 -1
1480354970923 8 -1
1480354972071 9 1
1480354975918 12 1
1480354978944 11 2
1480354980519 3 1
1480354981791 4 2
1480354982735 12 -1
1480354986910 11 -1
1480354987642 7 -1
1480354988270 6 1
1480354989350 9 -1
1480354990002 8 2
1480354991004 2 1
1480354991825 10 1
1480354992916 4 -3
1480354995852 12 -1
1480354996954 0 1
1480354998316 5 -2
1480354999396 8 -1
1480355001477 6 -1
1480355002287 7 1
1480355004008 11 -1
1480355007518 7 -2
1480355008631 1 1
1480355010161 1 -1
1480355027486 5 2
1480355028352 0 -1
1480355037667 3 -1
1480355040029 7 2
1480355041806 0 1
1480355043201 5 -2
1480355046419 3 1
1480355047859 3 -1
1480355048758 7 -2
1480355049625 1 1
1480355050682 3 1
1480355054788 R
1480355066341 8 -1
1480355067399 6 -1
1480355068569 3 1
1480355076005 7 1
1480355080505 12 -1
1480355082248 11 1
1480355089234 R
1480355094746 2 1
1480355095680 10 1
1480355098144 10 -1
1480355098786 2 -1
1480355099876 8 -1
1480355100641 6 -1
1480355101800 3 1
1480355108629 U
1480355109168 U
1480355109675 U
1480355111137 2 1
1480355112116 0 -1
1480355115209 9 2
1480355117189 4 -2
1480355118359 3 -2
1480355126605 U
1480355127111 U
1480355127584 U
1480355128349 U
1480355129676 2 -1
1480355130409 8 -1
1480355131622 6 -1
1480355132533 3 1
1480355150510 12 -1
1480355155044 12 1
1480355156675 R
1480355183572 8 -1
1480355238087 6 1
1480355246423 8 2
1480355247256 2 1
1480355248135 0 -1
1480355261261 12 -1
1480355262454 12 1
1480355264580 9 2
1480355265941 4 -2
1480355269451 3 -2
1480355272218 12 -1
1480355273096 9 -1
1480355275177 9 1
1480355275964 1 1
1480355276853 9 1
1480355280115 0 1
1480355281567 10 1
1480355282500 4 -1
1480355283513 12 -1
1480355284885 0 1
1480355289655 8 -1
1480355291747 6 -1
1480355293019 11 -1
1480355294065 7 1
1480355309375 5 -2
1480355312739 3 1
1480355315068 3 -1
1480355316688 5 2
1480355317543 0 -1
1480355319005 12 2
1480355324652 12 -1
1480355325732 7 -2
1480355327487 1 1
1480355328376 6 1
1480355331346 12 3
1480355339861 3 1
1480355344519 0 1
1480355347084 5 -2
1480355353507 5 2
1480355355217 4 2
1480355356398 5 -3
1480355359132 0 -1
1480355360189 12 -3
1480355362147 10 -1
1480355363092 0 -1
1480355364329 12 3
1480355373700 0 2
1480355375916 0 -2
1480355378121 12 -3
1480355379201 1 -1
1480355380294 6 -1
1480355381307 7 2
1480355382812 12 1
1480355384229 11 2
1480355386288 11 -2
1480355387616 7 -2
1480355391823 9 -1
1480355395996 1 -2
1480355401070 R
1480355403185 8 -1
1480355404355 6 -1
1480355405187 3 1
1480355420711 7 1
1480355422174 11 1
1480355424053 12 -1
1480355426899 12 1
1480355433795 R
1480355437057 8 -1
1480355441692 8 1
1480355442716 2 1
1480355443795 0 -1
1480355445933 9 2
1480355448588 4 -2
1480355455596 9 -1
1480355456521 12 -1
1480355458116 3 -2
1480355459612 11 -1
1480355460940 7 1
1480355465620 1 1
1480355466621 9 2
1480355468455 0 1
1480355470750 2 -1
1480355471672 8 -1
1480355477252 6 -1
1480355480761 12 1
1480355482370 11 2
1480355483832 3 1
1480355484860 4 2
1480355485970 12 -1
