1482169988154 2 1
1482169988687 0 -1
1482169989456 9 2
1482169991040 4 -2
1482169991870 11 -1
1482169992420 3 -2
1482169993086 7 1
1482169993617 1 1
1482169994372 9 1
1482169995156 12 -1
1482169995782 0 1
1482169996316 10 1
1482169996817 4 -1
1482169997561 12 -1
1482169998291 0 1
1482169999897 3 1
1482170000729 7 -2
1482170001262 1 1
1482170001772 6 1
1482170002274 8 1
1482170003111 5 1
1482170004140 0 -1
1482170005126 12 1
1482170005660 4 2
1482170006428 10 -1
1482170007064 0 -1
1482170008176 9 -2
1482170009069 1 -2
1482170010002 3 1
1482170010543 7 1
1482170011374 4 -1
1482170012033 11 1
1482170012589 3 -2
1482170014825 9 1
1482170015372 12 1
1482170015842 3 2
1482170016376 4 2
1482170017136 9 -2
1482170017763 12 -1
1482170018397 0 1
1482170019463 2 -1
1482170020084 5 -1
1482170020631 8 -2
1482170022028 6 -2
1482170022772 3 1
1482170023555 12 1
1482170024896 7 1
1482170025452 11 1
1482170025962 12 -1
1482170028306 3 -2
1482170029428 3 2
1482170031137 12 1
1482170032695 12 -1
1482170033394 3 -2
1482170033998 1 1
1482170034640 6 1
1482170035431 8 1
1482170036465 11 -1
1482170037196 7 -1
1482170037940 6 1
1482170038356 8 1
1482170039103 5 1
1482170040222 2 1
1482170040661 0 -1
1482170041397 9 3
1482170042440 0 1
1482170043130 4 -2
1482170043577 10 1
1482170044055 4 -1
1482170044628 12 -1
1482170045782 3 -1
1482170046228 11 -1
1482170048094 0 1
1482170050648 0 -1
1482170051394 12 1
1482170052492 4 1
1482170053165 10 -1
1482170053660 2 -1
1482170056050 5 -1
1482170056535 8 -2
1482170057202 6 -2
1482170057916 7 1
1482170058818 11 2
1482170060950 12 1
1482170061906 3 1
1482170062306 4 2
1482170063262 12 -1
1482170066099 4 -2
1482170066750 3 -1
1482170067251 11 -2
1482170068656 12 1
1482170069158 3 1
1482170070661 6 1
1482170071228 9 1
1482170072661 12 -1
1482170074536 4 1
1482170074974 12 1
1482170075639 11 2
1482170076533 4 1
1482170077294 12 -1
1482170077787 4 -2
1482170079294 9 -1
1482170079857 8 1
1482170080470 2 1
1482170081026 10 1
1482170081505 4 -1
1482170082070 12 -1
1482170082822 0 1
1482170084705 3 -1
1482170085315 11 -2
1482170086105 5 -2
1482170087824 7 -2
1482170088333 1 1
1482170089139 6 1
1482170090049 3 1
1482170091586 5 2
1482170092229 8 1
1482170092816 5 1
1482170095342 0 -1
1482170096031 12 3
1482170096752 4 2
1482170097396 10 -1
1482170097998 0 1
1482170098736 4 -1
1482170100718 10 1
1482170101292 4 -1
1482170102075 3 -1
1482170103800 5 -3
1482170104503 8 -1
1482170105209 6 -1
1482170108714 5 2
1482170109554 3 1
1482170113315 0 -1
1482170114122 12 -3
1482170114774 0 1
1482170115565 1 -1
1482170116192 7 2
1482170117109 11 2
1482170117635 3 -1
1482170119148 5 -2
1482170120205 3 1
1482170120667 11 -2
1482170126384 5 2
1482170128116 0 -1
1482170128679 12 2
1482170129377 4 2
1482170129974 10 -1
1482170130451 0 -1
1482170131407 4 -1
1482170132889 9 -2
1482170133861 12 -1
1482170134747 4 1
1482170135116 11 1
1482170135585 4 1
1482170136213 9 -1
1482170136769 0 1
1482170138306 10 1
1482170139357 1 -1
1482170139929 3 1
1482170141865 12 1
1482170144257 10 -1
1482170144806 2 -1
1482170145345 8 -1
1482170145839 6 -1
1482170146460 3 1
1482170147016 12 -1
1482170147611 11 1
1482170149274 12 1
1482170151813 11 -1
1482170153875 7 -1
1482170154816 12 -1
1482170156869 7 1
1482170157410 11 1
1482170158351 12 1
1482170161667 12 -1
1482170163485 11 -1
1482170164990 12 1
1482170167153 11 1
1482170167812 3 -2
1482170168510 1 1
1482170169938 1 -1
1482170170808 3 2
1482170172095 11 -1
1482170173200 7 -1
1482170175549 3 -1
1482170176295 6 2
1482170176969 8 2
1482170177721 5 1
1482170178475 2 1
1482170179431 0 -1
1482170180693 12 -1
1482170182339 12 1
1482170183067 9 2
1482170183916 4 -2
1482170184998 4 2
1482170185607 9 -2
1482170186289 0 1
1482170187653 2 -1
1482170190163 2 1
1482170190955 0 -1
1482170191927 9 2
1482170193361 4 -2
1482170201219 9 -1
1482170202518 4 2
1482170203052 9 -1
1482170204666 9 2
1482170205835 4 -2
1482170207018 9 -1
1482170207678 12 -1
1482170208312 3 -2
1482170208924 1 1
1482170212578 11 -1
1482170213360 7 -1
1482170214011 1 1
1482170215588 9 2
1482170216473 12 2
1482170218324 0 2
1482170220329 5 -3
1482170220933 10 1
1482170221663 4 -1
1482170222955 8 -1
1482170224901 3 1
1482170226837 5 2
1482170227385 0 -1
1482170228091 12 -3
1482170228884 0 1
1482170232921 3 -1
1482170234989 5 -2
1482170236519 8 1
1482170238894 1 -1
1482170239858 8 -1
1482170240438 6 -1
1482170243292 5 2
1482170244782 0 -1
1482170245417 3 1
1482170245871 12 2
1482170249815 7 2
1482170250975 3 -1
1482170251555 12 -2
1482170253797 7 -1
1482170256533 12 1
1482170257239 4 1
1482170257914 10 -1
1482170258408 2 -1
1482170258917 8 -1
1482170259529 6 -1
1482170260289 7 1
1482170273942 7 -2
1482170274811 1 1
1482170275665 12 2
1482170276591 0 1
1482170278645 5 -2
1482170280120 5 2
1482170281059 3 1
1482170283477 4 1
1482170284784 6 1
1482170285771 8 1
1482170286963 2 1
1482170287575 10 1
1482170288327 4 -2
1482170292437 0 -1
1482170293149 3 -1
1482170293904 0 1
1482170294726 4 1
1482170295493 5 -2
1482170299868 10 -1
1482170300354 2 -1
1482170301153 8 -1
1482170302015 6 -1
1482170304376 3 1
1482170305474 4 1
1482170306242 5 -1
1482170309981 0 -1
1482170310782 6 1
1482170311306 8 1
1482170311775 2 1
1482170312482 0 -1
1482170313125 9 -2
1482170313845 12 -2
1482170314710 1 -3
1482170317099 3 1
1482170319804 1 1
1482170322203 7 1
1482170322727 11 1
1482170323574 4 1
1482170324178 9 -1
1482170324875 0 1
1482170331008 2 -1
1482170331595 8 -1
1482170332277 6 -1
1482170333571 3 1
1482170334004 1 -1
1482170334779 12 2
1482170335483 7 1
1482170336479 0 2
1482170338581 7 -1
1482170339905 9 2
1482170340628 5 2
1482170341356 4 -2
1482170342118 11 -1
1482170343221 0 3
