1480357233081 8 -1
1480357233928 6 -1
1480357237241 3 -1
1480357238113 1 1
1480357243089 7 1
1480357248681 7 -1
1480357249800 6 2
1480357253176 8 2
1480357254137 2 1
1480357255024 5 1
1480357256128 10 1
1480357264002 5 -1
1480357265233 8 -1
1480357265913 6 -1
1480357266618 7 1
1480357267602 11 1
1480357273656 10 -1
1480357274576 0 -1
1480357275746 9 3
1480357277688 4 -2
1480357281544 3 -1
1480357284336 11 -2
1480357290616 9 -2
1480357296946 3 1
1480357297769 4 1
1480357300386 9 2
1480357301161 0 1
1480357302137 2 -1
1480357303434 8 -1
1480357304249 6 -1
1480357311169 4 -1
1480357317425 3 -1
1480357321633 7 -2
1480357322786 1 1
1480357323360 6 2
1480357325737 12 2
1480357326633 9 1
1480357331105 0 1
1480357333265 5 -2
1480357334194 9 -1
1480357337473 12 -1
1480357339448 6 -2
1480357342473 5 2
1480357344232 5 -2
1480357350162 3 1
1480357354904 4 1
1480357355712 5 -1
1480357356728 0 -1
1480357358577 0 1
1480357363817 0 -1
1480357364665 12 -2
1480357367481 12 2
1480357368745 0 1
1480357372738 5 3
1480357374619 4 -1
1480357376282 3 -1
1480357384649 5 -2
1480357387658 5 2
1480357388416 0 -1
1480357389424 12 -2
1480357391232 1 -1
1480357393576 12 1
1480357394289 3 1
1480357396881 4 1
1480357397473 4 -1
1480357398697 7 2
1480357401289 3 -1
1480357404074 R
1480357406889 R
1480357407257 R
1480357407489 R
1480357411216 7 1
1480357411785 11 1
1480357417817 2 1
1480357418354 2 -1
1480357436273 R
1480357438048 8 -1
1480357444136 3 -1
1480357444568 3 1
1480357444889 3 -1
1480357445280 3 1
1480357445641 3 -1
1480357446042 3 1
1480357446482 3 -1
1480357446952 3 1
1480357447298 3 -1
1480357447721 3 1
1480357454353 8 1
1480357455136 2 1
1480357457057 0 -1
1480357465321 12 -1
1480357466201 12 1
1480357468009 9 2
1480357469601 4 -2
1480357470633 11 -1
1480357473073 7 1
1480357475192 3 -2
1480357478649 11 2
1480357479296 11 -2
1480357480289 3 2
1480357480930 4 1
1480357481666 4 -1
1480357483848 4 1
1480357484505 11 2
1480357485104 4 1
1480357487664 9 -2
1480357492665 9 1
1480357493984 4 -2
1480357496200 11 -2
1480357496832 3 -2
1480357498952 12 -1
1480357500825 7 -2
1480357501560 6 1
1480357502313 1 2
1480357504066 9 2
1480357505137 12 3
1480357509097 12 -3
1480357510217 9 -2
1480357513176 9 2
1480357513864 0 1
1480357515440 6 -1
1480357515897 1 -1
1480357516833 7 2
1480357522050 10 1
1480357522754 4 -1
1480357524168 12 -1
1480357525648 0 1
1480357527048 5 -2
1480357537905 R
1480357543592 6 1
1480357544112 8 1
1480357545073 5 1
1480357545609 2 1
1480357546920 10 1
1480357553072 10 -1
1480357553736 0 -1
1480357555330 12 -1
1480357557729 9 2
1480357558425 4 -2
1480357559665 12 1
1480357561298 3 -2
1480357561890 11 -1
1480357563017 7 -1
