1482545922730 8 -1
1482545923839 6 -1
1482545925083 7 1
1482545926137 3 1
1482545926885 11 1
1482545931439 12 -1
1482545933405 3 -2
1482545934974 1 1
1482545936124 6 1
1482545937236 11 -1
1482545938057 7 -1
1482545938757 6 1
1482545939700 8 2
1482545940809 2 1
1482545942077 0 -1
1482545947825 9 3
1482545949216 4 -2
1482545951377 0 1
1482545952441 10 1
1482545953358 4 -1
1482545954278 12 -1
1482545955895 11 -1
1482545958939 7 -1
1482545962171 0 1
1482545963876 5 -2
1482545968382 8 -1
1482545969565 6 -1
1482545973337 3 -1
1482545977056 1 1
1482545978289 6 1
1482545991413 5 2
1482545993144 0 -1
1482545997140 12 3
1482545999108 0 1
1482546007928 5 -2
1482546014038 5 2
1482546015431 0 -1
1482546017419 12 -3
1482546022614 0 1
1482546027619 1 -1
1482546028643 6 -1
1482546030009 7 2
1482546036520 0 -1
1482546039333 7 -2
1482546040241 1 1
1482546042317 12 3
1482546043622 4 1
1482546044493 10 -1
1482546045231 2 -1
1482546046294 8 -1
1482546046994 6 -1
1482546052088 0 1
1482546062552 3 1
1482546063795 4 1
1482546064883 5 -3
1482546067876 0 -1
1482546073481 6 2
1482546074485 8 1
1482546075306 2 1
1482546076988 0 -1
1482546077844 9 -2
1482546084355 12 -2
1482546086190 1 -2
1482546087003 1 -1
1482546090345 7 1
1482546091194 11 1
1482546092039 4 1
1482546092967 9 -1
1482546093751 0 1
1482546094527 2 -1
1482546097958 8 -1
1482546099153 6 -2
1482546100264 3 2
1482546101605 7 1
1482546104127 12 2
1482546105532 0 2
1482546107170 9 1
1482546107826 4 -1
1482546108733 11 -1
1482546109782 0 2
