1480078445524 12 -1
1480078450017 12 1
1480078469143 6 1
1480078471251 8 1
1480078475276 5 1
1480078477875 2 1
1480078479963 0 -1
1480078485054 3 -1
1480078489721 12 -1
1480078494788 1 1
1480078497950 5 -1
1480078499704 0 1
1480078503830 1 -1
1480078505239 3 1
1480078506573 12 1
1480078511417 R
1480078519033 7 1
1480078522512 12 -1
1480078528445 2 1
1480078529694 10 1
1480078549133 12 1
1480078550720 7 -1
1480078551852 6 1
1480078553858 8 1
1480078555296 5 1
1480078561699 3 -1
1480078562983 12 -1
1480078601149 12 1
1480078609104 10 -1
1480078611985 0 -1
1480078615718 5 -1
1480078617819 12 -1
1480078620272 5 1
1480078622222 0 1
1480078624895 2 -1
1480078635649 12 1
1480078637158 3 1
1480078643031 5 -1
1480078644362 8 -2
1480078645815 6 -2
1480078648320 7 1
1480078649735 3 1
1480078654928 12 -1
1480078664849 12 1
1480078669356 11 1
1480078683745 U
1480078691595 3 -2
1480078693869 12 -1
1480078697313 1 1
1480078698284 6 1
1480078703534 8 1
1480078706023 2 1
1480078709426 0 -1
1480078712851 12 1
1480078715494 11 1
