1480190559813 8 -1
1480190561922 6 1
1480190565837 12 -1
1480190567123 3 -1
1480190573443 1 1
1480190578267 8 2
1480190579273 5 1
1480190580202 2 1
1480190592445 R
1480190596865 7 1
1480190599323 3 -1
1480190601965 8 -1
1480190604422 6 -1
1480190606463 3 2
1480190610892 11 1
1480190613636 12 -1
1480190615634 12 1
1480190680411 R
1480190686441 2 1
1480190692596 6 1
1480190697987 10 1
1480190700621 10 -1
1480190707621 U
1480190708601 U
1480190709453 U
1480190710717 U
1480190715696 7 1
1480190722799 8 -1
1480190725112 3 -1
1480190726313 12 -1
1480190727683 7 -1
1480190728804 6 1
1480190730345 1 1
1480190736980 8 2
1480190737835 2 1
1480190738396 5 1
1480190744992 12 1
1480190747151 12 -1
1480190748716 10 1
1480190763078 10 -1
1480190770782 R
1480190772999 12 -1
1480190778576 12 1
1480190812119 12 -1
1480190813329 12 1
1480190818279 2 1
1480190819106 10 1
1480190820585 10 -1
1480190821521 2 -1
1480190823478 7 1
1480190824902 8 -1
1480190826814 6 -1
1480190827667 3 1
1480190831002 11 1
1480190838534 11 -1
1480190841275 12 -1
1480190848256 3 -2
1480190853732 7 -1
1480190854927 6 2
1480190856214 8 2
1480190863392 2 1
1480190867037 0 -1
1480190869189 5 1
1480190871800 9 2
1480190872797 4 -2
1480190875924 1 1
1480190877042 9 1
1480190880312 9 -2
1480190881458 1 -1
1480190883472 3 1
1480190884664 11 -1
1480190888701 3 -2
1480190889979 1 1
1480190891453 9 2
1480190895212 0 1
1480190900285 7 -1
1480190901303 1 1
1480190902297 12 2
1480190904356 0 1
1480190908344 5 -3
1480190909315 2 -1
1480190910546 8 -2
1480190911524 6 -2
1480190913462 6 2
1480190916451 9 1
1480190917769 12 1
1480190919316 5 2
1480190934727 0 -1
1480190941361 0 1
1480190943755 3 1
1480190944467 12 -1
1480190945905 9 -1
1480190946691 6 -2
1480190955241 R
1480190960827 8 -1
1480190962640 6 -1
1480190963667 3 1
1480190974634 7 1
1480190980309 U
1480190980905 U
1480190981235 U
1480190981640 U
1480190982282 R
1480190990878 2 1
1480190992247 0 -1
1480191000531 6 1
1480191002878 8 1
1480191004139 5 1
1480191007293 9 2
1480191013762 4 -2
1480191016136 11 -1
1480191024729 3 -2
1480191027048 3 2
1480191029342 9 -1
1480191030584 12 -1
1480191032911 3 -2
1480191037440 7 -1
1480191038678 1 2
1480191041106 5 -1
1480191042671 8 -1
1480191044442 12 3
1480191045556 9 2
1480191053430 0 2
1480191058271 10 1
1480191059334 4 -1
1480191069255 5 -2
1480191073226 3 1
1480191077343 4 1
1480191081707 10 -1
1480191082631 2 -1
1480191084186 8 -1
1480191087038 12 -1
1480191088113 6 -2
1480191094098 5 2
1480191095341 0 -1
1480191096246 12 -2
1480191097454 1 -1
1480191100785 7 2
1480191106987 3 -1
1480191115200 7 -2
1480191116560 1 1
1480191118237 12 2
1480191119433 0 1
1480191121334 3 1
1480191131320 5 -2
1480191135209 6 2
1480191136089 9 1
1480191136702 12 1
1480191140532 3 -1
1480191141523 5 2
1480191146468 0 -1
1480191151172 3 1
1480191151900 4 1
1480191153498 0 1
1480191164663 9 -1
1480191170072 0 -1
1480191175905 8 1
1480191176861 2 1
1480191177575 0 -1
1480191193223 12 -3
1480191193892 12 3
1480191196403 4 -1
1480191198172 3 -1
1480191200729 12 -3
1480191201559 9 -2
1480191203400 1 -2
1480191204637 6 -1
1480191210489 3 2
1480191212794 4 1
1480191214226 4 -1
1480191217403 3 -2
1480191220168 1 2
1480191220766 6 1
1480191225469 8 1
1480191226168 5 1
1480191228097 9 2
1480191228825 12 2
1480191230386 0 1
1480191232478 10 1
1480191233432 4 -1
1480191234941 12 -3
1480191239648 1 -1
1480191242176 0 1
1480191244587 1 1
1480191247360 5 -3
1480191248846 8 -1
1480191272498 6 -1
1480191273025 1 -1
1480191274312 7 2
1480191275811 11 2
1480191276597 3 1
1480191284670 5 2
1480191286196 0 -1
1480191287013 12 2
1480191288032 4 3
1480191290494 10 -1
1480191292467 10 1
1480191294359 10 -1
1480191295025 2 -1
1480191296574 8 -1
1480191297309 6 -1
1480191303753 4 -2
1480191307586 11 -2
1480191308922 3 -1
1480191321832 7 -2
1480191323071 R
1480191325553 6 1
1480191327271 8 -1
1480191338440 6 -2
1480191340274 3 1
1480191351473 12 -1
1480191352165 12 1
1480191354535 7 1
1480191355991 11 1
1480191358913 3 -2
1480191359764 1 1
1480191360369 6 1
1480191362884 8 1
1480191363668 2 1
1480191366732 0 -1
1480191368718 9 3
1480191370524 0 1
1480191371898 4 -2
1480191373184 10 1
1480191373979 4 -1
1480191375298 12 -2
1480191376260 0 1
1480191380834 5 -2
1480191383833 5 2
1480191389402 11 -2
1480191390692 7 -2
1480191392143 3 -1
1480191394232 1 1
1480191395667 6 1
1480191397029 8 1
1480191399094 5 -2
1480191403466 5 3
1480191414969 1 -1
1480191416577 1 1
1480191417961 0 -1
1480191426767 1 -1
1480191429577 5 -1
1480191432869 0 1
1480191433517 5 -2
1480191434284 8 -1
1480191435131 6 -1
1480191436247 7 2
1480191440255 11 2
1480191441023 3 1
1480191444742 5 2
1480191445486 0 -1
1480191446473 12 2
1480191448142 12 -2
1480191451003 12 2
1480191454386 4 1
1480191455217 10 -1
1480191456560 2 -1
1480191457226 8 -1
1480191457836 6 -1
1480191460164 11 -2
1480191461931 3 -1
1480191462981 12 -1
1480191468268 R
1480191600741 2 1
1480191601325 0 -1
1480191601981 9 1
1480191602760 9 1
1480191603346 12 -1
1480191603994 3 -1
1480191604584 1 1
1480191605779 9 1
1480191606394 0 1
1480191608298 10 1
1480191609365 4 -3
1480191610037 12 -1
1480191612385 R
