1479961816758 8 -1
1479961817959 6 1
1479961818782 6 -2
1479961819397 7 1
1479961819935 3 1
1479961821854 11 1
1479961828063 12 -1
1479961832981 12 1
1479961833398 12 -1
1479961835744 11 -1
1479961836334 3 -2
1479961838085 6 1
1479961838581 1 1
1479961839685 8 1
1479961840598 2 1
1479961842237 0 -1
1479961843165 9 3
1479961844805 12 1
1479961845736 12 -1
1479961847118 0 1
1479961849885 10 1
1479961850873 4 -3
1479961851721 12 -1
1479961853678 11 -1
1479961854630 3 -1
1479961859846 7 -2
1479961863734 6 1
1479961864421 8 1
1479961869077 5 1
1479961873494 5 -1
1479961878884 1 1
1479961880180 12 3
1479961882612 3 1
1479961890362 8 -1
1479961891258 12 1
1479961896389 12 -1
1479961897333 12 -1
1479961897860 1 -1
1479961898389 6 -1
1479961898988 7 2
1479961900421 3 -1
1479961901029 12 -2
1479961903140 0 1
1479961905005 5 -2
1479961915925 11 2
1479961916492 3 1
1479961918404 5 1
1479961919532 5 1
1479961920212 0 -1
1479961920797 12 2
1479961922228 4 1
1479961923084 10 -1
1479961923799 2 -1
1479961925025 12 -1
1479961926364 4 2
1479961929662 4 -2
1479961930804 3 -1
1479961931971 3 1
1479961932557 4 2
1479961932972 4 -2
1479961933620 4 2
1479961940964 11 -1
1479961941531 11 1
1479961942628 11 -1
1479961947219 4 -1
1479961948109 4 -1
1479961948884 11 -1
1479961949444 3 -1
1479961950867 12 1
1479961952100 12 -1
1479961959226 7 -2
1479961960255 1 1
1479961960896 6 1
1479961963301 3 1
1479961968523 12 2
1479961969348 0 1
1479961970348 5 -2
1479961971083 8 -1
1479961971883 9 1
1479961972475 12 1
1479961973988 3 -1
1479961977131 5 2
1479961978164 9 -1
1479961978822 12 -1
1479961979491 6 -2
1479961981619 3 1
1479961983947 4 1
1479961986022 4 -1
1479961986780 3 -1
1479961990483 0 -1
1479961991644 0 1
1479961993095 5 -2
1479961998401 5 2
1479961999132 0 -1
1479961999687 12 -2
1479962000820 1 -1
1479962001897 7 2
1479962005915 6 1
1479962006603 9 1
1479962008996 3 1
1479962010378 11 2
1479962011180 4 2
1479962013890 12 1
1479962015019 12 -1
1479962015700 12 1
1479962017973 9 -1
1479962019146 8 1
1479962020170 2 1
1479962021273 10 1
1479962021877 4 -3
1479962022782 3 -1
1479962023668 12 -2
1479962024509 11 -2
1479962026851 7 -2
1479962027488 1 1
1479962028114 6 1
1479962030093 8 1
1479962031334 0 1
1479962031883 5 -2
1479962035706 8 -1
1479962036959 6 -1
1479962037435 1 -1
1479962038098 7 2
1479962039045 7 -2
1479962039626 1 1
1479962040075 6 1
1479962041818 8 1
1479962049262 8 -1
1479962050586 6 -1
1479962051170 1 -1
1479962051650 1 1
1479962052178 6 1
1479962060114 8 1
1479962061356 5 3
1479962062968 0 -1
1479962063450 12 3
1479962064106 4 1
1479962064760 10 -1
1479962065458 0 -1
1479962066285 12 -2
1479962066859 9 -2
1479962071442 1 -2
1479962072490 7 1
1479962073267 11 1
1479962074533 3 2
1479962075236 4 2
1479962079862 9 -1
1479962080961 0 1
1479962082016 2 -1
1479962087329 12 1
1479962090155 3 -1
1479962091094 12 -1
1479962092990 1 1
1479962094331 5 -1
1479962095065 8 -2
1479962097379 1 -1
1479962098010 6 -2
1479962098883 3 2
1479962099615 7 1
1479962104104 12 1
1479962104118 12 -1
1479962113657 11 1
1479962115074 12 1
1479962118882 12 -1
1479962119401 12 1
1479962126009 3 -1
1479962127977 6 1
1479962129207 8 1
1479962129801 2 1
1479962130964 0 -1
1479962132344 9 2
1479962135468 9 -2
1479962136408 0 1
1479962137672 0 -1
1479962139896 0 1
1479962140628 0 -1
1479962141777 12 -1
1479962142937 12 1
1479962143602 9 2
1479962144296 4 -2
1479962145251 12 -1
1479962147025 9 -1
1479962148091 12 1
1479962148553 9 1
1479962149114 4 2
1479962150110 9 -2
1479962151192 0 1
1479962153672 10 1
1479962155257 10 -1
1479962157490 2 -1
1479962158808 8 -1
1479962160048 6 -1
1479962161017 3 1
1479962163237 12 -1
1479962164824 12 1
1479962166345 11 -1
1479962167242 11 1
1479962167861 3 -2
1479962169003 3 2
1479962186273 12 -1
1479962187217 3 -2
1479962188060 1 1
1479962188619 6 1
1479962190000 8 1
1479962190722 2 1
1479962191469 0 -1
1479962193744 9 3
1479962194920 0 1
1479962195555 2 -1
1479962196315 8 -1
1479962197376 9 1
1479962199944 12 1
1479962201144 4 -2
1479962201912 4 2
1479962204074 4 -2
1479962204985 3 -1
1479962205664 3 1
1479962207016 12 -1
1479962207937 9 -1
1479962208619 6 -1
1479962212512 U
1479962213900 R
1479962217872 6 1
1479962218347 8 1
1479962220200 2 1
1479962221720 10 1
1479962222601 10 -1
1479962223201 10 1
1479962227928 10 -1
1479962228504 2 -1
1479962229200 8 -2
1479962229929 8 2
1479962241551 2 1
1479962242116 10 1
1479962243617 10 -1
1479962244208 0 -1
1479962244763 9 2
1479962249756 4 -2
1479962250400 11 -1
1479962252035 7 -1
1479962254856 3 -2
1479962258547 1 2
1479962260138 9 1
1479962260711 12 1
1479962261331 0 2
1479962262278 3 1
1479962263666 2 -1
1479962264759 8 -2
1479962269256 9 1
1479962269670 12 1
1479962273064 5 -2
1479962276882 3 -1
1479962279936 9 -1
1479962282502 9 1
1479962288734 5 2
1479962289471 5 -2
1479962290742 3 1
1479962291207 3 -1
1479962292431 12 -1
1479962292991 12 1
1479962293376 9 -1
1479962293831 9 1
1479962307344 9 -1
1479962308102 9 1
1479962311396 5 2
1479962312080 0 -1
1479962314246 3 1
1479962316308 3 -1
1479962317918 3 1
1479962318463 4 1
1479962319354 0 1
1479962320230 5 -3
1479962321097 0 -1
1479962323087 9 -1
1479962323639 12 -1
1479962324190 6 -2
1479962326702 12 -2
1479962327528 1 -1
1479962329870 7 2
1479962332485 12 1
1479962334223 11 2
1479962335014 4 1
1479962337274 12 -1
1479962338886 12 1
1479962345333 6 1
1479962345878 8 1
1479962346733 2 1
1479962347485 0 -1
1479962348773 9 -3
1479962349591 0 1
1479962350150 2 -1
1479962350752 8 -1
1479962351326 6 -1
1479962351878 1 -2
1479962355453 12 1
1479962356125 3 2
1479962357454 11 -1
1479962358798 11 1
1479962367366 11 -1
1479962369326 7 -1
1479962371401 7 1
1479962371957 11 1
1479962372487 11 -1
1479962372919 11 1
1479962377117 0 2
1479962379457 9 2
1479962380061 5 2
1479962380801 4 -2
1479962381405 11 -2
1479962382405 0 2
