1484919759149 9 -1
1484919768180 2 -2
1484919773402 10 -2
1484919777149 7 1
1484919778870 8 -1
1484919780023 4 -1
1484919781089 5 -1
1484919782896 1 1
1484919790083 7 1
1484919791545 3 1
1484919795211 3 1
1484919799686 3 -1
1484919801669 7 -1
1484919802983 10 2
1484919804492 1 -2
1484919806143 5 1
1484919807557 10 -1
1484919808714 3 1
1484919810827 4 1
1484919811903 8 1
1484919812965 6 1
1484919816586 10 -1
1484919818498 7 1
1484919822588 7 -1
1484919823712 3 -2
1484919825366 10 2
1484919835672 6 -1
1484919838060 10 -2
1484919839984 1 -1
1484919841225 7 2
1484919845994 6 1
1484919847605 7 -2
1484919849092 10 1
1484919850255 1 2
1484919851987 11 1
1484919853261 2 -1
1484919854352 9 1
1484919856576 10 1
1484919857820 9 1
1484919858942 0 1
1484919861455 3 1
1484919862743 6 -1
1484919863720 7 -1
1484919866268 1 -1
1484919868578 3 -1
1484920476442 7 1
1484920477591 8 -1
1484920478653 4 -1
1484920479639 5 -1
1484920481037 1 2
1484920482111 9 1
1484920483234 2 1
1484920484660 11 -3
1484920486056 2 -1
1484920487407 9 -1
1484920488990 1 -3
1484920491171 5 1
1484920492415 4 1
1484920494111 8 1
1484920495785 7 -1
1484920496893 7 1
1484920497984 6 1
1484920499216 11 -1
1484920500544 0 -1
1484920507307 9 -1
1484920508605 10 -3
1484920510335 9 1
1484920511315 7 2
1484920512674 0 2
1484920515039 3 3
1484920516661 0 1
1484920518657 11 1
1484920519683 6 -1
1484920520961 8 -1
1484920522155 4 -1
1484920524082 0 2
