1479919300164 11 1
1479919301284 U
1479919310316 9 -1
1479919312520 11 1
1479919313531 2 -3
1479919315228 7 1
1479919319423 10 -2
1479919320123 1 -1
1479919321987 7 1
1479919322775 8 -1
1479919323785 4 -1
1479919324609 3 3
1479919326647 9 1
1479919327961 5 -1
1479919328373 3 -3
1479919328949 1 2
1479919330134 7 -1
1479919330713 10 2
1479919331456 9 2
1479919332191 2 1
1479919332617 11 -1
1479919334814 0 1
1479919335284 11 -2
1479919335848 2 -1
1479919337677 9 -1
1479919339508 1 -3
1479919340028 5 1
1479919340936 4 1
1479919341356 8 1
1479919341902 7 -1
1479919346059 3 1
1479919348040 R
1479919351081 9 -1
1479919353039 2 -2
1479919354798 1 -2
1479919359399 10 -2
1479919360348 7 3
1479919361313 3 3
1479919365509 8 -1
1479919368332 4 -1
1479919369018 5 -1
1479919369517 7 -2
1479919370028 3 -3
1479919371030 1 3
1479919371932 11 1
1479919372543 2 -1
1479919374341 10 2
1479919375252 9 3
1479919378239 0 1
1479919378563 2 1
1479919379280 11 -3
1479919380706 2 -1
1479919381328 9 -1
1479919381905 1 -3
1479919382538 5 1
1479919383272 4 1
1479919383795 8 1
1479919384374 7 -1
1479919387378 3 1
1479919388210 7 1
1479919388803 8 -1
1479919389141 4 -1
1479919390906 3 -1
1479919391368 5 -1
1479919391965 1 3
1479919392382 9 1
1479919393424 2 1
1479919393868 11 3
1479919394838 2 -1
1479919395678 0 -1
1479919396248 9 -3
1479919397828 10 -2
1479919398767 1 -2
1479919399142 5 1
1479919399595 4 1
1479919400011 8 1
1479919400995 6 1
1479919401438 7 1
1479919402012 3 3
1479919403589 9 1
1479919404200 6 -1
1479919406511 7 -2
1479919408311 3 -1
1479919409416 1 1
1479919411248 10 1
1479919411888 9 -1
1479919412400 2 2
1479919412813 11 -1
1479919413417 1 -2
1479919416814 2 -1
1479919417108 10 -1
1479919418581 7 3
1479919419998 8 -1
1479919420372 4 -1
1479919427561 4 1
1479919427863 8 1
1479919428432 7 -3
1479919429297 2 1
1479919430550 3 -2
1479919431064 2 1
1479919431598 9 1
1479919434436 10 2
1479919434830 9 1
1479919435277 0 1
1479919436443 11 -2
1479919438244 1 2
1479919440447 11 3
1479919441637 0 -1
1479919442188 9 -2
1479919443381 11 -1
1479919443821 1 -2
1479919445212 2 -2
1479919445984 10 -2
1479919446642 7 3
1479919447126 6 1
1479919448126 R
1479919456892 1 -2
1479919458146 10 -2
1479919460425 9 -1
1479919461235 2 -2
1479919463575 7 3
1479919467286 3 3
1479919468317 8 -1
1479919469028 4 -1
1479919472072 3 -1
1479919473143 5 -1
1479919474352 7 -2
1479919475104 7 1
1479919475967 1 3
1479919476803 11 1
1479919477973 2 -1
1479919480685 7 -1
1479919481583 3 -1
1479919482818 10 2
1479919484262 9 3
1479919485796 0 1
1479919486332 2 1
1479919487533 11 -3
1479919489389 2 -1
1479919490137 9 -1
1479919490813 1 -3
1479919492049 5 1
1479919492896 4 1
1479919493375 8 1
1479919494406 7 -1
1479919497304 3 -1
1479919498936 1 2
1479919523428 R
1479919531633 9 1
1479919532378 0 1
1479919533337 11 -2
1479919535107 1 -2
1479919538653 R
1479919541732 9 -1
1479919544116 1 -2
1479919547014 10 -2
1479919547939 2 -2
1479919551145 7 3
1479919551784 8 -1
1479919552341 4 -1
1479919554468 3 3
1479919555392 7 -2
1479919556398 7 2
1479919557374 5 -1
1479919558155 3 -3
1479919558972 7 -2
1479919563110 1 2
1479919564625 11 1
1479919565471 2 -1
1479919568666 10 2
1479919569797 9 1
1479919570847 9 1
1479919571487 1 1
1479919571923 9 1
1479919575514 0 1
1479919575961 2 1
1479919576953 11 -3
1479919578368 2 -1
1479919578981 9 -1
1479919579658 1 -3
1479919580862 5 1
1479919582859 3 1
1479919583306 4 1
1479919584311 8 1
1479919585065 7 -1
1479919587417 7 1
1479919588451 6 1
1479919588936 11 -1
1479919590614 0 -1
1479919591155 9 -2
1479919593656 10 -3
1479919594569 7 2
1479919595735 9 2
1479919597208 3 2
1479919599526 0 1
1479919600025 11 1
1479919600494 6 -1
1479919600952 8 -1
1479919601304 4 -1
1479919601827 0 5
