1482781143126 9 1
1482781144438 1 -2
1482781145263 9 -2
1482781148358 9 2
1482781148854 0 1
1482781149620 11 -2
1482781152550 1 2
1482781154750 11 3
1482781155928 0 -1
1482781156654 9 -2
1482781157310 2 -3
1482781158031 10 -2
1482781159823 1 -1
1482781161286 2 1
1482781162042 11 -1
1482781163768 1 -1
1482781165622 7 3
1482781166423 6 1
1482781167094 3 3
1482781169678 6 -1
1482781171470 8 -1
1482781173446 4 -1
1482781175224 3 -3
1482781176430 7 -2
1482781177150 10 2
1482781178046 1 2
1482781179102 11 1
1482781179743 2 -1
1482781181999 10 -2
1482781182677 10 2
1482781183429 9 2
1482781184576 1 -1
1482781185662 5 -1
1482781186342 1 2
1482781187142 9 1
1482781188278 0 1
1482781189031 2 1
1482781189766 11 -3
1482781190537 2 -1
1482781191878 9 -1
1482781192574 1 -3
1482781193699 5 1
1482781194501 4 1
1482781195710 8 1
1482781196806 7 -1
1482781203054 1 2
1482781206718 7 1
1482781207434 8 -1
1482781208273 4 -1
1482781208846 5 -1
1482781210477 3 1
1482781212414 1 1
1482781213214 9 1
1482781214094 2 1
1482781214982 11 3
1482781217102 0 -1
1482781218375 2 -1
1482781219647 9 -3
1482781221046 2 1
1482781221601 10 -2
1482781222323 1 -2
1482781223925 11 -1
1482781224832 1 -1
1482781226934 7 2
1482781227861 3 1
1482781228687 5 1
1482781229301 4 1
1482781229958 8 1
1482781231350 6 1
1482781232998 6 -1
1482781235217 7 -3
1482781236742 3 -2
1482781237493 2 2
1482781238191 10 2
1482781239078 9 2
1482781241252 0 1
1482781242144 11 -2
1482781243574 1 2
1482781245159 11 3
1482781246238 0 -1
1482781246998 9 -2
1482781252688 2 -1
1482781253550 2 1
1482781257334 11 -1
1482781258094 1 -2
1482781259437 10 -2
1482781262925 10 2
1482781263609 9 2
1482781264198 0 1
1482781265326 11 -2
1482781269222 1 2
1482781270254 1 -2
1482781275671 11 2
1482781276273 0 -1
1482781276976 9 -2
1482781277640 2 -2
1482781278942 10 -2
1482781279952 7 3
1482781281463 8 -1
1482781282339 4 -1
1482781283054 3 3
1482781287190 4 1
1482781287774 8 1
1482781288406 6 1
1482781290110 7 -2
1482781290878 3 -3
1482781291629 10 2
1482781295905 6 -1
1482781296487 7 -1
1482781298654 2 2
1482781299598 9 2
1482781300125 0 1
1482781301062 11 -2
1482781303198 1 2
1482781304726 11 3
1482781305820 0 -1
1482781306734 9 -1
1482781307547 10 -2
1482781309390 11 -1
1482781310902 1 -1
1482781312029 1 1
1482781314390 9 -1
1482781314999 2 -2
1482781315773 7 2
1482781316438 8 -1
1482781317643 4 -1
1482781318429 3 1
1482781322741 3 1
1482781324126 1 -2
1482781324926 7 1
1482781326094 3 1
1482781327294 4 1
1482781328030 8 1
1482781329550 6 1
1482781333095 3 -3
1482781334510 7 -2
1482781335629 10 2
1482781336454 1 2
1482781337229 11 1
1482781338017 2 -1
1482781338846 9 2
1482781339630 0 1
1482781340629 6 -1
1482781342399 7 -1
1482781343958 0 -1
1482781347271 1 -1
1482781349254 7 1
1482781349982 8 -1
1482781350741 4 -1
1482781351462 5 -1
1482781352173 1 2
1482781352983 9 1
1482781354750 0 1
1482781355294 2 1
1482781356373 11 -3
1482781357062 2 -1
1482781357849 9 -1
1482781359100 1 -3
1482781361334 3 1
1482781362310 5 1
1482781362829 4 1
1482781363285 8 1
1482781363934 7 -1
1482781364712 3 -1
1482781367985 1 2
1482781369535 1 -2
1482781373606 3 1
1482781374909 7 1
1482781375862 8 -1
1482781376518 4 -1
1482781377677 3 -1
1482781378320 5 -1
1482781381310 1 2
1482781382414 1 1
1482781383613 9 1
1482781385494 2 1
1482781388618 2 -1
1482781389279 9 -1
1482781392558 1 -3
1482781395822 5 1
1482781396390 3 1
1482781396871 4 1
1482781397342 8 1
1482781398949 7 -1
1482781399750 3 -1
1482781403423 3 1
1482781403998 7 1
1482781406198 8 -1
1482781407851 4 -1
1482781408382 R
1482781544158 R
1482781551558 9 1
1482781552550 0 1
1482781554398 11 -2
1482781560165 11 2
1482781561774 1 -2
1482781562899 0 -1
1482781564078 9 -2
1482781565422 10 -2
1482781566934 9 1
1482781569654 9 -1
1482781570480 2 -1
1482781572518 10 1
1482781575885 1 1
1482781578701 3 3
1482781580150 2 1
1482781582070 10 -1
1482781583725 1 -1
1482781584886 10 1
1482781586310 1 1
1482781588526 2 -2
1482781590758 7 1
1482781594574 8 -1
1482781595822 4 -1
1482781596590 5 -1
1482781598982 3 -2
1482781600030 1 2
1482781601054 10 1
1482781601901 11 1
1482781602814 2 -1
1482781604582 9 3
1482781607477 0 1
1482781609717 2 1
1482781611397 11 -3
1482781612118 2 -1
1482781612854 9 -1
1482781614430 1 -3
1482781617646 5 1
1482781618246 3 -1
1482781618766 4 1
1482781619302 8 1
1482781620062 7 -1
1482781622398 3 1
1482781623717 7 1
1482781624423 6 1
1482781625261 11 -1
1482781626670 0 -1
1482781627544 9 -2
1482781628904 10 -2
1482781630101 7 2
1482781631126 10 -1
1482781632126 9 2
1482781634678 0 2
1482781635534 3 2
1482781636616 11 1
1482781637390 6 -1
1482781638686 8 -1
1482781640246 4 -1
1482781642662 0 3
