1479706233582 1 -2
1479706234266 10 -2
1479706237163 10 2
1479706237786 1 2
1479706242644 9 -1
1479706243474 2 -2
1479706243980 10 -2
1479706244376 1 -2
1479706245269 7 3
1479706255091 7 -3
1479706256056 2 2
1479706258565 10 2
1479706265031 2 -2
1479706265559 10 -2
1479706267315 7 3
1479706267930 3 2
1479706268776 8 -1
1479706269926 4 -1
1479706271039 3 -1
1479706271708 5 -1
1479706272236 7 -1
1479706273012 1 3
1479706273688 11 1
1479706277006 7 -1
1479706277627 10 2
1479706278141 2 -1
1479706279322 9 3
1479706285171 9 -2
1479706285849 10 -2
1479706286370 1 -2
1479706287240 10 2
1479706287729 1 2
1479706289298 9 -1
1479706289704 2 1
1479706290752 2 -1
1479706291217 9 3
1479706291982 2 1
1479706292578 0 1
1479706293315 11 -3
1479706293955 2 -1
1479706296580 9 -1
1479706297216 1 -3
1479706298234 5 1
1479706299524 R
1479706320500 9 -1
1479706320992 2 -1
1479706321563 2 -1
1479706322071 7 1
1479706322560 8 -1
1479706323003 4 -1
1479706323468 5 -1
1479706324277 1 1
1479706333408 1 -3
1479706334401 10 -2
1479706335514 7 2
1479706341911 7 -2
1479706347355 3 3
1479706349174 R
1479706380155 9 1
1479706380621 0 1
1479706381235 11 -2
1479706383759 11 1
1479706384405 11 2
1479706384995 0 -1
1479706386045 9 -2
1479706389899 2 -3
1479706391073 9 2
1479706392051 0 1
1479706392908 0 -1
1479706393901 9 -1
1479706397282 10 -2
1479706398345 1 -1
1479706399684 10 1
1479706400219 1 1
1479706402194 7 1
1479706402776 8 -1
1479706403649 4 -1
1479706404618 5 -1
1479706405207 1 1
1479706405728 10 -1
1479706406483 7 1
1479706408867 R
1479706441365 9 -1
1479706441917 2 -2
1479706442477 10 -2
1479706447436 1 -2
1479706448135 7 3
1479706449229 3 3
1479706465099 8 -1
1479706465841 4 -1
1479706467127 7 -2
1479706470337 3 -2
1479706475637 R
1479706477129 9 1
1479706478309 0 1
1479706479080 11 -2
1479706483735 R
1479706486432 9 -1
1479706498423 2 -2
1479706498911 10 -2
1479706510136 R
1479706531453 9 1
1479706532861 0 1
1479706535503 11 -2
1479706538386 R
1479706540632 9 -1
1479706541214 2 -2
1479706541719 10 -2
1479706542178 1 -2
1479706542715 7 1
1479706543383 7 2
1479706544354 8 -1
1479706544970 4 -1
1479706546918 7 -2
1479706547479 5 -1
1479706548130 1 3
1479706551976 1 -3
1479706552729 7 2
1479706554407 3 3
1479706564945 7 -2
1479706565934 3 -3
1479706580172 R
1479706580964 9 1
1479706581445 0 1
1479706581904 11 -1
1479706585035 1 -2
1479706588012 R
1479706594884 9 -1
1479706595642 2 -2
1479706596233 10 -2
1479706597933 1 -2
1479706598750 7 3
1479706605435 7 -3
1479706612817 2 2
1479706613641 9 1
1479706616447 9 -1
1479706617410 2 -2
1479706618327 7 3
1479706621102 R
1479706624659 9 1
1479706678603 11 1
1479706680935 9 -2
1479706681633 2 -3
1479706682667 10 -2
1479706684003 1 -1
1479706696583 10 2
1479706697507 9 2
1479706704277 R
1479706710601 9 -1
1479706711145 2 -1
1479706712911 11 1
1479706713423 2 -2
1479706718925 7 1
1479706719461 8 -1
1479706720138 4 -1
1479706720792 5 -1
1479706721395 1 1
1479706727567 9 3
1479706728725 2 1
1479706729090 0 1
1479706729773 11 -3
1479706733931 11 3
1479706734429 0 -1
1479706735741 2 -1
1479706736309 9 -1
1479706737319 9 1
1479706737949 2 1
1479706739058 0 1
1479706739914 11 -3
1479706740674 2 -1
1479706741366 9 -1
1479706742169 1 -3
1479706743852 5 1
1479706752207 3 1
1479706753801 3 -1
1479706754508 5 -1
1479706755680 1 3
1479706756325 9 1
1479706757461 2 1
1479706760972 11 3
1479706762622 2 -1
1479706763646 9 -1
1479706764151 1 -2
1479706765020 5 1
1479706766202 4 1
1479706766878 8 1
1479706767515 7 -1
1479706770902 0 -1
1479706771369 9 -2
1479706772076 2 3
1479706774003 11 -1
1479706774820 1 1
1479706808119 9 2
1479706808803 0 1
1479706809590 11 -2
1479706819103 11 2
1479706819746 0 -1
1479706820291 9 -2
1479706821781 2 -2
1479706823150 7 1
1479706823764 6 1
1479706838630 1 -2
1479706840283 10 -2
1479706841053 7 2
1479706842513 3 3
1479706845629 7 -2
1479706846238 7 2
1479706846974 6 -1
1479706847736 7 -3
1479706848575 2 2
1479706854465 2 -2
1479706854994 3 -3
1479706855568 2 2
1479706857173 10 2
1479706857689 9 2
1479706858235 0 1
1479706858778 11 -2
1479706863868 1 2
