1479315994842 1 -2
1479315995588 10 -2
1479315996718 9 -1
1479315997615 2 -2
1479315998352 7 3
1479315999598 3 2
1479316000420 8 -1
1479316001088 4 -1
1479316004619 7 -1
1479316005265 1 2
1479316005867 11 1
1479316006472 2 -1
1479316007339 9 1
1479316009768 4 1
1479316010267 8 1
1479316011050 7 -2
1479316012311 9 -1
1479316013292 3 -2
1479316015306 3 2
1479316016450 7 1
1479316017056 8 -1
1479316017540 4 -1
1479316018063 5 -1
1479316018769 1 1
1479316020389 3 -1
1479316021020 10 2
1479316021934 9 3
1479316022986 0 1
1479316023507 2 1
1479316024230 11 -3
1479316024946 2 -1
1479316026888 9 -1
1479316027510 1 -3
1479316029116 5 1
1479316029691 3 -1
1479316030260 4 1
1479316030876 8 1
1479316031414 7 -1
1479316035506 1 2
1479316037190 3 1
1479316038402 7 1
1479316039086 6 1
1479316039687 11 -1
1479316040275 0 -1
1479316040831 9 -2
1479316042083 10 -3
1479316042858 7 1
1479316043456 1 -2
1479316045161 3 1
1479316049810 9 2
1479316052015 0 1
1479316056003 7 1
1479316056870 0 2
1479316058268 11 1
1479316058829 6 -1
1479316059358 8 -1
1479316059794 4 -1
1479316063381 0 2
