1482583388113 1 -2
1482583388563 10 -2
1482583391057 1 2
1482583391406 10 2
1482583392683 9 1
1482583393024 0 1
1482583394194 11 -2
1482583394796 1 -2
1482583396468 1 2
1482583397100 11 3
1482583397461 0 -1
1482583397827 9 -2
1482583399282 2 -3
1482583399671 10 -2
1482583400757 1 -1
1482583401286 7 2
1482583401971 3 1
1482583402353 8 -1
1482583402787 4 -1
1482583403272 5 -1
1482583403895 1 2
1482583404830 2 1
1482583405916 11 -1
1482583406359 1 -3
1482583406710 7 1
1482583407045 3 2
1482583407374 5 1
1482583407874 4 1
1482583408313 8 1
1482583410106 6 1
1482583414941 6 -1
1482583415364 7 -3
1482583415796 2 2
1482583416938 1 1
1482583418546 2 -1
1482583418901 3 -3
1482583419272 2 1
1482583419687 10 2
1482583420215 9 2
1482583420596 0 1
1482583421049 11 -2
1482583421543 1 -1
1482583426760 11 2
1482583427112 0 -1
1482583427477 9 -2
1482583428060 2 -2
1482583428431 10 -2
1482583428919 7 3
1482583429429 3 3
1482583433192 8 -1
1482583433630 4 -1
1482583434151 3 -3
1482583434528 7 -2
1482583435074 5 -1
1482583435571 1 3
1482583437195 10 2
1482583437745 11 1
1482583438178 2 -1
1482583438708 9 3
1482583439582 2 1
1482583439888 0 1
1482583440325 11 -3
1482583441346 2 -1
1482583441795 9 -1
1482583442726 1 -3
1482583443575 5 1
1482583444087 3 1
1482583444340 4 1
1482583444665 8 1
1482583445001 7 -1
1482583445588 3 -1
1482583454062 7 1
1482583454347 8 -1
1482583454678 4 -1
1482583455082 5 -1
1482583455792 1 3
1482583456402 9 1
1482583457208 2 1
1482583457659 11 3
1482583458111 0 -1
1482583458430 2 -1
1482583458982 9 -3
1482583460583 2 1
1482583460936 11 -1
1482583463396 1 -3
1482583463781 10 -2
1482583464158 5 1
1482583464518 4 1
1482583465639 8 1
1482583465956 7 -1
1482583474448 10 2
1482583475770 2 2
1482583477583 9 2
1482583479335 0 1
1482583480390 11 -2
1482583488895 11 2
1482583489248 0 -1
1482583489610 9 -2
1482583490214 2 -2
1482583490537 10 -2
1482583491795 7 3
1482583492225 3 3
1482583496915 7 -3
1482583497354 3 -3
1482583498106 2 2
1482583498571 10 2
1482583503762 1 2
1482583504713 9 2
1482583505539 0 1
1482583505942 11 -2
1482583510237 1 -2
1482583514898 11 2
1482583515200 0 -1
1482583515566 9 -2
1482583515863 2 -2
1482583516549 7 1
1482583517265 8 -1
1482583518533 4 -1
1482583518934 5 -1
1482583519503 1 3
1482583520446 11 1
1482583520817 2 -1
1482583526271 1 -1
1482583526707 5 1
1482583527023 4 1
1482583527375 8 1
1482583527733 7 -1
1482583536526 2 3
1482583540661 9 2
1482583543136 9 -1
1482583543894 9 -1
1482583544367 2 -2
1482583545069 7 1
1482583546390 6 1
1482583548256 1 -1
1482583548613 10 -2
1482583555700 11 -1
1482583556137 1 -1
1482583556672 7 2
1482583559303 3 3
1482583561130 6 -1
1482583562366 8 -1
1482583562736 4 -1
1482583566956 4 1
1482583567881 8 1
1482583568212 7 -3
1482583573165 3 -1
1482583574129 1 2
1482583574979 11 1
1482583582463 7 2
1482583584188 8 -1
1482583584593 4 -1
1482583585533 3 -2
1482583587041 5 -1
1482583587438 1 1
1482583589629 2 -1
1482583590089 9 1
1482583590505 7 -1
1482583591350 10 2
1482583591868 9 2
1482583592319 2 1
1482583592581 0 1
1482583592953 11 -3
1482583595081 3 1
1482583596768 2 -1
1482583597341 9 -1
1482583597688 1 -3
1482583598533 5 1
1482583602195 R
1482583602746 R
1482583605081 9 -1
1482583605763 11 1
1482583606120 2 -3
1482583607713 7 1
1482583608058 8 -1
1482583608863 4 -1
1482583609248 5 -1
1482583609658 1 1
1482583610740 9 3
1482583611129 2 1
1482583611424 0 1
1482583611813 11 -3
1482583612664 2 -1
1482583612979 9 -1
1482583613358 1 -3
1482583613950 5 1
1482583614550 4 1
1482583614921 8 1
1482583615227 7 -1
1482583618496 7 1
1482583618768 8 -1
1482583619163 4 -1
1482583619550 5 -1
1482583620278 1 3
1482583620676 9 1
1482583622780 2 1
1482583623238 11 3
1482583623812 0 -1
1482583624098 2 -1
1482583626151 9 -2
1482583626535 1 -2
1482583626808 5 1
1482583627105 4 1
1482583627556 8 1
1482583628022 7 -1
1482583632838 9 -1
1482583635009 10 -2
1482583636684 3 3
1482583638824 3 -3
1482583640915 10 2
1482583641382 2 3
1482583646966 11 -1
1482583648409 1 1
1482583650505 2 -2
1482583650888 7 1
1482583651194 8 -1
1482583651577 4 -1
1482583651927 5 -1
1482583652331 1 1
1482583653125 11 1
1482583653437 2 -1
1482583653806 9 3
1482583655872 2 1
1482583656188 0 1
1482583656583 11 -3
1482583657033 2 -1
1482583658717 9 -1
1482583659350 1 -3
1482583660764 5 1
1482583661269 4 1
1482583661664 8 1
1482583662014 7 -1
1482583669849 7 1
1482583670134 8 -1
1482583670543 4 -1
1482583670934 5 -1
1482583671948 1 3
1482583672511 9 1
1482583672994 2 1
1482583673648 11 3
1482583673973 2 -1
1482583674208 0 -1
1482583674653 9 -3
1482583680459 9 3
1482583680950 2 1
1482583681179 0 1
1482583683624 2 -1
1482583684194 2 1
1482583684525 11 -3
1482583684862 2 -1
1482583685194 9 -1
1482583685658 1 -3
1482583686018 5 1
1482583686321 4 1
1482583686659 8 1
1482583686980 7 -1
1482583691795 R
1482583693817 1 -2
1482583694388 9 1
1482583695295 0 1
1482583695652 11 -2
1482583710798 11 2
1482583711114 0 -1
1482583711416 9 -2
1482583711875 2 -2
1482583712542 7 1
1482583712836 8 -1
1482583713873 4 -1
1482583714246 5 -1
1482583715148 1 3
1482583716304 11 1
1482583717503 2 -1
1482583719319 9 3
1482583724545 0 1
1482583724930 2 1
1482583725301 11 -3
1482583725690 2 -1
1482583725989 9 -1
1482583726463 1 -3
1482583727016 5 1
1482583727373 4 1
1482583727709 8 1
1482583728100 7 -1
1482583732854 7 1
1482583734309 6 1
1482583734628 11 -1
1482583735331 0 -1
1482583737963 9 -2
1482583738668 10 -3
1482583739959 9 2
1482583740307 7 2
1482583740642 3 3
1482583742196 0 3
1482583742579 11 1
1482583742976 6 -1
1482583743376 8 -1
1482583743746 4 -1
1482583744029 0 3
