1480062516890 1 -2
1480062522227 9 1
1480062531598 0 1
1480062617992 11 -2
1480062656888 11 2
1480062661109 0 -1
1480062674110 9 -2
1480062676751 1 2
1480062677891 11 1
1480062679010 10 -2
1480062683793 2 -3
1480062686070 9 1
1480062687456 7 2
1480062688536 3 2
1480062692780 8 -1
1480062695069 9 -1
1480062696891 8 1
1480062704381 6 1
1480062708520 9 1
1480062711081 6 -1
1480062712247 8 -1
1480062719544 9 -1
1480062720485 2 1
1480062724962 7 -1
1480062725816 2 -1
1480062726611 7 1
1480062731881 2 1
1480062752154 4 -1
1480062755170 4 1
1480062756131 8 1
1480062760065 6 1
1480062762693 6 -1
1480062763816 8 -1
1480062765467 7 -1
1480062767283 2 -1
1480062768569 7 1
1480062770447 1 -1
1480062771869 1 1
1480062773749 2 1
1480062775438 8 1
1480062797179 11 -1
1480062798156 1 -2
1480062799563 7 1
1480062803013 3 1
1480062804605 8 -1
1480062808123 7 -2
1480062809334 10 1
1480062811131 1 1
1480062812359 11 1
1480062817640 2 -1
1480062818786 10 -1
1480062819820 9 1
1480062821317 10 1
1480062822758 3 -3
1480062824081 10 1
1480062825224 9 1
1480062830187 4 -1
1480062835582 3 1
1480062838098 5 -1
1480062839900 1 2
1480062847638 9 1
1480062856540 3 -1
