1479269156108 1 -2
1479269156835 10 -2
1479269158331 9 -1
1479269158979 2 -2
1479269159677 7 3
1479269160468 3 3
1479269161084 8 -1
1479269161763 4 -1
1479269165285 4 1
1479269165875 8 1
1479269168868 7 -3
1479269169539 2 2
1479269171411 10 1
1479269171819 2 -2
1479269172715 3 -3
1479269173379 2 2
1479269173939 10 1
1479269174804 9 2
1479269175973 0 1
1479269176707 11 -2
1479269178779 1 2
1479269182067 11 2
1479269182747 0 -1
1479269184035 9 -2
1479269188603 2 -2
1479269189131 10 -2
1479269189822 7 2
1479269190438 8 -1
1479269190899 4 -1
1479269191572 5 -1
1479269192156 1 1
1479269193636 11 1
1479269194507 2 -1
1479269195107 9 1
1479269195804 7 -1
1479269196492 10 2
1479269197243 9 2
1479269197875 0 1
1479269198428 2 1
1479269199211 11 -3
1479269199715 2 -1
1479269200397 9 -1
1479269200979 1 -3
1479269201923 5 1
1479269203531 3 1
1479269204099 4 1
1479269204820 8 1
1479269205715 7 -1
1479269208652 7 1
1479269209188 8 -1
1479269209749 4 -1
1479269210261 5 -1
1479269210883 1 3
1479269211675 9 1
1479269212275 2 1
1479269215115 3 -1
1479269215963 2 -1
1479269216741 9 -1
1479269217676 1 -3
1479269222259 1 3
1479269222839 9 1
1479269223309 2 1
1479269223891 11 3
1479269224413 2 -1
1479269224884 9 -1
1479269225635 0 -1
1479269226396 9 -2
1479269226971 2 1
1479269227651 11 -1
1479269228219 10 -2
1479269228707 1 -3
1479269229653 7 2
1479269230195 3 3
1479269230715 5 1
1479269234749 4 1
1479269235315 8 1
1479269235980 7 -3
1479269236869 2 2
1479269239995 2 -2
1479269240757 3 -3
1479269241307 2 2
1479269241941 10 2
1479269242627 9 2
1479269243277 0 1
1479269245491 11 -2
1479269252244 1 2
1479269254099 11 2
1479269254731 0 -1
1479269255452 9 -2
1479269256037 2 -2
1479269256605 10 -2
1479269257427 1 -2
1479269258227 7 3
1479269259700 3 3
1479269261676 8 -1
1479269262348 4 -1
1479269264483 3 -3
1479269265187 5 -1
1479269265892 7 -2
1479269267291 10 2
1479269268539 1 3
1479269269676 11 1
1479269270147 2 -1
1479269271171 9 3
1479269271772 0 1
1479269272868 2 1
1479269273588 11 -3
1479269274116 2 -1
1479269275157 9 -1
1479269275795 1 -3
1479269276916 5 1
1479269277619 3 1
1479269278603 4 1
1479269279213 8 1
1479269279803 7 -1
1479269280479 3 -1
1479269284780 1 2
1479269285845 7 1
1479269286236 3 1
1479269286748 8 -1
1479269287557 4 -1
1479269288118 3 -1
1479269288763 5 -1
1479269291676 1 1
1479269292413 9 1
1479269292988 2 1
1479269293748 11 3
1479269294212 0 -1
1479269295078 2 -1
1479269295739 9 -3
1479269296348 10 -2
1479269296883 1 -2
1479269298501 2 1
1479269299158 11 -1
1479269299637 1 -1
1479269300308 7 2
1479269301412 3 3
1479269302053 5 1
1479269302716 4 1
1479269304891 8 1
1479269306732 6 1
1479269317508 6 -1
1479269319277 7 -3
1479269321428 3 -3
1479269321972 2 2
1479269322548 10 2
1479269323708 9 2
1479269324388 0 1
1479269325916 11 -2
1479269334205 1 2
1479269335324 11 3
1479269335819 0 -1
1479269336804 9 -2
1479269337453 11 -1
1479269338196 2 -2
1479269338988 10 -2
1479269339619 1 -2
1479269341243 1 2
1479269342373 7 2
1479269343196 6 1
1479269344404 3 1
1479269345156 3 1
1479269347844 1 -2
1479269348428 7 1
1479269348996 3 1
1479269350852 6 -1
1479269351612 8 -1
1479269352277 4 -1
1479269352941 5 -1
1479269353676 3 -1
1479269354252 7 -2
1479269354891 1 3
1479269355836 7 1
1479269358436 11 1
1479269361452 2 -1
1479269362172 7 -1
1479269362676 3 -2
1479269363294 10 2
1479269364108 9 3
1479269364748 0 1
1479269365388 2 1
1479269365988 11 -3
1479269366980 2 -1
1479269367686 9 -1
1479269369636 3 1
1479269370572 1 -3
1479269372364 5 1
1479269373046 4 1
1479269373523 8 1
1479269374212 6 1
1479269374852 11 -1
1479269375371 0 -1
1479269376820 9 -2
1479269377580 2 1
1479269378067 10 -3
1479269379453 2 -1
1479269380117 7 2
1479269380628 3 2
1479269381332 9 2
1479269381981 0 3
1479269382557 11 1
1479269383084 6 -1
1479269383541 8 -1
1479269383990 4 -1
1479269384604 0 2
