1479506522255 1 -2
1479506523628 9 1
1479506527774 9 -2
1479506528527 2 -2
1479506529470 10 -2
1479506530389 7 3
1479506532030 3 3
1479506533522 8 -1
1479506535077 4 -1
1479506537329 7 -2
1479506539260 1 1
1479506540469 11 1
1479506541751 2 -1
1479506544309 3 -2
1479506545489 7 1
1479506546982 5 -1
1479506547915 1 2
1479506553838 9 1
1479506558383 3 1
1479506560937 1 -2
1479506562381 5 1
1479506563355 3 1
1479506564786 7 -1
1479506566755 4 1
1479506567753 8 1
1479506568846 7 -1
1479506570070 9 -1
1479506571105 2 3
1479506573289 10 1
1479506575434 11 -1
1479506576305 U
1479506582163 10 -1
1479506582908 2 -3
1479506588681 3 -2
1479506589961 10 2
1479506591933 2 2
1479506592961 11 -1
1479506593905 1 -1
1479506594933 10 -2
1479506595781 3 2
1479506597313 2 -1
1479506598851 7 3
1479506602277 8 -1
1479506603439 4 -1
1479506605835 5 -1
1479506606785 3 -3
1479506608001 7 -2
1479506608795 1 3
1479506610034 10 2
1479506611293 11 1
1479506612487 2 -1
1479506613406 9 3
1479506614551 0 1
1479506617591 9 -1
1479506618525 1 -2
1479506619931 5 1
1479506620841 3 1
1479506621533 4 1
1479506622255 8 1
1479506623873 R
1479506631884 9 -1
1479506634273 1 -2
1479506635190 10 -2
1479506636416 2 -2
1479506637522 7 3
1479506639638 3 3
1479506648787 3 -3
1479506650437 7 -3
1479506653160 2 2
1479506654055 10 2
1479506655047 1 2
1479506655908 11 1
1479506657307 1 -1
1479506658092 2 -3
1479506659365 10 -2
1479506663096 9 1
1479506667612 3 3
1479506669427 7 2
1479506671178 6 1
1479506671948 R
1479506676771 9 1
1479506677792 0 1
1479506678798 11 -2
1479506680164 1 -2
1479506687423 11 2
1479506688906 0 -1
1479506690776 9 -2
1479506694184 1 2
1479506695581 11 1
1479506697058 9 2
1479506697930 0 1
1479506699116 11 -3
1479506700694 1 -2
1479506707222 11 2
1479506709608 R
1479506712476 9 -1
1479506714422 10 -2
1479506715184 2 -2
1479506716749 1 -2
1479506718615 7 3
1479506720934 3 3
1479506724600 8 -1
1479506726060 4 -1
1479506729650 3 -3
1479506730790 7 -2
1479506731856 10 2
1479506733254 1 2
1479506734276 11 1
1479506735038 2 -1
1479506737440 9 2
1479506738931 1 -1
1479506740770 0 1
1479506786631 4 1
1479506788579 8 1
1479506789419 6 1
1479506790943 0 -1
1479506793755 9 -2
1479506794979 10 -2
1479506796151 7 1
1479506797823 3 3
