1482111748813 1 -2
1482111753413 9 1
1482111754274 9 -2
1482111755424 10 -2
1482111756389 2 -2
1482111758505 7 3
1482111761070 3 3
1482111764028 8 -1
1482111764838 4 -1
1482111767757 7 -2
1482111769941 3 -3
1482111771004 5 -1
1482111772970 1 3
1482111775495 10 2
1482111776474 11 1
1482111777323 2 -1
1482111780005 9 3
1482111784200 0 1
1482111785144 2 1
1482111785805 2 -1
1482111789464 9 -1
1482111790232 9 1
1482111791727 0 -1
1482111793763 9 -3
1482111794901 10 -2
1482111796529 1 -2
1482111797652 7 1
1482111798644 3 3
1482111799360 5 1
1482111800735 4 1
1482111801624 8 1
1482111802678 6 1
1482111805669 3 -3
1482111807044 1 1
1482111807827 7 -1
1482111808909 10 2
1482111810720 9 2
1482111814094 0 1
1482111817678 6 -1
1482111822277 8 -1
1482111822921 4 -1
1482111823857 5 -1
1482111824611 1 1
1482111826714 9 1
1482111833302 2 1
1482111833865 2 -1
1482111842267 9 -1
1482111843950 1 -2
1482111845350 5 1
1482111846303 0 -1
1482111847088 9 -2
1482111848346 10 -2
1482111855104 9 1
1482111855844 7 1
1482111857156 3 3
1482111857883 4 1
1482111858652 8 1
1482111859348 6 1
1482111861094 7 -1
1482111862092 7 1
1482111863069 3 -3
1482111864192 1 1
1482111865174 7 -1
1482111865884 10 2
1482111866801 9 1
1482111867886 0 1
1482111869484 6 -1
1482111870464 7 -1
1482111874071 1 -1
1482111877754 7 1
1482111878949 8 -1
1482111879650 4 -1
1482111880295 5 -1
1482111881313 1 2
1482111882477 9 1
1482111889067 2 1
1482111895902 11 -3
1482111896804 2 -1
1482111897630 9 -1
1482111898588 1 -3
1482111902770 5 1
1482111903517 3 1
1482111904666 4 1
1482111909766 3 -1
1482111910937 3 1
1482111912175 4 -1
1482111914239 5 -1
1482111915813 1 3
1482111917996 1 -3
1482111923394 5 1
1482111924464 3 -1
1482111926611 5 -1
1482111927957 5 1
1482111928610 4 1
1482111929230 8 1
1482111930101 7 -1
1482111932262 3 1
1482111934877 7 1
1482111937670 7 -1
1482111944009 1 2
1482111948734 7 1
1482111949919 6 1
1482111950709 11 -1
1482111953233 0 -1
1482111955316 9 -1
1482111958183 10 -3
1482111959176 1 -2
1482111961572 7 2
1482111963359 3 2
1482111964091 9 1
1482111964963 0 3
1482111965838 11 1
1482111966460 6 -1
1482111966976 8 -1
1482111967743 4 -1
1482111968521 0 2
