1479363183636 9 1
1479363184339 0 1
1479363185946 11 1
1479363187075 0 -1
1479363187794 9 -2
1479363188532 10 -2
1479363189226 2 -3
1479363190843 3 2
1479363192403 7 2
1479363193075 8 -1
1479363193683 4 -1
1479363195250 7 -1
1479363195758 3 -2
1479363196562 10 2
1479363197326 9 2
1479363197970 0 1
1479363202723 1 -1
1479363203931 1 1
1479363206203 0 -1
1479363207131 9 -2
1479363208299 2 1
1479363209491 11 -1
1479363210338 1 -2
1479363212403 3 1
1479363214146 4 1
1479363214811 8 1
1479363215586 7 -1
1479363216747 2 1
1479363218083 10 -2
1479363218843 3 2
1479363220675 2 1
1479363221507 9 1
1479363224908 10 1
1479363231123 1 1
1479363231803 11 1
1479363232990 10 -1
1479363238076 R
1479363240146 9 1
1479363240706 0 1
1479363241611 11 -1
1479363242571 11 -1
1479363243539 1 -2
1479363246707 11 2
1479363247571 0 -1
1479363248371 9 -2
1479363249403 2 -2
1479363250274 10 -2
1479363250822 7 3
1479363251890 3 3
1479363255810 8 -1
1479363256603 4 -1
1479363258203 3 -3
1479363259106 5 -1
1479363260011 7 -2
1479363264422 5 1
1479363265235 4 1
1479363265754 8 1
1479363266394 7 -1
1479363267426 2 2
1479363269302 10 2
1479363269915 9 2
1479363270594 0 1
1479363271387 11 -2
1479363275970 11 2
1479363277082 0 -1
1479363277891 9 -2
1479363280314 10 -2
1479363281435 2 -2
1479363282707 7 3
1479363283803 3 3
1479363284890 8 -1
1479363287115 8 1
1479363287857 7 -3
1479363292962 7 3
1479363294106 8 -1
1479363294762 4 -1
1479363296165 7 -2
1479363296851 3 -3
1479363297610 10 2
1479363298603 1 2
1479363299410 11 1
1479363300202 1 -1
1479363300882 2 -1
1479363301454 9 2
1479363302459 0 1
1479363307194 3 1
1479363307947 4 1
1479363308466 8 1
1479363309249 7 -1
1479363311282 3 -1
1479363312194 3 1
1479363312666 7 1
1479363313177 8 -1
1479363313650 4 -1
1479363314353 5 -1
1479363315345 1 2
1479363316609 9 1
1479363317426 2 1
1479363318489 11 -3
1479363319377 2 -1
1479363320386 9 -1
1479363320920 1 -3
1479363322481 5 1
1479363323330 4 1
1479363323931 8 1
1479363324658 7 -1
1479363326906 7 1
1479363327889 6 1
1479363328481 11 -1
1479363329697 0 -1
1479363330417 9 -2
1479363331171 10 -3
1479363332225 7 2
1479363333036 9 2
1479363333723 3 2
1479363335346 0 3
1479363336113 9 -2
1479363337793 2 1
1479363338314 10 1
1479363338802 11 2
1479363339961 6 -1
1479363340562 8 -1
1479363340963 4 -1
1479363343650 0 2
