1481960912065 1 -2
1481960913766 10 -2
1481960915981 10 2
1481960916741 1 2
1481960918076 11 1
1481960919410 10 -2
1481960920349 1 -1
1481960924728 9 -1
1481960925747 2 -3
1481960927783 3 3
1481960930436 7 1
1481960931431 8 -1
1481960932166 4 -1
1481960934693 3 -3
1481960936067 1 1
1481960936958 10 2
1481960939211 2 1
1481960942029 11 -1
1481960942631 1 -2
1481960943629 10 -2
1481960945086 7 2
1481960946617 3 3
1481960969320 4 1
1481960969997 8 1
1481960982702 8 -1
1481960983434 4 -1
1481960995515 R
1481961006904 11 1
1481961008746 9 1
1481961011135 9 -2
1481961012865 1 -1
1481961014466 1 1
1481961016464 10 -2
1481961018509 10 2
1481961020082 9 2
1481961022999 1 -1
1481961026013 0 1
1481961029236 R
1481961031529 9 1
1481961035061 1 -2
1481961048637 9 -2
1481961050089 9 2
1481961051165 0 1
1481961052618 11 -2
1481961059410 R
1481961062495 10 -2
1481961065757 10 2
1481961067646 1 -2
1481961069456 10 -2
1481961072808 10 2
1481961073817 1 2
1481961075053 9 1
1481961076182 0 1
1481961079291 11 -2
1481961081677 1 -2
1481961090222 R
1481961094384 10 -2
1481961095412 1 -2
1481961098577 10 2
1481961099456 1 2
1481961109050 9 1
1481961109997 0 1
1481961110475 0 -1
1481961112824 11 1
1481961120487 R
1481961123622 9 1
1481961127145 9 -2
1481961129686 2 -2
1481961130979 10 -2
1481961133588 1 -2
1481961134943 7 3
1481961136564 3 3
1481961138354 8 -1
1481961139575 4 -1
1481961153210 7 -2
1481961154371 7 2
1481961155143 3 -3
1481961156836 5 -1
1481961160557 7 -2
1481961161856 10 2
1481961163290 1 3
1481961164773 11 1
1481961165999 2 -1
1481961167236 9 3
1481961168510 0 1
1481961171509 9 -1
1481961172635 1 -2
1481961174304 1 2
1481961176549 9 1
1481961179505 2 1
1481961180948 11 -3
1481961183204 2 -1
1481961185199 9 -1
1481961186196 1 -3
1481961188872 5 1
1481961193358 4 1
1481961194394 8 1
1481961195511 7 -1
1481961200190 3 1
1481961201076 7 1
1481961202273 6 1
1481961203319 11 -1
1481961205565 1 2
