1482198082295 9 -1
1482198083088 9 2
1482198086423 1 -2
1482198091566 0 1
1482198092313 11 -2
1482198094783 11 2
1482198095391 0 -1
1482198096270 9 -2
1482198097419 1 2
1482198098372 9 2
1482198099070 11 1
1482198099936 0 1
1482198100721 0 -1
1482198103221 11 -1
1482198104479 R
1482198108248 1 -2
1482198110480 9 -1
1482198111323 10 -2
1482198112389 2 -2
1482198113597 7 3
1482198114605 3 3
1482198123096 7 -3
1482198123872 3 -3
1482198124832 2 2
1482198125965 9 1
1482198126563 10 2
1482198127387 9 1
1482198128292 0 1
1482198129338 11 -2
1482198132464 11 2
1482198133039 0 -1
1482198133727 9 -2
1482198134799 2 -2
1482198135407 10 -2
1482198138580 7 3
1482198142428 3 3
1482198143856 8 -1
1482198144493 4 -1
1482198150123 7 -2
1482198152252 7 2
1482198154648 4 1
1482198155537 8 1
1482198157264 R
1482198162617 1 -2
1482198169157 10 -2
1482198174536 10 2
1482198175399 9 1
1482198175985 0 1
1482198176747 11 -2
1482198182861 1 2
1482198184242 1 -2
1482198186060 11 2
1482198186581 0 -1
1482198187397 9 -2
1482198189301 1 2
1482198190462 10 -2
1482198191369 11 1
1482198192655 2 -3
1482198196150 7 2
1482198197977 7 -2
1482198198989 1 -1
1482198201727 3 3
1482198206046 3 -3
1482198207322 1 1
1482198208102 3 2
1482198211264 7 2
1482198211882 7 -2
1482198212794 1 -1
1482198215098 3 -2
1482198217022 9 1
1482198220514 10 2
1482198221247 9 1
1482198221975 0 1
1482198229526 0 -1
1482198230713 9 -1
1482198231554 9 -1
1482198232557 2 1
1482198233292 11 -1
1482198235899 2 2
1482198237149 9 2
1482198237739 0 1
1482198238395 11 -2
1482198240119 1 -1
1482198249107 R
1482198254612 9 1
1482198255639 11 1
1482198256397 1 -1
1482198257249 9 -2
1482198259316 9 2
1482198259947 11 -1
1482198261779 1 1
1482198264644 9 -2
1482198265379 10 -2
1482198266149 2 -2
1482198269460 2 2
1482198269998 9 1
1482198270829 9 -1
1482198272417 9 1
1482198273093 10 2
1482198273984 9 1
1482198275426 11 1
1482198276081 0 1
1482198277269 11 -3
1482198283114 11 3
1482198284853 0 -1
1482198285364 9 -2
1482198285872 2 -3
1482198287370 10 -2
1482198288253 1 -1
1482198289572 3 3
1482198291589 10 1
1482198292618 9 1
1482198293341 9 -1
1482198294352 2 3
1482198297973 11 -1
1482198298578 1 -1
1482198299158 10 -1
1482198301212 10 1
1482198303348 2 -2
1482198303909 3 -3
1482198304621 2 2
1482198305221 10 1
1482198306203 9 2
1482198307901 0 1
1482198311431 11 -2
1482198341220 R
1482198348015 9 1
1482198349574 9 -2
1482198350620 2 -2
1482198351398 10 -2
1482198352677 7 2
1482198353501 6 1
1482198355198 7 -1
1482198356180 10 2
1482198363944 R
1482198367695 9 1
1482198371206 9 -2
1482198372535 2 -2
1482198373077 10 -2
1482198375513 2 2
1482198376025 10 2
1482198376679 9 2
1482198377388 0 1
1482198380920 11 -2
1482198382362 1 -2
1482198387132 11 2
1482198387682 0 -1
1482198389219 9 -2
1482198389888 10 -2
1482198390387 2 -2
1482198393337 7 3
1482198394678 3 3
1482198395793 6 1
1482198401297 6 -1
1482198401854 8 -1
1482198402522 4 -1
1482198410256 7 -2
1482198410918 10 1
1482198411432 1 1
1482198412770 1 -1
1482198413210 10 -1
1482198414046 10 1
1482198414687 10 -1
1482198418550 7 2
1482198420362 7 -2
1482198421147 3 -3
1482198423935 10 2
1482198424577 1 2
1482198428360 4 1
1482198428850 8 1
1482198429357 7 -1
1482198431208 2 2
1482198432449 9 2
1482198432966 0 1
1482198433721 11 -2
1482198435626 1 -2
