1479290799210 1 -2
1479290801490 10 -2
1479290802714 9 -1
1479290803491 2 -2
1479290804404 3 3
1479290806116 7 3
1479290806867 8 -1
1479290807539 4 -1
1479290808617 7 -2
1479290809946 3 -3
1479290810482 5 -1
1479290811474 1 3
1479290812411 11 1
1479290813245 2 -1
1479290814195 10 2
1479290815090 9 3
1479290816299 0 1
1479290817082 2 1
1479290817811 11 -3
1479290818955 2 -1
1479290819637 9 -1
1479290820418 1 -3
1479290822093 5 1
1479290823092 4 1
1479290823588 8 1
1479290824042 6 1
1479290824787 11 -1
1479290825394 0 -1
1479290826467 9 -2
1479290827715 10 -3
1479290828580 7 2
1479290829163 9 2
1479290829867 3 3
1479290832307 0 3
1479290832885 11 1
1479290833379 6 -1
1479290833883 8 -1
1479290834420 4 -1
1479290834963 0 2
