1484923162211 7 2
1484923163275 9 1
1484923164531 0 1
1484923166040 6 -2
1484923167559 12 -2
1484923170268 9 1
1484923171301 6 1
1484923172535 0 -1
1484923173656 9 -1
1484923174719 9 -1
1484923175809 7 -2
1484923187471 1 -2
1484923188597 4 1
1484923190531 13 2
1484923193022 2 1
1484923194069 11 1
1484923195363 8 -2
1484923199121 7 2
1484923201282 9 1
1484923203082 0 2
1484923204518 6 -1
1484923206492 1 1
1484923207811 9 1
1484923217316 6 1
1484923218659 0 -2
1484923224119 0 1
1484923225339 6 -1
1484923229669 8 2
1484923231009 10 1
1484923231988 5 1
1484923233116 6 -2
1484923234060 0 -1
1484923235263 9 -2
1484923236543 7 -3
1484923239931 9 2
1484923241305 8 1
1484923242255 3 1
1484923243464 0 3
1484923245489 9 -2
1484923248247 1 -1
1484923249432 3 1
1484923251297 9 1
1484923254169 6 2
1484923255471 10 -1
1484923256390 5 -1
1484923258002 2 -1
1484923259067 11 -1
1484923260150 13 -2
1484923261715 0 1
1484923262817 0 1
