1480385568303 12 -1
1480385569571 8 2
1480385574705 8 -2
1480385575882 7 2
1480385578549 12 1
1480385581246 12 -1
1480385582299 4 -1
1480385585362 7 1
1480385589738 12 1
1480385592571 6 -1
1480385593841 12 -2
1480385595402 9 2
1480385596793 8 2
1480385598040 0 2
1480385599282 6 -1
1480385600927 9 -1
1480385601822 8 -1
1480385602937 1 -2
1480385607375 1 2
1480385608747 8 1
1480385610036 9 1
1480385614981 R
1480385621968 6 -1
1480385625415 12 -2
1480385628108 7 2
1480385629443 9 2
1480385632320 0 1
1480385633364 6 -1
1480385656335 4 -1
1480385658204 7 1
1480385667606 R
1480385677101 13 1
1480385679289 11 1
1480385680338 5 1
1480385683187 R
1480385705928 3 1
1480385706782 8 1
1480385711607 8 -1
1480385712821 R
1480385716564 7 2
1480385717678 9 1
1480385719025 0 1
1480385733083 12 -1
1480385733960 1 -1
1480385735016 4 1
1480385736164 13 2
1480385737509 2 1
1480385738800 8 -1
1480385740330 11 1
1480385741216 8 -1
1480385742312 0 1
1480385745792 6 -2
1480385747056 12 -1
1480385748182 9 1
1480385749219 9 -1
1480385750256 1 -1
1480385766317 R
1480385780846 13 1
1480385781613 11 1
1480385785417 12 -1
1480385786308 1 -1
1480385787623 4 1
1480385788577 13 1
1480385790332 2 1
1480385793762 8 -2
1480385810245 7 2
1480385811544 9 1
1480385812579 0 2
1480385820041 6 -2
1480385821161 12 -1
1480385822703 1 -1
1480385824824 0 -1
