1480910145357 6 -1
1480910146732 12 -2
1480910148101 1 -2
1480910149418 4 1
1480910150847 7 2
1480910152372 9 1
1480910154150 0 1
1480910155061 6 -1
1480910160382 4 -2
1480910161569 7 1
1480910163628 8 1
1480910164953 0 1
1480910166372 1 2
1480910167426 9 1
1480910168393 8 1
1480910170518 0 -1
1480910172273 9 -1
1480910173295 8 -2
1480910174599 7 -1
1480910176200 1 -2
1480910177597 4 2
1480910178821 13 2
1480910181588 2 1
1480910182493 11 1
1480910183919 5 1
1480910184813 10 1
1480910186014 6 -2
1480910187314 0 -1
1480910194703 9 -1
1480910196029 7 -3
1480910198236 8 1
1480910199481 3 2
1480910201034 9 1
1480910205571 0 3
1480910206770 9 -1
1480910208351 7 1
1480910209710 3 -1
1480910213453 6 3
1480910214659 10 -1
1480910217409 5 -1
1480910218558 11 -1
1480910219943 2 -1
1480910221128 13 -2
1480910222061 0 2
