1482188254172 6 -1
1482188255883 12 -2
1482188256780 7 2
1482188257624 9 2
1482188258930 0 1
1482188260042 6 -1
1482188261726 9 -1
1482188263383 1 -2
1482188265353 4 -1
1482188266179 7 1
1482188267073 8 1
1482188268192 0 1
1482188272241 1 2
1482188274972 9 1
1482188277242 0 -1
1482188278207 8 -1
1482188280642 9 -1
1482188282450 6 1
1482188284136 0 -1
1482188284911 9 -1
1482188286348 7 -2
1482188287412 1 -2
1482188288306 3 2
1482188289210 4 2
1482188290366 13 2
1482188291233 2 1
1482188291882 11 1
1482188292992 8 -2
1482188294937 3 -2
1482188295807 7 1
1482188296440 1 1
1482188297307 9 2
1482188299273 0 1
1482188300318 8 2
1482188301124 5 1
1482188301753 10 1
1482188302689 6 -3
1482188303949 0 -1
1482188305024 9 -2
1482188306056 7 -3
1482188307064 9 2
1482188308352 8 1
1482188309497 3 1
1482188316141 0 3
1482188317246 6 2
1482188318105 10 -1
1482188318699 5 -1
1482188319447 2 -1
1482188319950 11 -1
1482188320664 13 -2
1482188321792 0 2
