1480909962953 13 1
1480909965770 11 1
1480909966754 5 1
1480909970857 5 -1
1480909971779 11 -1
1480909972648 13 -1
1480909974304 12 -1
1480909976032 1 -1
1480909976987 4 1
1480909978016 3 1
1480909979137 8 1
1480909985576 6 -1
1480909986541 12 -1
1480909987857 1 -1
1480909989648 3 -1
1480909990682 4 -2
1480909991745 1 2
1480909992841 8 1
1480909996657 3 1
1480909997599 4 1
1480909998840 8 -2
1480909999898 7 1
1480910004457 3 -1
1480910005282 4 -1
1480910007481 7 2
1480910008929 9 2
1480910010024 0 1
1480910010888 6 -1
1480910013536 8 2
1480910019289 9 -1
1480910020185 0 1
1480910021369 8 -1
1480910022552 1 -2
1480910026473 6 1
1480910033849 6 -1
1480910038794 1 2
1480910039690 8 1
1480910040810 9 1
1480910044522 6 1
1480910046458 0 -2
1480910051017 9 -1
1480910052826 8 -1
1480910054522 1 -2
1480910059370 0 2
1480910061841 6 -1
1480910065169 1 2
1480910065961 9 1
1480910066657 8 1
1480910069154 0 -1
1480910071618 8 -2
1480910072386 7 -1
1480910073114 1 -1
1480910074242 4 2
1480910077170 13 2
1480910078050 2 1
1480910078628 11 1
1480910080129 8 -2
1480910081873 0 1
1480910083610 9 -1
1480910084760 1 -1
1480910086538 1 1
1480910091097 1 -1
1480910094833 1 1
1480910095913 9 1
1480910100440 6 1
1480910101544 9 -1
1480910103800 9 1
1480910105744 6 -1
1480910111778 R
1480910113632 13 1
1480910114681 11 1
1480910115785 5 1
1480910117648 8 1
1480910118385 3 1
1480910119607 12 -1
1480910120368 1 -1
1480910121173 4 1
1480910122145 13 1
1480910122945 2 1
1480910124025 10 1
1480910125475 8 -1
1480910126194 3 -1
1480910127177 7 2
1480910128417 9 1
1480910129273 0 1
1480910130761 6 -4
1480910132409 12 -1
1480910133604 9 1
1480910137785 9 -1
1480910138520 1 -1
1480910139529 1 1
1480910143065 0 -1
1480910144896 9 -1
1480910146192 7 -3
1480910147241 1 -1
1480910150648 3 2
1480910151680 8 1
1480910153458 9 1
1480910155953 0 2
1480910159578 0 1
1480910160853 9 -1
1480910162890 7 1
1480910164904 3 -1
1480910165682 1 1
1480910166642 12 1
1480910167378 7 -1
1480910170425 12 -1
1480910171586 9 2
1480910174954 6 2
1480910176697 5 -1
1480910177674 10 -1
1480910178962 11 -1
1480910179842 2 -1
1480910181246 13 -2
1480910181898 0 2
