1482790474237 3 1
1482790475356 3 1
1482790476821 6 1
1482790478007 11 1
1482790479135 5 1
1482790480665 10 -3
1482790482458 6 -2
1482790483303 11 -1
1482790484523 7 -2
1482790485383 5 1
1482790486684 3 -3
1482790487904 2 -2
1482790489946 4 -2
1482790490845 1 3
1482790491798 9 3
1482790492814 5 2
1482790494348 0 1
1482790494987 7 1
1482790495742 8 4
1482790496608 10 -1
1482790497514 0 -1
1482790498073 7 -1
1482790498851 5 -4
1482790499721 1 -2
1482790500468 9 -2
1482790501312 3 3
1482790501923 4 2
1482790503537 6 2
1482790508540 5 2
1482790511019 R
1482790512799 0 2
1482790514483 3 2
1482790515569 6 1
1482790516639 0 1
1482790518504 7 -2
1482790520828 5 2
1482790523038 5 -2
1482790524298 2 -1
1482790527212 6 -1
1482790527801 4 -1
1482790529173 5 2
1482790529985 8 1
1482790531484 5 -2
1482790532790 0 -1
1482790533439 3 -2
1482790534746 2 1
1482790535481 7 2
1482790536103 8 1
1482790537080 8 -2
1482790539739 7 -2
1482790541923 3 2
1482790542567 4 1
1482790543316 6 1
1482790544946 0 1
1482790547424 0 -3
1482790547987 5 2
1482790548426 11 2
1482790549275 10 -3
1482790550537 5 -1
1482790550956 11 -2
1482790553581 2 -2
1482790554242 1 1
1482790554912 9 1
1482790555505 7 1
1482790556634 3 -3
1482790558729 6 -2
1482790559649 4 -2
1482790560325 1 2
1482790560982 9 2
1482790561865 7 -1
1482790562504 5 3
1482790563261 0 1
1482790564068 7 1
1482790564675 8 4
1482790565258 10 -1
1482790565749 0 -1
1482790566108 7 -1
1482790567061 5 -4
1482790567725 1 -2
1482790568334 9 -2
1482790569213 3 3
1482790569693 4 2
1482790572008 7 1
1482790572726 8 -1
1482790573284 9 -1
1482790575421 3 -2
1482790576419 1 1
1482790578104 4 -2
1482790578690 1 1
1482790580816 9 3
1482790581258 8 1
1482790581802 7 -1
1482790582401 5 4
1482790584394 0 1
1482790587153 5 -1
1482790587632 9 -1
1482790588902 9 -1
1482790590881 3 -1
1482790593471 0 -1
1482790593970 5 -3
1482790594510 0 1
1482790595036 7 1
1482790595716 8 -3
1482790596254 9 -1
1482790596803 1 -2
1482790597897 1 -1
1482790598503 2 2
1482790599513 0 1
1482790600586 7 -1
1482790602312 3 3
1482790602990 4 2
1482790603636 0 3
