1482321239369 3 2
1482321248770 0 1
1482321255049 7 -1
1482321259081 2 -2
1482321261241 1 1
1482321262674 8 3
1482321267881 8 -1
1482321268698 1 -1
1482321269793 2 2
1482321271554 0 2
1482321279650 8 -2
1482321280722 7 -1
1482321286657 0 -3
1482321289353 5 2
1482321290089 11 2
1482321291442 10 -3
1482321294345 3 -3
1482321295345 11 -2
1482321296426 2 -2
1482321297666 6 -1
1482321298522 4 -2
1482321299674 1 3
1482321300834 9 3
1482321301914 5 2
1482321303569 7 1
1482321304505 0 1
1482321306265 8 4
1482321307953 10 -1
1482321310937 7 -1
1482321315434 0 -1
1482321316554 5 -4
1482321319737 7 1
1482321320793 0 1
1482321321834 8 -3
1482321322970 1 -3
1482321323993 9 -3
1482321324953 2 2
1482321326009 3 3
1482321326865 4 2
1482321328130 0 5
