1482790459443 5 1
1482790460009 11 1
1482790460602 10 -3
1482790462194 11 -1
1482790462985 6 -1
1482790469129 3 2
1482790470130 7 -2
1482790472537 5 1
1482790473360 11 2
1482790474145 10 2
1482790475097 5 -2
1482790476617 0 1
1482790477569 0 -1
1482790478489 5 2
1482790479889 5 -2
1482790481081 0 1
1482790481896 8 1
1482790482978 8 -1
1482790483713 0 -1
1482790484616 5 2
1482790486330 10 -2
1482790489026 11 -1
1482790489682 5 -1
1482790490394 3 -3
1482790491352 4 -2
1482790492105 2 -1
1482790493776 9 3
1482790502064 11 -1
1482790505785 2 -1
1482790507408 1 1
1482790508362 7 1
1482790510648 1 1
1482790513528 1 -2
1482790514328 2 1
1482790515472 11 1
1482790516057 10 1
1482790523385 3 2
1482790524227 3 -2
1482790525568 9 -1
1482790526608 3 2
1482790527360 4 2
1482790528104 6 2
1482790528978 10 2
1482790529945 5 -1
1482790530689 11 -1
1482790531592 0 2
1482790533656 7 -1
1482790535073 8 1
1482790536064 9 -2
1482790537112 2 1
1482790537832 3 1
1482790538832 7 2
1482790539616 8 1
1482790541959 7 -1
1482790543417 2 -1
1482790545384 6 -1
1482790547327 0 1
1482790548040 5 1
1482790549752 8 -2
1482790550559 7 -1
1482790551225 5 1
1482790553792 2 1
1482790554904 4 -1
1482790558183 5 -2
1482790559088 0 -1
1482790564288 7 2
1482790567408 7 -1
1482790568191 2 -1
1482790569057 9 1
1482790569873 9 -1
1482790571703 3 -1
1482790572696 0 -2
1482790573728 5 1
1482790574288 11 1
1482790574952 10 -3
1482790576431 3 -2
1482790577097 3 3
1482790577920 11 -1
1482790578592 6 -1
1482790584576 7 -1
1482790585599 5 1
1482790591177 3 -3
1482790592007 2 1
1482790594144 2 -2
1482790595359 1 2
1482790596073 9 3
1482790598599 9 -1
1482790600231 4 1
1482790602393 3 1
1482790603016 6 2
1482790605600 3 -1
1482790606528 6 -2
1482790607831 1 -2
1482790608520 9 -2
1482790609416 4 -2
1482790610776 2 2
1482790611659 5 -1
1482790612728 5 1
1482790616025 5 -1
1482790617120 2 -2
1482790617808 7 1
1482790619112 1 2
1482790619616 1 1
1482790620351 9 3
1482790621303 7 -1
1482790622551 5 3
1482790623843 0 1
1482790624520 7 1
1482790625551 8 4
1482790626673 10 -1
1482790628088 0 -1
1482790628593 7 -1
1482790629807 5 -1
1482790631223 5 -1
1482790631825 1 -2
1482790632495 9 -2
1482790633208 3 3
1482790634008 4 2
1482790637009 3 -3
1482790637783 4 -2
1482790638367 1 2
1482790640343 1 -2
1482790641231 3 3
1482790642063 4 2
1482790648871 3 -3
1482790649768 4 -2
1482790650439 1 2
1482790651808 9 2
1482790653399 5 2
1482790654161 7 1
1482790654832 0 1
1482790656151 8 -2
1482790662207 8 1
1482790662847 0 -1
1482790669023 R
1482790673177 7 -2
1482790674512 2 -2
1482790675319 4 -1
1482790676862 9 2
1482790677814 1 2
1482790678367 7 1
1482790679166 1 -2
1482790679902 9 -2
1482790680823 3 2
1482790681703 2 2
1482790682952 2 -1
1482790686031 0 2
1482790689614 0 1
1482790690831 5 1
1482790692670 2 1
1482790693750 4 1
1482790694318 6 1
1482790696718 7 -1
1482790697478 5 1
1482790698966 5 -2
1482790699806 0 -3
1482790705079 0 1
1482790707390 0 2
1482790708367 5 2
1482790709119 5 -2
1482790710103 7 2
1482790710982 8 2
1482790711608 8 -2
1482790714207 7 -2
1482790715511 2 -1
1482790716918 9 1
1482790718574 9 -1
1482790720294 5 2
1482790722447 6 -1
1482790723095 4 -1
1482790724903 5 -2
1482790725862 0 -1
1482790726808 3 -2
1482790727911 9 3
1482790731717 9 -2
1482790732734 3 2
1482790733350 4 1
1482790736406 R
1482790737981 3 2
1482790738781 6 1
1482790739478 11 1
1482790739997 5 1
1482790740639 10 -3
1482790742025 11 -1
1482790743062 6 -2
1482790743775 3 -3
1482790746534 3 3
1482790749061 3 -3
1482790750078 4 -2
1482790751335 7 1
1482790753109 7 -3
1482790754070 2 -2
1482790755038 9 3
1482790755718 1 3
1482790757213 5 3
1482790758982 7 1
1482790759414 0 1
1482790760318 8 4
1482790761166 10 -1
1482790763062 7 -1
1482790765015 5 -1
1482790765799 9 -2
1482790767829 0 -1
1482790768686 5 -3
1482790769917 1 -2
1482790774303 0 1
1482790774958 7 1
1482790776925 8 -2
1482790777582 1 -1
1482790778159 9 -1
1482790778990 2 2
1482790780637 0 1
1482790781869 3 3
1482790782838 4 2
1482790783662 0 4
