1482103773564 3 2
1482103776501 7 -2
1482103780075 0 2
1482103781198 8 1
1482103783652 0 1
1482103786092 5 2
1482103788173 5 -2
1482103789060 0 -2
1482103795070 8 -1
1482103795972 0 -1
1482103799555 7 2
1482103804051 7 -2
1482103809204 11 2
1482103814419 11 -2
1482103819147 0 2
1482103820155 0 -2
1482103820660 0 2
1482103825635 3 -2
1482103827459 7 2
1482103829036 8 2
1482103830259 0 -1
1482103832075 11 1
1482103833662 8 -2
1482103834693 0 -1
1482103835740 5 1
1482103836484 7 -2
1482103837675 5 1
1482103840813 11 -1
1482103843349 5 -2
1482103845083 3 2
1482103847771 0 3
1482103849380 0 -3
1482103852806 5 2
1482103853406 5 -2
1482103853996 0 3
1482103855227 5 2
1482103858443 6 1
1482103860334 5 -2
1482103861947 0 -2
1482103862907 11 2
1482103864923 7 1
1482103866243 8 2
1482103868293 8 -2
1482103869892 0 -1
1482103871430 5 1
1482103872892 10 -3
1482103873860 3 -3
1482103878244 11 -2
1482103879519 6 -2
1482103883901 7 3
1482103887502 5 1
1482103889644 11 2
1482103893267 10 1
1482103897133 6 1
1482103899397 5 -1
1482103900245 11 -1
1482103900956 11 1
1482103901710 11 -1
1482103902670 2 -1
1482103903667 9 2
1482103908269 10 -1
1482103909534 11 -1
1482103910507 2 -1
1482103911396 1 2
1482103912763 5 1
1482103915910 6 -1
1482103919452 1 -2
1482103923603 1 1
1482103924988 1 1
1482103925603 1 -1
1482103929325 R
1482103931108 3 1
1482103938051 7 -2
1482103938803 7 1
1482103941779 0 1
1482103942835 8 2
1482103945363 7 1
1482103947419 8 -1
1482103948731 7 -2
1482103952611 11 2
1482103956732 11 -2
1482103957635 2 -1
1482103959203 7 1
1482103959987 3 1
1482103960963 6 1
1482103964339 0 1
1482103966571 0 -1
1482103968123 0 1
1482103969411 3 -2
1482103970755 9 2
1482103971563 7 -1
1482103972268 0 -1
1482103973259 11 1
1482103974123 10 -1
1482103974878 6 -2
1482103975587 3 1
1482103976931 7 1
1482103977870 3 -1
1482103979211 4 -1
1482103980923 8 -1
1482103981708 0 -1
1482103982939 7 -1
1482103984899 9 1
1482103987597 3 1
1482103989523 6 1
1482103990684 5 2
