1481742547011 0 2
1481742560334 8 2
1481742564186 7 -1
1481742568922 3 2
1481742570442 0 1
1481742577562 8 -2
1481742580474 7 -1
1481742585706 0 -3
1481742589890 3 -2
1481742595146 3 2
1481742597663 11 2
1481742599135 5 2
1481742601379 10 -3
1481742603848 6 -1
1481742616263 10 2
1481742621839 5 -2
1481742628527 6 2
1481742630163 10 1
1481742632119 11 -2
1481742635475 0 3
1481742653063 2 -1
1481742659022 7 1
1481742660930 7 -1
1481742662130 0 -3
1481742665850 6 -1
1481742668638 6 1
1481742681058 2 -1
1481742683106 3 -2
1481742685294 1 2
1481742686637 9 2
1481742697066 6 -1
1481742698026 4 -1
1481742699602 9 1
1481742708590 1 -2
1481742709694 2 1
1481742711026 3 1
1481742717098 5 2
1481742718671 11 1
1481742723979 10 -3
1481742726155 11 -1
1481742727083 3 -2
1481742728075 6 -1
1481742730999 4 -1
1481742733253 2 -1
1481742736679 9 -3
1481742738123 1 3
1481742740231 5 1
1481742741399 0 1
1481742752863 0 -1
1481742759751 3 1
1481742771379 9 3
1481742795148 5 -2
1481742796095 1 -3
1481742797150 9 -3
1481742801102 3 2
1481742840337 5 1
1481742845883 2 2
1481742862695 4 1
1481742889543 3 -3
1481742894115 2 -2
1481742896583 1 2
1481742898170 4 -1
1481742904035 9 2
1481742924311 1 1
1481742924791 9 1
1481742927402 5 2
1481742962919 5 -3
1481742963795 1 -3
1481742964707 9 -3
1481742966671 3 3
1481742969723 4 2
1481742971695 2 2
1481742977151 5 1
1481743015711 11 2
1481743017055 10 2
1481743018400 5 -2
1481743019379 0 1
1481743026663 0 -1
1481743027559 5 2
1481743028379 10 -2
1481743030482 3 -3
1481743031800 4 -2
1481743032759 11 -2
1481743033695 2 -2
1481743034427 1 3
1481743035731 9 3
1481743041404 5 2
1481743042314 0 1
1481743043139 8 1
1481743046915 10 -1
1481743047851 7 1
1481743049614 8 3
1481743051063 7 -1
1481743052039 0 -1
1481743053255 5 -4
1481743054411 1 -2
1481743058655 7 1
1481743059178 0 1
1481743060043 8 -3
1481743060803 1 -1
1481743061663 9 -3
1481743062888 2 2
1481743064963 0 1
1481743066035 3 3
1481743066858 4 2
1481743068447 0 2
1481743105490 0 1
