1479839611644 3 2
1479839620551 5 1
1479839622437 11 1
1479839625594 10 -3
1479839635554 10 1
1479839637993 10 1
1479839640494 5 -1
1479839642430 0 1
1479839646129 7 -2
1479839647915 10 1
1479839649869 11 -1
1479839651704 0 1
1479839652119 0 1
1479839662171 6 1
1479839665094 5 2
1479839668352 8 1
1479839671456 5 -2
1479839675611 0 -2
1479839678071 11 2
1479839680913 10 -1
1479839683162 6 -2
1479839698013 11 -1
1479839700070 7 2
1479839702238 8 1
1479839712790 7 -1
1479839718129 3 -2
1479839721215 2 -1
1479839723737 9 2
1479839727191 4 -2
1479839729303 9 1
1479839735131 3 1
1479839737178 4 1
1479839740778 8 -2
1479839742018 7 -1
1479839744265 9 -3
1479839747502 2 1
1479839750184 0 -1
1479839751838 5 2
1479839753834 10 -2
1479839756668 3 1
1479839763322 5 -1
1479839764875 7 2
1479839767334 11 -1
1479839768645 11 1
1479839771075 10 2
1479839773011 5 -1
1479839774786 0 1
1479839777679 8 2
1479839782074 7 -1
1479839784060 11 1
1479839788617 4 1
1479839790998 6 2
1479839794264 10 1
1479839798479 11 -2
1479839801865 0 2
1479839805112 7 1
1479839807059 5 1
1479839827016 8 -1
1479839828380 7 -2
1479839830788 5 1
1479839838459 5 -2
1479839841040 0 -2
1479839843804 8 -1
1479839845812 0 -1
1479839848049 5 2
1479839850106 11 2
1479839852656 10 -3
1479839861116 10 2
1479839865824 5 -2
1479839870916 5 2
1479839872992 10 -2
1479839874818 11 -2
1479839876389 5 -1
1479839878416 7 2
1479839880394 7 -2
1479840006258 6 -2
1479840022600 2 -2
1479840025657 1 1
1479840028239 9 1
1479840030863 7 1
1479840082500 1 -1
1479840084679 9 -1
1479840087645 2 2
1479840094634 7 -1
1479840101514 5 1
1479840104296 11 2
1479840110156 10 2
1479840116249 5 -2
1479840119213 0 1
1479840121602 7 1
1479840124831 8 2
1479840145169 11 -1
1479840148438 2 -1
1479840150173 9 1
1479840160686 3 -2
1479840165180 9 1
1479840168150 4 -2
1479840170157 9 1
1479840183281 8 -2
1479840186883 0 -1
1479840189033 7 -1
1479840191613 5 2
1479840193801 10 -2
1479840197588 11 -1
1479840202676 2 -1
1479840204796 1 2
1479840207844 1 1
1479840219590 5 -1
1479840222689 5 3
1479840225177 0 1
1479840229934 7 1
1479840232016 8 2
1479840235666 8 2
1479840246546 0 -1
1479840249350 7 -1
1479840251528 10 -1
1479840254604 5 -4
1479840258568 1 -2
1479840261603 9 -1
1479840264951 9 -1
1479840268460 3 2
1479840270498 4 2
1479840281665 0 1
1479840284548 7 1
1479840288340 8 -2
1479840290377 1 -1
1479840292516 9 -1
1479840294955 2 2
1479840297216 0 4
