1482790470030 3 2
1482790472127 11 1
1482790472663 5 1
1482790473280 10 -3
1482790474760 11 -1
1482790478349 3 -3
1482790479389 7 2
1482790481156 5 1
1482790482637 2 -2
1482790483549 1 2
1482790484902 9 2
1482790486396 1 -2
1482790486916 9 -2
1482790487877 2 2
1482790488511 7 -1
1482790489534 6 -1
1482790490406 4 -2
1482790492942 5 -1
1482790493750 7 -3
1482790494799 2 -2
1482790495558 1 3
1482790496214 9 3
1482790498359 5 3
1482790499127 0 1
1482790500255 7 1
1482790501422 8 4
1482790502264 10 -1
1482790503567 0 -1
1482790504152 7 -1
1482790505927 5 -4
1482790506927 1 -2
1482790507600 9 -2
1482790508568 4 2
1482790509392 3 3
1482790511008 6 2
1482790512562 6 -2
1482790513496 3 -3
1482790514361 1 1
1482790515265 1 -1
1482790516138 4 -2
1482790516881 1 2
1482790518105 1 -2
1482790519337 5 2
1482790521241 3 3
1482790522273 4 2
1482790523666 3 -3
1482790524386 4 -2
1482790525289 1 2
1482790525898 9 2
1482790526825 5 2
1482790529043 0 1
1482790530795 7 1
1482790533572 8 -3
1482790536947 8 3
1482790537579 0 -1
1482790538180 7 -1
1482790538986 5 -4
1482790542425 0 1
1482790544513 7 1
1482790545393 8 -3
1482790549434 1 -3
1482790550434 9 -3
1482790551218 2 2
1482790552138 4 2
1482790552907 3 3
1482790553675 0 4
