1479291901687 3 2
1479291903712 7 -2
1479291905367 11 2
1479291905968 5 2
1479291909121 5 -2
1479291909735 11 -2
1479291910448 0 3
1479291913488 5 2
1479291915656 5 -2
1479291916512 0 -3
1479291917216 5 2
1479291917783 11 2
1479291918551 10 -3
1479291920695 6 -1
1479291921504 11 -2
1479291922584 3 -3
1479291923408 5 -1
1479291924191 2 -2
1479291925095 1 2
1479291925751 9 2
1479291926439 7 1
1479291928103 7 -1
1479291928855 5 1
1479291929552 5 -1
1479291930408 1 -2
1479291931848 4 -2
1479291932520 1 3
1479291933319 5 2
1479291933904 0 1
1479291935167 8 1
1479291936512 10 -1
1479291938696 9 -2
1479291939816 9 3
1479291940584 5 1
1479291942112 7 1
1479291942888 8 3
1479291944359 7 -1
1479291945647 0 -1
1479291947175 5 -4
1479291949287 1 -2
1479291950024 9 -2
1479291951160 3 3
1479291952263 4 2
1479291954424 6 2
1479291955735 3 -3
1479291956415 1 1
1479291956928 9 1
1479291958071 7 1
1479291958752 8 -1
1479291959320 0 1
1479291959927 8 -2
1479291960768 7 -1
1479291961336 1 -2
1479291962711 R
1479291966343 7 -2
1479291967895 2 -2
1479291969200 1 2
1479291969850 9 2
1479291970520 9 -2
1479291971007 1 -2
1479291972856 4 -1
1479291973471 9 3
1479291976143 2 1
1479291976967 5 2
1479291978552 11 1
1479291979208 10 -3
1479291980120 6 -1
1479291980727 4 -1
1479291982663 3 -1
1479291983494 3 1
1479291984295 11 -1
1479291984759 2 -1
1479291985271 1 3
1479291988079 5 2
1479291988735 0 1
1479291989535 8 1
1479291989991 7 1
1479291990615 8 3
1479291991168 7 -1
1479291992183 0 -1
1479291993416 5 -3
1479291994200 1 -2
1479291994823 9 -2
1479291996103 3 2
1479291997871 4 2
1479291999321 3 -3
1479292000647 4 -2
1479292001256 9 2
1479292002184 9 -2
1479292003990 5 1
1479292004486 10 -1
1479292005039 5 -2
1479292005590 0 1
1479292006663 7 1
1479292007903 8 -3
1479292008839 7 -1
1479292009367 1 -1
1479292009864 9 -1
1479292010623 2 2
1479292012143 0 1
1479292012928 3 3
1479292014191 4 2
1479292014920 0 3
