1483910321722 1 1
1483910322946 3 1
1483910324211 10 2
1483910325377 9 -1
1483910326525 0 2
1483910328861 5 -3
1483910333107 1 2
1483910336748 0 -2
1483910337758 9 1
1483910338989 10 -3
1483910340002 3 -1
1483910344148 5 2
1483910350578 3 1
1483910351801 10 3
1483910353048 9 -1
1483910354091 0 2
1483910355304 2 1
1483910357120 10 -1
1483910358733 1 -3
1483910359927 8 1
1483910360865 5 1
1483910361895 4 1
1483910363236 7 1
1483910364292 6 1
1483910365867 2 2
1483910368928 2 1
1483910370648 5 -2
1483910371649 6 -1
1483910374106 0 -1
1483910377299 8 -1
1483910381776 8 1
1483910382735 5 2
1483910384912 6 1
1483910386132 2 -4
1483910387339 0 -1
1483910388388 6 -1
1483910389553 5 -3
1483910390653 7 -1
1483910392075 4 -1
1483910393687 8 -1
1483910396063 1 3
1483910398073 10 1
1483910401826 9 1
1483910403030 10 -3
1483910404288 3 -1
1483910409194 1 -2
1483910410464 1 -1
1483910413295 8 1
1483910416745 6 1
1483910417925 5 1
1483910419970 4 1
1483910420962 5 2
1483910422116 7 1
1483910424478 6 -1
1483910426164 3 1
1483910427494 10 2
1483910428599 9 -1
1483910430128 0 2
1483910431065 6 1
1483910432386 2 4
1483910433686 6 -1
1483910435095 5 -2
1483910436987 8 -1
1483910438270 1 2
1483910440209 0 -2
1483910441214 9 1
1483910442240 10 -2
1483910443466 10 -1
1483910444679 9 -1
1483910445764 3 -1
1483910447379 0 3
1483910450685 9 1
1483910451833 10 2
1483910454940 10 -2
1483910456010 9 -1
1483910463005 5 1
1483910464790 1 -2
1483910466380 8 1
1483910467792 6 1
1483910469053 2 -3
1483910470108 6 -1
1483910471366 5 -1
1483910472554 7 -1
1483910473592 5 -1
1483910474753 4 -1
1483910475892 8 -1
1483910477003 1 3
1483910478572 0 2
