1482321048977 5 -3
1482321057897 3 1
1482321058681 10 1
1482321059378 9 -1
1482321061497 0 2
1482321077961 0 -2
1482321079057 9 1
1482321080105 10 -2
1482321083873 5 3
1482321088978 10 2
1482321089754 9 -1
1482321091129 0 2
1482321103321 0 -1
1482321104482 2 1
1482321109369 5 -2
1482321110609 1 3
1482321111762 10 1
1482321122986 5 -1
1482321126345 1 -2
1482321127354 4 1
1482321128793 5 3
1482321132769 0 1
1482321136369 2 -1
1482321137130 0 -2
1482321138081 9 1
1482321139482 9 -1
1482321141146 10 -1
1482321141914 1 -1
1482321142778 8 1
1482321143642 6 1
1482321145305 0 1
1482321146481 7 1
1482321147697 2 4
1482321149985 0 -1
1482321150833 9 1
1482321151921 10 -3
1482321153050 9 -1
1482321154161 0 2
1482321154801 3 -1
1482321155697 0 1
1482321156634 6 -1
1482321159202 6 1
1482321160409 2 -3
1482321161730 5 -2
1482321162770 7 -1
1482321163506 4 -1
1482321164281 6 -1
1482321164929 8 -1
1482321166033 1 3
1482321166793 0 2
