1481628658222 5 -3
1481628659038 1 3
1481628661653 3 1
1481628662263 10 2
1481628662891 9 -1
1481628663898 0 2
1481628664499 2 1
1481628667285 10 -1
1481628668867 0 -1
1481628670045 1 -3
1481628671862 8 1
1481628672496 6 1
1481628673813 2 -1
1481628674328 0 -1
1481628674904 9 1
1481628675720 6 -1
1481628676589 8 -1
1481628677733 1 3
1481628679367 10 -2
1481628679927 3 -1
1481628682937 10 1
1481628683280 3 1
1481628684268 10 1
1481628685086 9 -1
1481628685851 0 1
1481628686634 2 1
1481628689161 1 -3
1481628689615 8 1
1481628690202 6 1
1481628690691 2 1
1481628691233 5 3
1481628691801 2 1
1481628692222 4 1
1481628692669 7 1
1481628693089 2 1
1481628693701 6 -1
1481628694337 0 -1
1481628695213 9 1
1481628695748 9 -1
1481628698877 9 1
1481628699394 10 -3
1481628699824 9 -1
1481628700373 3 -1
1481628701432 8 -1
1481628703556 5 -2
1481628704631 1 2
1481628705129 1 -2
1481628705792 8 1
1481628708261 8 -1
1481628710959 8 1
1481628711398 6 1
1481628711940 2 -1
1481628712457 7 -1
1481628712946 4 -1
1481628715190 0 1
1481628715810 2 -2
1481628716490 6 -1
1481628716851 5 -1
1481628717505 8 -1
1481628718046 1 3
1481628719079 0 5
