1479677700863 1 1
1479677705691 1 -1
1479677708357 5 -3
1479677711396 4 1
1479677747335 3 1
1479677747867 10 1
1479677748329 9 -1
1479677759797 4 -1
1479677761147 1 3
1479677764377 10 1
1479677765691 10 -1
1479677766697 9 1
1479677767150 10 -2
1479677767677 3 -1
1479677768719 10 1
1479677769244 3 1
1479677769664 10 2
1479677770227 9 -1
1479677770784 0 2
1479677775645 0 -2
1479677780374 9 1
1479677806394 9 -1
1479677806820 0 2
1479677807241 2 1
1479677807995 0 -1
1479677810468 0 1
1479677813420 1 -2
1479677814095 4 1
1479677815086 7 1
1479677815510 7 -1
1479677816111 5 3
1479677818984 10 -1
1479677819409 1 -1
1479677820119 8 1
1479677820472 6 1
1479677820987 2 2
1479677821537 7 1
1479677821929 2 1
1479677822376 6 -1
1479677823113 0 -2
1479677834421 9 1
1479677834964 10 -3
1479677835425 9 -1
1479677837139 3 -1
1479677838145 0 3
1479677839419 6 1
1479677839842 2 -3
1479677840300 7 -1
1479677840775 5 -3
1479677841195 4 -1
1479677842078 6 -1
1479677842442 8 -1
1479677842891 1 3
1479677843384 0 3
