1482811147820 5 -3
1482811150139 1 3
1482811153485 3 1
1482811155669 10 2
1482811156835 9 -1
1482811160779 0 2
1482811165509 10 -1
1482811167764 1 -3
1482811175588 R
1482811184331 5 -3
1482811192939 1 3
1482811194104 3 1
1482811195236 10 2
1482811196732 9 -1
1482811204677 9 1
1482811211662 9 -1
1482811212963 0 2
1482811219228 1 -2
1482811222069 4 1
1482811223054 5 3
1482811226404 5 -3
1482811227587 4 -1
1482811228885 1 2
1482811233755 10 -1
1482811235398 1 -3
1482811241412 0 -2
1482811242524 8 1
1482811243334 5 3
1482811245483 9 1
1482811246956 10 -2
1482811248572 3 -1
1482811252475 5 -3
1482811258037 3 1
1482811259299 10 2
1482811260460 9 -1
1482811261660 0 2
1482811264116 8 -1
1482811265427 1 3
1482811275004 1 -3
1482811279900 8 1
1482811281595 6 1
1482811283924 5 3
1482811285516 2 3
1482811288309 5 -2
1482811291379 2 -3
1482811298947 6 -1
1482811299844 5 -1
1482811300998 8 -1
1482811302389 1 3
1482811310835 R
1482811317427 10 -1
1482811323029 5 -3
1482811325252 3 1
1482811326780 10 2
1482811328147 9 -1
1482811335883 8 1
1482811337795 5 3
1482811339628 6 1
1482811341267 0 2
1482811343076 2 3
1482811345892 2 -2
1482811347044 6 -1
1482811348356 5 -3
1482811349532 8 -1
1482811351068 1 3
1482811359860 0 -1
1482811369382 1 -3
1482811371612 8 1
1482811372507 6 1
1482811374099 5 1
1482811376173 2 2
1482811381237 4 1
1482811382004 7 1
1482811383763 2 1
1482811384772 6 -1
1482811385780 8 -1
1482811387036 1 2
1482811390444 10 1
1482811391548 10 -1
1482811392540 1 -2
1482811395348 0 1
1482811400638 1 2
1482811403284 1 -2
1482811407006 5 2
1482811407819 8 1
1482811412099 5 -2
1482811413244 8 -1
1482811414508 8 1
1482811415339 6 1
1482811419180 2 -4
1482811420924 6 -1
1482811422053 5 -1
1482811425628 7 -1
1482811426547 4 -1
1482811427315 8 -1
1482811428708 1 3
1482811435612 10 1
1482811441972 2 1
1482811448164 1 -2
1482811451068 4 1
1482811451771 7 1
1482811453364 5 3
1482811457083 0 -1
1482811458692 10 -1
1482811459996 1 -1
1482811461875 5 -3
1482811465363 7 -1
1482811466043 4 -1
1482811470028 2 -1
1482811470868 0 -1
1482811473796 8 1
1482811476420 9 1
1482811477532 10 -2
1482811478796 3 -1
1482811485019 6 1
1482811487483 5 1
1482811489478 3 1
1482811490341 10 2
1482811491317 9 -1
1482811492220 0 2
1482811496851 6 -1
1482811498164 5 -1
1482811499011 8 -1
1482811499942 1 3
1482811505755 1 -3
1482811513036 0 -2
1482811513996 9 1
1482811515636 10 -2
1482811517180 8 1
1482811518628 5 3
1482811520732 5 -3
1482811522244 8 -1
1482811523580 1 3
1482811524563 3 -1
1482811529971 1 -3
1482811532028 8 1
1482811537475 5 3
1482811538948 4 1
1482811540380 6 1
1482811543317 7 1
1482811544804 3 1
1482811547185 10 2
1482811548132 9 -1
1482811550468 6 -1
1482811551468 0 2
1482811560340 7 -1
1482811561140 4 -1
1482811562108 5 -3
1482811563789 8 -1
1482811565052 1 3
1482811571076 1 -3
1482811575020 8 1
1482811576740 6 1
1482811577772 5 3
1482811579268 2 3
1482811583388 0 -2
1482811584244 9 1
1482811586196 10 -3
1482811587516 9 -1
1482811588917 3 -1
1482811590084 0 3
1482811592155 2 -2
1482811593228 6 -1
1482811594364 8 -1
1482811595251 5 -3
1482811596702 1 3
1482811597516 0 3
