1482723983110 6 -1
1482723984926 9 -1
1482723986944 4 1
1482723989198 4 -1
1482723990414 1 -1
1482723991880 5 -3
1482723992757 4 3
1482723995453 1 1
1482723996899 3 -1
1482724004760 7 4
1482724014007 9 1
1482724019194 6 3
1482724040443 3 -1
1482724080876 7 -3
1482724108878 2 1
1482724111158 7 2
1482724127883 3 2
1482724129762 6 -3
1482724132232 9 -1
1482724133571 3 -1
1482724134549 3 1
1482724136667 7 -3
1482724143394 8 1
1482724144599 8 -1
1482724146842 3 -1
1482724153731 4 -3
1482724155712 4 3
1482724157527 2 -1
1482724159733 7 4
1482724164608 9 1
1482724165510 9 -1
1482724167365 3 1
1482724175295 1 -1
1482724176262 5 1
1482724177099 3 -1
1482724179707 10 -1
1482724180782 2 -1
1482724182239 5 -1
1482724182764 1 2
1482724188102 9 2
1482724189619 9 -2
1482724191273 3 1
1482724196587 3 -1
1482724197387 3 1
1482724200031 7 -4
1482724228474 9 2
1482724231507 6 1
1482724232382 6 -1
1482724233614 7 4
1482724236769 6 3
1482724242446 8 4
1482724246794 3 -2
1482724248060 9 -1
1482724248886 9 1
1482724253060 0 1
1482724255504 8 -1
1482724258648 7 -2
1482724259989 7 2
1482724261669 10 -3
1482724262609 5 -1
1482724265402 0 -1
1482724266608 3 3
1482724269764 6 -2
1482724271205 8 1
1482724273386 9 -1
1482724275091 3 -2
1482724276056 3 2
1482724276905 9 1
1482724278988 8 -3
1482724282442 7 -4
