1481736063055 6 -1
1481736064292 9 -1
1481736065459 3 1
1481736066363 0 3
1481736073257 0 -3
1481736074125 1 -1
1481736075241 5 -1
1481736076466 4 3
1481736079379 3 -1
1481736081171 5 -2
1481736086636 7 4
1481736090455 1 1
1481736093976 3 -1
1481736102162 10 -1
1481736103101 2 -1
1481736111073 1 1
1481736115620 9 1
1481736116686 6 3
1481736118195 3 -1
1481736119333 0 1
1481736149702 0 -1
1481736151111 3 1
1481736152453 6 -3
1481736153278 9 -1
1481736160167 4 -3
1481736161276 7 -4
1481736162783 1 -2
1481736164000 5 3
1481736166532 1 1
1481736167557 2 3
1481736169216 3 2
1481736170045 0 2
1481736178365 0 1
1481736179972 2 -3
1481736209409 4 1
1481736221425 8 1
1481736222543 10 -2
1481736225706 0 -2
1481736226527 1 -1
1481736230184 5 -1
1481736231355 4 2
1481736236367 4 -1
1481736237430 2 3
1481736246229 4 -1
1481736247071 5 1
1481736248225 1 1
1481736249284 0 2
1481736266884 2 -3
1481736277386 10 2
1481736278703 0 -3
1481736279575 3 -1
1481736280330 1 -1
1481736284389 5 -3
1481736286640 1 1
1481736289533 1 1
1481736290373 9 2
1481736291443 7 2
1481736292946 8 2
1481736296702 6 2
1481736297558 6 1
1481736299748 3 -2
1481736301765 0 1
1481736306720 10 -3
1481736307699 5 -1
1481736310223 0 -1
1481736311718 3 3
1481736313017 8 -2
1481736314647 6 -2
1481736317748 7 2
1481736318801 4 2
1481736323638 0 1
1481736324507 10 1
1481736325768 6 -1
1481736326862 9 -2
1481736327620 0 4
