1482724434709 10 -1
1482724436117 2 -1
1482724437253 1 1
1482724440781 3 1
1482724446141 9 1
1482724447517 0 1
1482724450629 10 -1
1482724451605 8 2
1482724452941 10 -2
1482724453973 0 -1
1482724455533 3 -1
1482724458581 3 1
1482724460117 0 1
1482724462141 10 3
1482724463285 8 -2
1482724464165 9 -1
1482724465301 1 -1
1482724466222 2 3
1482724467413 3 1
1482724469013 10 1
1482724471270 0 -1
1482724473053 3 -3
1482724474477 2 -2
1482724476565 4 1
1482724477326 7 2
1482724478213 6 2
1482724479325 3 -1
1482724480644 0 1
1482724481485 10 -2
1482724482477 2 -1
1482724483445 1 1
1482724484565 9 1
1482724489037 10 1
1482724490053 0 -1
1482724490972 9 -1
1482724492437 9 1
1482724493397 3 3
1482724494502 8 3
1482724495405 3 -3
1482724499429 0 1
1482724500549 10 -3
1482724503957 0 -1
1482724504805 3 3
1482724506885 8 -2
1482724508045 9 -1
1482724509229 7 -1
1482724511269 6 -2
1482724512237 7 -1
1482724515101 4 -1
1482724518861 9 1
1482724519845 8 1
1482724521325 3 -1
1482724523325 R
1482724524430 R
1482724524653 R
1482724524844 R
1482724525021 R
1482724535717 10 -1
1482724536605 2 -1
1482724542005 6 -1
1482724543101 9 -1
1482724543829 1 -1
1482724544596 5 -3
1482724545749 4 3
1482724568637 5 2
1482724571772 3 1
1482724572669 0 1
1482724573749 10 -1
1482724577101 10 1
1482724577789 0 -1
1482724578532 3 -2
1482724579253 5 -2
1482724580245 1 2
1482724583453 7 4
1482724586629 9 2
1482724588470 6 3
1482724589349 3 -1
1482724590333 9 -1
1482724592149 0 1
1482724592933 10 -1
1482724593749 5 -1
1482724600557 9 1
1482724602284 9 -1
1482724603525 1 -1
1482724604597 2 1
1482724605533 5 1
1482724606685 10 2
1482724617276 10 -2
1482724618181 2 -1
1482724619069 1 1
1482724620717 9 1
1482724634157 R
1482724637812 10 -1
1482724638836 2 -1
1482724639877 1 1
1482724641981 3 -1
1482724644916 6 -1
1482724645781 9 -1
1482724646501 1 -2
1482724647501 5 -3
1482724648357 4 3
1482724651325 1 2
1482724680420 7 4
1482724681676 9 2
1482724682837 6 3
1482724685397 6 -3
1482724688165 9 -2
1482724694749 1 -2
1482724698213 7 -2
1482724699645 5 2
1482724701189 3 2
1482724702444 7 -2
1482724704813 0 1
1482724705700 10 -1
1482724711348 10 1
1482724712405 0 -1
1482724713188 3 -2
1482724715109 5 -2
1482724716125 1 2
1482724717061 3 1
1482724718029 9 2
1482724719068 7 4
1482724719773 8 4
1482724720645 6 3
1482724722300 3 -2
1482724723557 0 1
1482724724397 10 -3
1482724725301 5 -1
1482724729037 0 -1
1482724730092 3 3
1482724731469 6 -2
1482724732672 8 -3
1482724733724 9 -1
1482724734741 9 1
1482724735846 6 2
1482724736797 8 3
1482724737893 9 -1
1482724738421 3 -3
1482724746028 3 3
1482724747245 0 1
1482724748053 10 2
1482724748773 6 -3
1482724749988 9 -1
1482724750574 0 3
1482724751989 0 1
