1480097478158 2 2
1480097479654 6 -1
1480097480806 9 -1
1480097481846 3 2
1480097490574 1 -1
1480097491608 3 -2
1480097492534 3 -1
1480097494085 5 -3
1480097495429 10 -1
1480097496302 2 -3
1480097497878 1 2
1480097502024 4 3
1480097505739 7 4
1480097507054 9 2
1480097508108 6 3
1480097510661 3 1
1480097511286 8 4
1480097513854 6 -3
1480097516408 6 3
1480097517921 3 -2
1480097519262 0 1
1480097520686 10 -3
1480097521663 5 -1
1480097522718 9 -1
1480097527166 9 1
1480097538163 0 -1
1480097539319 3 3
1480097541198 0 1
1480097542278 6 -2
1480097543879 10 2
1480097544854 6 -1
1480097545866 9 -2
1480097546621 0 4
