1481735893765 6 -1
1481735893765 6 -1
1481735893765 6 -1
1481735893765 6 -1
1481735893765 6 -1
1481735893765 6 -1
1481735962448 9 -1
1481735962448 9 -1
1481735962448 9 -1
1481735962448 9 -1
1481735962448 9 -1
1481735962448 9 -1
1481735963181 3 -1
1481735963181 3 -1
1481735963181 3 -1
1481735963181 3 -1
1481735963181 3 -1
1481735963181 3 -1
1481735964800 1 -1
1481735964800 1 -1
1481735964800 1 -1
1481735964800 1 -1
1481735964800 1 -1
1481735964800 1 -1
1481735965459 5 -3
1481735965459 5 -3
1481735965459 5 -3
1481735965459 5 -3
1481735965459 5 -3
1481735965459 5 -3
1481735966216 4 3
1481735966216 4 3
1481735966216 4 3
1481735966216 4 3
1481735966216 4 3
1481735966216 4 3
1481735967072 7 4
1481735967072 7 4
1481735967072 7 4
1481735967072 7 4
1481735967072 7 4
1481735967072 7 4
1481735968428 1 1
1481735968428 1 1
1481735968428 1 1
1481735968428 1 1
1481735968428 1 1
1481735968428 1 1
1481735969376 9 1
1481735969376 9 1
1481735969376 9 1
1481735969376 9 1
1481735969376 9 1
1481735969376 9 1
1481735971437 9 -1
1481735971437 9 -1
1481735971437 9 -1
1481735971437 9 -1
1481735971437 9 -1
1481735971437 9 -1
1481735972053 1 -1
1481735972053 1 -1
1481735972053 1 -1
1481735972053 1 -1
1481735972053 1 -1
1481735972053 1 -1
1481735972621 5 1
1481735972621 5 1
1481735972621 5 1
1481735972621 5 1
1481735972621 5 1
1481735972621 5 1
1481735973460 10 -1
1481735973460 10 -1
1481735973460 10 -1
1481735973460 10 -1
1481735973460 10 -1
1481735973460 10 -1
1481735974179 2 -1
1481735974179 2 -1
1481735974179 2 -1
1481735974179 2 -1
1481735974179 2 -1
1481735974179 2 -1
1481735975015 5 -1
1481735975015 5 -1
1481735975015 5 -1
1481735975015 5 -1
1481735975015 5 -1
1481735975015 5 -1
1481735975668 1 2
1481735975668 1 2
1481735975668 1 2
1481735975668 1 2
1481735975668 1 2
1481735975668 1 2
1481735976842 9 2
1481735976842 9 2
1481735976842 9 2
1481735976842 9 2
1481735976842 9 2
1481735976842 9 2
1481735977568 3 1
1481735977568 3 1
1481735977568 3 1
1481735977568 3 1
1481735977568 3 1
1481735977568 3 1
1481735979057 6 3
1481735979057 6 3
1481735979057 6 3
1481735979057 6 3
1481735979057 6 3
1481735979057 6 3
1481735979810 3 -2
1481735979810 3 -2
1481735979810 3 -2
1481735979810 3 -2
1481735979810 3 -2
1481735979810 3 -2
1481735980929 0 1
1481735980929 0 1
1481735980929 0 1
1481735980929 0 1
1481735980929 0 1
1481735980929 0 1
1481735981464 10 -1
1481735981464 10 -1
1481735981464 10 -1
1481735981464 10 -1
1481735981464 10 -1
1481735981464 10 -1
1481735982028 5 -1
1481735982028 5 -1
1481735982028 5 -1
1481735982028 5 -1
1481735982028 5 -1
1481735982028 5 -1
1481735984527 9 -1
1481735984527 9 -1
1481735984527 9 -1
1481735984527 9 -1
1481735984527 9 -1
1481735984527 9 -1
1481736090102 7 -3
1481736090102 7 -3
1481736090102 7 -3
1481736090102 7 -3
1481736090102 7 -3
1481736090102 7 -3
1481736091413 5 1
1481736091413 5 1
1481736091413 5 1
1481736091413 5 1
1481736091413 5 1
1481736091413 5 1
1481736092023 5 -1
1481736092023 5 -1
1481736092023 5 -1
1481736092023 5 -1
1481736092023 5 -1
1481736092023 5 -1
1481736092911 7 3
1481736092911 7 3
1481736092911 7 3
1481736092911 7 3
1481736092911 7 3
1481736092911 7 3
1481736093574 9 1
1481736093574 9 1
1481736093574 9 1
1481736093574 9 1
1481736093574 9 1
1481736093574 9 1
1481736095724 9 -1
1481736095724 9 -1
1481736095724 9 -1
1481736095724 9 -1
1481736095724 9 -1
1481736095724 9 -1
1481736096120 9 1
1481736096120 9 1
1481736096120 9 1
1481736096120 9 1
1481736096120 9 1
1481736096120 9 1
1481736096675 5 1
1481736096675 5 1
1481736096675 5 1
1481736096675 5 1
1481736096675 5 1
1481736096675 5 1
1481736097117 10 1
1481736097117 10 1
1481736097117 10 1
1481736097117 10 1
1481736097117 10 1
1481736097117 10 1
1481736097524 0 -1
1481736097524 0 -1
1481736097524 0 -1
1481736097524 0 -1
1481736097524 0 -1
1481736097524 0 -1
1481736098494 3 2
1481736098494 3 2
1481736098494 3 2
1481736098494 3 2
1481736098494 3 2
1481736098494 3 2
1481736099059 6 -3
1481736099059 6 -3
1481736099059 6 -3
1481736099059 6 -3
1481736099059 6 -3
1481736099059 6 -3
1481736099883 3 -1
1481736099883 3 -1
1481736099883 3 -1
1481736099883 3 -1
1481736099883 3 -1
1481736099883 3 -1
1481736100392 9 -2
1481736100392 9 -2
1481736100392 9 -2
1481736100392 9 -2
1481736100392 9 -2
1481736100392 9 -2
1481736102063 9 2
1481736102063 9 2
1481736102063 9 2
1481736102063 9 2
1481736102063 9 2
1481736102063 9 2
1481736102498 6 3
1481736102498 6 3
1481736102498 6 3
1481736102498 6 3
1481736102498 6 3
1481736102498 6 3
1481736103198 3 -1
1481736103198 3 -1
1481736103198 3 -1
1481736103198 3 -1
1481736103198 3 -1
1481736103198 3 -1
1481736103896 0 1
1481736103896 0 1
1481736103896 0 1
1481736103896 0 1
1481736103896 0 1
1481736103896 0 1
1481736104436 9 -1
1481736104436 9 -1
1481736104436 9 -1
1481736104436 9 -1
1481736104436 9 -1
1481736104436 9 -1
1481736105158 10 -1
1481736105158 10 -1
1481736105158 10 -1
1481736105158 10 -1
1481736105158 10 -1
1481736105158 10 -1
1481736105743 5 -1
1481736105743 5 -1
1481736105743 5 -1
1481736105743 5 -1
1481736105743 5 -1
1481736105743 5 -1
1481736107538 7 -3
1481736107538 7 -3
1481736107538 7 -3
1481736107538 7 -3
1481736107538 7 -3
1481736107538 7 -3
1481736111377 7 3
1481736111377 7 3
1481736111377 7 3
1481736111377 7 3
1481736111377 7 3
1481736111377 7 3
1481736112788 1 -1
1481736112788 1 -1
1481736112788 1 -1
1481736112788 1 -1
1481736112788 1 -1
1481736112788 1 -1
1481736113348 1 1
1481736113348 1 1
1481736113348 1 1
1481736113348 1 1
1481736113348 1 1
1481736113348 1 1
1481736113918 9 1
1481736113918 9 1
1481736113918 9 1
1481736113918 9 1
1481736113918 9 1
1481736113918 9 1
1481736117923 5 1
1481736117923 5 1
1481736117923 5 1
1481736117923 5 1
1481736117923 5 1
1481736117923 5 1
1481736118390 10 1
1481736118390 10 1
1481736118390 10 1
1481736118390 10 1
1481736118390 10 1
1481736118390 10 1
1481736118772 0 -1
1481736118772 0 -1
1481736118772 0 -1
1481736118772 0 -1
1481736118772 0 -1
1481736118772 0 -1
1481736120783 9 -1
1481736120783 9 -1
1481736120783 9 -1
1481736120783 9 -1
1481736120783 9 -1
1481736120783 9 -1
1481736123192 9 1
1481736123192 9 1
1481736123192 9 1
1481736123192 9 1
1481736123192 9 1
1481736123192 9 1
1481736123628 0 1
1481736123628 0 1
1481736123628 0 1
1481736123628 0 1
1481736123628 0 1
1481736123628 0 1
1481736125974 4 -2
1481736125974 4 -2
1481736125974 4 -2
1481736125974 4 -2
1481736125974 4 -2
1481736125974 4 -2
1481736126794 7 -3
1481736126794 7 -3
1481736126794 7 -3
1481736126794 7 -3
1481736126794 7 -3
1481736126794 7 -3
1481736129717 9 -1
1481736129717 9 -1
1481736129717 9 -1
1481736129717 9 -1
1481736129717 9 -1
1481736129717 9 -1
1481736130472 10 -1
1481736130472 10 -1
1481736130472 10 -1
1481736130472 10 -1
1481736130472 10 -1
1481736130472 10 -1
1481736131586 5 -1
1481736131586 5 -1
1481736131586 5 -1
1481736131586 5 -1
1481736131586 5 -1
1481736131586 5 -1
1481736132111 1 -1
1481736132111 1 -1
1481736132111 1 -1
1481736132111 1 -1
1481736132111 1 -1
1481736132111 1 -1
1481736133066 2 3
1481736133066 2 3
1481736133066 2 3
1481736133066 2 3
1481736133066 2 3
1481736133066 2 3
1481736134120 2 -3
1481736134120 2 -3
1481736134120 2 -3
1481736134120 2 -3
1481736134120 2 -3
1481736134120 2 -3
1481736134855 1 1
1481736134855 1 1
1481736134855 1 1
1481736134855 1 1
1481736134855 1 1
1481736134855 1 1
1481736135389 4 2
1481736135389 4 2
1481736135389 4 2
1481736135389 4 2
1481736135389 4 2
1481736135389 4 2
1481736136325 7 3
1481736136325 7 3
1481736136325 7 3
1481736136325 7 3
1481736136325 7 3
1481736136325 7 3
1481736136918 9 1
1481736136918 9 1
1481736136918 9 1
1481736136918 9 1
1481736136918 9 1
1481736136918 9 1
1481736137525 5 1
1481736137525 5 1
1481736137525 5 1
1481736137525 5 1
1481736137525 5 1
1481736137525 5 1
1481736137921 5 -1
1481736137921 5 -1
1481736137921 5 -1
1481736137921 5 -1
1481736137921 5 -1
1481736137921 5 -1
1481736144018 9 -1
1481736144018 9 -1
1481736144018 9 -1
1481736144018 9 -1
1481736144018 9 -1
1481736144018 9 -1
1481736145510 9 1
1481736145510 9 1
1481736145510 9 1
1481736145510 9 1
1481736145510 9 1
1481736145510 9 1
1481736147894 9 -1
1481736147894 9 -1
1481736147894 9 -1
1481736147894 9 -1
1481736147894 9 -1
1481736147894 9 -1
1481736151071 9 1
1481736151071 9 1
1481736151071 9 1
1481736151071 9 1
1481736151071 9 1
1481736151071 9 1
1481736154000 9 -1
1481736154000 9 -1
1481736154000 9 -1
1481736154000 9 -1
1481736154000 9 -1
1481736154000 9 -1
1481736195038 4 -2
1481736195038 4 -2
1481736195038 4 -2
1481736195038 4 -2
1481736195038 4 -2
1481736195038 4 -2
1481736196153 9 1
1481736196153 9 1
1481736196153 9 1
1481736196153 9 1
1481736196153 9 1
1481736196153 9 1
1481736197384 9 -1
1481736197384 9 -1
1481736197384 9 -1
1481736197384 9 -1
1481736197384 9 -1
1481736197384 9 -1
1481736198952 4 2
1481736198952 4 2
1481736198952 4 2
1481736198952 4 2
1481736198952 4 2
1481736198952 4 2
1481736200371 5 1
1481736200371 5 1
1481736200371 5 1
1481736200371 5 1
1481736200371 5 1
1481736200371 5 1
1481736201009 10 1
1481736201009 10 1
1481736201009 10 1
1481736201009 10 1
1481736201009 10 1
1481736201009 10 1
1481736201459 0 -1
1481736201459 0 -1
1481736201459 0 -1
1481736201459 0 -1
1481736201459 0 -1
1481736201459 0 -1
1481736203031 9 1
1481736203031 9 1
1481736203031 9 1
1481736203031 9 1
1481736203031 9 1
1481736203031 9 1
1481736203838 3 2
1481736203838 3 2
1481736203838 3 2
1481736203838 3 2
1481736203838 3 2
1481736203838 3 2
1481736204267 6 -3
1481736204267 6 -3
1481736204267 6 -3
1481736204267 6 -3
1481736204267 6 -3
1481736204267 6 -3
1481736205108 9 -2
1481736205108 9 -2
1481736205108 9 -2
1481736205108 9 -2
1481736205108 9 -2
1481736205108 9 -2
1481736206971 3 -1
1481736206971 3 -1
1481736206971 3 -1
1481736206971 3 -1
1481736206971 3 -1
1481736206971 3 -1
1481736207907 9 2
1481736207907 9 2
1481736207907 9 2
1481736207907 9 2
1481736207907 9 2
1481736207907 9 2
1481736208465 6 3
1481736208465 6 3
1481736208465 6 3
1481736208465 6 3
1481736208465 6 3
1481736208465 6 3
1481736209233 3 -1
1481736209233 3 -1
1481736209233 3 -1
1481736209233 3 -1
1481736209233 3 -1
1481736209233 3 -1
1481736210040 9 -1
1481736210040 9 -1
1481736210040 9 -1
1481736210040 9 -1
1481736210040 9 -1
1481736210040 9 -1
1481736211179 0 1
1481736211179 0 1
1481736211179 0 1
1481736211179 0 1
1481736211179 0 1
1481736211179 0 1
1481736212045 10 -1
1481736212045 10 -1
1481736212045 10 -1
1481736212045 10 -1
1481736212045 10 -1
1481736212045 10 -1
1481736212583 5 -1
1481736212583 5 -1
1481736212583 5 -1
1481736212583 5 -1
1481736212583 5 -1
1481736212583 5 -1
1481736214058 4 -2
1481736214058 4 -2
1481736214058 4 -2
1481736214058 4 -2
1481736214058 4 -2
1481736214058 4 -2
1481736215768 4 2
1481736215768 4 2
1481736215768 4 2
1481736215768 4 2
1481736215768 4 2
1481736215768 4 2
1481736219926 5 1
1481736219926 5 1
1481736219926 5 1
1481736219926 5 1
1481736219926 5 1
1481736219926 5 1
1481736220497 5 -1
1481736220497 5 -1
1481736220497 5 -1
1481736220497 5 -1
1481736220497 5 -1
1481736220497 5 -1
1481736221833 9 1
1481736221833 9 1
1481736221833 9 1
1481736221833 9 1
1481736221833 9 1
1481736221833 9 1
