1479974486037 6 -1
1479974486957 9 -1
1479974489125 1 -1
1479974490014 5 -3
1479974490815 4 3
1479974493149 7 4
1479974495617 1 1
1479974496251 9 1
1479974497100 6 3
1479974498101 3 -2
1479974499028 0 1
1479974499869 10 -2
1479974500669 2 -1
1479974501117 5 -1
1479974501662 1 1
1479974505332 4 -2
1479974506101 7 -2
1479974507300 1 -1
1479974507974 2 3
1479974511333 2 -3
1479974512061 1 1
1479974513733 9 1
1479974518351 7 2
1479974518965 4 2
1479974521326 5 1
1479974522133 10 1
1479974523133 0 -1
1479974524070 3 2
1479974524673 6 -3
1479974525789 9 -2
1479974526460 1 -2
1479974527342 7 -2
1479974528197 5 2
1479974528739 3 1
1479974529324 0 1
1479974529972 10 -1
1479974531845 4 -3
1479974532489 5 1
1479974532980 1 2
1479974534661 7 -2
1479974535733 0 2
1479974536426 3 -2
1479974538189 1 -1
1479974545004 3 2
1479974546044 0 -2
1479974546876 1 -1
1479974548717 5 -1
1479974550757 2 3
1479974554293 3 1
1479974554894 10 2
1479974555565 0 -1
1479974556357 3 -3
1479974557059 5 -2
1479974559069 1 1
1479974560717 3 1
1479974563013 1 -1
1479974564277 5 3
1479974569149 3 -1
1479974570421 4 1
1479974571468 7 1
1479974572366 5 -3
1479974572873 1 1
1479974573275 9 1
1479974573789 6 3
1479974574717 3 -1
1479974575310 0 1
1479974576252 10 -2
1479974576901 5 -1
1479974578053 2 -3
1479974578511 1 1
1479974581026 5 1
1479974581573 10 1
1479974582071 0 -1
1479974582791 3 2
1479974583262 6 -3
1479974584157 9 -1
1479974584861 7 -1
1479974586733 4 2
1479974587411 7 4
1479974589390 9 2
1479974589841 6 2
1479974590887 6 1
1479974591464 3 -2
1479974593062 0 1
1479974593871 10 -1
1479974594726 5 -1
1479974595606 9 -1
1479974597360 1 -1
1479974598494 2 1
1479974599342 5 1
1479974600118 10 2
1479974601502 0 -1
1479974602534 3 2
1479974603266 6 -3
1479974604574 9 -1
1479974605775 1 -1
1479974606773 7 -3
1479974607509 5 2
1479974608143 3 1
1479974608646 0 1
1479974609358 10 -2
1479974611342 4 -2
1479974612870 2 2
1479974615846 2 -3
1479974616550 5 1
1479974617222 1 2
1479974617918 0 1
1479974620501 7 -1
1479974621110 0 1
1479974622277 8 1
1479974623381 3 -1
1479974625830 3 1
1479974627005 10 -1
1479974627995 3 -1
1479974628582 10 2
1479974629018 8 -1
1479974629814 3 -1
1479974633022 4 -1
1479974636509 1 -1
1479974637205 10 -1
1479974638349 1 1
1479974639622 3 2
1479974640470 0 -2
1479974641283 1 -2
1479974642317 5 -1
1479974643349 7 2
1479974644144 4 3
1479974646078 7 -2
1479974649877 4 -1
1479974650731 2 3
1479974651853 3 1
1479974652863 10 1
1479974653437 0 -1
1479974654174 3 -3
1479974655037 5 -2
1479974656406 1 1
1479974657198 2 -3
1479974657759 1 1
1479974661806 1 -2
1479974666977 1 2
1479974667693 9 1
1479974668382 7 1
1479974669086 6 3
1479974669694 3 -1
1479974670342 0 1
1479974670950 10 -1
1479974671630 5 -1
1479974690005 7 3
1479974691534 9 1
1479974692677 4 -1
1479974693462 9 -1
1479974694861 5 1
1479974695350 10 1
1479974696165 0 -1
1479974697037 3 1
1479974697694 6 -3
1479974698606 9 -1
1479974700110 1 -2
1479974700638 7 -2
1479974701275 5 3
1479974701822 3 2
1479974702406 0 1
1479974703303 10 -1
1479974704701 1 1
1479974705333 0 1
1479974706061 7 -2
1479974706765 0 1
1479974707873 3 -2
1479974713237 3 2
1479974715262 3 -2
1479974717469 3 2
1479974718157 0 -2
1479974718719 1 -1
1479974719261 5 -1
1479974719767 4 2
1479974720565 7 2
1479974722597 4 -2
1479974725861 5 1
1479974726321 1 1
1479974726797 9 1
1479974727591 6 3
1479974728564 8 1
1479974729364 10 -2
1479974730060 0 -1
1479974730764 3 -1
1479974732685 6 -2
1479974733821 6 2
1479974738773 2 3
1479974740261 3 2
1479974741140 0 1
1479974743453 10 3
1479974744684 8 -1
1479974745537 6 -3
1479974746869 9 -1
1479974747461 0 1
1479974748085 8 1
1479974748884 10 -2
1479974754549 7 -2
1479974755381 4 -1
1479974758789 0 1
1479974760084 3 -2
1479974760693 2 -3
1479974762285 1 1
1479974768125 10 1
1479974768758 8 -1
1479974769494 3 -1
1479974776046 1 -1
1479974777022 2 3
1479974778262 10 1
1479974779094 R
1479974781645 3 -1
1479974786534 6 -1
1479974787047 9 -1
1479974787533 1 -1
1479974788405 5 -3
1479974789158 1 1
1479974790310 9 1
1479974791014 7 1
1479974791509 4 1
1479974792141 6 3
1479974792821 3 -1
1479974793517 0 1
1479974795565 4 2
1479974796484 7 3
1479974798158 10 -2
1479974798974 5 -1
1479974799551 2 -1
1479974800094 1 1
1479974803246 5 1
1479974803790 10 1
1479974804486 0 -1
1479974805255 3 2
1479974806591 6 -3
1479974807471 9 -1
1479974810094 1 -2
1479974812654 1 1
1479974813709 4 -3
1479974815438 7 -3
1479974816198 1 -1
1479974819222 2 2
1479974821486 10 1
1479974824478 5 3
1479974825918 3 1
1479974826830 0 1
1479974828102 8 1
1479974830133 7 1
1479974831054 4 1
1479974831741 1 1
1479974832375 9 1
1479974833038 6 3
1479974835429 10 -4
1479974836998 6 -2
1479974837815 7 -2
1479974840038 2 -2
1479974842782 0 -1
1479974844966 1 1
1479974845718 3 -1
1479974847326 7 1
1479974850701 6 2
1479974853037 6 -2
1479974853745 7 -1
1479974855133 7 2
1479974856429 1 -1
1479974859590 3 1
1479974860062 0 1
1479974860487 10 1
1479974861523 6 -1
1479974862201 9 -1
1479974863267 1 -1
1479974863878 5 -1
1479974867286 2 3
1479974869998 3 1
1479974870647 R
1479974882750 6 -1
1479974883373 9 -1
1479974883925 3 -1
1479974884397 1 -1
1479974885520 5 -3
1479974887861 1 1
1479974889021 9 1
1479974895365 10 -1
1479974896173 2 -1
1479974897285 1 1
1479974902901 3 1
1479974903462 9 1
1479974905581 8 2
1479974906261 6 1
1479974908933 6 -1
1479974909445 8 -2
1479974910168 9 -2
1479974910934 3 -1
1479974912253 1 -2
1479974914357 2 3
1479974921837 1 1
1479974922645 9 1
1479974923764 6 1
1479974925990 6 -1
1479974926589 9 -1
1479974927463 1 -1
1479974928029 5 3
1479974928832 3 1
1479974929477 8 1
1479974930549 3 1
1479974931124 0 1
1479974931900 10 -2
1479974934445 1 1
1479974935309 0 2
1479974936106 3 -1
1479974937053 10 1
1479974937515 8 -1
1479974938909 3 -1
1479974940399 10 1
1479974944372 2 -3
1479974946509 1 1
1479974947297 3 2
1479974948239 8 1
1479974948941 10 -2
1479974949988 3 -1
1479974950973 3 1
1479974951934 10 1
1479974952844 8 -1
1479974953554 0 -2
1479974957269 7 1
1479974958005 0 1
1479974959141 0 -1
1479974960876 9 1
1479974961748 6 2
1479974963110 4 1
1479974963668 6 1
1479974964814 8 1
1479974965766 10 -2
1479974966941 6 -2
1479974967661 7 -1
1479974969157 1 -1
1479974969861 2 3
1479974970677 3 1
1479974971495 R
1479974982221 6 -1
1479974983477 9 -1
1479974985101 3 1
1479974985853 0 3
1479974987005 3 -2
1479974988340 10 -2
1479974989868 2 -1
1479974991477 1 1
1479974992539 3 2
1479974993971 8 1
1479974994596 10 -1
1479974995297 3 -1
1479975000605 10 2
1479975001445 8 -1
1479975002868 3 -1
1479975005148 1 -1
1479975006797 2 3
1479975008557 3 2
1479975009301 8 1
1479975010589 10 -2
1479975012973 0 -2
1479975013920 1 -1
1479975015477 5 -1
1479975016789 4 2
1479975018333 7 1
1479975019653 7 1
1479975020499 2 -3
1479975024597 10 2
1479975025253 0 -1
1479975025822 3 -1
1479975026573 5 -2
1479975027549 1 2
1479975028428 7 2
1479975029121 9 2
1479975030013 6 3
1479975030997 8 3
1479975031799 3 -2
1479975032533 0 1
1479975033285 10 -3
1479975034511 5 -1
1479975035709 0 -1
1479975036957 3 3
1479975038046 6 -2
1479975039837 9 -1
1479975040509 0 1
1479975041132 10 2
1479975041788 6 -1
1479975042373 9 -1
1479975043148 0 2
1479975046669 3 -2
1479975047437 5 1
1479975051022 5 -1
1479975052345 4 1
1479975052896 0 2
