1479977410069 6 -1
1479977411580 3 1
1479977415412 9 -1
1479977416957 3 -2
1479977417764 1 -1
1479977419187 5 -3
1479977420027 1 1
1479977421532 3 1
1479977422597 7 4
1479977424780 9 1
1479977425756 6 2
1479977426708 4 3
1479977427429 6 1
1479977429780 6 -3
1479977430812 9 -1
1479977432508 1 -1
1479977434475 10 -1
1479977435331 5 1
1479977436107 2 -1
1479977436795 5 -1
1479977437683 1 2
1479977440524 9 2
1479977441508 6 3
1479977443204 3 -2
1479977448332 0 1
1479977449116 10 -1
1479977449716 5 -1
1479977451636 5 1
1479977452244 10 1
1479977454643 0 -1
1479977455243 3 2
1479977456380 6 -3
1479977457908 3 -1
1479977459020 3 1
1479977459606 9 -2
1479977461092 1 -2
1479977462132 7 -3
1479977462989 5 2
1479977463716 3 1
1479977464412 0 1
1479977466420 4 -3
1479977467318 5 1
1479977468331 1 2
1479977469541 0 1
1479977470120 7 -1
1479977472521 1 -1
1479977473586 0 1
1479977474236 3 -2
1479977477401 1 1
1479977479985 1 -1
1479977480865 1 1
1479977481649 3 2
1479977482545 0 -2
1479977483265 1 -2
1479977484001 5 -1
1479977485201 4 3
1479977486738 7 2
1479977488546 4 -3
1479977490018 5 1
1479977490857 1 2
1479977491537 0 1
1479977492130 7 -2
1479977492817 0 1
1479977493625 3 -2
1479977494593 1 -1
1479977495577 1 1
1479977498657 10 -1
1479977500041 1 -1
1479977501330 1 1
1479977501897 3 2
1479977502785 0 -2
1479977503802 9 2
1479977504458 7 2
1479977505812 9 -2
1479977506480 7 -2
1479977508460 1 -2
1479977509092 5 -1
1479977509898 4 3
1479977511017 7 2
1479977512193 7 -2
1479977514209 10 1
1479977514809 0 -1
1479977515634 0 1
1479977516385 10 -1
1479977517329 2 2
1479977518025 2 -2
1479977518681 4 -3
1479977519497 2 3
1479977520624 3 1
1479977521281 5 1
1479977522112 1 1
1479977522936 0 2
1479977523730 3 -3
1479977524673 2 -3
1479977525353 1 1
1479977527540 3 2
1479977530549 4 1
1479977531709 4 -1
1479977532733 3 -2
1479977533462 1 -1
1479977536054 R
1479977540436 3 1
1479977541676 3 -2
1479977543213 6 -1
1479977544005 9 -1
1479977548901 3 2
1479977549717 0 3
1479977551645 3 -2
1479977552925 2 2
1479977554885 10 -2
1479977555837 2 -3
1479977556748 1 1
1479977559780 1 -1
1479977561717 3 2
1479977562365 10 1
1479977565117 0 -2
1479977566334 1 -1
1479977568693 5 -1
1479977569366 0 -1
1479977570276 3 -2
1479977571965 5 -2
1479977573372 1 2
1479977574228 3 1
1479977574981 3 -1
1479977578389 4 3
1479977580573 3 1
1479977581205 7 2
1479977581749 9 2
1479977582381 6 3
1479977583847 3 -2
1479977586605 9 -1
1479977587821 1 -1
1479977588589 1 1
1479977589221 7 2
1479977593137 3 2
1479977593777 6 -3
1479977595035 3 -1
1479977596211 9 -1
1479977597818 1 -2
1479977598650 5 1
1479977600978 7 -2
1479977601755 5 1
1479977602515 3 2
1479977605018 7 -2
1479977607194 4 -3
1479977607811 5 1
1479977608620 1 2
1479977609369 0 3
1479977610172 3 -2
1479977613738 1 -1
1479977617626 3 2
1479977618666 0 -1
1479977620194 7 2
1479977621411 4 1
1479977622269 10 -1
1479977623738 1 1
1479977624604 7 -1
1479977625658 7 -1
1479977628161 0 -1
1479977628962 1 -2
1479977629979 5 -1
1479977630947 4 2
1479977631778 7 2
1479977633218 R
1479977637442 3 -1
1479977640546 6 -1
1479977641234 9 -1
1479977642082 1 -1
1479977643010 5 -3
1479977644194 1 1
1479977645969 1 -1
1479977651042 10 -1
1479977651682 2 -1
1479977652706 1 2
1479977655942 9 1
1479977656830 7 4
1479977657782 4 3
1479977658991 6 3
1479977660142 3 -1
1479977661037 0 1
1479977666822 9 1
1479977669766 0 -1
1479977670406 9 -1
1479977672022 3 2
1479977673142 6 -3
1479977674582 9 -1
1479977677366 9 1
1479977678078 6 3
1479977681317 3 -2
1479977683506 0 1
1479977685896 9 1
1479977690590 9 -1
1479977695134 7 -2
1479977695941 1 -1
1479977697197 2 2
1479977699453 10 -1
1479977700534 5 -1
1479977701158 2 -2
1479977702118 1 1
1479977702999 7 2
1479977706590 9 1
1479977708862 5 1
1479977709617 10 1
1479977711207 10 -1
1479977712015 5 -1
1479977712834 9 -1
1479977713668 9 1
1479977714887 9 -1
1479977715701 5 1
1479977716348 10 1
1479977716922 0 -1
1479977721451 3 1
1479977722691 6 -3
1479977725939 9 -1
1479977726923 1 -2
1479977727731 5 1
1479977729595 7 -2
1479977730290 5 1
1479977731178 3 2
1479977732357 0 1
1479977734690 7 -2
1479977738699 2 2
1479977739492 4 -2
1479977740360 2 1
1479977741163 3 1
1479977743875 10 1
