1482723533627 3 1
1482723535525 8 1
1482723536982 0 1
1482723537864 10 -4
1482723540014 0 -1
1482723548384 2 -1
1482723549981 1 1
1482723552307 9 1
1482723555511 7 2
1482723557109 4 1
1482723558629 6 2
1482723560038 8 2
1482723562037 0 1
1482723563670 10 3
1482723564751 0 -1
1482723566033 8 -3
1482723567115 6 -3
1482723570157 9 -2
1482723573011 1 -2
1482723574117 3 -2
1482723577413 5 -3
1482723579022 4 2
1482723582053 7 2
1482723583234 5 1
1482723584443 7 -4
1482723585361 5 1
1482723587225 3 2
1482723590519 0 1
1482723592909 7 2
1482723594065 7 -2
1482723595814 4 -3
1482723597322 5 1
1482723598555 1 2
1482723600190 0 2
1482723601297 3 -2
1482723602428 10 -1
1482723606780 1 -1
1482723608101 2 3
1482723610377 2 -3
1482723611735 3 2
1482723616590 4 1
1482723619688 10 1
1482723622730 0 -2
1482723624177 1 -1
1482723626919 5 -1
1482723629535 4 2
1482723635158 R
1482723650184 4 1
1482723651906 4 -1
1482723657411 10 -1
1482723658680 2 -1
1482723659950 1 1
1482723662425 3 -1
1482723663438 9 1
1482723774848 9 -1
1482723776105 1 -1
1482723776760 2 3
1482723778821 10 1
1482723780317 10 -1
1482723781599 2 -3
1482723782479 4 1
1482723786414 7 1
1482723787294 6 2
1482723789003 3 -1
1482723793523 0 1
1482723794553 10 -1
1482723798048 1 1
1482723801218 7 1
1482723802135 9 1
1482723805346 10 1
1482723812906 0 -1
1482723814213 3 3
1482723815257 0 1
1482723816425 8 3
1482723817682 10 -3
1482723818676 0 -1
1482723822020 3 -3
1482723827916 3 2
1482723829199 8 -2
1482723830117 9 -1
1482723830908 7 -1
1482723832467 3 1
1482723833297 0 1
1482723834992 10 3
1482723835873 0 -1
1482723836839 3 -1
1482723837848 8 -1
1482723838941 3 -2
1482723843377 9 1
1482723845627 7 1
1482723846380 9 -1
1482723847274 1 -1
1482723848757 2 3
1482723853936 3 1
1482723855922 2 -3
1482723858386 1 1
1482723859329 7 -1
1482723861617 6 -3
1482723863230 9 -1
1482723864256 7 -1
1482723867789 1 -2
1482723869159 5 -3
1482723873250 4 2
1482723874847 5 2
1482723875865 3 2
1482723876983 0 1
1482723878101 10 -1
1482723881647 10 1
1482723882439 0 -1
1482723883357 3 -2
1482723884502 5 -2
1482723885708 1 1
1482723889080 3 1
1482723892787 9 1
1482723894371 7 1
1482723895477 6 3
1482723896760 3 -2
1482723902455 0 1
1482723905346 1 1
1482723908650 7 3
1482723914787 0 -1
1482723915843 3 2
1482723916849 6 -3
1482723918785 9 -1
1482723923161 9 2
1482723924280 3 -1
1482723925260 9 -2
1482724062010 4 -3
1482724065404 7 -4
1482724068971 1 -2
1482724070168 2 3
1482724072015 10 1
1482724074572 10 -1
1482724076049 5 3
1482724078097 3 3
1482724079505 5 -1
1482724080610 4 2
1482724082482 3 -1
1482724083752 2 -3
1482724085020 4 1
1482724087621 0 1
1482724092445 0 -1
1482724093200 3 -2
1482724094380 5 -2
1482724095750 1 2
1482724101819 9 2
1482724103314 3 1
1482724106519 9 -2
1482724107485 1 -2
1482724109233 5 2
1482724110552 3 1
1482724112928 0 1
1482724115754 8 1
1482724117212 10 -2
1482724158211 7 2
1482724165751 10 1
1482724166720 8 -1
1482724172776 R
1482724176632 2 2
1482724177838 3 1
1482724179711 0 1
1482724183028 10 -2
1482724184737 2 -3
1482724185842 1 1
1482724188091 6 -1
1482724189624 9 -1
1482724190667 0 2
1482724193682 3 -2
1482724198407 1 -1
1482724201271 4 1
1482724203408 2 3
1482724206137 3 3
1482724209593 8 1
1482724210674 10 -1
1482724211629 3 -2
1482724212359 2 -3
1482724214243 1 1
1482724221027 4 -1
1482724226193 3 1
1482724226985 0 -2
1482724228935 1 -2
1482724230063 5 -1
1482724236081 7 2
1482724238695 7 -2
1482724247370 2 3
1482724248864 3 1
1482724251685 3 -1
1482724256547 5 1
1482724257727 1 1
1482724258908 9 1
1482724259624 9 -1
1482724261194 0 2
1482724262463 3 -1
1482724264926 2 -3
1482724266558 1 1
1482724272745 3 1
1482724273902 0 -2
1482724275183 1 -2
1482724276024 5 -1
1482724278462 2 3
1482724286779 3 1
1482724291011 3 -1
1482724291753 2 -3
1482724294277 5 1
1482724295257 1 2
1482724296739 0 1
1482724297747 0 1
1482724299014 3 -1
1482724303512 4 1
1482724328733 3 1
1482724329826 0 -2
1482724331461 1 -2
1482724335383 5 -1
1482724336916 10 2
1482724337695 0 -1
1482724338537 3 -1
1482724339493 5 -2
1482724341024 1 2
1482724345260 4 2
1482724354518 8 -1
1482724355573 3 -1
1482724360385 1 -2
1482724361277 2 2
1482724362156 5 2
1482724365297 5 -2
1482724366528 1 1
1482724369987 1 -1
1482724370692 5 2
1482724373015 3 2
1482724376571 0 1
1482724377576 10 -1
1482724378634 2 -2
1482724384522 10 1
1482724385401 0 -1
1482724386230 3 -2
1482724386934 5 -2
1482724388177 1 2
1482724392410 3 1
1482724393277 1 -2
1482724395023 5 2
1482724395950 3 1
1482724397295 0 1
1482724400411 10 -1
1482724429845 8 1
1482724430862 10 -1
1482724434407 7 2
1482724437747 2 2
1482724441904 7 -2
1482724448651 U
1482724449671 R
1482724453024 3 -1
1482724455512 3 1
1482724460726 6 -1
1482724462119 9 -1
1482724467225 3 1
1482724469366 3 -1
1482724470929 1 -1
1482724473464 10 -1
1482724474633 5 -3
1482724476078 8 1
1482724478515 1 1
1482724482901 4 3
1482724487149 2 1
1482724490567 10 1
1482724491710 1 -1
1482724492540 5 2
1482724493437 3 1
1482724494448 0 1
1482724496198 10 -3
1482724501099 4 -3
1482724501841 5 1
1482724504969 2 -2
1482724506689 1 2
1482724507958 0 2
1482724510070 3 -1
1482724517453 1 -1
1482724526432 3 1
1482724528153 0 -2
1482724530114 1 -1
1482724531597 5 -1
1482724535040 4 3
1482724540029 4 -1
1482724547067 2 3
1482724548725 3 1
1482724556062 4 -2
1482724557245 5 1
1482724558135 1 1
1482724559077 0 2
1482724560333 3 -2
1482724562838 2 -3
1482724566328 1 1
1482724569243 4 1
1482724570599 3 1
1482724575277 0 -1
1482724577290 7 2
1482724578332 4 -1
1482724579578 7 -2
1482724581022 0 1
1482724582026 3 -1
1482724586914 4 1
1482724593301 1 -1
1482724603490 4 -1
1482724608405 1 1
1482724610038 3 1
1482724611647 0 -1
1482724619954 4 1
1482724621690 1 -1
1482724625171 0 1
1482724626313 3 -1
1482724630703 1 1
1482724633354 1 -1
1482724633933 2 3
1482724636244 2 -3
1482724640031 3 1
1482724641049 0 -2
1482724646361 1 -1
1482724647542 5 -1
1482724651075 5 1
1482724652895 1 1
1482724654064 0 2
1482724655511 3 -1
1482724657480 3 1
1482724658500 0 -2
1482724660407 1 -1
1482724661249 5 -1
1482724669492 7 2
1482724670962 4 -1
1482724672117 5 1
1482724674240 1 1
1482724675258 0 1
1482724677117 1 1
1482724678587 7 -2
1482724679617 0 1
1482724683248 3 -1
1482724684114 1 -1
1482724685886 2 3
1482724688839 R
1482724702247 6 -1
1482724703338 9 -1
1482724707384 2 2
1482724709290 10 -1
1482724709894 2 -3
1482724711689 1 1
1482724714694 3 -1
1482724716076 1 -2
1482724717169 5 -3
1482724720887 1 2
1482724726393 3 1
1482724727963 8 1
1482724731230 9 2
1482724733566 8 1
1482724736417 7 4
1482724738390 8 1
1482724742880 3 -1
1482724743333 6 2
1482724745959 6 -2
1482724749274 4 3
1482724754799 8 1
1482724756218 9 -2
1482724762403 1 -2
1482724766712 7 -2
1482724767629 5 2
1482724768558 3 2
1482724769512 0 1
1482724770305 10 -2
1482724778026 10 2
1482724778718 0 -1
1482724779986 3 -2
1482724782528 5 -2
1482724784424 1 2
1482724787452 9 1
1482724788156 6 3
1482724789653 3 -1
1482724791383 0 1
1482724794865 7 2
1482724797340 9 1
1482724798847 8 -1
1482724801862 0 -1
1482724802854 3 2
1482724803571 8 -3
1482724808066 3 -2
1482724808883 0 1
1482724810114 9 -1
1482724812212 0 -1
1482724814347 3 1
1482724815314 6 -3
1482724816708 9 -1
1482724819320 3 1
1482724827910 9 1
1482724828888 6 3
1482724829755 3 -2
1482724830607 0 1
1482724832920 9 1
1482724839439 9 -1
1482724855038 9 1
1482724856997 0 -1
1482724857913 3 2
1482724859110 8 4
1482724860537 3 -2
1482724863386 3 2
1482724864354 6 -3
1482724865898 3 -1
1482724867078 9 -2
1482724922782 9 1
1482724923976 6 3
1482724925098 3 -1
1482724926209 0 1
1482724927994 0 -1
1482724929463 3 2
1482724930354 9 1
1482724932363 8 -2
1482724935074 6 -3
1482724935992 6 1
1482724937147 8 -2
1482724938478 3 -1
1482724939497 9 -1
1482724940247 6 -1
1482724943060 6 3
1482724944290 3 -1
1482724945872 0 1
1482724950180 1 -1
1482724952026 2 1
1482724953849 10 -1
1482724954515 2 -1
1482724955545 1 1
1482724960090 5 -1
1482724965773 9 1
1482724973695 9 -1
1482724977123 7 -1
1482724978366 1 -1
1482724979546 2 2
1482724983917 2 -2
1482724986314 1 1
1482724990660 9 1
1482724996388 7 -1
1482724998740 7 2
1482725005877 5 1
1482725006693 10 1
1482725007835 0 -1
1482725011074 9 -1
1482725012342 0 1
1482725013535 10 -1
1482725014502 5 -1
1482725016827 9 1
1482725026247 7 -2
1482725028946 5 1
1482725029925 10 1
1482725030816 0 -1
1482725033742 3 2
1482725034786 8 4
1482725036003 3 -2
1482725037220 9 -1
1482725038049 0 1
1482725040183 10 -1
1482725041050 5 -1
1482725049903 7 2
1482725052226 9 1
1482725058244 10 -2
1482725059048 0 -1
1482725060170 3 3
1482725061372 0 1
1482725064504 10 2
1482725065371 6 -3
1482725066917 8 -4
1482725068446 9 -2
1482725069252 0 3
1482725070835 0 1
