1482723666370 6 -1
1482723667997 9 -1
1482723668974 3 1
1482723673709 0 3
1482723674901 3 -2
1482723677321 10 -2
1482723678366 2 -1
1482723678873 1 1
1482723687080 3 2
1482723689248 3 -2
1482723696290 10 1
1482723700049 3 2
1482723707943 3 -2
1482723711131 1 -1
1482723714347 2 3
1482723715813 10 1
1482723717654 3 3
1482723722467 8 1
1482723725186 3 -2
1482723730011 10 -3
1482723731878 2 -3
1482723732505 1 1
1482723735349 3 1
1482723739548 4 1
1482723743294 1 -1
1482723773594 10 1
1482723774182 10 1
1482723778240 8 -1
1482723779521 3 -2
1482723781527 1 1
1482723789194 1 -1
1482723793652 1 1
1482723795369 10 -1
1482723800370 R
1482723808777 7 2
1482723809683 6 1
1482723812189 8 1
1482723812943 8 -1
1482723813826 3 1
1482723816295 2 2
1482723817498 3 1
1482723821733 6 -1
1482723822208 6 -1
1482723823349 9 -1
1482723825018 7 -2
1482723831246 3 -2
1482723832296 3 2
1482723837195 0 3
1482723838247 3 -3
1482723840879 2 -2
1482723850867 3 2
1482723851681 8 1
1482723852706 10 -3
1482723853810 2 -1
1482723857394 1 1
1482723868894 4 1
1482723871750 3 -1
1482723874896 4 -1
1482723880995 3 1
1482723914373 3 -1
1482723920600 10 2
1482723921302 8 -1
1482723922241 3 -1
1482723929711 1 -1
1482723931401 2 2
1482723934938 10 1
1482723935673 2 -1
1482723940236 R
1482723951711 6 -1
1482723952776 9 -1
1482723953904 3 1
1482723954795 0 3
1482723958140 8 1
1482723959693 3 -1
1482723963365 3 1
1482723964971 2 2
