1482509566825 10 -1
1482509567800 2 -1
1482509571547 1 1
1482509572538 6 -1
1482509573762 9 -1
1482509576103 1 -2
1482509578257 5 -3
1482509580043 1 2
1482509582549 1 -2
1482509583363 R
1482509585492 3 1
1482509586537 0 1
1482509587607 10 -2
1482509588661 2 -1
1482509591603 1 1
1482509594921 6 -1
1482509596123 9 -1
1482509598807 0 2
1482509600276 3 -2
1482509604788 3 2
1482509606505 0 -2
1482509610159 1 -2
1482509611994 10 1
1482509612664 0 -1
1482509613911 3 -2
1482509614965 5 -3
1482509616105 1 2
1482509617323 4 3
1482509618487 7 4
1482509622107 9 2
1482509622833 6 3
1482509624027 3 -1
1482509632980 3 2
1482509633916 8 4
1482509635932 6 -3
1482509637516 6 3
1482509638359 3 -2
1482509639101 0 1
1482509641332 0 -1
1482509643036 3 2
1482509644634 8 -4
1482509645830 3 -2
1482509647006 0 1
1482509651916 10 -1
1482509653196 5 -1
1482509654851 9 -1
1482509657802 9 1
1482509659900 R
1482509666566 3 -1
1482509668361 6 -1
1482509670175 3 2
1482509672265 0 1
1482509673576 10 -2
1482509674590 2 -1
1482509675873 1 1
1482509677931 1 -1
1482509679541 9 -1
1482509680580 0 2
1482509681686 3 -2
1482509683372 1 1
1482509686254 3 2
1482509687876 0 -1
1482509689413 1 -1
1482509690117 0 -1
1482509691194 1 -1
1482509692357 5 -1
1482509693694 7 2
1482509694748 4 3
1482509701243 10 1
1482509703161 R
1482509715532 10 -1
1482509718593 2 2
1482509720042 3 2
1482509722028 6 -1
1482509723320 9 -1
1482509724954 0 3
1482509726623 3 -3
1482509727824 2 -3
1482509733462 1 1
1482509738613 3 2
1482509740820 0 -2
1482509741815 1 -2
1482509754261 2 3
1482509755347 3 1
1482509756390 1 1
1482509757287 0 2
1482509758951 3 -3
1482509761721 2 -3
1482509763828 10 -1
1482509765529 1 1
1482509766919 4 1
1482509770063 3 2
1482509771101 0 -1
1482509772258 7 2
1482509775863 10 1
1482509776875 8 1
1482509777891 10 -2
1482509779865 0 -1
1482509780801 1 -2
1482509781629 R
1482509788265 6 -1
1482509789779 9 -1
1482509792105 3 1
1482509793629 1 -1
1482509794252 3 -2
1482509795178 5 -3
1482509796757 1 1
1482509798092 4 3
1482509799825 7 4
1482509800974 3 1
1482509802685 9 1
1482509803157 6 3
1482509804570 8 1
1482509806513 8 -1
1482509807502 3 -2
1482509808767 0 1
1482509810499 10 -2
1482509811547 2 -1
1482509812356 5 -1
1482509813696 1 1
1482509817563 7 -3
1482509818720 1 -1
1482509822350 4 -2
1482509823433 1 1
1482509825057 7 3
1482509833910 4 2
1482509834769 9 1
1482509838535 R
1482509843110 6 -1
1482509844256 4 1
1482509845163 9 -1
1482509846076 3 -1
1482509847042 1 -1
1482509848096 5 -3
1482509849650 1 1
1482509851447 4 2
1482509855137 7 4
1482509856659 R
1482509857798 10 -1
1482509858520 2 -1
1482509859478 6 -1
1482509873779 3 1
1482509875949 9 -1
1482509879931 0 1
1482509881156 10 -1
1482509882241 0 2
1482509884885 3 -2
1482509896370 1 1
1482509898025 1 -1
1482509902027 1 1
1482509903177 3 2
1482509904063 0 -2
1482509905125 1 -2
1482509906781 5 -1
1482509908084 10 1
1482509909145 0 -1
1482509910051 3 -2
1482509911057 5 -2
1482509912547 1 2
1482509914625 4 3
1482509915732 7 4
1482509917780 9 2
1482509918833 6 3
1482509919987 3 -1
1482509921741 0 1
1482509926065 9 -1
1482509927953 10 -1
1482509928694 5 -1
1482509931701 9 1
1482509935128 4 -2
1482509936133 7 -3
1482509937233 9 -1
1482509939285 R
1482509968847 10 -1
1482509969511 2 -1
1482509971296 3 1
1482509974413 0 1
1482509976207 10 -1
1482509979955 1 1
1482509983187 1 -1
1482509984129 6 -1
1482509985332 9 -1
1482509995678 R
1482509997617 3 -1
1482509999321 3 2
1482510000668 10 -1
1482510004013 2 -1
1482510005321 6 -1
1482510006202 9 -1
1482510007723 3 -2
1482510008956 1 -1
1482510013256 5 -3
1482510015021 4 3
1482510017528 2 2
1482510018478 5 2
1482510019960 10 1
1482510021538 3 2
1482510022524 0 1
1482510023943 10 -2
1482510025618 2 -2
1482510032067 U
1482510032504 U
1482510035820 10 -1
1482510037296 2 -2
1482510040193 0 -1
1482510041222 3 -2
1482510042683 5 -2
1482510044010 1 2
1482510045726 7 4
1482510047046 9 2
1482510048348 6 3
1482510050738 3 -1
1482510052064 0 1
1482510053914 10 -1
1482510055984 5 -1
1482510059332 9 -1
1482510062274 7 -3
1482510063190 1 -1
1482510064203 2 2
1482510065318 5 1
1482510066477 10 2
1482510069852 10 -2
1482510073880 10 2
1482510077836 0 -1
1482510078993 3 2
1482510080038 8 1
1482510081023 10 -1
1482510082308 2 -2
1482510083424 1 1
1482510084256 7 3
1482510087085 9 1
1482510087559 8 3
1482510089232 3 -2
1482510090300 0 1
1482510094173 0 -1
1482510095413 3 2
1482510096044 6 -3
1482510097487 8 -4
1482510099703 3 -1
1482510101347 9 -2
1482510107080 1 -2
1482510107791 5 1
1482510108549 3 1
1482510109992 3 -1
1482510110953 5 -1
1482510112286 1 2
1482510113698 9 2
1482510114477 6 3
1482510115361 3 -1
1482510116039 0 1
1482510116679 9 -1
1482510118473 10 -1
1482510119154 5 -1
1482510122658 4 -2
1482510123368 7 -3
1482510124195 1 -1
1482510124789 2 3
1482510126482 5 1
1482510127800 10 2
1482510131633 4 1
1482510132539 7 2
1482510135518 2 -2
