1479583084359 3 1
1479583089031 2 2
1479583092144 3 1
1479583095616 6 -1
1479583096727 9 -1
1479583100215 0 3
1479583102759 3 -3
1479583103841 2 -2
1479583107392 3 2
1479583108457 0 -3
1479583113041 10 -1
1479583113673 2 -1
1479583114907 1 1
1479583118019 0 3
1479583120098 3 -2
1479583125291 1 -1
1479583126508 2 3
1479583128243 3 3
1479583131811 10 1
1479583134509 0 -3
1479583137341 3 -3
1479583138837 2 -2
1479583139536 1 -1
1479583140236 5 -3
1479583141060 2 2
1479583143925 2 -2
1479583145126 4 3
1479583146478 7 4
1479583150424 1 1
1479583152462 9 1
1479583153198 6 3
1479583154640 3 -1
1479583160319 7 -3
1479583162512 2 1
1479583163323 2 -1
1479583164128 4 -2
1479583165051 2 2
1479583168928 2 -1
1479583169904 2 1
1479583171392 0 1
1479583172400 10 -2
1479583173162 5 -1
1479583173978 2 -3
1479583175481 1 1
1479583176977 4 2
1479583178122 7 3
1479583182809 9 1
1479583186764 5 1
1479583187540 10 1
1479583188195 0 -1
1479583190059 3 2
1479583190807 6 -3
1479583192092 9 -2
1479583196868 7 -4
1479583200988 1 -2
1479583202140 5 2
1479583202902 3 1
1479583204645 4 -3
1479583205407 5 1
1479583206253 1 2
1479583211437 0 3
1479583212510 3 -2
1479583214241 1 -1
1479583215537 10 -1
1479583225312 1 1
1479583227136 3 2
1479583233297 0 -2
1479583234155 1 -2
1479583236442 2 3
1479583240777 1 1
1479583243834 2 -3
1479583245419 1 -1
1479583247531 10 1
1479583248139 0 -1
1479583248739 3 -2
1479583249698 5 -3
1479583250427 1 2
1479583255211 4 3
1479583258131 3 1
1479583259165 1 -2
1479583259933 5 2
1479583260852 3 1
1479583264358 4 -3
1479583264990 5 1
1479583265910 1 2
1479583272630 0 3
1479583273598 3 -2
1479583278191 1 -1
1479583279743 3 2
1479583281464 0 -2
1479583288744 1 -1
1479583289496 5 -1
1479583290419 4 3
1479583293801 7 2
1479583295345 0 -1
1479583296474 3 -2
1479583297218 5 -2
1479583298122 1 2
1479583298840 7 2
1479583301010 9 2
1479583301682 6 3
1479583307833 3 1
1479583308902 8 4
1479583310187 3 -2
1479583313054 0 1
1479583314246 10 -3
1479583316452 0 -1
1479583317763 3 2
1479583318356 6 -2
1479583319166 8 -3
1479583320412 7 -4
1479583330398 9 -1
1479583331422 1 -1
1479583333206 2 2
1479583334726 5 -1
1479583335646 3 1
1479583337618 7 3
1479583338511 6 2
1479583340890 6 -2
1479583346567 0 1
1479583347256 10 2
1479583347880 6 -1
1479583348481 8 -1
1479583349296 9 -1
1479583350648 0 4
