1479305035918 12 -1
1479305036750 11 -1
1479305037940 4 1
1479305041214 3 -1
1479305041918 1 -1
1479305044518 4 -1
1479305056142 4 1
1479305056653 5 1
1479305058478 4 -1
1479305059613 5 -2
1479305060013 5 1
1479305060835 11 2
1479305061678 12 1
1479305063519 2 -1
1479305066077 11 -1
1479305067046 5 1
1479305074558 9 -1
1479305075278 5 -2
1479305076984 5 1
1479305077686 11 2
1479305079458 5 -1
1479305081858 6 1
1479305083117 10 -3
1479305084733 6 -1
1479305087862 4 -1
1479305088541 7 2
1479305089583 6 3
1479305091407 2 1
1479305092141 12 -1
1479305094751 10 1
1479305096302 0 1
1479305097270 12 -2
1479305098156 2 -1
1479305099102 6 -1
1479305100636 11 -3
1479305102630 9 1
1479305103805 1 1
1479305104553 3 1
1479305105601 4 -1
1479305106445 5 -1
1479305108029 11 2
1479305111861 5 1
1479305112729 4 1
1479305115469 3 -1
1479305116528 1 -1
1479305117595 5 -1
1479305118540 9 -1
1479305120952 11 1
1479305121882 6 1
1479305123558 2 1
1479305124942 12 3
1479305125997 10 -1
1479305127341 2 -1
1479305128277 6 -1
1479305129677 11 -2
1479305130982 9 1
1479305132493 5 1
1479305135718 0 -1
1479305136566 6 -2
1479305137589 7 -2
1479305142469 5 1
1479305143549 4 1
1479305145110 11 1
1479305148669 4 -1
1479305154485 11 -1
1479305155613 5 1
1479305157005 7 1
1479305158799 2 1
1479305160053 12 -1
1479305160848 11 -1
1479305161797 7 -1
1479305162661 4 2
1479305172445 1 1
1479305173917 3 1
1479305175045 4 -3
1479305179357 7 1
1479305179909 2 2
1479305180941 6 1
1479305183741 6 -1
1479306087176 2 -1
1479306088503 5 -3
1479306091416 7 1
1479306092177 2 1
1479306093096 6 2
1479306099384 6 -2
1479306102042 7 -2
1479306102880 2 -2
1479306104288 4 3
1479306105672 5 3
1479306107768 3 -1
1479306109532 1 -1
1479306110584 5 -3
1479306112030 4 -2
1479306115824 11 1
1479306116708 12 1
1479306117700 2 -1
1479306118997 6 1
1479306120963 6 -1
1479306122160 7 2
1479306123485 6 2
1479306124640 0 1
1479306126449 10 1
1479306128945 11 1
1479306131211 10 -1
1479306131872 0 -1
1479306132688 6 -2
1479306133574 6 2
1479306134552 11 -1
1479306135264 11 1
1479306136823 9 -1
1479306137688 11 1
1479306139136 6 1
1479306141984 2 1
1479306143367 12 -1
1479306144597 12 1
1479306145409 2 -1
1479306147136 0 1
1479306147920 2 1
1479306148695 12 -2
1479306151273 5 1
1479306152552 12 2
1479306153496 2 -1
1479306154392 6 -1
1479306155455 11 -2
1479306156143 11 2
1479306156815 6 1
1479306158618 5 -1
1479306159977 6 -1
1479306160648 11 -2
1479306161655 9 1
1479306162768 5 1
1479306164728 1 1
1479306165531 3 1
1479306166463 4 -1
1479306167703 5 -1
1479306169624 11 1
1479306172472 10 1
1479306173263 0 -1
1479306174031 6 -1
1479306174792 7 -2
1479306175903 5 2
1479306177902 7 1
1479306179269 11 -1
1479306180064 5 1
1479306181359 7 -1
1479306182408 4 2
1479306183575 10 2
1479306184447 6 -1
1479306185519 2 1
1479306186344 12 -1
1479306187175 11 -1
1479306188120 4 1
1479306190011 5 -2
1479306191991 5 2
1479306192940 4 -1
1479306193720 4 1
1479306194847 3 -1
1479306195599 1 -1
1479306197608 5 -2
1479306198312 4 -1
1479306199199 11 2
1479306200159 12 1
1479306201120 2 -1
1479306202352 6 1
1479306203071 10 -3
1479306204487 4 -1
1479306205255 5 -1
1479306206544 5 1
1479306207791 7 2
1479306208744 11 -1
1479306209391 7 -2
1479306210199 5 2
1479306211831 4 1
1479306212952 6 -1
1479306213903 2 1
1479306214703 12 -1
1479306215767 11 -1
1479306216615 4 1
1479306217767 5 -3
1479306218935 4 -1
1479306220231 4 -1
1479306222231 7 2
1479306223895 11 2
1479306224737 12 1
1479306225639 2 -1
1479306226981 7 -2
1479306228701 11 -1
1479306231461 2 1
1479306232188 12 -1
1479306232853 11 -1
1479306233791 4 2
1479306240205 5 3
1479306241721 1 1
1479306242553 3 1
1479306243704 8 1
1479306245019 8 -1
1479306245886 4 -3
1479306247102 2 2
1479306248129 7 1
1479306248778 7 -1
1479306249559 6 1
1479306250296 10 1
1479306256327 10 -1
1479306256999 6 -1
1479306258167 2 -2
1479306259119 4 3
1479306261319 5 -1
1479306262504 4 -1
1479306263351 11 2
1479306264303 12 1
1479306265479 2 -1
1479306266167 6 1
1479306267071 10 3
1479306268007 6 -1
1479306268887 2 1
1479306270400 12 -1
1479306271079 11 -2
1479306272383 4 1
1479306275111 5 1
1479306277175 8 1
1479306277903 8 -1
1479306279367 3 -1
1479306280167 1 -1
1479306281975 5 -1
1479306282759 4 -1
1479306284023 11 2
1479306284863 12 1
1479306285837 2 -1
1479306286991 11 -1
1479306287967 5 1
1479306288807 6 1
1479306289791 10 -3
1479306292951 5 -1
1479306294391 11 1
1479306295655 11 -1
1479306296575 6 -1
1479306297479 4 -1
1479306299687 2 1
1479306300462 12 -1
1479306303224 11 -1
1479306303927 4 2
1479306305732 4 -2
1479306308943 11 2
1479306309959 12 1
1479306311647 12 -1
1479306314639 11 -2
1479306315127 11 2
1479306317175 9 -1
1479306318127 11 1
1479306319365 12 1
1479306319942 2 -1
1479306321769 7 1
1479306322935 7 -1
1479306323809 4 1
1479306324424 6 1
1479306325580 10 3
1479306327135 6 -1
1479306328585 11 -2
1479306329780 5 1
1479306330822 9 1
1479306332073 1 1
1479306333170 3 1
1479306334018 8 1
1479306336745 6 1
1479306337670 10 -3
1479306340802 4 -1
1479306341974 5 -2
1479306343113 11 1
1479306343750 7 2
1479306344654 6 1
1479306346574 11 -1
1479306348310 0 1
1479306349367 10 1
1479306351055 8 -1
1479306351934 4 -1
1479306352855 5 -1
1479306355839 11 1
1479306356726 11 -1
1479306357958 5 1
1479306359023 4 1
1479306359870 3 -1
1479306360590 1 -1
1479306361591 9 -1
1479306362785 11 2
1479306363727 6 1
1479306365255 2 1
1479306366534 12 -3
1479306367415 2 -1
1479306368479 6 -1
1479306369182 11 -3
1479306370750 9 1
1479306373038 1 1
1479306374057 3 1
1479306375159 4 -1
1479306376974 5 -1
1479306386711 4 1
1479306388094 3 -1
1479306388935 1 -1
1479306389655 9 -1
1479306390422 11 3
1479306398126 11 -1
1479306399015 9 1
1479306400486 1 1
1479306401486 3 1
1479306402766 4 -1
1479306404689 5 1
1479306406246 11 -2
