1482864072495 8 1
1482864078572 12 -1
1482864079905 5 -1
1482864083721 5 2
1482864086259 11 -1
1482864087472 4 1
1482864094792 8 -1
1482864098512 3 -1
1482864099720 1 -1
1482864124181 1 1
1482864126791 3 1
1482864134918 R
1482864139663 12 -1
1482864140839 11 -1
1482864142456 4 1
1482864144565 5 1
1482864150373 3 -1
1482864151486 1 -1
1482864157955 4 -1
1482864158853 5 -2
1482864159567 9 -1
1482864165463 11 3
1482864168626 12 1
1482864169790 2 -1
1482864170843 6 1
1482864171890 10 -3
1482864176193 6 -1
1482864176895 4 -1
1482864177660 5 -1
1482864179783 2 1
1482864180647 12 -1
1482864182950 11 -3
1482864191317 4 2
1482864198022 4 -2
1482864199469 9 1
1482864201192 5 3
1482864203789 4 2
1482864207592 1 1
1482864208966 1 -1
1482864213803 1 1
1482864215896 1 -1
1482864219926 4 -2
1482864221040 5 -3
1482864222198 9 -1
1482864230447 R
1482864233143 12 -1
1482864234340 11 -1
1482864235863 5 -1
1482864238390 3 -1
1482864239277 1 -1
1482864241024 9 -1
1482864249727 5 1
1482864250981 4 1
1482864252842 9 1
1482864258182 U
1482864259033 U
1482864260156 R
1482864262963 3 -1
1482864269970 1 -1
1482864276154 5 -1
1482864276834 9 -1
1482864278187 11 2
1482864280760 2 -1
1482864286544 R
1482864351371 3 -1
1482864352468 1 -1
1482864357115 2 -1
1482864358225 6 1
1482864360039 10 -3
1482864364037 6 -1
1482864370182 2 1
1482864371335 12 -1
1482864372389 11 -1
1482864376222 4 -1
1482864377962 5 -2
1482864381382 9 -1
1482864385200 7 2
1482864388030 7 -2
