1482549108227 5 -1
1482549112681 12 -1
1482549113781 11 -1
1482549115291 4 1
1482549117949 5 2
1482549120239 3 -1
1482549122617 1 -1
1482549131460 4 -1
1482549132792 11 1
1482549133920 12 1
1482549135022 2 -1
1482549140036 6 1
1482549141962 10 -3
1482549143503 6 -1
1482549145424 6 1
1482549146455 1 1
1482549147613 3 1
1482549149301 8 1
1482549150355 6 -1
1482549151587 4 -1
1482549153658 R
1482549186281 12 -1
1482549187702 11 -1
1482549195578 3 -1
1482549197224 3 1
1482549221663 11 2
1482549223292 12 1
1482549224792 2 -1
1482549227586 6 1
1482549228914 10 -3
1482549230262 4 -2
1482549237037 6 -1
1482549240670 2 2
1482549241718 7 1
1482549251248 12 -1
1482549252349 11 -2
1482549255859 7 -1
1482549256813 2 -1
1482549258375 4 3
1482549263365 3 -1
1482549264545 1 -1
1482549271313 5 1
1482549283189 1 1
1482549283986 3 1
1482549285255 4 -3
1482549287024 2 2
1482549287902 7 1
1482549289051 7 -1
1482549290137 2 -1
1482549291245 5 -3
1482549292192 2 1
1482549293205 7 2
1482549294435 6 2
1482549296098 0 1
1482549303449 12 -1
1482549307379 10 1
1482549308451 12 -1
1482549318376 12 2
1482549319401 10 -1
1482549323772 10 1
1482549324932 12 -2
1482549332560 11 2
1482549334927 12 3
1482549336803 11 -1
1482549338268 11 1
1482549339107 R
1482549349168 2 -1
1482549360573 6 1
1482549361772 10 -3
1482549363661 4 -2
1482549381656 5 -2
1482549382743 7 2
1482549383558 11 1
1482549387676 6 1
1482549389456 0 1
