1482864738377 3 -1
1482864739289 1 -1
1482864740763 11 1
1482864741881 2 -1
1482864743065 6 1
1482864744281 10 -3
1482864745018 4 -1
1482864745841 7 1
1482864748802 6 -1
1482864749433 6 1
1482864750729 1 1
1482864751345 3 1
1482864751945 8 1
1482864753505 10 1
1482864756306 8 -1
1482864757121 3 -1
1482864757993 5 -2
1482864758809 7 1
1482864759625 6 1
1482864760345 0 1
1482864761337 10 -1
1482864763905 0 -1
1482864766881 11 -1
1482864767545 11 1
1482864770425 3 1
1482864774457 3 -1
1482864774979 1 -1
1482864776530 9 -1
1482864777730 11 1
1482864778553 6 1
1482864779321 2 1
1482864781240 10 1
1482864781888 0 1
1482864782752 12 -3
1482864784640 2 -1
1482864785968 6 -1
1482864786680 11 -3
1482864787824 9 1
1482864789296 1 1
1482864790112 3 1
1482864790872 4 -1
1482864795776 11 2
1482864809880 5 1
1482864811896 11 -2
1482864812656 11 2
1482864815169 5 -1
1482864821592 5 1
1482864822536 4 1
1482864823312 3 -1
1482864824040 1 -1
1482864824800 5 -1
1482864826216 9 -1
1482864827488 11 1
1482864828296 6 1
1482864829242 2 1
1482864830640 12 3
1482864831800 0 -1
1482864832312 10 -1
1482864833752 2 -1
1482864834536 6 -3
1482864836024 2 1
1482864836872 11 -2
1482864838320 12 -1
1482864839040 11 -1
1482864840648 7 -2
1482864842657 4 2
1482864844730 9 1
1482864845409 1 1
1482864846097 3 1
1482864847753 4 -3
1482864850113 4 3
1482864851233 8 1
1482864851929 8 -1
1482864853642 4 -3
1482864855081 5 3
1482864857449 4 3
1482864858257 3 -1
1482864859009 1 -1
1482864867041 1 1
1482864869313 1 -1
1482864869898 R
1482864870745 R
1482864871273 R
1482864875585 3 -1
1482864876497 1 -1
1482864881985 1 1
1482864889633 1 -1
1482864891145 1 1
1482864894216 3 1
1482864897018 8 1
1482864905344 11 1
1482864906816 12 -1
1482864907632 11 -2
1482864908912 4 1
1482864909624 5 1
1482864910984 8 -1
1482864913136 3 -1
1482864914000 1 -1
1482864918472 4 -1
1482864919176 4 1
1482864919816 1 1
1482864920473 3 1
1482864921273 8 1
1482864923760 R
1482864925176 5 1
1482864928953 5 -2
1482864930256 11 1
1482864932017 12 -1
1482864933376 11 -2
1482864936153 5 2
1482864937696 3 -1
1482864938496 1 -1
1482864939408 1 1
1482864940168 1 -1
1482864940953 9 -1
1482864942136 5 -2
1482864942928 11 3
1482864944656 12 1
1482864945512 2 -1
1482864948744 6 1
1482864950320 10 -3
1482864951137 5 -1
1482864951728 4 -1
1482864953344 4 1
1482864954744 11 -2
1482864955688 11 2
1482864958152 4 -1
1482864958712 6 -1
1482864959704 2 1
1482864960448 12 -1
1482864962360 11 -3
1482864963240 4 2
1482864964145 5 3
1482864965377 9 1
1482864967897 5 -3
1482864968771 5 3
1482864972361 1 1
1482864973041 3 1
1482864973858 8 1
1482864976577 8 -1
1482864977820 4 -3
1482864978801 2 2
1482864979689 6 1
1482864981081 7 1
1482864982945 6 -1
1482864983586 7 -1
1482864984202 2 -2
1482864984954 5 -3
1482864985825 2 2
1482864986577 7 2
1482864987553 6 2
1482864991657 10 1
1482864992145 10 -1
1482864993929 11 2
1482864995689 12 1
1482864996553 0 1
1482864997297 12 -2
1482864998089 11 -2
1482865006801 11 2
1482865008369 11 -2
1482865009953 11 2
1482865011913 10 1
1482865012697 12 -1
1482865015921 11 -2
1482865022329 11 2
1482865024352 12 2
1482865025544 10 -1
1482865027528 0 -1
1482865028408 6 -2
1482865029200 11 -2
1482865030592 7 -2
1482865031288 2 -2
1482865032360 5 3
1482865034176 4 3
1482865035496 4 -3
1482865036601 2 2
1482865037592 6 1
1482865039328 7 1
1482865041288 6 -1
1482865042008 2 -1
1482865042856 5 -3
1482865043840 2 1
1482865045360 6 1
1482865046272 6 -1
1482865047224 7 1
1482865049488 6 2
1482865050112 0 1
1482865050720 12 -1
1482865064736 R
1482865072609 R
1482865072761 R
