1482176182065 12 -1
1482176189595 11 -1
1482176200151 3 -1
1482176202098 1 -1
1482176204097 9 -1
1482176206657 11 2
1482176213977 11 -2
1482176215964 4 1
1482176221190 5 -1
1482176230574 9 1
1482176233190 1 1
1482176235359 3 1
1482176243742 5 2
1482176248633 4 -1
1482176250769 11 1
1482176252845 12 1
1482176255129 2 -1
1482176260647 5 -2
1482176266461 6 1
1482176269581 10 -3
1482176271945 4 -2
1482176281704 7 2
1482176283642 6 1
1482176286889 0 1
1482176292840 11 1
1482176296659 5 -1
1482176299680 4 1
1482176301897 8 1
1482176304529 10 1
1482176313478 8 -1
1482176315466 10 -1
1482176318620 4 -1
1482176322342 4 1
1482176324680 3 -1
1482176326536 1 -1
1482176328720 9 -1
1482176330902 11 1
1482176332266 6 1
1482176341157 10 1
1482176345191 2 1
1482176347918 12 -3
1482176352671 2 -1
1482176354499 6 -1
1482176357660 11 -3
1482176361279 9 1
1482176364832 1 1
1482176367255 3 1
1482176368671 4 -1
1482176371574 11 2
1482176376160 5 1
1482176378546 4 1
1482176382511 8 1
1482176384228 12 -1
1482176386414 0 -1
1482176394979 11 -2
1482176398532 6 -1
1482176402336 7 -3
1482176405124 5 2
1482176406527 4 2
1482176409974 6 1
1482176418961 0 3
1482176420828 12 1
1482176422708 8 -1
1482176424249 3 -1
1482176425562 1 -1
1482176428365 0 2
