1482776981365 11 1
1482776983021 8 1
1482776984525 5 -1
1482776985726 8 -1
1482776987501 2 -1
1482776988933 6 1
1482776990261 10 -3
1482776991221 4 -2
1482776992245 7 2
1482776993165 6 1
1482776994133 0 1
1482776999861 11 -1
1482777001245 5 -1
1482777002653 0 -1
1482777004085 6 -2
1482777008141 7 -2
1482777010637 4 2
1482777011557 2 1
1482777012357 12 -1
1482777013607 11 -1
1482777014789 4 1
1482777016341 8 1
1482777017789 8 -1
1482777020253 5 3
1482777021861 3 -1
1482777022733 1 -1
1482777024053 4 -2
1482777025453 7 1
1482777026461 5 -1
1482777027501 11 2
1482777028360 12 1
1482777028905 2 -1
1482777031901 5 -2
1482777033973 7 1
1482777034677 9 -1
1482777035645 11 1
1482777038821 6 2
1482777040093 11 -2
1482777041077 9 1
1482777043589 6 -2
1482777044741 7 -2
1482777047365 7 2
1482777048030 6 2
1482777048949 0 1
1482777050821 11 1
1482777051757 9 -1
1482777052541 11 1
1482777053557 6 1
1482777058493 2 1
1482777059413 12 -2
1482777061750 12 2
1482777062538 2 -1
1482777063208 6 -1
1482777064077 11 -2
1482777065518 9 1
1482777066117 1 1
1482777066877 3 1
1482777067489 4 -1
1482777073317 10 1
1482777076981 11 1
1482777077846 11 -1
1482777080781 4 1
1482777081621 3 -1
1482777082207 1 -1
1482777082757 9 -1
1482777084109 11 2
1482777084773 6 1
1482777086341 5 1
1482777088061 10 -1
1482777088853 2 1
1482777089653 12 -2
1482777091445 10 1
1482777093173 12 -1
1482777093871 2 -1
1482777094454 6 -1
1482777096133 11 -3
1482777099088 5 -1
1482777102969 9 1
1482777104573 1 1
1482777105189 3 1
1482777106173 4 -1
1482777112517 4 1
1482777113709 8 1
1482777114733 12 -1
1482777115802 0 -1
1482777116549 6 -1
1482777117557 6 1
1482777119518 5 1
1482777124061 6 -1
1482777125230 7 -3
1482777126645 4 2
1482777127909 6 1
1482777129141 0 2
1482777130285 5 2
1482777133549 0 1
1482777134493 12 1
1482777135213 8 -1
1482777135845 3 -1
1482777136653 1 -1
1482777140791 0 2
