1481337190733 11 1
1481337191965 12 -1
1481337192894 11 -2
1481337194466 4 1
1481337195639 5 1
1481337198464 8 1
1481337200567 4 -1
1481337202033 4 1
1481337203222 5 -2
1481337204696 4 -1
1481337206207 11 2
1481337207629 12 1
1481337211122 2 -1
1481337212404 6 1
1481337213817 10 -3
1481337216815 4 -1
1481337217772 5 -1
1481337219083 11 -1
1481337220411 7 2
1481337221660 6 1
1481337224836 0 1
1481337228100 8 -1
1481337231343 0 -1
1481337232423 6 -2
1481337233621 2 1
1481337234579 12 -1
1481337235700 11 -1
1481337236802 7 -2
1481337237908 4 2
1481337239536 5 3
1481337242004 3 -1
1481337243271 1 -1
1481337244574 4 -2
1481337245904 7 1
1481337246790 11 1
1481337247671 12 1
1481337248625 2 -1
1481337249905 6 1
1481337251068 10 1
1481337255453 5 -3
1481337256669 11 1
1481337257838 7 1
1481337258943 6 1
1481337260135 0 1
1481337264251 11 -1
1481337266742 5 1
1481337267936 9 -1
1481337269429 11 2
1481337271120 6 1
1481337272151 2 1
1481337273260 12 -3
1481337274376 2 -1
1481337276347 6 -1
1481337278030 11 -3
1481337280749 5 -1
1481337282146 9 1
1481337286258 9 -1
1481337287925 11 3
1481337289497 6 1
1481337292879 2 1
1481337294611 12 3
1481337295854 2 -1
1481337297731 6 -1
1481337300988 0 -1
1481337301870 6 -1
1481337303157 7 -2
1481337305301 11 -2
1481337306322 4 1
1481337307695 5 3
1481337308657 9 1
1481337310248 10 2
1481337311237 6 -1
1481337312666 2 1
1481337313480 12 -1
1481337314741 5 -2
1481337315962 11 -1
1481337317121 4 1
1481337318084 5 2
1481337323452 1 1
1481337324699 3 1
1481337326613 8 1
1481337329881 4 -1
1481337330774 5 -2
1481337332090 11 2
1481337333625 5 1
1481337337560 12 1
1481337338338 2 -1
1481337340037 6 1
1481337346085 11 -1
1481337347492 5 1
1481337349221 10 -3
1481337350627 5 -3
1481337352866 11 1
1481337353674 4 -1
1481337355364 7 2
1481337356606 6 1
1481337358164 0 1
1481337364217 5 1
1481337365918 8 -1
1481337366730 4 -1
1481337368327 5 -1
1481337371883 4 1
1481337373255 3 -1
1481337374666 1 -1
1481337376121 9 -1
1481337377635 11 1
1481337378966 6 1
1481337380465 2 1
1481337381694 12 -2
1481337388775 12 2
1481337390181 2 -1
1481337395990 10 1
1481337396936 2 1
1481337397938 12 -3
1481337399067 2 -1
1481337400354 6 -1
1481337402383 5 1
1481337405498 6 1
1481337407257 2 1
1481337409326 12 2
1481337410395 0 -1
1481337413916 12 1
1481337414806 2 -1
1481337416034 6 -2
1481337417473 7 -2
1481337418856 11 -2
1481337420294 9 1
1481337421254 5 2
1481337422700 4 1
1481337424047 10 2
1481337425100 6 -1
1481337427547 5 -2
1481337429642 9 -1
1481337430920 11 2
1481337432695 2 1
1481337433390 12 -1
1481337437133 5 1
1481337439624 12 1
1481337440244 2 -1
1481337441444 6 1
1481337442546 10 -3
1481337444028 6 -1
1481337445833 6 1
1481337447082 5 -2
1481337448423 4 -1
1481337449730 7 2
1481337451705 6 2
1481337454810 2 1
1481337455790 12 -1
1481337458448 12 1
1481337459214 2 -1
1481337460908 6 -3
1481337463161 7 -2
1481337465358 11 -2
1481337467351 5 3
1481337468935 9 1
1481337471368 1 1
1481337472598 3 1
1481337473458 4 -1
1481337475335 2 3
1481337476405 7 1
1481337477408 12 -1
1481337478310 11 -1
1481337479225 7 -1
1481337480470 2 -2
1481337482819 4 3
1481337486808 3 -1
1481337487603 1 -1
1481337488544 1 1
1481337489274 3 1
1481337490316 8 1
1481337492571 4 -2
1481337496343 5 -3
1481337497880 7 2
1481337499041 11 2
1481337512015 7 -2
1481337512993 11 -2
1481337514147 4 2
1481337515741 5 3
1481337517093 8 -1
1481337518653 4 -3
1481337520166 2 2
1481337521063 6 1
1481337522933 7 1
1481337526308 11 1
1481337527134 6 -1
1481337528133 2 -2
1481337529521 4 1
1481337531863 3 -1
1481337532637 1 -1
1481337536839 7 -1
1481337538854 11 -1
1481337540353 4 2
1481337542030 1 1
1481337542720 3 1
1481337543857 4 -3
1481337545166 2 2
1481337547790 6 1
1481337551501 6 -1
1481337552656 2 -2
1481337553941 5 -3
1481337554964 2 2
1481337556015 7 2
1481337559182 6 2
1481337561372 0 1
1481337562006 10 1
1481337563689 12 -2
1481337565769 11 2
1481337571756 11 -2
1481337575413 12 1
1481337577165 10 -1
1481337581259 12 1
1481337581986 0 -1
1481337583879 6 -2
1481337584927 2 -2
1481337586205 7 -2
1481337587645 4 3
1481337588667 5 3
1481337590718 3 -1
1481337591984 1 -1
1481337596119 1 1
1481337597033 3 1
1481337598440 4 -3
1481337599700 2 1
1481337601281 7 1
1481337602625 5 -3
1481337608164 R
1481337615037 2 -1
1481337616104 6 1
1481337617281 8 1
1481337618162 6 -1
1481337619176 2 1
1481337620239 12 -1
1481337621181 11 -1
1481337622267 4 1
1481337623349 5 1
1481337627010 8 -1
1481337628061 3 -1
1481337629041 1 -1
1481337633324 4 -1
1481337634316 11 1
1481337635068 12 1
1481337635673 2 -1
1481337637123 6 1
1481337638868 1 1
1481337639955 3 1
1481337641145 10 -3
1481337642166 8 1
1481337643204 6 -1
1481337644595 4 -1
1481337645818 7 1
1481337647172 2 1
1481337647955 12 -1
1481337648928 11 -1
1481337650082 7 -1
1481337651230 5 -3
1481337652016 4 2
1481337653841 5 3
1481337657401 8 -1
1481337660032 4 -3
1481337661305 2 2
1481337662304 7 1
1481337663479 7 -1
1481337664872 6 1
1481337667043 6 -1
1481337668692 2 -2
1481337669958 4 3
1481337672957 4 -2
1481337674076 5 -3
1481337675500 7 2
1481337676405 11 2
1481337677919 4 -1
1481337679326 2 2
1481337680405 6 2
1481337681294 0 1
1481337682436 12 -1
1481337683591 11 -2
1481337685710 10 1
1481337686393 12 -1
1481337691459 11 2
1481337693193 12 3
1481337694610 10 -1
1481337695792 11 -1
1481337698486 0 -1
1481337699256 6 -2
1481337700319 2 -3
1481337701563 7 -2
1481337703636 4 2
1481337704668 5 3
1481337706493 3 -1
1481337707270 1 -1
1481337708330 9 -1
1481337709565 5 -3
1481337711125 11 2
1481337712270 4 -1
1481337713587 7 2
1481337715202 6 3
1481337718987 2 1
1481337719578 10 1
1481337720379 0 1
1481337721688 12 -3
1481337722866 2 -1
1481337723771 6 -1
1481337725161 11 -3
1481337728105 9 1
1481337729088 1 1
1481337729866 3 1
1481337730550 4 -1
1481337741527 5 1
1481337743106 5 -1
1481337744379 11 2
1481337747945 11 -2
1481337749288 11 2
1481337749936 4 1
1481337751204 8 1
1481337751891 12 -1
1481337755829 11 -2
1481337758075 5 1
1481337759547 5 -1
1481337765762 0 -1
1481337766505 6 -1
1481337767661 7 -3
1481337769173 4 2
1481337769883 6 1
1481337770917 5 3
1481337772570 0 3
1481337773664 10 1
1481337775067 12 1
1481337775752 8 -1
1481337776554 3 -1
1481337777441 1 -1
1481337778356 0 2
