1481330367619 5 1
1481330370187 3 -1
1481330371137 1 -1
1481330375283 2 -1
1481330378259 6 1
1481330379431 6 -1
1481330386324 9 -1
1481330387568 5 -2
1481330388963 11 2
1481330391962 5 1
1481330393988 6 1
1481330395054 6 -1
1481330397960 2 1
1481330399210 12 -1
1481330408305 5 -1
1481330411017 11 -3
1481330413987 9 1
1481330414994 5 2
1481330416674 4 1
1481330420381 1 1
1481330421506 3 1
1481330423132 8 1
1481330425898 8 -1
1481330427497 3 -1
1481330429177 1 -1
1481330436957 4 -1
1481330438290 9 -1
1481330439410 5 -2
1481330441074 11 3
1481330442897 12 1
1481330444175 2 -1
1481330446162 6 1
1481330449025 10 -3
1481330452116 6 -1
1481330453131 4 -1
1481330454729 4 1
1481330456306 11 -2
1481330458554 5 -1
1481330459427 5 3
1481330461213 9 1
1481330469131 2 1
1481330470358 12 -1
1481330471373 11 -1
1481330472683 4 1
1481330476897 5 -3
1481330480301 5 3
1481330485329 1 1
1481330486445 3 1
1481330488808 8 1
1481330490862 8 -1
1481330494084 4 -3
1481330497129 5 -3
1481330501359 7 1
1481330502844 7 1
1481330504507 2 2
1481330508346 11 2
1481330512578 6 2
1481330515820 12 1
1481330529181 12 -1
1481330530385 11 -2
1481330536352 6 -2
1481330540748 2 -2
1481330542374 7 -2
1481330544027 4 3
1481330549278 8 1
1481330550425 8 -1
1481330553289 5 1
1481330558562 5 2
1481330560264 3 -1
1481330561744 1 -1
1481330568662 5 -3
1481330570611 4 -2
1481330572322 7 2
1481330573443 11 2
1481330575235 12 1
1481330576301 2 -1
1481330578320 6 2
1481330583154 5 1
1481330586568 5 -1
1481330588648 10 1
1481330591100 10 -1
1481330595841 11 -1
1481330598965 6 -2
1481330600306 7 -2
1481330601714 6 1
1481330606578 5 3
1481330607976 7 1
1481330610052 7 -1
1481330614077 5 -1
1481330621209 9 -1
1481330622952 11 2
1481330623656 11 -2
1481330626994 5 1
1481330628057 9 1
1481330633489 4 1
1481330635650 10 3
1481330637988 6 -1
1481330639250 6 1
1481330642554 5 -1
1481330644465 11 1
1481330649217 6 -1
1481330650873 6 1
1481330655794 10 -3
1481330658000 6 -1
1481330659921 4 -1
1481330663140 5 -2
1481330666994 11 -1
1481330669226 5 3
1481330676873 6 1
1481330677914 6 -1
1481330681462 5 -3
1481330683920 11 1
1481330685864 7 2
1481330688285 6 2
1481330695081 11 -1
1481330696632 6 -1
1481330698225 7 -2
1481330704384 5 3
1481330705776 4 1
1481330708136 5 -2
1481330709626 4 -1
1481330711072 11 1
1481330712427 7 2
1481330718120 6 1
