1479535196103 3 -1
1479535196814 1 -1
1479535197391 9 -1
1479535198384 11 2
1479535199214 12 -1
1479535201622 5 -1
1479535202270 11 -3
1479535203224 4 1
1479535203816 9 1
1479535204502 5 2
1479535207096 1 1
1479535207926 3 1
1479535208574 8 1
1479535209718 8 -1
1479535212350 5 -2
1479535212902 4 -1
1479535213622 11 2
1479535214334 12 1
1479535214870 2 -1
1479535215566 6 1
1479535216670 8 1
1479535217086 10 -3
1479535218030 6 -1
1479535219070 4 -1
1479535220358 5 -1
1479535221198 7 1
1479535221934 7 1
1479535222591 6 2
1479535223502 0 1
1479535224302 10 1
1479535226894 8 -1
1479535227479 10 -1
1479535228198 4 -1
1479535231470 0 -1
1479535232286 6 -2
1479535233142 2 3
1479535234302 6 2
1479535236462 0 1
1479535236992 10 1
1479535237774 12 -3
1479535238414 11 -2
1479535240966 12 2
1479535241504 10 -1
1479535241855 0 -1
1479535242926 6 -2
1479535243735 2 -2
1479535244263 7 -2
1479535245022 4 3
1479535246086 5 3
1479535248486 3 -1
1479535249726 1 -1
1479535255574 4 -2
1479535256654 7 1
1479535257191 11 1
1479535257862 12 1
1479535258375 2 -1
1479535259758 6 1
1479535260534 5 -3
1479535261062 7 1
1479535261870 6 1
1479535265694 0 1
1479535267030 10 1
1479535269654 11 1
1479535270878 0 -1
1479535271470 6 -1
1479535272319 7 -2
1479535273118 4 1
1479535273742 5 2
1479535274359 10 2
1479535275006 6 -1
1479535276336 1 1
1479535276862 3 1
1479535277503 8 1
1479535278920 2 1
1479535281071 2 -1
1479535283142 11 -1
1479535283846 5 1
1479535284798 6 1
1479535294686 10 -2
1479535295294 4 -1
1479535296150 7 1
1479535296959 5 -2
1479535297534 7 1
1479535298056 6 1
1479535298502 0 1
1479535300407 11 1
1479535301662 5 -1
1479535305630 5 1
1479535306454 8 -1
1479535307054 3 -1
1479535307590 1 -1
1479535308070 9 -1
1479535308670 11 1
1479535309399 6 1
1479535310030 2 1
1479535311190 12 -3
1479535311711 2 -1
1479535312447 6 -1
1479535313151 11 -3
1479535314017 9 1
1479535314561 1 1
1479535315110 3 1
1479535315806 8 1
1479535316496 12 -1
1479535317023 0 -1
1479535317846 6 -1
1479535318335 7 -3
1479535319095 6 1
1479535319616 4 2
1479535320150 5 2
1479535321975 10 2
1479535322584 0 3
1479535323768 12 1
1479535324159 8 -1
1479535324734 3 -1
1479535325326 1 -1
1479535325887 0 2
