1484753669247 11 1
1484753678572 3 -1
1484753679701 1 -1
1484753680764 9 -1
1484753682198 11 1
1484753688624 2 -1
1484753690124 6 1
1484753691329 10 -2
1484753692749 10 -1
1484753695084 6 -1
1484753697635 4 -1
1484753698801 5 -1
1484753700048 7 2
1484753701626 11 -2
1484753705467 6 2
1484753706510 0 1
1484753707547 10 1
1484753708878 0 -1
1484753709809 10 -1
1484753710769 6 -2
1484753711915 2 1
1484753713407 12 -1
1484753714852 7 -2
1484753718286 11 -1
1484753719338 4 2
1484753720420 5 2
1484753722542 9 1
1484753723581 1 1
1484753725884 3 1
1484753726772 8 1
1484753728817 4 -2
1484753730096 5 -1
1484753732453 5 -1
1484753734139 7 1
1484753735959 7 -1
1484753736914 4 2
1484753738067 5 2
1484753739666 8 -1
1484753741308 3 -1
1484753742290 1 -1
1484753743277 9 -1
1484753744347 5 -2
1484753745318 4 -2
1484753747606 7 1
1484753749911 7 1
1484753751309 11 1
1484753753769 12 1
1484753755696 2 -1
1484753756616 6 2
1484753757713 10 1
1484753758631 0 1
1484753759646 11 2
1484753760716 6 1
1484753761768 2 1
1484753763192 12 -3
1484753764263 2 -1
1484753765265 6 -1
1484753766456 11 -3
1484753768432 11 3
1484753769434 6 1
1484753770663 2 1
1484753771825 2 -1
1484753772910 6 -1
1484753776455 11 -1
1484753777950 9 1
1484753778952 1 1
1484753779963 3 1
1484753780883 8 1
1484753782205 12 -1
1484753783607 0 -1
1484753786018 0 1
1484753787501 0 -1
1484753788561 6 -1
1484753789905 7 -3
1484753791090 11 -2
1484753792408 6 1
1484753793422 4 2
1484753794349 5 1
1484753795716 0 2
1484753797741 12 1
1484753798684 8 -1
1484753800044 3 -1
1484753801445 1 -1
1484753802708 0 2
1484753804088 0 1
