1480653990012 3 -1
1480653991128 1 -1
1480653992479 9 -1
1480653995963 11 2
1480653997673 12 -1
1480653999237 11 -3
1480654000265 4 1
1480654001580 9 1
1480654003736 1 1
1480654004704 3 1
1480654005783 8 1
1480654012267 5 -1
1480654013471 4 -1
1480654016051 11 2
1480654017154 12 1
1480654018331 2 -1
1480654019311 6 1
1480654020774 10 -3
1480654022635 6 -1
1480654026230 4 -1
1480654027396 5 -1
1480654029268 11 -1
1480654030532 5 3
1480654031872 4 1
1480654033534 8 -1
1480654039288 3 -1
1480654040775 3 1
1480654042113 4 -2
1480654046701 5 -3
1480654048040 7 2
1480654049961 11 1
1480654051797 6 2
1480654061195 11 -1
1480654062200 6 -2
1480654063464 2 3
1480654064531 6 2
1480654065386 12 -1
1480654066364 11 -1
1480654070134 6 -2
1480654071262 7 -1
1480654072452 7 -1
1480654073631 2 -2
1480654075380 4 3
1480654077921 5 3
1480654079136 3 -1
1480654084424 1 -1
1480654086408 1 1
1480654087227 3 1
1480654089197 8 1
1480654091120 8 -1
1480654092694 4 -3
1480654094033 2 2
1480654096476 2 -2
1480654098162 5 -3
1480654099403 2 2
1480654100248 7 2
1480654101647 11 2
1480654103049 6 2
1480654109319 12 1
1480654111141 11 -1
1480654112654 6 -2
1480654114253 2 -3
1480654118198 R
1480654132942 2 -1
1480654134009 6 1
1480654135211 10 -3
1480654138786 6 -1
1480654140967 4 -2
1480654142729 5 -2
1480654146152 7 2
1480654148633 7 -2
1480654150865 5 3
1480654152067 4 2
1480654153258 3 -1
1480654154214 1 -1
1480654155577 9 -1
1480654156991 5 -1
1480654158851 11 2
1480654162088 4 -1
1480654163861 5 -2
1480654165448 7 2
1480654166912 6 3
1480654181408 2 1
1480654182510 12 -1
1480654185038 12 1
1480654186131 2 -1
1480654188241 0 1
1480654189329 2 1
1480654190582 12 -2
1480654205394 R
1480654222826 5 -1
1480654226980 3 -1
1480654228282 1 -1
1480654230093 9 -1
1480654231804 11 2
1480654234084 12 -1
1480654235101 11 -3
1480654236341 4 1
1480654237976 9 1
1480654239553 5 2
1480654241165 1 1
1480654242168 3 1
1480654244065 8 1
1480654245367 4 -1
1480654246756 11 1
1480654247895 12 1
1480654249049 2 -1
1480654250277 6 1
1480654251529 10 -3
1480654254394 8 -1
1480654255733 4 -2
1480654257456 6 -1
1480654259254 5 -3
1480654263555 11 1
1480654264992 7 2
1480654267720 2 3
1480654268824 12 -1
1480654271365 11 -2
1480654273251 6 2
1480654275049 0 1
1480654276102 10 1
1480654280144 0 -1
1480654281730 6 -1
1480654284533 6 1
1480654287213 11 2
1480654289146 0 1
1480654292147 10 -1
1480654293041 0 -1
1480654294293 6 -2
1480654295990 2 -2
1480654298160 2 1
1480654300369 7 -1
1480654302191 5 2
1480654304832 11 -1
1480654306331 5 1
1480654311430 2 1
1480654313289 6 1
1480654314901 10 1
1480654321002 R
1480654332604 11 1
1480654337178 11 -1
1480654340427 5 1
1480654345386 8 1
1480654347531 8 -1
1480654348523 3 -1
1480654349788 1 -1
1480654352727 5 -1
1480654354476 11 1
1480654358582 11 -1
1480654362004 1 1
1480654362872 1 -1
1480654364075 9 -1
1480654367014 11 2
1480654368404 11 -2
1480654376133 5 1
1480654376952 9 1
1480654377847 1 1
1480654378702 3 1
1480654380399 8 1
1480654381665 8 -1
1480654382582 3 -1
1480654383971 1 -1
1480654388708 R
1480654396745 12 -1
1480654397663 11 -1
1480654398889 4 1
1480654405759 3 -1
1480654406862 1 -1
1480654416062 5 -1
1480654417266 4 -1
1480654418419 9 -1
1480654419919 11 3
1480654422932 12 1
1480654426788 12 -1
1480654428377 11 -3
1480654430448 4 1
1480654431714 9 1
1480654432681 5 2
1480654433909 1 1
1480654435124 3 1
1480654436871 8 1
1480654440966 4 -1
1480654445577 11 1
1480654446831 12 1
1480654447772 2 -1
1480654449536 6 1
1480654451369 10 -3
1480654452572 8 -1
1480654453897 4 -2
1480654458211 4 1
1480654460494 3 -1
1480654464770 3 1
1480654465860 4 -1
1480654467584 6 -1
1480654471436 5 -3
1480654473458 2 3
1480654475107 7 2
1480654477004 6 2
1480654480291 6 -2
1480654481866 2 -3
1480654483553 4 1
1480654484296 4 -1
1480654485411 6 2
1480654491292 6 -1
1480654501407 7 -1
1480654503502 5 3
1480654506553 4 1
1480654508090 3 -1
1480654509342 1 -1
1480654510299 9 -1
1480654511600 5 -2
1480654514154 11 2
1480654516386 7 1
1480654519883 6 2
1480654521346 2 1
1480654522289 0 1
1480654523232 10 1
1480654524742 12 -3
1480654526106 2 -1
1480654527966 6 -1
1480654529516 11 -3
1480654531165 9 1
1480654534744 1 1
1480654535626 3 1
1480654536802 4 -1
1480654539073 5 -1
1480654548651 5 1
1480654549432 4 1
1480654550596 8 1
1480654551614 12 -1
1480654566672 R
1480654592575 2 -1
1480654597234 6 1
1480654605690 3 -1
1480654607005 1 -1
1480654608976 5 -1
1480654610278 5 2
1480654612720 10 -2
1480654613948 4 -1
1480654617356 7 1
1480654619056 5 -3
1480654620881 7 1
1480654622690 5 1
1480654623670 9 -1
1480654624984 11 2
1480654627078 6 2
1480654630797 0 1
1480654632235 2 1
1480654633611 12 -3
1480654634949 2 -1
1480654641645 6 -1
1480654643815 11 -3
1480654645216 9 1
1480654647881 1 1
1480654648763 3 1
1480654650311 4 -1
1480654651601 5 -1
1480654656351 5 1
1480654657143 4 1
1480654658357 8 1
1480654659461 12 -1
1480654661023 0 -1
1480654662140 6 -1
1480654663454 7 -3
1480654664804 6 1
1480654665970 4 2
1480654667111 5 2
1480654668797 0 3
1480654670360 6 -1
1480654673089 6 1
1480654674849 10 2
1480654676474 6 -2
1480654686749 12 1
1480654687825 8 -1
1480654688954 3 -1
1480654690243 1 -1
1480654691236 0 2
