1482552822162 2 -1
1482552829047 6 1
1482552834502 5 1
1482552837459 8 1
1482552849148 10 -3
1482552852534 10 3
1482552853653 8 -1
1482552857570 10 -2
1482552858794 5 -3
1482552859900 11 1
1482552861443 4 -2
1482552862336 7 2
1482552864563 6 1
1482552871447 10 -1
1482552872854 6 -2
1482552876230 2 1
1482552889889 7 -2
1482552891410 11 -1
1482552892044 5 3
1482552893099 4 2
1482552894995 2 -1
1482552895474 6 1
1482552900056 10 3
1482552904233 10 -3
1482552905675 4 -2
1482552906322 6 -1
1482552907935 7 1
1482552908565 2 3
1482552909865 12 -1
1482552910419 11 -1
1482552911180 7 -1
1482552911663 2 -2
1482552912277 4 3
1482552913296 8 1
1482552916890 4 -2
1482552917506 7 1
1482552918434 7 -1
1482552919350 4 2
1482552919905 4 -2
1482552920605 8 -1
1482552922886 R
1482552929003 3 -1
1482552929561 1 -1
1482552965497 5 -1
1482552978699 9 -1
1482552984656 5 2
1482552985890 2 -1
1482552988862 9 1
1482552989947 1 1
1482552990769 3 1
1482552994784 6 1
1482552996169 10 -3
1482552997339 4 -2
1482553000699 5 -3
1482553003194 7 2
1482553004223 6 1
1482553005143 0 1
1482553006240 10 1
1482553023583 11 1
1482553025827 10 -1
1482553026540 0 -1
1482553028962 4 1
1482553032587 4 -1
1482553034554 6 -2
1482553036524 2 3
1482553038813 6 2
1482553039971 0 1
1482553040611 10 1
1482553041349 12 -3
1482553042260 11 -2
1482553049925 11 2
1482553050843 12 3
1482553051998 12 -2
1482553055515 10 -1
1482553057625 12 1
1482553058176 0 -1
1482553059609 6 -2
1482553060169 11 -2
1482553061321 7 -2
1482553062615 2 -2
1482553063173 5 3
1482553063764 4 3
1482553067499 3 -1
1482553068135 1 -1
1482553082045 R
1482553109869 2 -1
1482553111861 5 1
1482553112652 6 1
1482553113772 10 -3
1482553114529 4 -2
1482553119394 4 1
1482553119848 3 -1
1482553120406 1 -1
1482553121336 5 -3
1482553122567 5 2
1482553123536 6 -1
1482553125562 4 1
1482553129891 5 -2
1482553130427 9 -1
1482553131158 11 2
1482553133632 11 -2
1482553134629 4 -1
1482553135376 7 2
1482553136076 6 2
1482553137602 0 1
1482553138308 10 1
1482553140580 11 2
1482553140993 6 1
1482553141576 2 1
1482553142097 12 -3
1482553143305 2 -1
1482553145878 6 -1
1482553146446 11 -3
1482553147616 9 1
1482553149504 5 1
1482553155779 5 -1
1482553156774 9 -1
1482553158005 9 1
1482553159829 11 2
1482553163500 11 -2
1482553164812 9 -1
1482553168465 5 1
1482553169654 9 1
1482553170559 5 -1
1482553172148 11 2
1482553173807 11 -2
1482553174576 11 2
1482553177074 5 1
1482553177793 1 1
1482553178764 5 -1
1482553179751 1 -1
1482553180178 9 -1
1482553180601 11 1
1482553181026 6 1
1482553182079 2 1
1482553185333 12 2
1482553186823 10 -1
1482553188431 0 -1
1482553191259 0 1
1482553192102 0 -1
1482553193006 0 1
1482553195084 12 1
1482553196094 2 -1
1482553197159 6 -1
1482553197718 11 -2
1482553198615 9 1
1482553199231 5 1
1482553200228 1 1
1482553200701 3 1
1482553201131 8 1
1482553201783 10 1
1482553207453 5 -1
1482553208519 11 1
1482553210310 5 1
1482553210796 5 -1
1482553215734 0 -1
1482553218554 R
1482553224924 2 -1
1482553229151 6 1
1482553229903 10 -3
1482553230815 4 -2
1482553236109 4 1
1482553236993 3 -1
1482553237509 1 -1
1482553238882 5 1
1482553240123 4 1
1482553251907 4 -1
1482553253194 5 -1
1482553253750 11 1
1482553255549 7 1
1482553256445 6 -1
1482553257626 1 1
1482553258056 3 1
1482553258723 8 1
1482553259482 8 -1
1482553260188 4 -1
1482553261255 7 -1
1482553261623 11 -1
1482553262335 5 1
1482553263724 2 3
1482553264729 2 -3
1482553268041 4 2
1482553268659 6 1
1482553269501 10 3
1482553270195 6 -1
1482553272734 6 1
1482553273337 10 -2
1482553273933 4 -2
1482553274831 5 -3
1482553275882 7 2
1482553276405 6 1
1482553277345 0 1
1482553278863 0 -1
1482553279899 11 1
1482553283363 10 -1
1482553284705 10 1
1482553285299 0 1
1482553287579 5 1
1482553288100 4 1
1482553288952 3 -1
1482553289446 1 -1
1482553290136 9 -1
1482553290558 11 1
1482553291029 6 1
1482553292289 2 1
1482553292744 12 -3
1482553293644 2 -1
1482553294921 6 -1
1482553296250 11 -3
1482553297484 9 1
1482553298713 9 -1
1482553301137 11 3
1482553301889 6 1
1482553302636 2 1
1482553303307 12 3
1482553303781 10 -1
1482553304385 0 -1
1482553304827 2 -1
1482553305492 6 -3
1482553308647 7 -2
1482553311698 11 -2
1482553312259 5 2
1482553312908 9 1
1482553313752 4 1
1482553314895 2 1
1482553315603 12 -1
1482553316154 11 -1
1482553317300 5 -3
1482553318025 9 -1
1482553318394 9 1
1482553318922 5 3
1482553319687 4 1
1482553321045 4 -2
1482553321731 7 1
1482553323144 7 -1
1482553323637 4 2
1482553325629 4 -2
1482553326283 5 -3
1482553328195 9 -1
1482553329246 11 2
1482553329663 9 1
1482553331159 12 1
1482553332011 2 -1
1482553334225 11 -1
1482553335244 5 3
1482553336975 4 1
1482553337523 6 1
1482553338071 10 3
1482553338818 6 -1
1482553340413 6 1
1482553347938 6 -1
1482553350707 5 -2
1482553351259 11 1
1482553352535 11 -1
1482553353380 9 -1
1482553353953 11 2
1482553355403 2 1
1482553355915 2 -1
1482553356758 2 1
1482553359352 12 -1
1482553360286 11 -3
1482553361167 5 2
1482553361820 4 1
1482553363822 9 1
1482553366706 1 1
1482553367261 3 1
1482553370847 8 1
1482553379202 4 -1
1482553379789 5 -2
1482553380902 11 2
1482553381395 12 1
1482553382867 2 -1
1482553385156 6 1
1482553388151 10 -2
1482553389268 4 -1
1482553390255 5 1
1482553391348 7 1
1482553401290 11 -1
1482553401895 8 -1
1482553402368 3 -1
1482553402847 1 -1
1482553403873 5 1
1482553405974 7 -1
1482553406424 4 1
1482553407413 10 2
1482553408254 6 -1
1482553410809 2 1
1482553412033 2 -1
1482553412534 6 1
1482553414302 5 -2
1482553414763 11 1
1482553415628 9 -1
1482553416061 11 1
1482553418725 10 -3
1482553419406 6 -1
1482553419858 4 -1
1482553420218 5 -1
1482553421266 7 2
1482553422877 2 1
1482553423877 12 -1
1482553425845 12 1
1482553434505 7 -1
1482553435054 11 -2
1482553435802 7 -1
1482553436620 5 3
1482553437142 9 1
1482553439537 4 1
1482553440216 1 1
1482553440814 3 1
1482553441362 4 -2
1482553442777 2 -1
1482553446738 6 1
1482553447316 4 2
1482553447953 10 3
1482553448993 6 -1
1482553450039 6 1
1482553457322 8 1
1482553458165 6 -1
1482553458716 2 1
1482553460492 2 -1
1482553460852 6 1
1482553461385 6 -1
1482553463329 8 -1
1482553466510 R
1482553486435 3 -1
1482553486974 1 -1
1482553488054 9 -1
1482553488668 11 2
1482553490406 2 -1
1482553491500 2 1
1482553495235 11 -2
1482553495726 5 1
1482553497879 5 -1
1482553498981 11 2
1482553499921 12 -1
1482553502220 11 -3
1482553503235 5 1
1482553503792 4 1
1482553504169 9 1
1482553507310 1 1
1482553508181 3 1
1482553510138 8 1
1482553512734 R
1482553519070 12 -1
1482553519725 11 -1
1482553520674 4 1
1482553522085 5 1
1482553526509 4 -1
1482553527705 5 -2
1482553528412 11 2
1482553529423 3 -1
1482553529899 1 -1
1482553530409 9 -1
1482553532561 11 1
1482553533776 12 1
1482553534525 2 -1
1482553536418 2 1
1482553540306 5 1
1482553542038 11 -2
1482553542535 5 1
1482553542941 9 1
1482553544527 2 -1
1482553546076 6 1
1482553547351 10 -3
1482553548448 4 -1
1482553550108 6 -1
1482553553435 5 -3
1482553554447 9 -1
1482553555787 11 2
1482553556633 7 2
1482553557218 6 3
1482553558147 0 1
1482553558867 10 1
1482553559555 2 1
1482553560893 12 -3
1482553562048 2 -1
1482553563042 6 -1
1482553563893 11 -3
1482553564913 9 1
1482553566718 5 1
1482553567854 5 -1
1482553568906 5 1
1482553569405 1 1
1482553569992 3 1
1482553570699 4 -1
1482553571671 5 -1
1482553574693 4 1
1482553575068 5 1
1482553575716 8 1
1482553576152 12 -1
1482553579653 5 -1
1482553582958 11 2
1482553585209 11 -2
1482553587681 0 -1
1482553588271 6 -1
1482553588771 7 -3
1482553589304 6 1
1482553589989 0 1
1482553590650 4 2
1482553592138 0 1
1482553592655 5 3
1482553593596 0 1
1482553594003 12 1
1482553594341 8 -1
1482553594719 3 -1
1482553595207 1 -1
1482553595772 0 3
