1479933343644 2 -1
1479933344507 6 1
1479933345244 8 1
1479933347247 10 -3
1479933352528 8 -1
1479933353167 3 -1
1479933354007 1 -1
1479933356155 4 -1
1479933356743 6 -1
1479933360199 5 -2
1479933361003 7 2
1479933362483 2 1
1479933363255 12 -1
1479933363912 11 -1
1479933365595 7 -2
1479933366539 4 2
1479933368367 5 3
1479933371707 1 1
1479933375600 4 -2
1479933376303 5 -2
1479933377523 11 2
1479933378739 12 1
1479933379568 2 -1
1479933380751 4 1
1479933381471 5 1
1479933382931 6 1
1479933385051 3 1
1479933387479 4 -2
1479933388844 11 -1
1479933389628 5 1
1479933390460 4 2
1479933391248 6 -1
1479933392568 2 1
1479933393144 12 -1
1479933394493 11 -1
1479933395212 4 1
1479933399488 8 1
1479933400821 5 -3
1479933401784 4 -2
1479933402696 7 2
1479933406948 8 -1
1479933408136 4 -1
1479933409120 2 2
1479933409781 7 -2
1479933411716 6 1
1479933412708 10 1
1479933413481 10 -1
1479933415993 R
1479933456919 12 -1
1479933458063 11 -1
1479933459908 4 1
1479933469119 5 1
1479933472683 3 -1
1479933474176 1 -1
1479933476003 9 -1
1479933482279 9 1
1479933482868 1 1
1479933486632 1 -1
1479933495775 4 -1
1479933499012 5 -2
1479933500580 11 2
1479933502816 12 1
1479933504731 2 -1
1479933507148 6 1
1479933510468 10 -3
1479933516285 4 -1
1479933518236 7 2
1479933521728 6 1
1479933555676 11 -1
1479933556640 6 -2
1479933558112 7 -2
1479933563472 5 1
1479933567108 9 -1
1479933574336 9 1
1479933578477 1 1
1479933579345 3 1
1479933580769 4 -1
1479933595401 R
1479933605529 3 -1
1479933607017 1 -1
1479933613017 12 -1
1479933613929 11 -1
1479933615197 4 1
1479933622953 1 1
1479933623817 3 1
1479933625065 8 1
1479933636745 8 -1
1479933639149 R
1479933643537 2 -1
1479933645333 6 1
1479933646749 5 1
1479933647842 10 -3
1479933649473 4 -2
1479933651237 7 1
1479933652166 5 -3
1479933653130 7 1
1479933654329 6 1
1479933665226 4 1
1479933665973 5 1
1479933666897 3 -1
1479933667703 1 -1
1479933668594 5 -1
1479933671457 11 1
1479933672854 11 -1
1479933673349 11 1
1479933673765 11 -1
1479933674261 11 1
1479933674709 11 -1
1479933675158 11 1
1479933675545 11 -1
1479933676682 9 -1
1479933681425 11 2
1479933682401 6 1
1479933694618 2 1
1479933695561 12 -1
1479933699634 10 1
1479933701846 5 1
1479933704537 5 -1
1479933713301 0 1
1479933714294 12 -2
1479933715397 2 -1
1479933716858 6 -1
1479933718266 11 -3
1479933720157 9 1
1479933728210 9 -1
1479933729809 5 1
1479933730435 5 -1
1479933735058 11 3
1479933737198 6 1
1479933740386 2 1
1479933741458 12 3
1479933743126 10 -1
1479933750422 2 -1
1479933751294 6 -1
1479933752702 11 -2
1479933754913 9 1
1479933760561 1 1
1479933761441 3 1
1479933762901 4 -1
1479933782545 R
1479933787692 3 -1
1479933794681 2 -1
1479933797468 5 1
1479933801285 5 -2
1479933804693 1 -1
1479933805289 9 -1
1479933806225 11 2
1479933807722 11 -2
1479933809933 5 2
1479933814789 6 1
1479933815689 10 -3
1479933816745 6 -1
1479933820245 4 -1
1479933821960 4 1
1479933825284 4 -1
1479933832585 5 -3
1479933841021 7 2
1479933843745 6 2
1479933845513 6 -2
1479933847428 7 -2
1479933856481 5 2
1479933859472 11 2
1479933864238 11 -1
1479933869189 5 -2
1479933871529 7 2
1479933876970 6 2
1479933880326 11 -1
1479933903622 6 -1
1479933906378 7 -2
1479933914766 9 1
1479933915582 1 1
1479933917107 3 1
1479933919302 4 -1
1479933921638 5 3
1479933924026 7 1
1479933925623 7 -1
1479933927758 6 -1
1479933931803 4 2
1479933932982 6 1
1479933936391 8 1
1479933943462 10 3
1479933945709 5 -2
1479933956150 5 2
1479933958131 10 -3
1479933964123 R
1479933969666 2 -1
1479933974747 5 1
1479933979714 8 1
1479933982331 2 1
1479933983374 8 -1
1479933995887 3 -1
1479933997009 1 -1
1479934029081 R
1479934033717 12 -1
1479934034722 11 -1
1479934035953 4 1
1479934039521 5 1
1479934053421 3 -1
1479934054290 1 -1
1479934060130 4 -1
1479934061294 11 1
1479934062058 12 1
1479934062886 2 -1
1479934068117 6 1
1479934069434 10 -3
1479934072442 1 1
1479934073118 3 1
1479934074558 8 1
1479934077277 6 -1
1479934078189 6 1
1479934078734 4 -1
1479934079842 7 1
1479934081618 7 -1
1479934082710 5 -3
1479934083766 11 1
1479934084894 7 2
1479934086202 6 1
1479934087033 0 1
1479934089783 8 -1
1479934090954 3 -1
1479934091915 1 -1
1479934095837 11 -1
1479934100902 9 -1
1479934102470 5 1
1479934105434 11 2
1479934106830 6 1
1479934107790 2 1
1479934108867 12 -2
1479934121538 12 2
1479934122938 10 1
1479934124421 12 -3
1479934126570 2 -1
1479934133450 6 -1
1479934134314 11 -3
1479934135566 9 1
1479934139105 5 -1
1479934144075 1 1
1479934144731 3 1
1479934145466 8 1
1479934146686 12 -1
1479934148030 0 -1
1479934150626 0 1
1479934152397 12 1
1479934153366 8 -1
1479934154089 3 -1
1479934155179 1 -1
1479934155882 9 -1
1479934159518 11 3
1479934160671 6 1
1479934161859 2 1
1479934163170 12 3
1479934164126 10 -1
1479934168011 2 -1
1479934173491 R
1479934180179 12 -1
1479934180996 11 -1
1479934182211 4 1
1479934183155 5 1
1479934185203 8 1
1479934190140 4 -1
1479934190844 4 1
1479934196315 R
1479934213304 12 -1
1479934214314 11 -1
1479934215243 4 1
1479934217128 5 -1
1479934223455 3 -1
1479934224267 1 -1
1479934226023 1 1
1479934226593 1 -1
1479934228515 9 -1
1479934229976 4 -1
1479934230919 11 3
1479934231863 12 1
1479934232827 2 -1
1479934235843 6 1
1479934236815 10 -3
1479934241166 11 -2
1479934242318 5 2
1479934244090 4 -1
1479934244903 6 -1
1479934245994 7 1
1479934247114 7 -1
1479934248879 6 1
1479934249807 4 1
1479934250302 4 -1
1479934250834 4 1
1479934251499 4 -1
1479934252231 5 -2
1479934253650 7 2
1479934254410 5 -1
1479934256523 9 1
1479934257675 1 1
1479934258671 3 1
1479934259338 8 1
1479934260302 6 -1
1479934261719 2 1
1479934262747 12 -1
1479934263471 11 -1
1479934264250 7 -2
1479934265375 4 2
1479934266214 5 3
1479934268490 8 -1
1479934269747 3 -1
1479934271171 1 -1
1479934273527 4 -2
1479934274786 5 -3
1479934276210 7 2
1479934277831 11 2
1479934278919 12 1
1479934279707 2 -1
1479934280683 6 2
1479934282275 11 -1
1479934290110 6 -1
1479934290704 7 -2
1479934292019 4 1
1479934292923 5 3
1479934295800 10 3
1479934299366 6 -1
1479934301034 6 1
1479934304228 10 -2
1479934305144 4 -1
1479934306087 4 1
1479934307288 10 2
1479934310219 5 -2
1479934311599 1 1
1479934312272 3 1
1479934313056 8 1
1479934315899 6 -1
1479934316751 6 1
1479934319051 5 2
1479934321920 R
1479934334419 3 -1
1479934337416 2 -1
1479934346180 1 -1
1479934347232 9 -1
1479934348580 11 2
1479934350760 5 -1
1479934353639 11 -2
1479934354395 5 2
1479934356236 9 1
1479934356911 1 1
1479934359031 3 1
1479934359835 8 1
1479934360864 8 -1
1479934367724 6 1
1479934368636 10 -3
1479934370079 4 -2
1479934373656 6 -1
1479934377388 7 1
1479934378763 5 -3
1479934380087 7 1
1479934382428 11 1
1479934384880 6 2
1479934386455 0 1
1479934409671 0 -1
1479934411308 6 -2
1479934412476 2 3
1479934413608 12 -1
1479934415868 2 -2
1479934417340 2 2
1479934418592 6 2
1479934419727 0 1
1479934420832 12 -1
1479934422135 11 -2
1479934429415 10 1
1479934430826 12 -1
1479934444675 11 2
1479934446803 12 3
1479934449559 10 -1
1479934462683 12 -1
1479934474443 12 -1
1479934476591 11 -2
1479934480243 10 1
1479934482423 12 -1
1479934486251 11 2
1479934489063 12 3
1479934490716 10 -1
1479934492219 10 1
1479934492763 10 -1
1479934493568 10 1
1479934495391 0 -1
1479934496680 6 -1
1479934499955 12 -1
1479934501679 11 -2
1479934507503 7 -2
1479934508267 R
1479934512023 5 1
1479934513631 3 -1
1479934516011 1 -1
1479934519952 2 -1
1479934523135 5 -2
1479934524915 11 1
1479934525459 9 -1
1479934526467 11 1
1479934532019 11 -2
1479934534327 5 2
1479934535208 9 1
1479934538783 1 1
1479934539465 3 1
1479934542692 2 1
1479934543483 12 -1
1479934544327 11 -1
1479934545795 4 1
1479934555187 8 1
1479934556727 8 -1
1479934558495 3 -1
1479934559332 1 -1
1479934567551 5 -1
1479934569159 4 -1
1479934571291 11 2
1479934572764 12 1
1479934574359 2 -1
1479934576011 6 1
1479934577995 10 -3
1479934584551 9 -1
1479934587060 11 -1
1479934588451 9 1
1479934590115 5 1
1479934595416 6 -1
1479934596775 4 -1
1479934600863 4 1
1479934612553 6 1
1479934615661 10 3
1479934620085 10 -1
1479934624769 5 -3
1479934626937 11 1
1479934627817 11 -1
1479934631828 5 3
1479934633672 10 1
1479934637877 10 -3
1479934641840 6 -1
1479934647196 5 -3
1479934650129 11 1
1479934651217 2 1
1479934652329 12 -1
1479934653868 11 -2
1479934656156 4 1
1479934659396 1 1
1479934660409 1 -1
1479934664889 5 3
1479934672228 4 -2
1479934674264 7 1
1479934675896 5 -3
1479934677729 7 1
1479934680767 11 2
1479934689499 5 1
1479934691004 1 1
1479934692687 3 1
1479934695492 8 1
1479934696896 5 -1
1479934698708 7 -2
1479934705436 11 -2
1479934708016 4 2
1479934711531 8 -1
1479934716720 5 3
1479934720319 3 -1
1479934722100 1 -1
1479934725599 4 -2
1479934727780 7 1
1479934729524 7 -1
1479934731064 4 2
1479934733261 5 -3
1479934736829 4 -2
1479934739601 11 2
1479934742021 12 1
1479934743609 2 -1
1479934745165 11 -1
1479934747753 5 3
1479934753885 5 -2
1479934755653 7 2
1479934757825 6 2
1479934766905 0 1
1479934770216 0 -1
1479934771846 1 1
1479934773229 3 1
1479934776158 4 -1
1479934777949 0 1
1479934780649 5 -1
1479934784593 0 -1
1479934785922 6 -2
1479934787845 7 -1
1479934790910 7 -1
