1482120944599 R
1482121051850 2 -1
1482121056646 4 -1
1482121059338 0 1
1482121063759 12 -1
1482121067721 4 1
1482121069470 7 2
1482121071974 4 -1
1482121092280 7 -2
1482121097901 5 1
1482121099499 9 1
1482121104643 6 -2
1482121107436 11 1
1482121112282 12 1
1482121114120 0 -1
1482121117411 2 3
1482121119329 0 1
1482121130640 9 -1
1482121131906 5 -1
1482121136275 5 2
1482121137803 2 1
1482121143211 4 1
1482121146170 4 -1
1482121159490 0 -1
1482121169585 2 -4
1482121180879 5 -2
1482121183661 11 -1
1482121184782 6 2
1482121186531 7 2
1482121191638 U
1482121194011 U
1482121194259 U
1482121194497 U
1482121194737 U
1482121195000 U
1482121195244 U
1482121195462 U
1482121195747 U
1482121195988 U
1482121196207 U
1482121196449 U
1482121196667 U
1482121196921 U
1482121197137 U
1482121197388 U
1482121197609 U
1482121197848 U
1482121198067 U
1482121199108 R
1482121207076 6 -2
1482121208326 11 1
1482121210989 5 2
1482121212460 2 3
1482121219458 8 2
1482121222178 3 -1
1482121223509 3 2
1482121225048 8 -2
1482121226439 10 -1
1482121229627 9 1
1482121236769 0 1
1482121245289 10 2
1482121246649 4 -1
1482121254471 3 -1
1482121256101 12 -2
1482121259458 9 -1
1482121261139 1 1
1482121264785 1 -1
1482121266660 9 1
