1482120185785 2 -1
1482120186497 4 -1
1482120189796 5 1
1482120192822 9 1
1482120198057 7 2
1482120199348 4 1
1482120200425 2 2
1482120202092 8 3
1482120203970 10 1
1482120205465 3 -1
1482120208349 9 -1
1482120214554 5 -1
1482120218209 3 2
1482120219820 10 -2
1482120221432 8 -3
1482120222994 2 -2
1482120226156 7 -2
1482120227601 4 -1
1482120234315 5 1
1482120238334 9 1
1482120240871 0 1
1482120244850 10 1
1482120245900 3 -1
1482120248977 12 -1
1482120256619 12 1
1482120257868 0 -1
1482120258984 2 2
1482120260150 4 1
1482120261326 7 2
1482120262783 10 1
1482120263472 8 3
1482120265401 7 -1
1482120266489 6 -1
1482120268224 5 1
1482120270476 9 -1
1482120271452 1 2
1482120272964 12 1
1482120273663 3 2
1482120286638 10 -2
1482120297759 8 -3
1482120375685 R
1482120425804 2 -1
1482120427431 0 1
1482120429304 12 -1
1482120432364 3 1
1482120434751 10 -1
1482120446848 4 -1
1482120451826 6 -2
1482120453902 11 1
1482120455289 5 2
1482120456873 9 1
1482120461742 12 1
1482120464646 0 -1
1482120466290 2 3
1482120468887 2 1
1482120472106 0 1
1482120474555 8 1
1482120476051 10 2
1482120478450 3 -2
1482120480491 12 -2
1482120482243 9 -1
1482120483463 2 -1
1482120484797 1 2
1482120486621 12 2
1482120488917 3 3
1482120492915 10 -2
1482120494702 12 -1
1482120496214 3 -1
1482120498346 1 -2
1482120499954 9 1
1482120503411 9 -1
1482120504907 5 -2
1482120506417 12 1
