1481764340675 2 -1
1481764342483 4 -1
1481764345095 6 -2
1481764345747 11 1
1481764347004 2 3
1481764350131 4 1
1481764352188 5 2
1481764353420 2 1
1481764356005 4 -1
1481764357435 4 1
1481764360217 2 -4
1481764361128 11 -1
1481764361930 9 1
1481764364725 9 -1
1481764365536 1 2
1481764367163 12 1
1481764368234 3 2
1481764369280 0 -1
1481764370031 2 2
1481764373577 10 -1
1481764374525 8 2
1481764378909 0 1
1481764379721 3 -1
1481764380524 12 -1
1481764381101 1 -2
1481764382136 9 1
1481764383098 11 1
1481764384008 2 2
1481764385907 8 -2
1481764388185 2 -4
1481764388933 11 -1
1481764392702 0 1
1481764393945 12 -1
1481764397959 9 -1
1481764399142 5 -2
1481764399916 6 2
1481764401862 4 -1
1481764404461 12 1
1481764405202 10 1
1481764405902 3 -1
1481764406984 12 -1
1481764412684 12 1
1481764413758 3 1
1481764415012 10 -1
1481764417021 4 1
1481764418570 4 -1
1481764419545 0 -1
1481764420690 2 2
1481764421711 8 1
1481764422708 10 2
1481764423890 3 -2
1481764428508 5 1
1481764429235 9 1
1481764431007 9 -1
1481764432632 5 -1
1481764435871 3 2
1481764437768 5 1
1481764438346 1 1
1481764438937 3 1
1481764439529 0 -1
1481764440734 9 -1
1481764441671 11 -1
1481764443443 4 2
1481764446300 10 1
1481764447174 9 -1
1481764452753 9 1
1481764454378 8 1
1481764455585 10 -3
1481764458996 10 3
1481764461137 6 -1
1481764461900 5 1
1481764463107 1 1
1481764465767 12 1
1481764470927 10 -3
1481764472701 8 -2
1481764475409 2 -2
1481764503851 2 2
1481764507574 10 2
1481764508530 12 -1
1481764509579 1 -1
1481764510550 5 -1
1481764511497 6 1
1481764513750 10 1
1481764516668 8 2
1481764518418 7 2
1481764519044 8 1
1481764520116 9 -2
1481764524192 0 1
1481764526186 3 -3
1481764528193 1 -1
1481764530963 10 1
1481764537811 1 1
1481764540862 2 -1
1481764543043 1 -1
1481764544002 5 -1
1481764544792 4 1
1481764545788 2 1
1481764547131 10 -1
1481764548349 7 -1
1481764552339 U
1481764552733 U
1481764553040 U
1481764553422 U
1481764553828 U
1481764554222 U
1481764554629 U
1481764555195 U
1481764555712 U
1481764556204 U
1481764556685 U
1481764562512 10 1
1481764565294 0 -1
1481764566083 9 2
1481764567533 8 -3
1481764568886 2 -2
1481764574797 9 -1
1481764577138 2 1
1481764584265 8 1
1481764587037 2 1
1481764587750 10 -1
1481764589079 8 2
1481764590248 9 -1
1481764595962 0 1
1481764596640 3 -3
1481764599791 1 -1
1481764604384 5 -1
1481764605650 4 1
1481764606622 10 1
1481764642453 10 -1
1481764644115 7 -1
1481764648216 3 2
1481764653288 U
1481764654213 R
1481764661687 5 1
1481764662389 9 1
1481764664617 4 -1
1481764666008 2 -1
1481764667166 0 1
1481764670860 12 -1
1481764674048 3 1
1481764675021 10 -1
1481764676524 12 1
1481764677632 0 -1
1481764678520 2 2
1481764680009 4 1
1481764680934 8 2
1481764681892 10 2
1481764683296 R
1481764688013 5 1
1481764689158 9 1
1481764692274 R
1481764697678 3 1
1481764707393 R
1481764712615 2 1
1481764715742 10 1
1481764717847 8 2
1481764724544 3 -1
1481764725382 5 1
1481764726000 1 1
1481764727020 3 3
1481764729505 0 -1
1481764733447 10 -2
1481764735773 7 2
1481764736808 8 1
1481764737879 9 -3
1481764743517 11 -1
1481764744997 4 1
1481764746656 9 2
1481764747456 10 4
1481764749970 9 -2
1481764754352 9 2
1481764755091 10 -4
1481764756569 8 -3
1481764757862 2 -2
1481764760079 2 2
1481764762244 8 2
1481764763746 8 1
1481764765101 9 -2
1481764767478 2 -1
1481764768610 0 1
1481764770100 3 -1
1481764772698 1 -1
1481764774459 2 1
1481764775395 4 -1
1481764777759 5 -1
1481764778412 4 2
1481764812308 7 -1
1481764851175 6 -1
1481764851765 4 -2
1481764852443 5 2
1481764853643 1 2
1481764854783 12 1
1481764855350 3 1
1481764856211 0 -1
1481764857343 9 2
1481764860102 2 -1
1481764864866 9 -2
1481764867538 9 1
1481764870185 8 -3
1481764879307 11 1
1481764882226 9 2
1481764884221 2 -1
1481764885587 0 2
1481764887027 4 -1
1481764893541 12 -2
1481764898761 3 -1
1481764899733 1 -2
1481764901174 9 1
1481764905347 9 -1
1481764906839 5 -2
1481764909966 7 -1
1481764910729 6 -1
1481764916860 11 1
1481764920712 12 1
1481764921574 0 -1
1481764922818 11 -1
1481764924050 6 2
1481764926229 0 1
1481764928310 4 1
1481764935413 6 -2
1481764937875 12 -1
1481764939649 5 2
1481764941274 9 1
1481764944646 12 1
1481764945768 0 -1
1481764946887 9 -1
1481764948611 0 1
1481764950470 R
1481764955494 6 -2
1481764956550 11 1
1481764957736 2 2
1481764962770 2 -3
1481764964826 0 1
1481764966721 3 1
1481764970304 0 -1
1481764971215 2 3
1481764972385 8 2
1481764973221 3 -2
1481764978578 3 1
1481764980415 0 1
1481764981778 3 -1
1481764983046 12 -1
1481764985988 12 1
1481764986825 0 -1
1481764987614 2 -2
1481764989299 11 -1
1481764990693 6 2
1481764995124 3 2
1481764995973 8 -2
1481764996699 2 -1
1481764998459 0 1
1481765002092 3 -1
1481765009318 4 -1
1481765010844 12 -1
1481765014637 3 1
1481765015326 10 -1
1481765019302 12 1
1481765021789 10 1
1481765022638 3 -1
1481765023697 12 -1
1481765025433 4 1
1481765026319 4 -1
1481765027133 7 2
1481765028821 4 1
1481765030616 12 1
1481765031259 0 -1
1481765031860 2 2
1481765032638 8 3
1481765033781 2 -1
1481765040921 5 1
1481765041500 1 1
1481765042153 3 2
1481765043148 0 -1
1481765043874 10 -1
1481765044908 9 -3
1481765051040 9 1
1481765052837 8 -3
1481765055287 2 -1
1481765056495 11 -1
1481765061429 4 -1
1481765062106 7 -2
1481765063574 6 -2
1481765064288 5 1
1481765069555 5 -1
1481765071944 11 2
1481765074553 2 3
1481765077299 4 1
1481765078469 8 2
1481765080536 8 -1
1481765082408 2 -1
1481765083799 11 -1
1481765084920 6 2
1481765099165 9 2
1481765100405 10 2
1481765131382 0 1
1481765132240 3 -3
1481765136993 1 -1
1481765147147 5 -1
1481765151777 3 2
1481765154915 8 -1
1481765156282 6 -2
1481765158130 11 1
1481765159273 3 -1
1481765160024 5 2
1481765161255 2 2
1481765164985 9 1
1481765168506 4 -1
1481765170463 0 1
1481765172088 10 -1
1481765173492 0 -1
1481765175928 2 -4
1481765177025 11 -1
1481765178034 6 1
1481765181506 0 1
1481765182576 12 -1
1481765186603 3 1
1481765195331 9 -1
1481765196810 5 -2
1481765199037 6 1
1481765203864 3 -1
1481765206954 12 1
1481765209995 5 1
1481765210514 1 1
1481765211472 3 2
1481765212606 0 -2
1481765214168 9 -1
1481765215031 11 -1
1481765219352 4 1
1481765220078 6 -2
1481765220730 5 1
1481765222408 5 -1
1481765222999 6 2
1481765228549 2 1
1481765229436 10 -1
1481765230297 8 2
1481765231393 8 -2
1481765238510 6 -1
1481765239667 5 1
1481765243976 11 1
1481765244730 9 1
1481765246191 0 1
1481765246869 2 -1
1481765250107 0 -1
1481765251797 0 2
1481765252877 3 -1
1481765257692 0 -1
1481765258258 3 1
1481765266679 5 -1
1481765267885 6 1
1481765315756 6 -2
1481765317099 11 1
1481765318417 2 3
1481765323230 0 -1
1481765324253 2 -3
1481765325249 9 -2
1481765326408 11 -2
1481765330348 4 1
1481765332234 4 -1
1481765333045 11 2
1481765335126 9 1
1481765338191 9 1
1481765339153 0 1
1481765340321 3 -1
1481765341356 1 -1
1481765344398 5 -1
1481765345629 2 3
1481765348882 4 -1
1481765356293 2 -3
1481765360690 0 1
1481765361392 12 -1
1481765363706 11 -1
1481765364974 6 2
1481765367944 6 -2
1481765382007 12 1
1481765382769 0 -1
1481765418664 10 1
1481765421780 5 2
1481765422813 1 2
1481765424574 12 1
1481765430436 3 1
1481765431113 0 -1
1481765432370 9 -1
1481765433159 11 -1
1481765436261 4 2
1481765438858 12 -1
1481765439621 1 -1
1481765440606 5 -1
1481765442995 10 -1
1481765443710 9 -1
1481765445162 9 1
1481765445879 2 2
1481765446542 8 2
1481765447293 9 -1
1481765450088 8 -1
1481765451199 8 -1
1481765452847 6 2
1481765454325 7 1
1481765455262 8 3
1481765456332 9 -1
1481765458156 0 1
1481765459595 3 -1
1481765462267 1 -1
1481765463083 5 -1
1481765464066 4 1
1481765470618 2 -1
1481765475731 2 1
1481765483364 7 1
1481765485052 2 -1
1481765499386 7 -1
1481765500989 2 1
1481765506320 4 -2
1481765507441 11 1
1481765510864 2 -1
1481765512491 11 -1
1481765515050 6 -1
1481765515656 4 2
1481765517255 4 -1
1481765518191 5 2
1481765519213 5 -2
1481765519990 4 1
