1482111169081 4 -1
1482111174521 8 1
1482111175553 3 -1
1482111183033 3 2
1482111184881 10 -1
1482111186857 2 1
1482111187969 4 1
1482111189209 8 -1
1482111192082 6 -2
1482111193160 5 2
1482111193969 1 2
1482111195288 3 1
1482111196832 12 1
1482111199936 10 2
1482111202128 10 -2
1482111203817 2 -2
1482111204696 0 1
1482111206161 12 -2
1482111208368 3 -1
1482111215281 R
1482111226952 6 -2
1482111236111 5 2
1482111240263 1 2
1482111244007 1 -2
1482111245239 9 1
1482111247159 5 -1
1482111248399 6 2
1482111250103 7 2
1482111250863 2 -1
1482111251567 4 -1
1482111253663 0 1
1482111256439 3 1
1482111257671 10 -1
1482111259199 12 -1
1482111264568 R
1482111329566 8 2
1482111330646 3 -1
1482111338222 3 2
1482111338854 8 -2
1482111341222 3 -1
1482111344654 R
1482111385134 2 -1
1482111386053 0 1
1482111393942 12 -1
1482111397358 4 -1
1482111398358 6 -2
1482111399462 11 1
1482111402158 5 2
1482111403670 9 1
1482111405990 4 1
1482111409022 12 1
1482111410019 0 -1
1482111411343 2 4
1482111416662 0 1
1482111418102 4 -1
1482111419398 12 -1
1482111420443 12 1
1482111422750 10 1
1482111426302 8 1
1482111428278 12 -2
1482111430742 3 1
1482111431958 8 -1
1482111437000 2 -1
1482111437614 9 -1
1482111438582 5 -2
1482111441184 12 2
1482111442358 10 -2
1482111460629 R
1482111477221 4 -1
1482111486220 4 1
1482111506580 8 2
1482111508852 8 -2
1482111511436 8 2
1482111517172 8 -2
1482111519772 2 -1
1482111526076 2 2
1482111530908 8 2
1482111534236 3 -1
1482111537201 3 2
1482111538908 10 -1
1482111540436 8 -2
1482111543387 2 -2
1482111547907 4 -1
1482111549955 6 -2
1482111551059 11 1
1482111552747 5 2
1482111554372 2 4
1482111559915 9 1
1482111564572 0 1
1482111565923 12 -1
1482111568227 12 1
1482111572467 0 -1
1482111576436 R
1482111628979 5 1
1482111629987 1 1
1482111630863 3 2
1482111631644 0 -1
1482111632893 9 -1
1482111633898 11 -1
1482111634995 4 1
1482111665252 2 1
1482111666298 10 2
1482111674731 10 -1
1482111675676 4 -2
1482111681365 4 1
1482111684261 4 1
1482111746289 10 1
1482111747169 9 -1
1482111749729 9 1
1482111751337 10 -3
1482111752489 2 -2
1482111754481 4 -2
1482111755425 11 1
1482111756262 9 1
1482111756978 0 2
1482111758258 12 -1
1482111759074 3 -1
1482111759921 1 -1
1482111760841 5 -1
1482111761947 6 -2
1482111763009 11 1
1482111764185 4 1
1482111779297 5 2
1482111779970 9 1
1482111794521 12 1
1482111795265 0 -1
1482111797593 5 -1
1482111798321 11 -1
1482111804794 R
1482111862176 3 1
1482111866608 3 -1
1482111868091 2 -1
1482111871984 4 -1
1482111874576 0 1
1482111876984 12 -1
1482111917960 R
1482111951136 4 -1
1482111962415 2 -1
1482111963127 0 1
