1480057841155 2 -1
1480057844209 0 1
1480057845487 12 -1
1480057847698 3 1
1480057848262 10 -1
1480057849851 12 1
1480057867020 6 -2
1480057867581 5 2
1480057868347 9 1
1480057869877 5 -1
1480057870333 6 2
1480057874142 12 -1
1480057878604 4 -1
1480057880065 6 -2
1480057881222 9 -1
1480057882365 11 1
1480057883223 5 1
1480057892551 1 2
1480057893199 3 1
1480057893766 12 2
1480057894556 0 -2
1480057901007 11 -1
1480057901499 6 1
1480057903978 6 -1
1480057904634 11 1
1480057906123 9 -2
1480057908640 12 -1
1480057909188 1 -1
1480057913145 11 -2
1480057919491 11 2
1480057920228 9 2
1480057920986 0 1
1480057921699 3 -1
1480057922278 1 -1
1480057923039 5 -2
1480057933573 10 1
1480057936639 10 -1
1480057957105 2 3
1480057959558 0 1
1480057961332 0 -1
1480057967101 5 1
1480057967822 1 1
1480057968368 3 1
1480057969165 0 -1
1480057972265 2 -3
1480057977804 9 -2
1480057978478 11 -2
1480057980982 4 2
1480057982371 4 -2
1480057985381 5 1
1480057987510 11 2
1480057990740 9 2
1480057991403 0 2
1480057992292 3 -1
1480057992976 12 -1
1480057994597 1 -1
1480057997898 5 -2
1480058004795 10 1
1480058005486 3 -1
1480058008914 5 1
1480058010440 5 -1
1480058012740 5 2
1480058013421 9 1
1480058015758 11 -1
1480058016318 5 -1
1480058017048 6 2
1480058022005 12 1
1480058023159 0 -1
1480058025667 2 2
1480058027423 4 1
1480058028881 8 2
1480058030158 3 -1
1480058031450 10 1
1480058034338 10 -1
1480058034778 8 -1
1480058037547 3 2
1480058039532 8 -1
1480058040493 2 -2
1480058042909 4 -1
1480058046043 0 1
1480058047103 3 -1
1480058047768 12 -1
1480058049358 12 1
1480058049969 3 1
1480058052259 9 -1
1480058052889 5 -1
1480058054248 3 -1
1480058054840 12 -1
1480058057224 3 1
1480058057678 12 1
1480058064059 6 -2
1480058067220 3 -1
1480058067748 12 -1
1480058074433 12 1
1480058075253 0 -1
1480058076465 0 1
1480058078650 5 2
1480058079283 1 2
1480058079958 3 2
1480058080558 0 -2
1480058081439 9 -1
1480058082461 11 -1
1480058083607 1 -1
1480058086460 11 1
1480058087097 9 1
1480058088295 0 2
1480058089048 3 -2
1480058091308 1 -1
1480058092739 12 -1
1480058094578 5 -2
1480058096182 6 2
1480058101351 5 1
1480058101946 9 1
1480058119875 12 1
1480058120407 3 1
1480058121754 3 -1
1480058122891 0 -1
1480058124927 9 -1
1480058125691 5 -1
1480058127519 6 -2
1480058128539 11 1
1480058129288 5 2
1480058132934 2 4
1480058134055 8 1
1480058134603 10 1
1480058135434 3 -1
1480058137338 0 1
1480058138136 12 -2
1480058142291 9 1
1480058142720 9 -1
1480058143719 2 -1
1480058145705 5 -2
1480058149283 3 2
1480058149826 12 2
1480058151292 8 -1
1480058152131 10 -2
1480058152948 0 -1
1480058155495 2 -3
1480058158861 0 1
1480058159509 12 -1
1480058160700 12 1
1480058164231 11 -1
1480058165025 6 2
1480058170461 6 -2
1480058174008 6 2
1480058175378 7 2
1480058176590 4 1
1480058178384 0 -1
1480058179025 2 2
1480058179770 8 3
1480058180587 10 2
1480058181529 3 -2
1480058183515 8 -2
1480058184194 10 -1
1480058186383 4 -1
1480058187460 7 -2
1480058188784 2 -1
1480058195692 6 -2
1480058196238 5 2
1480058197764 1 2
1480058198971 1 -2
1480058199604 9 1
1480058201642 11 1
1480058202998 2 3
1480058209213 0 1
1480058210472 10 1
1480058211100 12 -2
1480058215840 3 2
1480058216914 8 -1
1480058217874 12 2
1480058218489 10 -2
1480058219686 0 -1
1480058222036 2 -4
1480058226344 9 -1
1480058227123 1 2
1480058227705 3 1
1480058228301 0 -1
1480058229198 9 -2
1480058233265 12 1
1480058236948 2 3
1480058239251 2 -3
1480058250853 11 -2
1480058252338 6 1
1480058253718 4 2
1480058257065 4 -2
1480058257661 6 -1
1480058263144 R
1480058272940 5 1
1480058273453 1 1
1480058274046 3 2
1480058274758 0 -1
1480058276187 10 -1
1480058277357 2 -1
1480058283845 4 -1
1480058284502 6 -2
1480058285313 11 1
1480058285893 5 1
1480058287558 9 -2
1480058293405 1 1
1480058294793 9 2
1480058295638 0 2
1480058296348 3 -1
1480058297643 1 -2
1480058302433 0 -1
1480058303292 2 4
1480058304106 8 1
1480058306656 10 1
1480058307500 3 -2
1480058319567 10 1
1480058321171 10 -1
1480058321888 0 1
1480058322926 10 1
1480058323737 12 -2
1480058329847 3 2
1480058330515 12 2
1480058331966 8 -1
1480058332703 10 -2
1480058333437 0 -1
1480058339533 2 -4
1480058343544 9 1
1480058363969 9 -1
1480058365511 9 1
1480058394667 9 -1
1480058395511 5 -2
1480058396889 5 2
1480058397835 9 1
1480058398527 9 -1
1480058399109 9 1
1480058400310 R
1480058409283 4 -1
1480058410006 2 -1
1480058422437 6 -2
1480058424768 5 2
1480058425305 11 1
1480058425987 1 2
1480058428979 3 2
1480058429577 12 1
1480058430524 0 -1
1480058433935 10 -1
1480058436636 2 3
1480058439781 8 1
1480058441023 10 2
1480058442457 0 2
1480058443563 3 -3
1480058445202 12 -3
1480058446761 1 -2
1480058448253 9 1
1480058448783 2 1
1480058457087 12 2
1480058459237 12 -2
1480058460380 2 -1
1480058460804 9 -1
1480058461373 1 2
1480058462123 3 3
1480058462833 12 3
1480058463629 0 -2
1480058467887 12 -1
1480058468612 1 -1
1480058469573 2 1
1480058471608 0 2
1480058472262 10 -2
1480058472968 8 -1
1480058480971 0 -2
1480058481981 2 -4
1480058488459 9 -2
1480058490600 9 2
1480058492984 11 -1
1480058493565 5 -1
1480058494231 6 2
1480058496382 0 2
1480058497392 3 -1
1480058498517 12 -1
1480058499113 1 -1
1480058504331 12 1
1480058505290 5 -1
1480058512928 6 -2
1480058522327 11 1
1480058522908 0 -1
1480058524121 2 3
1480058531453 2 -3
1480058533077 0 1
1480058533849 12 -1
1480058535516 12 1
1480058536678 10 1
1480058537309 3 -1
1480058538368 12 -1
1480058543792 11 -1
1480058544409 6 2
1480058548549 7 2
1480058549123 4 1
1480058551022 12 1
1480058551520 0 -1
1480058552437 2 2
1480058553405 8 3
1480058554209 3 -1
1480058557328 8 -2
1480058560465 4 -1
1480058561202 7 -2
1480058561895 2 -1
1480058589888 7 1
1480058594904 7 -1
1480058595720 7 2
1480058596252 4 1
1480058597002 8 2
1480058601871 2 1
1480058602570 10 1
1480058604167 3 2
1480058605545 10 -2
1480058606314 8 -3
1480058608053 2 -2
1480058610065 4 -1
1480058610632 7 -2
1480058616668 6 -2
1480058617401 11 1
1480058619414 0 1
1480058620067 12 -1
1480058625114 12 1
1480058626153 5 2
1480058626702 9 1
1480058627396 11 -1
1480058629273 12 -1
1480058632208 12 1
1480058633239 12 -1
1480058633669 9 -1
1480058634179 1 2
1480058634625 3 1
1480058635478 12 2
1480058636142 0 -2
1480058637061 9 -2
1480058638085 11 -1
1480058645384 2 2
1480058646018 4 2
1480058647499 6 1
1480058648014 7 1
1480058648694 8 3
1480058649876 9 1
1480058650490 10 3
1480058651440 9 -2
1480058652503 0 1
1480058653519 3 -3
1480058657876 12 -1
1480058658556 1 -2
1480058659354 5 -2
1480058662494 4 1
1480058663449 6 1
1480058667897 3 2
1480058672387 3 -2
1480058676395 7 1
1480058677148 10 1
1480058678023 2 -1
1480058680223 2 1
1480058682934 2 -1
1480058688453 3 2
1480058689884 2 1
1480058690815 2 -1
1480058694921 4 -1
1480058698777 5 1
1480058699291 1 1
1480058699730 3 1
1480058700388 0 -1
1480058704132 9 2
1480058705531 8 -3
1480058706375 2 1
1480058707247 10 -4
1480058709022 2 -2
1480058717137 4 -2
1480058717720 11 1
1480058718168 9 1
1480058719049 0 2
1480058720231 3 -1
1480058720896 12 -1
1480058721594 1 -1
1480058722373 5 -1
1480058727644 12 1
1480058731630 7 -2
1480058732198 6 -2
1480058733429 5 2
1480058734792 9 1
1480058736341 9 -1
1480058736987 1 2
1480058737555 12 1
1480058739350 0 -1
1480058740281 0 1
1480058743156 3 1
1480058743758 0 -2
1480058744328 9 -2
1480058746600 9 2
1480058747499 0 2
1480058748478 3 -1
1480058749080 12 -2
1480058750876 1 -2
1480058751572 5 -2
1480058755996 11 1
1480058756963 4 1
1480058759568 4 -1
1480058761303 11 -1
1480058762012 6 2
1480058766269 12 1
1480058766838 0 -1
1480058772909 6 -2
1480058773774 11 1
1480058775484 5 2
1480058776295 2 4
1480058780789 0 1
1480058781677 12 -1
1480058783152 12 1
1480058785712 0 -1
1480058794194 1 1
1480058794640 3 1
1480058795162 0 -1
1480058798937 2 -4
1480058800548 1 1
1480058801892 1 -1
1480058811288 0 2
1480058812058 3 -1
1480058812966 12 -1
1480058813640 1 -1
1480058814592 9 1
1480058817495 11 -1
1480058818425 5 -1
1480058819206 6 2
1480058827560 10 1
1480058828114 3 -1
1480058830452 9 -1
1480058831592 9 1
1480058840777 7 2
1480058841818 4 1
1480058843392 12 1
1480058843860 3 1
1480058845578 0 -1
1480058846259 2 2
1480058847089 8 3
1480058850399 3 -2
1480058853649 10 1
1480058854840 3 2
1480058855756 8 -3
1480058856769 8 3
1480058857663 10 -2
1480058860843 2 -1
1480058862974 10 1
1480058863752 3 -2
1480058867468 8 -2
1480058868674 4 -1
1480058870216 7 -2
1480058874241 6 -2
1480058875765 5 1
1480058876318 11 1
1480058878484 9 -1
1480058879228 1 2
1480058880138 12 1
1480058881436 12 -1
1480058883681 1 -2
1480058893693 1 1
1480058895448 3 3
1480058896030 0 -1
1480058897188 9 -1
1480058903122 10 -1
1480058903783 9 -1
1480058907161 11 -2
1480058907914 5 -1
1480058908849 5 1
1480058909585 11 2
1480058915035 2 3
1480058916033 9 2
1480058916775 0 2
1480058917802 10 2
1480058919160 3 -3
1480058919872 12 -2
1480058921861 1 -1
1480058922541 9 1
1480058925008 9 -1
1480058925592 2 -1
1480058926352 5 -2
1480058929087 5 2
1480058929599 9 1
1480058930012 2 1
1480058932082 4 1
1480058932628 4 -1
1480058939737 12 2
1480058940236 3 2
1480058941892 0 -1
1480058942341 10 -2
1480058942866 8 -1
1480058945390 2 -4
1480058947180 2 4
1480058953555 0 1
1480058955162 12 -1
1480058956458 12 1
1480058958181 0 -1
1480058959026 2 -4
1480058960202 0 1
1480058962805 9 -1
1480058963268 5 -2
1480058966102 11 -1
1480058966714 6 2
1480058970505 12 -1
1480058971403 12 1
1480058972175 10 1
1480058972808 3 -1
1480058973770 12 -1
1480058976324 5 1
1480058977799 9 1
1480058979102 12 1
1480058979669 0 -1
1480058981069 0 1
1480058983817 9 -1
1480058984328 1 1
1480058985700 3 2
1480058986411 0 -2
1480058988883 9 -1
1480058989779 9 1
1480058995658 6 -2
1480058996618 9 -1
1480058998689 9 1
1480058999423 5 1
1480058999968 11 1
1480059000729 1 1
1480059002387 9 -1
1480059003646 9 1
1480059004626 0 2
1480059005486 3 -2
1480059006277 12 -1
1480059007974 1 -2
1480059008830 9 1
1480059013422 11 -1
1480059014082 5 -1
1480059014847 6 2
1480059043513 6 -2
1480059044121 11 1
1480059044590 5 1
1480059045598 9 -1
1480059046474 1 2
1480059047075 3 2
1480059047652 12 2
1480059048931 10 -1
1480059050772 0 -2
1480059052659 2 3
1480059056105 4 1
1480059057811 0 2
1480059059267 3 -1
1480059059853 12 -2
1480059060806 1 -2
1480059061878 9 1
1480059062304 2 1
1480059067973 4 -1
1480059069626 4 1
1480059070770 4 -1
1480059071583 2 -1
1480059072041 9 -1
1480059072739 5 -2
1480059079253 8 1
1480059079723 10 2
1480059082010 3 -2
1480059083229 12 -1
1480059085550 5 2
1480059086211 9 1
1480059086977 9 -1
1480059089177 1 2
1480059090373 3 3
1480059091131 12 3
1480059092856 8 -1
1480059093337 10 -2
1480059094649 0 -2
1480059096056 2 -3
1480059097032 2 3
1480059098293 4 1
1480059098954 8 2
1480059099618 9 -2
1480059100182 2 -2
1480059102241 2 2
1480059102747 9 2
1480059105317 10 2
1480059106215 0 2
1480059106893 3 -3
1480059107710 12 -4
1480059110173 3 3
1480059110864 0 -2
1480059111680 9 -1
1480059112247 2 -1
1480059113354 1 -1
1480059122134 9 1
1480059122695 0 1
1480059123310 3 -3
1480059128106 1 -1
1480059129109 9 1
1480059129676 11 -1
1480059130318 11 1
1480059130916 2 2
1480059131667 0 1
1480059140419 9 -1
1480059140826 2 -1
1480059141244 1 2
1480059141831 3 3
1480059142423 0 -2
1480059143063 9 -1
1480059143590 2 -1
1480059144586 11 -3
1480059145731 1 -1
1480059152289 6 1
1480059152739 7 1
1480059153240 8 1
1480059155354 4 1
1480059155821 10 1
1480059157465 9 -2
1480059162462 0 1
1480059163177 3 -3
1480059165427 11 -1
1480059165879 1 -1
1480059169308 2 2
1480059170765 2 -2
1480059171542 5 -2
1480059172123 2 1
1480059173433 4 1
1480059174178 6 1
1480059178804 0 2
1480059179481 12 2
1480059179943 9 3
1480059180580 8 -2
1480059181334 10 -2
1480059181898 7 -1
1480059182430 0 3
