1482123567152 5 1
1482123567152 5 1
1482123568293 9 1
1482123568293 9 1
1482123571916 2 1
1482123571916 2 1
1482123574153 4 -1
1482123574153 4 -1
1482123576277 10 1
1482123576277 10 1
1482123577458 10 -1
1482123577458 10 -1
1482123583808 6 -2
1482123583808 6 -2
1482123585808 11 1
1482123585808 11 1
1482123587397 5 1
1482123587397 5 1
1482123589235 2 2
1482123589235 2 2
1482123591528 0 1
1482123591528 0 1
1482123593122 12 -1
1482123593122 12 -1
1482123603165 10 1
1482123603165 10 1
1482123604441 12 -1
1482123604441 12 -1
1482123609024 4 1
1482123609024 4 1
1482123611084 8 2
1482123611084 8 2
1482123612401 12 -1
1482123612401 12 -1
1482123613949 3 -1
1482123613949 3 -1
1482123618339 2 -1
1482123618339 2 -1
1482123619412 9 -1
1482123619412 9 -1
1482123621135 1 2
1482123621135 1 2
1482123624603 0 -1
1482123624603 0 -1
1482123625881 2 -1
1482123625881 2 -1
1482123627886 11 -1
1482123627886 11 -1
1482123628993 6 1
1482123628993 6 1
1482123630755 7 1
1482123630755 7 1
1482123632459 8 1
1482123632459 8 1
1482123636600 1 -2
1482123636600 1 -2
1482123637665 9 1
1482123637665 9 1
1482123641639 R
1482123641639 R
1482123644148 2 -1
1482123644148 2 -1
1482123645676 4 -1
1482123645676 4 -1
1482123647486 0 1
1482123647486 0 1
1482123650529 12 -1
1482123650529 12 -1
1482123657185 4 1
1482123657185 4 1
1482123659154 4 -1
1482123659154 4 -1
1482123662857 3 1
1482123662857 3 1
1482123664117 10 -1
1482123664117 10 -1
1482123666549 12 1
1482123666549 12 1
1482123669623 7 2
1482123669623 7 2
1482123671415 4 1
1482123671415 4 1
1482123674044 5 1
1482123674044 5 1
1482123675206 9 1
1482123675206 9 1
1482123679647 0 -1
1482123679647 0 -1
1482123681047 2 2
1482123681047 2 2
1482123683907 8 3
1482123683907 8 3
1482123688086 10 2
1482123688086 10 2
1482123691701 10 -1
1482123691701 10 -1
1482123694133 10 -1
1482123694133 10 -1
1482123695995 2 -1
1482123695995 2 -1
1482123698864 2 1
1482123698864 2 1
1482123700889 7 -1
1482123700889 7 -1
1482123702134 6 -1
1482123702134 6 -1
1482123702868 5 1
1482123702868 5 1
1482123704749 9 -1
1482123704749 9 -1
1482123706759 1 2
1482123706759 1 2
1482123708005 3 1
1482123708005 3 1
1482123709102 12 1
1482123709102 12 1
1482123711294 2 -1
1482123711294 2 -1
1482123713810 12 -1
1482123713810 12 -1
1482123714884 0 -1
1482123714884 0 -1
1482123716883 9 -3
1482123716883 9 -3
1482123721551 0 1
1482123721551 0 1
1482123724666 3 -1
1482123724666 3 -1
1482123725971 12 1
1482123725971 12 1
1482123730795 2 1
1482123730795 2 1
1482123731821 2 -1
1482123731821 2 -1
1482123736746 3 1
1482123736746 3 1
1482123740222 11 -1
1482123740222 11 -1
1482123741265 4 1
1482123741265 4 1
1482123743029 2 1
1482123743029 2 1
1482123745828 4 -1
1482123745828 4 -1
1482123747323 U
1482123747323 U
1482123749057 R
1482123749057 R
1482123753407 4 -1
1482123753407 4 -1
1482123759488 5 1
1482123759488 5 1
1482123761128 9 1
1482123761128 9 1
1482123762919 2 -1
1482123762919 2 -1
1482123764327 0 1
1482123764327 0 1
1482123768109 12 -1
1482123768109 12 -1
1482123769596 12 1
1482123769596 12 1
1482123770847 3 1
1482123770847 3 1
1482123772098 10 -1
1482123772098 10 -1
1482123779170 4 1
1482123779170 4 1
1482123782054 9 -1
1482123782054 9 -1
1482123783265 5 -1
1482123783265 5 -1
1482123785038 6 -2
1482123785038 6 -2
1482123785860 11 1
1482123785860 11 1
1482123793251 12 -1
1482123793251 12 -1
1482123796713 5 2
1482123796713 5 2
1482123798728 9 1
1482123798728 9 1
1482123799755 11 -1
1482123799755 11 -1
1482123801081 6 1
1482123801081 6 1
1482123805444 12 1
1482123805444 12 1
1482123808674 0 -1
1482123808674 0 -1
1482123809483 2 2
1482123809483 2 2
1482123811052 8 2
1482123811052 8 2
1482123814368 10 2
1482123814368 10 2
1482123816387 3 -2
1482123816387 3 -2
1482123819786 9 -1
1482123819786 9 -1
1482123822612 R
1482123822612 R
1482123829318 8 2
1482123829318 8 2
1482123830913 3 -1
1482123830913 3 -1
1482123831914 3 2
1482123831914 3 2
1482123833060 10 -1
1482123833060 10 -1
1482123835610 2 1
1482123835610 2 1
1482123836782 8 -2
1482123836782 8 -2
1482123842248 5 1
1482123842248 5 1
1482123843420 9 1
1482123843420 9 1
1482123846331 2 -2
1482123846331 2 -2
1482123847704 0 1
1482123847704 0 1
1482123855373 9 -1
1482123855373 9 -1
1482123856220 9 1
1482123856220 9 1
1482123857440 12 -1
1482123857440 12 -1
1482123859144 4 -1
1482123859144 4 -1
1482123863123 9 -1
1482123863123 9 -1
1482123864314 5 -1
1482123864314 5 -1
1482123867025 6 -2
1482123867025 6 -2
1482123868233 11 1
1482123868233 11 1
1482123869319 4 1
1482123869319 4 1
1482123872814 11 -1
1482123872814 11 -1
1482123873808 6 2
1482123873808 6 2
1482123879600 10 1
1482123879600 10 1
1482123880797 3 -1
1482123880797 3 -1
1482123881756 12 1
1482123881756 12 1
1482123882515 12 -1
1482123882515 12 -1
1482123886741 12 1
1482123886741 12 1
1482123889015 12 -1
1482123889015 12 -1
1482123894142 5 1
1482123894142 5 1
1482123895427 9 1
1482123895427 9 1
1482123898895 4 -1
1482123898895 4 -1
1482123903081 3 1
1482123903081 3 1
1482123904283 10 -1
1482123904283 10 -1
1482123905937 12 1
1482123905937 12 1
1482123909099 9 -1
1482123909099 9 -1
1482123910167 5 -1
1482123910167 5 -1
1482123912949 6 -2
1482123912949 6 -2
1482123914013 11 1
1482123914013 11 1
1482123921298 12 -1
1482123921298 12 -1
1482123924888 5 2
1482123924888 5 2
1482123926177 9 1
1482123926177 9 1
1482123930167 10 1
1482123930167 10 1
1482123931270 3 -1
1482123931270 3 -1
1482123933575 9 -1
1482123933575 9 -1
1482123934471 9 1
1482123934471 9 1
1482123937167 4 1
1482123937167 4 1
1482123940879 9 -1
1482123940879 9 -1
1482123941938 1 2
1482123941938 1 2
1482123943346 12 2
1482123943346 12 2
1482123944460 3 2
1482123944460 3 2
1482123945630 10 -1
1482123945630 10 -1
1482123947594 0 -2
1482123947594 0 -2
1482123951265 2 3
1482123951265 2 3
1482123954606 8 2
1482123954606 8 2
1482123957669 10 2
1482123957669 10 2
1482123958812 0 2
1482123958812 0 2
1482123960499 12 -4
1482123960499 12 -4
1482123965085 3 -3
1482123965085 3 -3
1482123966947 1 -2
1482123966947 1 -2
1482123967991 9 1
1482123967991 9 1
1482123970139 9 -1
1482123970139 9 -1
1482123971449 5 -2
1482123971449 5 -2
1482123981309 0 -1
1482123981309 0 -1
1482123982788 2 -1
1482123982788 2 -1
1482123983919 11 -1
1482123983919 11 -1
1482123985249 6 2
1482123985249 6 2
1482123994217 6 -2
1482123994217 6 -2
1482123995124 11 1
1482123995124 11 1
1482123996844 2 1
1482123996844 2 1
1482123998276 0 1
1482123998276 0 1
1482123999680 12 3
1482123999680 12 3
1482124001474 8 -1
1482124001474 8 -1
1482124005216 10 -1
1482124005216 10 -1
1482124008281 4 -1
1482124008281 4 -1
1482124011057 12 -1
1482124011057 12 -1
1482124020145 4 1
1482124020145 4 1
1482124021715 8 1
1482124021715 8 1
1482124023449 10 1
1482124023449 10 1
1482124024936 12 -2
1482124024936 12 -2
1482124026807 0 -1
1482124026807 0 -1
1482124028107 2 -1
1482124028107 2 -1
1482124029950 11 -1
1482124029950 11 -1
1482124031388 6 2
1482124031388 6 2
1482124033791 5 1
1482124033791 5 1
1482124035106 9 1
1482124035106 9 1
1482124037934 9 -1
1482124037934 9 -1
1482124040544 7 2
1482124040544 7 2
1482124041669 8 1
1482124041669 8 1
1482124044843 9 1
1482124044843 9 1
1482124049940 3 2
1482124049940 3 2
