1481907148908 8 1
1481907150542 3 -1
1481907159139 5 1
1481907162557 9 1
1481907173281 6 -2
1481907175928 11 1
1481907177902 4 -1
1481907186053 9 -1
1481907187933 5 1
1481907196507 1 1
1481907198363 3 3
1481907201000 2 3
1481907208183 0 -1
1481907214671 2 -3
1481907218953 9 -1
1481907222266 11 -2
1481907232603 4 2
1481907237368 4 -2
1481907239631 6 1
1481907250669 11 1
1481907253201 1 1
1481907255166 12 1
1481907256658 9 1
1481907261597 6 -1
1481907262772 11 1
1481907266167 12 -1
1481907270282 0 1
1481907274300 3 -1
1481907280799 1 -2
1481907283183 9 1
1481907287588 2 3
1481907292897 2 -3
1481907300320 3 -2
1481907305137 9 -1
1481907309132 1 1
1481907310726 3 3
1481907313678 0 -1
1481907321622 9 -1
1481907326132 11 -2
1481907329227 5 -1
1481907330804 6 2
1481907332986 7 2
1481907334504 4 2
1481907339915 7 -1
1481907342473 6 -1
1481907349762 5 1
1481907365910 R
1481907413628 6 -2
1481907427741 5 2
1481907429403 6 1
1481907432142 1 2
1481907433630 3 2
1481907437124 0 -1
1481907439928 8 2
1481907441688 10 -1
1481907446244 9 -2
1481907455522 1 -1
1481907464167 6 -1
1481907465926 11 1
1481907469388 2 3
1481907474147 9 2
1481907477412 0 2
1481907479170 10 2
1481907480578 3 -3
1481907482342 12 -3
1481907485234 1 -1
1481907486546 9 1
1481907491694 9 -1
1481907493340 2 -1
1481907497125 5 -2
1481907505971 5 2
1481907510869 1 1
1481907512555 1 1
1481907515200 3 3
1481907517577 0 -2
1481907520744 1 -1
1481907522399 2 -1
1481907523920 11 -1
1481907526140 1 1
1481907530000 9 -1
1481907531162 11 -2
1481907534717 1 -1
1481907536345 2 2
1481907548860 6 1
1481907551631 4 1
1481907553825 10 1
1481907557481 9 -1
1481907563501 2 -2
1481907564799 5 -1
1481907566624 6 1
1481907568654 7 2
1481907570419 8 1
1481907573850 10 1
1481907577785 2 1
1481907578870 9 -1
1481907581132 0 2
1481907582829 3 -3
1481907584651 1 -1
1481907585853 11 -1
1481907587482 5 -1
1481907589768 4 1
1481907595417 11 1
1481907601746 0 1
1481907603531 9 2
1481907605141 12 2
1481907608827 11 -1
1481907610477 9 1
1481907613257 8 -2
1481907615034 10 -3
1481907616441 7 -2
1481907618284 0 2
