1480311126701 2 -1
1480311127479 4 -1
1480311128129 0 1
1480311128916 12 -1
1480311134137 6 -2
1480311134767 11 1
1480311137301 R
1480311141004 6 -2
1480311141707 11 1
1480311142441 2 2
1480311144470 5 2
1480311144981 9 1
1480311145443 2 1
1480311148693 4 -1
1480311152022 9 -1
1480311152513 2 -3
1480311153825 1 2
1480311154572 12 1
1480311155341 3 2
1480311155994 10 -1
1480311157402 2 -1
1480311158099 0 1
1480311158909 12 -2
1480311160591 3 -1
1480311161186 1 -2
1480311161812 9 1
1480311163211 11 -1
1480311164114 5 -1
1480311164811 4 1
1480311165440 6 2
1480311166150 7 2
1480311166801 4 -1
1480311168192 7 -2
1480311170669 9 -1
1480311171335 5 -1
1480311173908 5 1
1480311174367 9 1
1480311175069 12 1
1480311175838 12 -1
1480311177099 12 1
1480311177611 10 1
1480311178248 10 -1
1480311178903 4 1
1480311179250 7 2
1480311180610 0 -1
1480311181126 2 2
1480311181760 8 3
1480311182589 10 2
1480311183155 3 -2
1480311184583 10 -1
1480311185033 8 -2
1480311185728 4 -1
1480311186402 2 -1
1480311187221 7 -2
1480311188906 9 -1
1480311189421 1 1
1480311190753 6 -2
1480311191240 11 1
1480311191626 5 1
1480311192134 1 1
1480311192685 12 1
1480311193955 3 3
1480311194778 10 -1
1480311195195 8 -1
1480311195919 2 -1
1480311196937 0 1
1480311197751 12 -2
1480311198305 3 -1
1480311198936 1 -2
1480311199821 9 1
1480311202419 9 -1
1480311203668 12 1
1480311206642 11 -1
1480311207155 5 -2
1480311207935 6 2
1480311210042 6 -2
1480311210591 5 2
1480311211307 5 -2
1480311211721 11 1
1480311212365 4 1
1480311213441 11 -1
1480311214007 6 2
1480311214635 7 2
1480311215195 4 -1
1480311216485 7 -2
1480311218841 6 -2
1480311219591 11 1
1480311220383 5 2
1480311221064 9 1
1480311222857 0 -1
1480311223683 2 4
1480311224703 0 1
1480311227848 12 -1
1480311229260 10 2
1480311229797 3 -1
1480311230354 12 -1
1480311233891 9 -1
1480311234440 2 -1
1480311235142 5 -2
1480311236553 5 2
1480311236978 9 1
1480311237949 2 1
1480311241975 8 1
1480311242518 3 -1
1480311245749 9 -1
1480311246178 2 -1
1480311246765 1 2
1480311249837 12 3
1480311250743 10 -1
1480311253704 3 3
1480311254205 10 -1
1480311254651 8 -1
1480311256532 4 1
1480311257478 8 2
1480311258252 10 2
1480311259106 12 -4
1480311259711 3 -3
1480311260860 1 -2
1480311261575 9 1
1480311261989 2 1
1480311263633 12 3
1480311264177 10 -1
1480311264591 8 -1
1480311265311 4 -1
1480311266963 12 -1
1480311268650 10 1
1480311269140 12 -1
1480311271259 2 -1
1480311271761 9 -1
1480311272500 5 -2
1480311276505 5 2
1480311276900 9 1
1480311277313 2 1
1480311279274 12 2
1480311279677 3 2
1480311280236 0 -1
1480311281574 10 -2
1480311282165 8 -1
1480311283201 2 -4
1480311284327 11 -1
1480311285688 6 1
1480311286951 7 1
1480311288764 4 1
1480311289137 2 2
1480311289689 8 3
1480311290901 10 2
1480311291463 3 -2
1480311295337 3 2
1480311295981 10 -2
1480311296860 2 -1
1480311298238 9 -1
1480311299088 5 -2
1480311299821 6 1
1480311300501 7 1
1480311302142 10 1
1480311302632 3 -2
1480311304820 R
1480311310367 8 2
1480311311067 3 -1
1480311314119 6 -2
1480311314707 11 1
1480311315873 5 2
1480311318716 8 -1
1480311319804 3 2
1480311320343 8 -1
1480311321005 2 -1
1480311324478 4 -1
1480311325784 4 1
1480311326433 2 4
1480311327849 0 1
1480311329329 4 -1
1480311330484 4 1
1480311331351 0 -1
1480311332189 2 -4
1480311332784 11 -1
1480311333181 5 -2
1480311333734 6 2
1480311335166 5 1
1480311336084 1 1
1480311336574 3 1
1480311340780 7 2
1480311341530 4 -1
1480311342384 R
1480311345901 2 -1
1480311346675 0 1
1480311347896 0 -1
1480311348542 4 -1
1480311350332 6 -2
1480311351197 4 1
1480311351872 2 2
1480311352519 8 2
1480311353299 3 -1
1480311355730 6 2
1480311356702 6 -2
1480311357163 11 1
1480311357990 2 1
1480311358657 5 2
1480311359258 2 1
1480311359636 9 1
1480311360970 0 1
1480311361785 12 -1
1480311363105 3 2
1480311363844 8 -2
1480311365107 10 1
1480311365630 12 -1
1480311366055 3 -1
1480311366880 9 -1
1480311367432 2 -1
1480311368199 5 -2
1480311370270 8 2
1480311370698 3 -1
1480311371082 12 -1
1480311374857 0 -1
1480311375528 2 -1
1480311376428 11 -1
1480311377086 6 2
1480311378074 7 2
1480311378706 8 1
1480311381009 5 1
1480311381473 9 1
1480311383670 9 -1
1480311384208 1 1
1480311384971 3 3
1480311386879 8 -1
1480311387805 7 -2
1480311389917 6 -2
1480311390356 11 1
1480311390782 5 1
1480311391268 2 2
1480311392937 3 -3
1480311393424 1 -1
1480311394108 9 1
1480311395318 2 -2
1480311395938 11 -1
1480311396442 5 -1
1480311396994 6 2
1480311397848 7 2
1480311398424 8 1
1480311400012 9 -1
1480311400564 5 -1
1480311402093 5 1
1480311402501 1 1
1480311403848 R
1480311414503 8 2
1480311415580 8 -2
1480311417178 4 -1
1480311417924 6 -2
1480311418614 11 1
1480311419688 5 2
1480311421049 9 1
1480311422334 2 3
1480311424181 8 1
1480311424739 10 1
1480311425861 3 -1
1480311427200 0 1
1480311427852 12 -2
1480311429090 9 -1
1480311429567 2 -1
1480311430318 5 -2
1480311438623 4 1
1480311439490 4 -1
1480311440161 5 2
1480311440638 9 1
1480311441065 2 1
1480311443053 12 2
1480311443616 0 -1
1480311444202 2 -2
1480311444789 11 -1
1480311446780 6 1
1480311447484 9 -1
1480311448247 1 2
1480311448825 12 1
1480311453123 7 1
1480311453614 4 1
1480311454355 8 2
1480311455227 10 -1
1480311455846 2 -1
1480311457678 12 -1
1480311458372 1 -2
1480311459241 5 -2
1480311460163 6 1
1480311461993 8 -2
1480311462471 7 -1
1480311462918 4 -1
1480311464863 6 -2
1480311465438 11 1
1480311466387 2 2
1480311467018 0 1
1480311468196 12 -1
1480311469843 4 1
1480311470444 8 1
1480311471960 10 1
1480311472612 12 -2
