1481764750936 2 -1
1481764754729 6 -2
1481764762867 6 2
1481764764409 4 -1
1481764765966 5 1
1481764769093 1 1
1481764770541 3 2
1481764771895 3 -2
1481764772879 1 -1
1481764774001 9 1
1481764777298 9 -1
1481764778585 5 -1
1481764780762 5 1
1481764783911 1 1
1481764784755 0 1
1481764786357 12 -1
1481764787093 1 -1
1481764788209 9 1
1481764791234 12 1
1481764793241 4 1
1481764795306 4 -1
1481764797189 12 -1
1481764798197 9 -1
1481764800241 3 1
1481764801326 3 -1
1481764803429 6 -2
1481764805211 5 1
1481764805906 11 1
1481764806960 9 1
1481764810978 12 1
1481764812520 12 -1
1481764813200 9 -1
1481764814077 1 2
1481764815771 12 2
1481764817089 3 2
1481764820533 10 -1
1481764822662 0 -2
1481764823932 2 3
1481764827417 2 -3
1481764828902 9 -2
1481764830466 11 -2
1481764836420 6 1
1481764837612 4 2
1481764840718 2 2
1481764846378 6 -1
1481764847624 4 -2
1481764849173 11 2
1481764850947 12 -1
1481764851750 1 -1
1481764852896 5 -1
1481764855932 5 1
1481764856574 1 1
1481764858254 12 1
1481764859718 9 2
1481764860533 0 1
1481764861460 3 -1
1481764862312 12 -1
1481764862908 1 -2
1481764865100 5 -2
1481764865945 11 -1
1481764870984 11 1
1481764873966 5 2
1481764875282 9 1
1481764877008 11 -1
1481764877868 11 1
1481764880214 2 2
1481764881266 0 1
1481764882366 12 -1
1481764884664 9 -1
1481764887197 2 -1
1481764888142 5 -2
1481764890456 4 1
1481764891464 4 -1
1481764893136 10 2
1481764894290 10 -2
1481764900142 5 2
1481764901089 9 1
1481764901822 2 1
1481764907770 4 1
1481764908522 4 -1
1481764909334 9 -1
1481764909968 2 -1
1481764914955 5 -2
1481764919106 5 2
1481764920546 9 1
1481764921520 2 1
1481764922658 2 -1
1481764924611 12 1
1481764925322 0 -1
1481764926708 2 -3
1481764929604 11 -1
1481764930663 4 1
1481764931539 6 1
1481764932855 7 1
1481764934428 4 -1
1481764935479 4 1
1481764936178 4 -1
1481764939730 0 1
1481764945654 4 1
1481764947263 4 -1
1481764947937 7 -1
1481764948975 6 -1
1481764950011 11 1
1481764952653 9 -1
1481764954264 4 1
1481764955200 4 -1
1481764958320 5 -2
1481764962571 5 2
1481764963368 1 2
1481764964444 12 1
1481764965374 3 1
1481764968609 0 -2
1481764969694 2 3
1481764974858 4 1
1481764975920 0 2
1481764979682 0 -2
1481764981129 10 2
1481764984505 0 2
1481764985535 12 -3
1481764986379 3 -2
1481764988424 1 -2
1481764992727 9 1
1481764993471 2 1
1481764996483 12 2
1481764997389 3 1
1481764998589 10 -2
1481765000919 4 -1
1481765003141 2 -1
1481765003783 9 -1
1481765004961 5 -2
1481765008049 5 2
1481765009592 9 1
1481765013507 2 1
1481765014947 12 -1
1481765018053 9 -1
1481765018725 2 -1
1481765019593 5 -2
1481765021141 12 1
1481765021955 0 -1
1481765022883 4 1
