1480316091918 6 -2
1480316091918 6 -2
1480316091918 6 -2
1480316091918 6 -2
1480316091918 6 -2
1480316091918 6 -2
1480316093197 11 1
1480316093197 11 1
1480316093197 11 1
1480316093197 11 1
1480316093197 11 1
1480316093197 11 1
1480316094085 2 2
1480316094085 2 2
1480316094085 2 2
1480316094085 2 2
1480316094085 2 2
1480316094085 2 2
1480316094917 4 -1
1480316094917 4 -1
1480316094917 4 -1
1480316094917 4 -1
1480316094917 4 -1
1480316094917 4 -1
1480316096477 2 -3
1480316096477 2 -3
1480316096477 2 -3
1480316096477 2 -3
1480316096477 2 -3
1480316096477 2 -3
1480316097485 11 -1
1480316097485 11 -1
1480316097485 11 -1
1480316097485 11 -1
1480316097485 11 -1
1480316097485 11 -1
1480316098038 6 2
1480316098038 6 2
1480316098038 6 2
1480316098038 6 2
1480316098038 6 2
1480316098038 6 2
1480316105605 6 -2
1480316105605 6 -2
1480316105605 6 -2
1480316105605 6 -2
1480316105605 6 -2
1480316105605 6 -2
1480316106350 11 1
1480316106350 11 1
1480316106350 11 1
1480316106350 11 1
1480316106350 11 1
1480316106350 11 1
1480316108222 11 -1
1480316108222 11 -1
1480316108222 11 -1
1480316108222 11 -1
1480316108222 11 -1
1480316108222 11 -1
1480316108821 0 1
1480316108821 0 1
1480316108821 0 1
1480316108821 0 1
1480316108821 0 1
1480316108821 0 1
1480316109486 12 -1
1480316109486 12 -1
1480316109486 12 -1
1480316109486 12 -1
1480316109486 12 -1
1480316109486 12 -1
1480316115950 5 2
1480316115950 5 2
1480316115950 5 2
1480316115950 5 2
1480316115950 5 2
1480316115950 5 2
1480316116845 9 1
1480316116845 9 1
1480316116845 9 1
1480316116845 9 1
1480316116845 9 1
1480316116845 9 1
1480316120485 4 1
1480316120485 4 1
1480316120485 4 1
1480316120485 4 1
1480316120485 4 1
1480316120485 4 1
1480316123109 5 -1
1480316123109 5 -1
1480316123109 5 -1
1480316123109 5 -1
1480316123109 5 -1
1480316123109 5 -1
1480316123774 6 2
1480316123774 6 2
1480316123774 6 2
1480316123774 6 2
1480316123774 6 2
1480316123774 6 2
1480316129533 4 -1
1480316129533 4 -1
1480316129533 4 -1
1480316129533 4 -1
1480316129533 4 -1
1480316129533 4 -1
1480316133270 9 -1
1480316133270 9 -1
1480316133270 9 -1
1480316133270 9 -1
1480316133270 9 -1
1480316133270 9 -1
1480316134382 1 1
1480316134382 1 1
1480316134382 1 1
1480316134382 1 1
1480316134382 1 1
1480316134382 1 1
1480316135407 3 2
1480316135407 3 2
1480316135407 3 2
1480316135407 3 2
1480316135407 3 2
1480316135407 3 2
1480316137422 10 -1
1480316137422 10 -1
1480316137422 10 -1
1480316137422 10 -1
1480316137422 10 -1
1480316137422 10 -1
1480316147686 12 1
1480316147686 12 1
1480316147686 12 1
1480316147686 12 1
1480316147686 12 1
1480316147686 12 1
1480316148750 0 -2
1480316148750 0 -2
1480316148750 0 -2
1480316148750 0 -2
1480316148750 0 -2
1480316148750 0 -2
1480316150270 2 2
1480316150270 2 2
1480316150270 2 2
1480316150270 2 2
1480316150270 2 2
1480316150270 2 2
1480316151710 8 1
1480316151710 8 1
1480316151710 8 1
1480316151710 8 1
1480316151710 8 1
1480316151710 8 1
1480316153158 4 1
1480316153158 4 1
1480316153158 4 1
1480316153158 4 1
1480316153158 4 1
1480316153158 4 1
1480316154054 7 2
1480316154054 7 2
1480316154054 7 2
1480316154054 7 2
1480316154054 7 2
1480316154054 7 2
1480316154790 8 2
1480316154790 8 2
1480316154790 8 2
1480316154790 8 2
1480316154790 8 2
1480316154790 8 2
1480316155719 10 2
1480316155719 10 2
1480316155719 10 2
1480316155719 10 2
1480316155719 10 2
1480316155719 10 2
1480316157526 0 1
1480316157526 0 1
1480316157526 0 1
1480316157526 0 1
1480316157526 0 1
1480316157526 0 1
1480316158687 3 -3
1480316158687 3 -3
1480316158687 3 -3
1480316158687 3 -3
1480316158687 3 -3
1480316158687 3 -3
1480316160094 1 -1
1480316160094 1 -1
1480316160094 1 -1
1480316160094 1 -1
1480316160094 1 -1
1480316160094 1 -1
1480316161926 5 -1
1480316161926 5 -1
1480316161926 5 -1
1480316161926 5 -1
1480316161926 5 -1
1480316161926 5 -1
1480316165046 7 -1
1480316165046 7 -1
1480316165046 7 -1
1480316165046 7 -1
1480316165046 7 -1
1480316165046 7 -1
1480316166734 10 -1
1480316166734 10 -1
1480316166734 10 -1
1480316166734 10 -1
1480316166734 10 -1
1480316166734 10 -1
1480316167415 2 -1
1480316167415 2 -1
1480316167415 2 -1
1480316167415 2 -1
1480316167415 2 -1
1480316167415 2 -1
1480316169030 8 -2
1480316169030 8 -2
1480316169030 8 -2
1480316169030 8 -2
1480316169030 8 -2
1480316169030 8 -2
1480316173191 8 2
1480316173191 8 2
1480316173191 8 2
1480316173191 8 2
1480316173191 8 2
1480316173191 8 2
1480316179662 3 2
1480316179662 3 2
1480316179662 3 2
1480316179662 3 2
1480316179662 3 2
1480316179662 3 2
1480316180654 10 -1
1480316180654 10 -1
1480316180654 10 -1
1480316180654 10 -1
1480316180654 10 -1
1480316180654 10 -1
1480316181886 8 -3
1480316181886 8 -3
1480316181886 8 -3
1480316181886 8 -3
1480316181886 8 -3
1480316181886 8 -3
1480316184374 2 -1
1480316184374 2 -1
1480316184374 2 -1
1480316184374 2 -1
1480316184374 2 -1
1480316184374 2 -1
1480316185502 7 -1
1480316185502 7 -1
1480316185502 7 -1
1480316185502 7 -1
1480316185502 7 -1
1480316185502 7 -1
1480316186390 4 -1
1480316186390 4 -1
1480316186390 4 -1
1480316186390 4 -1
1480316186390 4 -1
1480316186390 4 -1
1480316188366 2 2
1480316188366 2 2
1480316188366 2 2
1480316188366 2 2
1480316188366 2 2
1480316188366 2 2
1480316189710 10 2
1480316189710 10 2
1480316189710 10 2
1480316189710 10 2
1480316189710 10 2
1480316189710 10 2
1480316190518 3 -1
1480316190518 3 -1
1480316190518 3 -1
1480316190518 3 -1
1480316190518 3 -1
1480316190518 3 -1
1480316194269 6 -2
1480316194269 6 -2
1480316194269 6 -2
1480316194269 6 -2
1480316194269 6 -2
1480316194269 6 -2
1480316194813 11 1
1480316194813 11 1
1480316194813 11 1
1480316194813 11 1
1480316194813 11 1
1480316194813 11 1
1480316196069 2 1
1480316196069 2 1
1480316196069 2 1
1480316196069 2 1
1480316196069 2 1
1480316196069 2 1
1480316197061 0 1
1480316197061 0 1
1480316197061 0 1
1480316197061 0 1
1480316197061 0 1
1480316197061 0 1
1480316199949 10 -1
1480316199949 10 -1
1480316199949 10 -1
1480316199949 10 -1
1480316199949 10 -1
1480316199949 10 -1
1480316205293 12 -1
1480316205293 12 -1
1480316205293 12 -1
1480316205293 12 -1
1480316205293 12 -1
1480316205293 12 -1
1480316208093 5 2
1480316208093 5 2
1480316208093 5 2
1480316208093 5 2
1480316208093 5 2
1480316208093 5 2
1480316209151 2 1
1480316209151 2 1
1480316209151 2 1
1480316209151 2 1
1480316209151 2 1
1480316209151 2 1
1480316209853 9 1
1480316209853 9 1
1480316209853 9 1
1480316209853 9 1
1480316209853 9 1
1480316209853 9 1
1480316211413 9 -1
1480316211413 9 -1
1480316211413 9 -1
1480316211413 9 -1
1480316211413 9 -1
1480316211413 9 -1
1480316212413 9 1
1480316212413 9 1
1480316212413 9 1
1480316212413 9 1
1480316212413 9 1
1480316212413 9 1
1480316215789 12 1
1480316215789 12 1
1480316215789 12 1
1480316215789 12 1
1480316215789 12 1
1480316215789 12 1
1480316217885 0 -1
1480316217885 0 -1
1480316217885 0 -1
1480316217885 0 -1
1480316217885 0 -1
1480316217885 0 -1
1480316219253 2 -4
1480316219253 2 -4
1480316219253 2 -4
1480316219253 2 -4
1480316219253 2 -4
1480316219253 2 -4
1480316221509 11 -1
1480316221509 11 -1
1480316221509 11 -1
1480316221509 11 -1
1480316221509 11 -1
1480316221509 11 -1
1480316222357 5 -1
1480316222357 5 -1
1480316222357 5 -1
1480316222357 5 -1
1480316222357 5 -1
1480316222357 5 -1
1480316222941 6 2
1480316222941 6 2
1480316222941 6 2
1480316222941 6 2
1480316222941 6 2
1480316222941 6 2
1480316226109 0 1
1480316226109 0 1
1480316226109 0 1
1480316226109 0 1
1480316226109 0 1
1480316226109 0 1
1480316226917 12 -1
1480316226917 12 -1
1480316226917 12 -1
1480316226917 12 -1
1480316226917 12 -1
1480316226917 12 -1
1480316228517 7 2
1480316228517 7 2
1480316228517 7 2
1480316228517 7 2
1480316228517 7 2
1480316228517 7 2
1480316229693 7 -2
1480316229693 7 -2
1480316229693 7 -2
1480316229693 7 -2
1480316229693 7 -2
1480316229693 7 -2
1480316239885 6 -2
1480316239885 6 -2
1480316239885 6 -2
1480316239885 6 -2
1480316239885 6 -2
1480316239885 6 -2
1480316241061 5 1
1480316241061 5 1
1480316241061 5 1
1480316241061 5 1
1480316241061 5 1
1480316241061 5 1
1480316241573 11 1
1480316241573 11 1
1480316241573 11 1
1480316241573 11 1
1480316241573 11 1
1480316241573 11 1
1480316245509 11 -1
1480316245509 11 -1
1480316245509 11 -1
1480316245509 11 -1
1480316245509 11 -1
1480316245509 11 -1
1480316247469 5 -1
1480316247469 5 -1
1480316247469 5 -1
1480316247469 5 -1
1480316247469 5 -1
1480316247469 5 -1
1480316248853 5 1
1480316248853 5 1
1480316248853 5 1
1480316248853 5 1
1480316248853 5 1
1480316248853 5 1
1480316249309 5 -1
1480316249309 5 -1
1480316249309 5 -1
1480316249309 5 -1
1480316249309 5 -1
1480316249309 5 -1
1480316250318 6 2
1480316250318 6 2
1480316250318 6 2
1480316250318 6 2
1480316250318 6 2
1480316250318 6 2
1480316253149 6 -2
1480316253149 6 -2
1480316253149 6 -2
1480316253149 6 -2
1480316253149 6 -2
1480316253149 6 -2
1480316253662 11 1
1480316253662 11 1
1480316253662 11 1
1480316253662 11 1
1480316253662 11 1
1480316253662 11 1
1480316254317 5 1
1480316254317 5 1
1480316254317 5 1
1480316254317 5 1
1480316254317 5 1
1480316254317 5 1
1480316255213 5 -1
1480316255213 5 -1
1480316255213 5 -1
1480316255213 5 -1
1480316255213 5 -1
1480316255213 5 -1
1480316255638 11 -1
1480316255638 11 -1
1480316255638 11 -1
1480316255638 11 -1
1480316255638 11 -1
1480316255638 11 -1
1480316256237 9 -1
1480316256237 9 -1
1480316256237 9 -1
1480316256237 9 -1
1480316256237 9 -1
1480316256237 9 -1
1480316256973 5 -1
1480316256973 5 -1
1480316256973 5 -1
1480316256973 5 -1
1480316256973 5 -1
1480316256973 5 -1
1480316257718 6 2
1480316257718 6 2
1480316257718 6 2
1480316257718 6 2
1480316257718 6 2
1480316257718 6 2
1480316263638 7 2
1480316263638 7 2
1480316263638 7 2
1480316263638 7 2
1480316263638 7 2
1480316263638 7 2
1480316265822 R
1480316265822 R
1480316265822 R
1480316265822 R
1480316265822 R
1480316265822 R
1480316270597 8 2
1480316270597 8 2
1480316270597 8 2
1480316270597 8 2
1480316270597 8 2
1480316270597 8 2
1480316273469 3 -1
1480316273469 3 -1
1480316273469 3 -1
1480316273469 3 -1
1480316273469 3 -1
1480316273469 3 -1
1480316277757 6 -2
1480316277757 6 -2
1480316277757 6 -2
1480316277757 6 -2
1480316277757 6 -2
1480316277757 6 -2
1480316278350 11 1
1480316278350 11 1
1480316278350 11 1
1480316278350 11 1
1480316278350 11 1
1480316278350 11 1
1480316279773 2 2
1480316279773 2 2
1480316279773 2 2
1480316279773 2 2
1480316279773 2 2
1480316279773 2 2
1480316281037 0 1
1480316281037 0 1
1480316281037 0 1
1480316281037 0 1
1480316281037 0 1
1480316281037 0 1
1480316281773 12 -1
1480316281773 12 -1
1480316281773 12 -1
1480316281773 12 -1
1480316281773 12 -1
1480316281773 12 -1
1480316285093 5 2
1480316285093 5 2
1480316285093 5 2
1480316285093 5 2
1480316285093 5 2
1480316285093 5 2
1480316286485 9 1
1480316286485 9 1
1480316286485 9 1
1480316286485 9 1
1480316286485 9 1
1480316286485 9 1
1480316286958 2 1
1480316286958 2 1
1480316286958 2 1
1480316286958 2 1
1480316286958 2 1
1480316286958 2 1
1480316289261 2 -1
1480316289261 2 -1
1480316289261 2 -1
1480316289261 2 -1
1480316289261 2 -1
1480316289261 2 -1
1480316289837 9 -1
1480316289837 9 -1
1480316289837 9 -1
1480316289837 9 -1
1480316289837 9 -1
1480316289837 9 -1
1480316291493 8 -1
1480316291493 8 -1
1480316291493 8 -1
1480316291493 8 -1
1480316291493 8 -1
1480316291493 8 -1
1480316292565 4 -1
1480316292565 4 -1
1480316292565 4 -1
1480316292565 4 -1
1480316292565 4 -1
1480316292565 4 -1
1480316294589 5 -2
1480316294589 5 -2
1480316294589 5 -2
1480316294589 5 -2
1480316294589 5 -2
1480316294589 5 -2
1480316297870 3 2
1480316297870 3 2
1480316297870 3 2
1480316297870 3 2
1480316297870 3 2
1480316297870 3 2
1480316300045 U
1480316300045 U
1480316300045 U
1480316300045 U
1480316300045 U
1480316300045 U
1480316300397 U
1480316300397 U
1480316300397 U
1480316300397 U
1480316300397 U
1480316300397 U
1480316300565 U
1480316300565 U
1480316300565 U
1480316300565 U
1480316300565 U
1480316300565 U
1480316300901 U
1480316300901 U
1480316300901 U
1480316300901 U
1480316300901 U
1480316300901 U
1480316301085 U
1480316301085 U
1480316301085 U
1480316301085 U
1480316301085 U
1480316301085 U
1480316301261 U
1480316301261 U
1480316301261 U
1480316301261 U
1480316301261 U
1480316301261 U
1480316301429 U
1480316301429 U
1480316301429 U
1480316301429 U
1480316301429 U
1480316301429 U
1480316301613 U
1480316301613 U
1480316301613 U
1480316301613 U
1480316301613 U
1480316301613 U
1480316301789 U
1480316301789 U
1480316301789 U
1480316301789 U
1480316301789 U
1480316301789 U
1480316301957 U
1480316301957 U
1480316301957 U
1480316301957 U
1480316301957 U
1480316301957 U
1480316302085 U
1480316302085 U
1480316302085 U
1480316302085 U
1480316302085 U
1480316302085 U
1480316302462 R
1480316302462 R
1480316302462 R
1480316302462 R
1480316302462 R
1480316302462 R
1480316308486 7 2
1480316308486 7 2
1480316308486 7 2
1480316308486 7 2
1480316308486 7 2
1480316308486 7 2
1480316309653 8 3
1480316309653 8 3
1480316309653 8 3
1480316309653 8 3
1480316309653 8 3
1480316309653 8 3
1480316310645 3 -1
1480316310645 3 -1
1480316310645 3 -1
1480316310645 3 -1
1480316310645 3 -1
1480316310645 3 -1
1480316313102 2 1
1480316313102 2 1
1480316313102 2 1
1480316313102 2 1
1480316313102 2 1
1480316313102 2 1
1480316318023 8 -2
1480316318023 8 -2
1480316318023 8 -2
1480316318023 8 -2
1480316318023 8 -2
1480316318023 8 -2
1480316319750 4 -1
1480316319750 4 -1
1480316319750 4 -1
1480316319750 4 -1
1480316319750 4 -1
1480316319750 4 -1
1480316320263 7 -2
1480316320263 7 -2
1480316320263 7 -2
1480316320263 7 -2
1480316320263 7 -2
1480316320263 7 -2
1480316324022 6 -2
1480316324022 6 -2
1480316324022 6 -2
1480316324022 6 -2
1480316324022 6 -2
1480316324022 6 -2
1480316324671 11 1
1480316324671 11 1
1480316324671 11 1
1480316324671 11 1
1480316324671 11 1
1480316324671 11 1
1480316326174 2 1
1480316326174 2 1
1480316326174 2 1
1480316326174 2 1
1480316326174 2 1
1480316326174 2 1
1480316327006 0 1
1480316327006 0 1
1480316327006 0 1
1480316327006 0 1
1480316327006 0 1
1480316327006 0 1
1480316328118 12 -1
1480316328118 12 -1
1480316328118 12 -1
1480316328118 12 -1
1480316328118 12 -1
1480316328118 12 -1
1480316330790 10 1
1480316330790 10 1
1480316330790 10 1
1480316330790 10 1
1480316330790 10 1
1480316330790 10 1
1480316331735 12 -1
1480316331735 12 -1
1480316331735 12 -1
1480316331735 12 -1
1480316331735 12 -1
1480316331735 12 -1
1480316335615 5 2
1480316335615 5 2
1480316335615 5 2
1480316335615 5 2
1480316335615 5 2
1480316335615 5 2
1480316336734 9 1
1480316336734 9 1
1480316336734 9 1
1480316336734 9 1
1480316336734 9 1
1480316336734 9 1
1480316337582 2 1
1480316337582 2 1
1480316337582 2 1
1480316337582 2 1
1480316337582 2 1
1480316337582 2 1
1480316343398 12 2
1480316343398 12 2
1480316343398 12 2
1480316343398 12 2
1480316343398 12 2
1480316343398 12 2
1480316344510 3 2
1480316344510 3 2
1480316344510 3 2
1480316344510 3 2
1480316344510 3 2
1480316344510 3 2
1480316345854 10 -2
1480316345854 10 -2
1480316345854 10 -2
1480316345854 10 -2
1480316345854 10 -2
1480316345854 10 -2
1480316346742 8 -1
1480316346742 8 -1
1480316346742 8 -1
1480316346742 8 -1
1480316346742 8 -1
1480316346742 8 -1
1480316347710 4 1
1480316347710 4 1
1480316347710 4 1
1480316347710 4 1
1480316347710 4 1
1480316347710 4 1
1480316349950 12 -1
1480316349950 12 -1
1480316349950 12 -1
1480316349950 12 -1
1480316349950 12 -1
1480316349950 12 -1
1480316362086 8 2
1480316362086 8 2
1480316362086 8 2
1480316362086 8 2
1480316362086 8 2
1480316362086 8 2
1480316363230 10 2
1480316363230 10 2
1480316363230 10 2
1480316363230 10 2
1480316363230 10 2
1480316363230 10 2
1480316364142 12 -2
1480316364142 12 -2
1480316364142 12 -2
1480316364142 12 -2
1480316364142 12 -2
1480316364142 12 -2
1480316364878 3 -2
1480316364878 3 -2
1480316364878 3 -2
1480316364878 3 -2
1480316364878 3 -2
1480316364878 3 -2
1480316367750 9 -1
1480316367750 9 -1
1480316367750 9 -1
1480316367750 9 -1
1480316367750 9 -1
1480316367750 9 -1
1480316368318 2 -1
1480316368318 2 -1
1480316368318 2 -1
1480316368318 2 -1
1480316368318 2 -1
1480316368318 2 -1
1480316369038 5 -2
1480316369038 5 -2
1480316369038 5 -2
1480316369038 5 -2
1480316369038 5 -2
1480316369038 5 -2
1480316371326 0 -1
1480316371326 0 -1
1480316371326 0 -1
1480316371326 0 -1
1480316371326 0 -1
1480316371326 0 -1
1480316372526 0 1
1480316372526 0 1
1480316372526 0 1
1480316372526 0 1
1480316372526 0 1
1480316372526 0 1
1480316375974 5 2
1480316375974 5 2
1480316375974 5 2
1480316375974 5 2
1480316375974 5 2
1480316375974 5 2
1480316376630 9 1
1480316376630 9 1
1480316376630 9 1
1480316376630 9 1
1480316376630 9 1
1480316376630 9 1
1480316377710 2 1
1480316377710 2 1
1480316377710 2 1
1480316377710 2 1
1480316377710 2 1
1480316377710 2 1
1480316380933 9 -1
1480316380933 9 -1
1480316380933 9 -1
1480316380933 9 -1
1480316380933 9 -1
1480316380933 9 -1
1480316381373 2 -1
1480316381373 2 -1
1480316381373 2 -1
1480316381373 2 -1
1480316381373 2 -1
1480316381373 2 -1
1480316382093 5 -2
1480316382093 5 -2
1480316382093 5 -2
1480316382093 5 -2
1480316382093 5 -2
1480316382093 5 -2
1480316384694 12 3
1480316384694 12 3
1480316384694 12 3
1480316384694 12 3
1480316384694 12 3
1480316384694 12 3
1480316386462 0 -1
1480316386462 0 -1
1480316386462 0 -1
1480316386462 0 -1
1480316386462 0 -1
1480316386462 0 -1
1480316387685 2 -1
1480316387685 2 -1
1480316387685 2 -1
1480316387685 2 -1
1480316387685 2 -1
1480316387685 2 -1
1480316388589 3 2
1480316388589 3 2
1480316388589 3 2
1480316388589 3 2
1480316388589 3 2
1480316388589 3 2
1480316389958 10 -2
1480316389958 10 -2
1480316389958 10 -2
1480316389958 10 -2
1480316389958 10 -2
1480316389958 10 -2
1480316390677 8 -2
1480316390677 8 -2
1480316390677 8 -2
1480316390677 8 -2
1480316390677 8 -2
1480316390677 8 -2
1480316391974 2 -2
1480316391974 2 -2
1480316391974 2 -2
1480316391974 2 -2
1480316391974 2 -2
1480316391974 2 -2
1480316396541 0 1
1480316396541 0 1
1480316396541 0 1
1480316396541 0 1
1480316396541 0 1
1480316396541 0 1
1480316398367 12 -1
1480316398367 12 -1
1480316398367 12 -1
1480316398367 12 -1
1480316398367 12 -1
1480316398367 12 -1
