1481252135671 2 -1
1481252146734 5 1
1481252149399 1 1
1481252150354 3 2
1481252151856 0 -1
1481252154473 2 2
1481252161454 8 2
1481252162720 10 1
1481252163587 0 1
1481252164554 3 -3
1481252166352 1 -1
1481252167728 9 1
1481252169838 3 2
1481252170854 10 -2
1481252171647 8 -2
1481252174103 2 -2
1481252175640 4 -1
1481252176558 0 1
1481252179385 12 -1
1481252189132 7 2
1481252196287 10 1
1481252197737 3 -1
1481252199188 12 1
1481252200019 0 -1
1481252201347 9 -1
1481252202475 5 -1
1481252203813 4 1
1481252205028 2 2
1481252206293 R
1481252228105 2 -1
1481252230883 4 -1
1481252232990 6 -2
1481252234466 11 1
1481252241659 5 1
1481252242602 1 1
1481252244002 3 2
1481252257270 3 -1
1481252258634 1 -1
1481252262230 5 -1
1481252263855 0 1
1481252264809 10 -1
1481252265876 12 -1
1481252268914 4 1
1481252269807 11 -1
1481252270614 6 2
1481252271643 7 2
1481252274804 12 1
1481252275648 0 -1
1481252276467 2 2
1481252278079 8 3
1481252280944 10 2
1481252282060 3 -2
1481252287752 10 -1
1481252289118 8 -2
1481252290256 4 -1
1481252291421 7 -2
1481252293009 6 -2
1481252294201 11 1
1481252295302 2 1
1481252296444 0 1
1481252297832 10 1
1481252300684 12 -2
1481252303908 5 2
1481252304677 2 1
1481252305683 9 1
1481252314428 9 -1
1481252315429 2 -1
1481252316434 1 2
1481252318195 12 3
1481252319386 3 3
1481252320463 8 -1
1481252321406 10 -2
1481252325138 0 -2
1481252326118 2 -3
1481252327284 0 2
1481252330582 12 -2
1481252331524 3 -1
1481252332244 1 -2
1481252333459 9 1
1481252334960 11 -1
1481252335827 5 -1
1481252336534 6 2
1481252354488 10 1
1481252355666 3 -1
1481252365077 9 -1
1481252367235 5 -1
1481252369144 6 -2
1481252370061 11 1
1481252370856 5 2
1481252385477 1 2
1481252386195 12 2
1481252387163 3 2
1481252388118 0 -2
1481252395295 2 3
1481252396861 10 -1
1481252398000 9 -2
1481252398968 2 -3
1481252400754 12 -1
1481252401697 1 -1
1481252403010 11 -2
1481252404003 5 -1
1481252404723 6 2
1481252406298 4 2
1481252410687 2 2
1481252411493 8 2
1481252412783 9 1
1481252413589 10 3
1481252415982 9 -1
1481252416503 8 -2
1481252417668 9 1
1481252418412 10 -3
1481252420261 4 -2
1481252421029 2 -2
1481252424713 11 1
1481252425457 9 1
1481252426784 0 2
1481252428867 3 -1
1481252432673 12 -1
1481252433926 1 -1
1481252440239 5 -1
1481252443326 12 1
1481252444553 0 -1
1481252450729 2 1
1481252452379 8 1
1481252453606 10 1
1481252454524 3 -2
1481252463615 7 2
1481252465623 R
1481252470955 5 1
1481252478756 8 2
1481252481857 2 1
1481252482641 10 1
1481252489570 6 -2
1481252490536 11 1
1481252491492 5 1
1481252494729 2 1
1481252496131 0 1
1481252506251 3 -1
1481252531191 12 -3
1481252533411 1 1
1481252534663 3 3
1481252536299 0 -2
1481252538209 9 -1
1481252541644 2 -1
1481252543542 11 -3
1481252547635 5 -1
1481252548949 6 2
1481252550029 7 2
1481252551493 8 1
1481252553699 4 1
1481252554531 10 2
1481252556899 9 -2
1481252558724 0 1
1481252561576 3 -3
1481252562680 11 -1
1481252563535 1 -1
1481252564489 5 -1
1481252565767 4 1
1481252567454 2 1
1481252569154 0 2
1481252570084 3 1
1481252570852 12 2
1481252571658 9 3
1481252572377 8 -3
1481252574027 10 -3
1481252575131 7 -2
1481252576273 0 3
