1482113606336 2 1
1482113609002 4 -1
1482113612313 10 1
1482113613450 8 1
1482113614931 3 -1
1482113621470 6 -2
1482113622617 11 1
1482113623812 5 2
1482113625476 2 2
1482113626964 0 1
1482113628553 12 -2
1482113629878 9 1
1482113635365 9 -1
1482113637305 2 -1
1482113638724 5 -2
1482113642023 4 1
1482113645875 8 1
1482113647094 12 -1
1482113648521 5 2
1482113649970 9 1
1482113651186 2 1
1482113652543 2 -1
1482113653572 9 -1
1482113655108 12 3
1482113891958 9 1
1482113893268 2 1
1482113896932 10 -1
1482113898250 8 -1
1482113905921 12 -1
1482113910321 12 1
1482113911559 3 2
1482113912916 3 -2
1482113916086 0 -1
1482113917595 2 -3
1482113919318 8 1
1482113921762 11 -1
1482113922738 5 -1
1482113924048 6 2
1482113927458 8 -1
1482113928525 2 1
1482113931452 4 -1
1482113933507 6 -2
1482113934641 11 1
1482113939159 5 1
1482113941414 2 2
1482113945658 0 1
1482113950750 12 -1
1482113964448 12 1
1482113968124 0 -1
1482113970736 2 -3
1482113972095 11 -1
1482113973264 5 -1
1482113974368 6 2
1482113985216 7 2
1482114026728 7 -2
1482114033450 2 1
1482114080639 2 -1
1482114083284 7 2
1482114104333 7 -2
1482114109739 R
1482114113695 2 -1
1482114121513 0 1
1482114124131 12 -1
1482114130932 4 -1
1482114134967 6 -2
1482114137153 11 1
1482114140874 5 2
1482114143814 9 1
1482114153543 12 1
1482114155131 0 -1
1482114157042 2 4
1482114163913 0 1
1482114165071 12 -1
1482114166871 9 -1
1482114168594 9 1
1482114170081 12 1
1482114171359 0 -1
1482114172424 2 -4
1482114174467 11 -1
1482114176832 0 1
1482114178198 12 -1
1482114180129 9 -1
1482114182453 6 1
1482114194735 9 1
1482114205899 12 1
1482114223140 3 1
1482114225202 10 -1
1482114238158 4 1
1482114241237 0 -1
1482114242697 9 -1
1482114245563 5 -2
1482114246998 6 1
1482114364502 0 1
1482114447903 5 1
1482114451267 9 1
1482114453481 12 -1
1482114462866 7 2
1482114464625 4 -1
1482114483451 9 -1
1482114487285 5 -1
1482114490736 4 1
1482114512218 12 1
1482114515177 0 -1
1482114516746 2 2
1482114518252 8 3
1482114520246 10 2
1482114521533 3 -2
1482114534917 5 1
1482114552875 3 2
1482114556987 5 -1
1482114558949 7 -1
1482114560245 6 -1
1482114564097 3 -2
1482114585236 5 2
1482114586396 1 2
1482114587819 12 1
1482114593732 12 -1
1482114595381 1 -2
1482114596819 9 1
1482114607041 9 -1
1482114609414 9 1
1482114610944 9 -1
1482114612441 1 2
1482114618918 10 -1
1482114622641 8 -2
1482114624015 3 1
1482114626463 8 -1
1482114627495 2 -2
1482114630329 0 1
1482114633235 12 -1
1482114636955 1 -2
1482114641823 9 1
1482114649877 7 -1
1482114651086 6 -1
1482114652392 11 1
1482114660950 9 -1
1482114662378 11 -1
1482114665012 6 1
1482114670131 4 -1
1482114673823 12 1
1482114675015 0 -1
1482114676920 2 2
1482114681907 10 1
1482114687308 3 1
1482114692478 10 -2
1482114693752 2 -2
1482114700409 0 1
1482114705920 0 -1
1482114707307 10 1
1482114709248 3 -1
1482114711772 1 2
1482114713602 12 1
1482114715804 0 1
1482114719195 3 2
1482114726011 0 -2
1482114727438 9 -1
1482114728909 11 -1
1482114734367 4 2
1482114736157 2 2
1482114737866 10 2
1482114740292 8 2
1482114741677 9 -1
1482114743326 7 1
1482114744433 8 1
1482114746493 9 -1
1482114750525 12 -1
1482114752044 0 1
1482114754636 3 -2
1482114756086 1 -2
1482114757482 5 -2
1482114758990 4 1
1482114760731 6 1
1482114762940 3 -1
1482114768652 7 1
1482114783323 3 2
1482114792724 10 1
1482114794362 2 -1
1482114836035 3 -2
1482114841605 3 2
1482114862724 2 1
1482114864453 10 -1
1482114865932 7 -1
1482114869412 6 -1
1482114873840 4 -1
1482114876150 4 1
1482114880366 6 1
1482114885838 4 -1
1482114898515 6 -1
1482114902507 6 1
1482114903565 4 1
1482114911092 3 -2
1482114918102 7 1
1482114922416 10 1
1482114924186 2 -1
1482114929226 3 2
1482115018475 3 -2
1482115026275 2 1
1482115035232 2 -1
1482115040474 3 2
1482115044647 3 -2
1482115048052 3 2
1482115049722 4 -1
1482115051393 5 1
1482115053395 1 1
1482115055148 3 1
1482115056827 0 -1
1482115058831 9 2
1482115059712 8 -3
1482115062372 2 -1
1482115063337 2 2
1482115064906 10 -4
1482115067009 8 3
1482115069245 9 -2
1482115073069 2 -1
1482115075415 0 1
1482115076651 3 -1
1482115077670 1 -1
1482115079562 5 -1
1482115080879 4 1
1482115083666 4 -2
1482115085719 11 1
1482115087309 2 1
1482115088992 11 -1
1482115090650 7 -1
1482115096044 2 -1
1482115098470 5 1
1482115101680 5 -1
1482115103884 4 2
1482115105192 2 1
1482115109741 7 1
1482115111241 2 -1
1482115115227 R
1482115118205 4 -1
1482115120005 2 -1
1482115125613 0 1
1482115127525 12 -1
1482115133986 5 1
1482115135415 9 1
1482115140206 9 -1
1482115142017 5 -1
1482115153986 7 2
1482115155575 4 1
1482115159299 4 -1
1482115160341 7 -2
1482115170530 12 1
1482115176025 3 1
1482115177081 10 -1
1482115180883 12 -1
1482115187014 4 1
1482115190064 6 -2
1482115192158 11 1
1482115194764 12 1
1482115195801 0 -1
1482115198365 2 3
1482115202142 0 1
1482115204155 12 -1
1482115207225 8 2
1482115208322 10 2
1482115209730 12 -2
1482115210819 3 -2
1482115215308 5 2
1482115218386 2 1
1482115219615 9 1
1482115222262 9 -1
1482115223098 2 -1
1482115224939 1 2
1482115232801 1 -2
1482115238075 0 -1
1482115241588 2 -1
1482115246058 11 -1
1482115247365 1 2
1482115249177 3 3
1482115250546 0 -1
1482115251945 9 -1
1482115254644 11 -2
1482115256233 1 -1
1482115257733 2 2
1482115259756 4 1
1482115262434 10 1
1482115265946 9 -1
1482115268362 2 -2
1482115272931 2 2
1482115276153 2 -2
1482115278333 11 1
1482115280481 1 1
1482115285040 9 1
1482115291039 10 -1
1482115293153 4 -1
1482115295449 11 2
1482115298433 1 -1
1482115300249 2 2
1482115302624 9 1
1482115303923 2 -1
1482115309290 2 1
1482115312500 0 2
1482115315445 3 -3
1482115326248 12 3
1482115328089 10 -1
1482115329559 8 -1
1482115331137 4 -1
1482115348321 1 -1
1482115350446 12 -1
1482115352337 9 1
1482115356162 4 1
1482115361979 2 -1
1482115365080 9 -1
1482115370252 5 -2
1482115387016 4 -1
1482115391506 12 1
1482115704178 12 -1
1482115706955 5 2
1482115709323 2 1
1482115710400 9 1
1482115714860 12 1
1482115716882 4 1
1482115718621 4 -1
1482115723336 12 -1
1482115724676 9 -1
1482115725892 2 -1
1482115727512 5 -2
1482115757353 5 2
1482115761723 12 1
1482115762899 0 -1
1482115764388 2 -2
1482115765657 11 -1
1482115766944 5 -2
1482115768414 6 2
1482115774171 7 2
1482115776226 7 -2
1482115779556 5 1
1482115782715 9 1
1482115786398 3 2
1482115788301 8 -1
1482115789326 2 -1
1482115791520 0 1
1482115792526 12 -1
1482115794025 9 -1
1482115795695 5 -1
1482115799961 3 -1
1482115810132 6 -2
1482115811057 11 1
1482115812346 5 2
1482115813534 9 1
1482115814690 11 -1
1482115816180 5 -1
1482115817970 6 2
1482115823524 9 -1
1482115826653 6 -2
1482115828534 9 1
1482115832597 11 1
1482115835666 11 -1
1482115837738 9 -1
1482115840525 5 1
1482115841853 9 1
1482115847095 4 1
1482115851240 9 -1
1482115857000 9 1
1482115859295 9 -1
1482115860936 12 1
1482115863088 0 -1
1482115863792 0 1
1482115866569 3 1
1482115868128 10 -1
1482115869817 0 -1
1482115872213 9 1
1482115879150 11 1
1482115882610 2 4
1482115884349 4 -1
1482115885736 0 1
1482115888603 0 -1
1482115890825 2 -4
1482115892434 0 1
1482115900700 12 -1
1482115908947 11 -1
1482115911432 5 -1
1482115913765 6 2
1482115918350 6 -2
1482115922924 11 1
1482115928226 4 1
1482115929333 11 -1
1482115938203 6 2
1482115966209 12 1
1482115969861 4 -1
1482115974581 12 -1
1482115976432 9 -1
1482115978263 5 -1
1482115984441 12 1
1482115985860 0 -1
1482115987358 2 2
1482115989200 10 2
1482115992863 8 1
1482115993675 3 -2
1482116003820 3 2
1482116010219 3 -2
1482116011757 5 1
1482116013680 1 1
1482116015555 6 -1
1482116016929 5 1
1482116018242 1 1
1482116020340 12 1
1482116033411 3 3
1482116036231 0 -1
1482116038514 10 -2
1482116039858 8 -1
1482116043916 9 -2
1482116045986 2 -2
1482116051975 12 -1
1482116053314 1 -1
1482116054521 11 -1
1482116057117 4 2
1482116058666 5 -1
1482116059984 6 1
1482116070238 4 -1
1482116080818 9 1
1482116084431 2 1
1482116085851 8 2
1482116088264 9 -1
1482116089582 8 -2
1482116091331 2 -1
1482116097320 11 1
1482116098568 9 2
1482116100921 0 2
1482116103739 0 -2
1482116107573 6 -2
1482116116486 9 -2
1482116121535 4 -1
1482116126637 11 -1
1482116128033 5 1
1482116135066 4 2
1482116142503 5 -1
1482116144062 6 2
1482116146879 4 -2
1482116148054 11 1
1482116152844 9 2
1482116157934 0 2
1482116159091 12 -1
