1482123782645 8 2
1482123786533 2 1
1482123787503 10 1
1482123788775 3 -1
1482123796501 5 1
1482123797640 9 1
1482123800403 10 -1
1482123803229 2 -1
1482123805177 7 2
1482123806201 8 1
1482123810497 9 -1
1482123811977 5 -1
1482123815208 2 1
1482123816135 10 1
1482123818064 3 2
1482123822233 5 1
1482123823265 9 1
1482123826069 10 -2
1482123827189 2 -1
1482123829256 7 -1
1482123830788 8 -3
1482123831930 7 -1
1482123832833 2 -1
1482123833836 0 1
1482123836794 12 -1
1482123839737 4 -1
1482123847985 4 1
1482123849039 7 2
1482123851078 9 -1
1482123852054 5 -1
1482123853961 4 -1
1482123854699 7 -1
1482123856902 6 -1
1482123860779 5 1
1482123861524 6 1
1482123862334 9 1
1482123866237 12 1
1482123868386 0 -1
1482123869872 4 1
1482123871277 9 -1
1482123872239 5 -1
1482123873340 6 -1
1482123876188 4 -1
1482123877143 7 -1
1482123881784 R
1482123887558 2 -1
1482123889890 6 -2
1482123891223 11 1
1482123899224 0 1
1482123900034 12 -1
1482123903813 5 2
1482123905646 9 1
1482123907878 5 -1
1482123909983 5 1
1482123913754 9 -1
1482123915610 11 -1
1482123916488 5 -2
1482123917892 6 2
1482123923712 5 1
1482123924982 9 1
1482123927640 4 -1
1482123953268 7 2
1482123954308 4 1
1482123956368 12 1
1482123957258 3 1
1482123958458 7 -2
1482123959763 4 -1
1482123968304 9 -1
1482123969277 5 -1
1482123970654 6 -2
1482123971581 11 1
1482123973949 5 2
1482123975289 9 1
1482123976985 9 -1
1482123977851 1 2
1482123979209 3 1
1482123980047 12 1
1482123982349 10 -1
1482123983312 0 -2
1482123984844 9 -2
1482123986552 11 -2
1482123987658 6 1
1482123989728 2 2
1482123992322 2 -2
1482123999031 4 2
1482124000085 7 1
1482124001425 9 1
1482124002729 2 2
1482124003865 8 3
1482124004785 10 3
1482124005700 9 -2
1482124008880 0 1
1482124010530 3 -3
1482124013426 12 -1
1482124014178 1 -2
1482124019175 1 2
1482124020231 12 1
1482124025399 3 3
1482124026442 0 -1
1482124028285 9 2
1482124029295 10 -3
1482124030330 8 -3
1482124032691 2 -2
1482124036817 7 -1
1482124037932 4 -2
1482124038935 11 1
1482124039805 9 1
1482124040845 0 2
1482124042993 12 -2
1482124043943 1 -1
1482124045482 5 -1
1482124046357 6 1
1482124047721 6 -2
1482124049755 6 2
1482124053559 12 1
1482124054669 3 -1
1482124056045 1 -1
1482124056761 5 -1
1482124058547 12 -1
1482124061315 4 1
1482124063509 7 2
1482124064965 7 -2
1482124067397 12 1
1482124068251 0 -1
1482124069191 2 2
1482124072497 6 -2
1482124074677 2 -2
1482124076839 0 1
1482124077749 4 -1
1482124078863 11 1
1482124080127 5 2
1482124081064 9 1
1482124084388 12 -1
