1480312248320 2 -1
1480312250872 0 1
1480312256652 12 -1
1480312259552 4 -1
1480312265289 6 -2
1480312267417 11 1
1480312272083 11 -1
1480312276201 6 2
1480312279315 5 1
1480312280641 9 1
1480312284288 12 1
1480312285616 3 1
1480312287028 10 -1
1480312297864 9 -1
1480312300544 4 1
1480312302808 12 -1
1480312304442 5 -1
1480312311257 10 1
1480312312516 3 -1
1480312322088 4 -1
1480312323321 7 2
1480312328530 7 -2
1480312331226 6 -2
1480312333568 11 1
1480312335152 5 2
1480312336908 9 1
1480312342979 11 -1
1480312350137 3 1
1480312351632 10 -1
1480312357848 12 1
1480312360000 0 -1
1480312361825 2 2
1480312364089 8 1
1480312367417 4 1
1480312368764 6 1
1480312369985 7 1
1480312371930 8 2
1480312375257 10 2
1480312376929 3 -2
1480312379661 10 -1
1480312381385 2 -1
1480312384107 9 -1
1480312386713 1 2
1480312388056 12 1
1480312391447 3 3
1480312392833 10 -1
1480312394786 8 -3
1480312396233 2 -1
1480312398970 0 1
1480312400444 12 -2
1480312401530 1 -1
1480312403233 5 -1
1480312406448 6 1
1480312409620 7 -1
1480312411036 4 -1
1480312415721 12 1
1480312416946 0 -2
1480312421809 2 1
1480312424421 2 -1
1480312425554 9 -2
1480312427746 11 -1
1480312429122 4 2
1480312430977 6 -2
1480312432245 5 1
1480312436286 5 -1
1480312438217 2 2
1480312439770 8 2
1480312441129 8 -2
1480312449185 8 2
1480312452244 2 -1
1480312455052 6 2
1480312456433 7 2
1480312457561 8 1
1480312458810 4 -1
1480312460034 9 -1
1480312461076 0 1
1480312462109 3 -1
1480312463065 1 -1
1480312464329 5 -1
1480312465313 4 2
1480312470154 7 -1
1480312471946 2 1
1480312477026 7 1
1480312480234 2 -1
1480312489105 4 -2
1480312490385 4 2
1480312497057 7 -1
1480312504690 6 -1
1480312509113 6 1
1480312512161 7 1
1480312513762 4 -2
1480312514930 11 1
1480312516130 5 1
1480312520276 1 1
1480312521585 3 1
1480312523173 0 -1
1480312524324 9 3
1480312525865 0 1
1480312527475 3 -1
1480312530308 8 -3
1480312531690 2 -1
1480312532779 0 1
1480312533689 12 -1
1480312535593 1 -1
1480312538372 9 1
1480312548492 7 -2
1480312555818 9 -1
