1481768236080 7 2
1481768238454 8 3
1481768240002 3 -1
1481768245244 3 2
1481768247766 10 -1
1481768250016 7 -1
1481768250843 8 -3
1481768251929 2 -1
1481768252900 0 1
1481768253695 12 -1
1481768255141 4 -1
1481768256093 7 -1
1481768257220 6 -2
1481768257930 11 1
1481768258954 5 2
1481768261150 9 1
1481768264556 12 1
1481768265376 0 -1
1481768266072 2 4
1481768268235 4 1
1481768269836 8 2
1481768270649 10 2
1481768271641 3 -2
1481768275500 0 1
1481768276446 12 -3
1481768277742 0 -1
1481768285343 9 -1
1481768285983 2 -2
1481768287610 1 2
1481768288422 3 2
1481768288594 3 1
1481768289867 0 -1
1481768291757 2 1
1481768292820 0 2
1481768293626 12 4
1481768295398 0 -2
1481768296429 10 -2
1481768297429 8 -2
1481768298343 4 -1
1481768299445 12 -1
1481768300781 9 -2
1481768301552 2 -3
1481768302568 1 -1
1481768303765 2 4
1481768304522 9 2
1481768307302 2 -4
1481768310381 11 -1
1481768310975 9 -2
1481768312522 11 -1
1481768314904 4 2
1481768317154 9 1
1481768317958 10 1
1481768319646 2 2
1481768320506 8 2
1481768321536 10 2
1481768322692 9 -1
1481768323828 9 1
1481768325466 5 -1
1481768326756 6 2
1481768327545 7 2
1481768328287 10 1
1481768330184 2 -1
1481768330794 9 -1
1481768332012 8 1
1481768332748 9 -1
1481768333458 0 1
1481768334678 3 -3
1481768336450 2 1
1481768339708 1 -1
1481768340302 5 -1
1481768341138 4 1
1481768342216 10 -1
1481768342982 7 -1
1481768343887 7 1
1481768344429 10 1
1481768345209 2 -1
1481768347185 3 2
1481768350763 R
1481768352810 R
1481768353060 R
1481768353270 R
1481768353466 R
1481768353638 R
1481768357451 6 -2
1481768360496 2 -1
1481768361246 0 1
1481768362366 6 2
1481768363983 12 -1
1481768365099 12 1
1481768368209 0 -1
1481768368890 2 2
1481768369599 8 2
1481768370537 3 -1
1481768376255 3 2
1481768376794 10 -1
1481768378427 8 -2
1481768379303 4 -1
1481768379849 2 -2
1481768383059 0 1
1481768385443 12 -1
1481768386435 6 -2
1481768387115 11 1
1481768388615 5 2
1481768389629 9 1
1481768392856 11 -1
1481768393442 5 -1
1481768394292 6 2
1481768395036 4 1
1481768396606 9 -1
1481768397411 5 -1
1481768399465 6 -2
1481768400170 11 1
1481768404685 11 -1
1481768405215 6 2
1481768406168 7 2
1481768406878 4 -1
1481768409481 R
1481768412464 3 1
1481768413066 3 -1
1481768413910 5 1
1481768414536 1 1
1481768415371 3 2
1481768416137 0 -1
1481768417263 10 -1
1481768418308 2 -1
1481768419190 4 -1
1481768421948 0 2
1481768423184 12 -1
1481768423831 3 -1
1481768424549 1 -1
1481768425439 5 -1
1481768430697 4 1
1481768431245 4 -1
1481768431964 6 -2
1481768432370 11 1
1481768433784 5 2
1481768434526 9 1
1481768436182 4 1
1481768437620 12 1
1481768438230 0 -1
1481768439221 2 4
1481768445275 4 -1
1481768448549 2 -4
1481768453472 9 -1
1481768454329 5 -2
1481768456079 11 -1
1481768456822 6 2
1481768457587 7 2
1481768458619 2 2
1481768459345 4 1
1481768459971 8 3
1481768460829 10 2
1481768461681 3 -2
1481768463479 10 -1
1481768464047 8 -2
1481768465189 4 -1
1481768465947 2 -1
1481768466892 7 -2
1481768472259 6 -1
1481768473353 6 -1
1481768473961 11 1
1481768475221 5 2
1481768476314 9 1
1481768477111 2 3
1481768477837 0 1
1481768478714 12 -1
1481768480198 9 -1
1481768480814 2 -1
1481768481768 5 -2
1481768483470 12 1
1481768484213 3 2
1481768484884 10 -1
1481768485932 8 -1
1481768486932 4 1
1481768489533 12 -1
1481768491027 12 1
1481768491572 0 -1
1481768492392 2 -3
1481768493494 0 1
1481768494126 12 -1
1481768495190 4 -1
1481768496212 11 -1
1481768497854 5 2
1481768498822 9 1
1481768499822 6 1
1481768500580 4 1
1481768503034 7 1
1481768503946 5 -1
1481768504524 6 1
1481768505424 7 -1
1481768506032 4 -1
1481768507394 9 -1
1481768508134 4 1
1481768509040 12 1
1481768510190 0 -1
1481768511081 9 1
1481768512298 4 -1
1481768515875 0 1
1481768516531 12 -1
1481768519172 9 -1
1481768520142 1 1
1481768520909 12 1
1481768521508 3 1
1481768522424 0 -2
1481768527237 2 2
1481768528158 7 2
1481768528727 4 1
1481768530236 8 3
1481768531391 10 2
1481768532297 0 1
1481768533585 3 -3
1481768541227 1 -1
1481768542477 10 -1
1481768543016 8 -2
1481768544484 4 -1
1481768545101 2 -1
1481768546219 9 1
1481768547249 7 -2
1481768548390 6 -2
1481768548977 11 1
1481768549483 5 1
1481768550547 2 3
1481768551789 0 1
1481768553023 12 -1
1481768554258 10 1
1481768555249 12 -1
1481768556031 9 -1
1481768556601 2 -1
1481768557827 5 -2
1481768559717 12 2
1481768560593 12 -2
1481768563498 3 2
1481768564163 12 2
1481768564982 10 -2
1481768565678 8 -1
1481768567686 0 -1
1481768568436 2 -3
1481768569335 0 1
1481768570036 11 -1
1481768570654 6 2
1481768571506 4 1
