1479591562825 2 -1
1479591565527 6 -2
1479591567463 5 2
1479591568093 9 1
1479591571005 9 -1
1479591572811 1 2
1479591574059 3 2
1479591575432 0 -1
1479591576061 10 -1
1479591578954 9 -2
1479591580192 11 -1
1479591581344 6 1
1479591584140 7 1
1479591584630 4 -1
1479591585937 11 1
1479591587126 9 2
1479591588077 0 2
1479591589510 3 -1
1479591590054 12 -1
1479591590825 1 -2
1479591591576 9 1
1479591592420 5 -1
1479591593635 6 1
1479591594602 7 -1
1479591595687 6 -2
1479591596473 11 1
1479591597460 9 -1
1479591598511 5 -1
1479591599603 11 -1
1479591600628 6 2
1479591612914 6 -2
1479591614585 11 1
1479591615762 5 2
1479591616453 9 1
1479591617394 11 -1
1479591620323 12 1
1479591622422 9 -1
1479591623556 5 -2
1479591627209 6 2
1479591629044 7 2
1479591630436 10 1
1479591631274 3 -1
1479591632448 5 1
1479591633697 12 -1
1479591635111 5 -1
1479591636124 7 -2
1479591636982 6 -2
1479591637698 11 1
1479591638507 5 2
1479591640612 12 1
1479591641913 11 -1
1479591643069 5 -2
1479591646799 11 1
1479591647715 5 2
1479591648910 9 1
1479591651128 9 -1
1479591651894 12 -1
1479591652720 1 2
1479591653557 3 2
1479591654256 12 2
1479591655056 10 -1
1479591656953 11 -1
1479591657739 6 1
1479591658437 4 1
1479591659142 7 1
1479591660115 12 -2
1479591662328 3 -1
1479591663237 1 -2
1479591664807 5 -2
1479591666794 6 1
1479591667921 7 -1
1479591668845 6 -2
1479591670224 11 1
1479591671131 5 2
1479591671766 9 1
1479591677583 12 1
1479591678613 9 -1
1479591679862 5 -2
1479591680820 11 -1
1479591681744 6 2
1479591686695 12 -1
1479591687691 5 1
1479591688562 1 1
1479591689352 3 1
1479591690265 12 1
1479591694591 0 -1
1479591696947 2 2
1479591697633 4 -1
1479591698462 6 -1
1479591699211 6 -1
1479591701865 2 -1
1479591702904 2 -1
1479591704411 11 1
1479591705125 5 1
1479591706178 2 4
1479591709389 2 -4
1479591711433 1 1
1479591712487 12 1
1479591713908 3 -1
1479591714655 0 1
1479591715750 12 -2
1479591716546 1 -2
1479591717614 9 1
1479591722865 9 -1
1479591723855 5 -2
1479591725256 11 -1
1479591727113 6 2
1479591729198 12 1
1479591730163 0 -1
1479591732330 5 1
1479591733016 9 1
1479591735237 9 -1
1479591735990 5 -1
1479591737554 6 -2
1479591738157 11 1
1479591739474 2 3
1479591741307 8 1
1479591742099 10 2
1479591743055 3 -2
1479591744433 5 1
1479591746025 5 1
1479591746796 2 1
1479591748179 0 1
1479591749807 12 -2
1479591750875 9 1
1479591752397 2 -1
1479591754263 9 -1
1479591756152 1 2
1479591757148 12 3
1479591760130 3 3
1479591761118 0 -2
1479591761839 10 -2
1479591762939 2 -2
1479591763581 9 -2
1479591764892 11 -2
1479591765726 6 1
1479591766482 4 2
1479591768005 7 1
1479591769018 8 2
1479591769950 9 -1
1479591770939 0 1
1479591771764 3 -1
1479591772559 12 -1
1479591774391 1 -2
1479591775404 5 -2
1479591777248 4 1
1479591779090 6 1
1479591780568 7 1
1479591781520 2 1
1479591783330 2 -1
1479591784181 4 -2
1479591785181 11 1
1479591786225 5 1
1479591787655 2 1
1479591790080 7 -1
1479591790973 6 -1
1479591791696 5 1
1479591792806 1 2
1479591793682 12 1
1479591794567 11 -1
1479591795524 4 1
1479591796343 2 -1
1479591798371 3 1
1479591799585 4 -1
1479591800463 11 1
1479591801225 12 -1
1479591805071 0 -1
1479591805897 9 3
1479591807031 0 1
1479591808111 8 -3
1479591809269 2 -1
1479591810248 3 -1
1479591811125 1 -2
1479591813033 4 -1
1479591813708 7 -1
1479591814416 0 1
1479591815685 6 -1
1479591817794 9 1
1479591819369 11 1
1479591821040 9 -1
1479591822249 5 -2
1479591823109 11 -1
1479591824242 6 2
1479591826507 12 -1
1479591829525 7 2
1479591831867 5 1
1479591835082 10 1
1479591835961 3 -1
1479591838806 7 -2
1479591839882 6 -2
1479591842215 9 1
1479591843166 5 1
1479591844081 11 1
1479591844866 9 -1
1479591845775 1 2
1479591846980 12 2
1479591848247 11 -1
1479591851050 12 -2
1479591852658 1 -2
1479591853743 9 1
1479591854641 5 -1
1479591855819 6 2
1479591857474 12 1
1479591858607 3 1
1479591859348 10 -1
1479591860142 12 -1
1479591864670 9 -1
1479591865579 5 -1
1479591866434 6 -2
1479591867085 11 1
1479591868573 5 2
1479591869458 12 1
1479591870661 0 -1
1479591871702 2 4
1479591874040 2 -4
1479591877110 4 1
1479591877824 11 -1
1479591879774 2 2
1479591881100 5 -2
1479591881965 6 2
1479591882928 7 2
1479591883997 4 -1
1479591884752 2 -2
1479591885829 7 -2
1479591886644 6 -2
1479591888421 11 1
1479591889291 5 1
1479591890903 0 1
1479591891643 12 -1
1479591893142 5 -1
1479591893953 11 -1
1479591894700 6 2
1479591896001 7 2
1479591898015 4 1
1479591899180 7 -1
1479591899452 7 -1
1479591900306 6 -2
1479591900996 11 1
1479591901974 5 2
1479591903450 9 1
1479591904721 12 1
1479591905444 0 -1
1479591907337 9 -1
1479591908261 5 -2
1479591909153 11 -1
1479591909982 6 2
1479591911021 7 2
1479591912147 4 -1
1479591913312 0 1
1479591913995 12 -1
1479591915025 5 1
1479591916025 1 1
1479591916586 3 1
1479591918034 12 1
1479591920436 7 -2
1479591922980 6 -2
1479591925045 12 -1
1479591926127 3 -1
1479591927060 1 -1
1479591928184 9 1
1479591929279 9 -1
1479591930680 5 -1
1479591931571 4 1
1479591933954 12 1
1479591936238 10 1
1479591937050 3 -1
1479591937588 12 -1
1479591939433 5 2
1479591940412 11 1
1479591943195 4 -1
1479591944699 9 1
1479591946029 11 -1
1479591946880 6 1
1479591950429 9 -1
1479591951508 1 2
1479591952251 12 2
1479591953470 3 2
1479591954331 0 -1
1479591955853 6 -1
1479591957028 11 1
1479591957986 2 3
1479591959934 3 -2
1479591960751 12 -1
1479591961842 1 -2
1479591963295 2 -2
1479591963752 2 -1
1479591965477 5 -2
1479591969660 0 1
1479591970596 12 -1
1479591972486 11 -1
1479591973325 6 2
1479591975727 5 1
1479591977482 7 2
1479591979499 7 -2
1479591981475 9 1
1479591984269 12 1
1479591985271 4 1
1479591986485 9 -1
1479591987866 5 -1
1479591992404 12 -1
1479591993452 5 1
1479591994015 9 1
1479591994926 4 -1
1479591995787 6 -2
1479591996606 9 -1
1479591997331 11 1
1479591998085 5 1
1479591998777 9 1
1479592000235 12 1
1479592001627 0 -1
1479592002410 2 4
1479592004507 0 1
1479592006513 10 1
1479592007413 12 -2
1479592008164 9 -1
1479592009444 2 -1
1479592010503 5 -2
1479592016312 5 2
1479592016955 9 1
1479592018896 3 1
1479592019482 12 2
1479592020411 10 -2
1479592021986 12 -1
1479592022645 9 -1
1479592023793 5 -2
1479592028064 12 1
1479592029127 0 -1
1479592029942 5 2
1479592030480 1 2
1479592031478 3 1
1479592032145 0 -1
1479592034093 2 -3
1479592043487 11 -1
1479592046428 1 -1
1479592048146 5 -1
1479592049086 6 2
1479592051264 9 -2
1479592052212 11 -1
1479592053895 6 -2
1479592058650 11 2
1479592059373 9 2
1479592060452 0 2
1479592061264 12 -1
1479592063212 3 -1
1479592064080 1 -1
1479592064787 9 1
1479592065680 11 -1
1479592067636 9 -1
1479592069396 5 -1
1479592071019 4 1
1479592072098 12 1
1479592073232 12 -1
1479592074139 11 1
1479592074789 5 1
1479592075546 9 1
1479592076374 11 -1
1479592077116 6 2
1479592078032 7 2
1479592078797 4 -1
1479592079423 7 -2
1479592080966 6 -2
1479592081697 9 -1
1479592082449 11 1
1479592082906 5 1
1479592084129 1 2
1479592085052 12 2
1479592085970 10 1
1479592086808 3 -1
1479592087846 12 -2
1479592088688 1 -2
1479592089453 9 1
1479592091091 11 -1
1479592092088 11 1
1479592095483 12 1
1479592096215 0 -1
1479592097412 2 3
1479592098401 0 1
1479592099037 12 -1
1479592099558 9 -1
1479592100270 2 1
1479592102238 4 1
1479592103197 8 2
1479592104288 3 -1
1479592106808 10 1
1479592107523 12 -2
1479592108280 0 -1
1479592108963 9 1
1479592111188 9 -1
1479592111816 2 -2
1479592113698 5 -2
1479592117014 5 2
1479592117713 1 2
1479592118273 3 3
1479592119238 0 -1
1479592119971 9 -1
1479592121484 1 -1
1479592123766 11 -3
1479592126396 5 -1
1479592127171 6 2
1479592131204 2 1
1479592132339 4 1
1479592132938 10 1
1479592134021 9 -1
1479592135113 9 1
1479592137138 2 -1
1479592137990 11 1
1479592140421 6 -2
1479592141280 5 1
1479592141914 1 1
1479592142481 11 -1
1479592144282 2 1
1479592145513 9 -1
1479592147921 9 1
1479592149104 10 -1
1479592150364 4 -1
1479592151030 2 -1
1479592151880 11 3
1479592152997 1 -1
1479592153780 11 -3
1479592156167 4 1
1479592156884 6 1
1479592157661 2 2
1479592158904 10 1
1479592159732 9 -1
1479592161798 2 -2
1479592163841 9 1
1479592165891 11 1
1479592166748 1 1
1479592168282 6 -1
1479592170061 1 -1
1479592170648 11 -1
1479592171210 2 2
1479592172458 9 -1
1479592173640 2 -2
1479592175344 5 -1
1479592176030 6 2
1479592176962 7 2
1479592177880 8 1
1479592178863 10 1
1479592179577 9 -1
1479592180405 0 1
1479592181201 3 -3
1479592183117 11 -1
1479592183898 1 -1
1479592185178 5 -1
1479592186489 4 1
1479592188677 2 1
1479592191157 10 -1
1479592195026 0 2
1479592196311 9 3
1479592198165 8 -1
1479592199393 7 -2
1479592200040 0 2
