1482119837753 2 -1
1482119839274 4 -1
1482119842215 4 1
1482119845272 2 2
1482119848704 8 2
1482119850074 3 1
1482119851805 10 -1
1482119859516 10 2
1482119863010 8 -2
1482119866576 4 -1
1482119871015 10 -2
1482119872453 2 -2
1482119876215 0 1
1482119877638 12 -1
1482119883129 5 1
1482119884243 9 1
1482119892174 12 1
1482119894485 0 -1
1482119897934 4 1
1482119899193 2 2
1482119901721 10 2
1482119902803 7 2
1482119904013 8 3
1482119906993 3 -2
1482119911727 10 -1
1482119912633 2 -1
1482119914520 3 2
1482119915538 9 -1
1482119917032 5 -1
1482119918787 2 1
1482119919990 10 -1
1482119922528 8 -3
1482119924415 4 -1
1482119925518 2 -2
1482119927772 0 1
1482119929334 12 -1
1482119932912 4 1
1482119934151 7 -2
1482119936503 4 -1
1482119939264 U
1482119940574 U
1482119941438 U
1482119942149 R
1482119951463 3 1
1482119953512 10 -1
1482119991623 4 -1
1482119992430 2 -1
1482119993819 0 1
1482119996074 12 -1
1482119998047 10 1
1482119999372 3 -1
1482120004741 6 -2
1482120006378 11 1
1482120009596 5 2
1482120012146 9 1
1482120013641 12 1
1482120014313 3 1
1482120017099 10 -1
1482120020651 11 -1
1482120021574 5 -1
1482120023230 6 2
1482120030364 12 -1
1482120031366 9 -1
1482120032652 5 -1
1482120034080 6 -2
1482120035048 11 1
1482120038274 4 1
1482120042263 12 1
1482120043774 0 -1
1482120046885 2 3
1482120050305 5 2
1482120052352 9 1
1482120053119 2 1
1482120056362 4 -1
1482120057760 8 1
1482120059930 0 1
1482120061216 10 2
1482120062333 3 -2
1482120063940 12 -2
1482120106018 9 -1
1482120106681 2 -1
1482120107990 5 -2
1482120111241 4 1
