1482741765691 2 -1
1482741770160 4 -1
1482741770977 0 1
1482741773018 3 1
1482741773591 10 -1
1482741774971 12 -1
1482741776670 6 -2
1482741777606 11 1
1482741778467 11 -1
1482741779965 11 1
1482741780845 11 -1
1482741781439 4 1
1482741782655 6 2
1482741783300 7 2
1482741784768 5 1
1482741785292 9 1
1482741786535 12 1
1482741790397 4 -1
1482741791165 10 1
1482741791939 0 -1
1482741792417 2 2
1482741794928 4 1
1482741795989 8 3
1482741796834 10 -1
1482741797671 2 -1
1482741798194 8 -3
1482741798765 2 -1
1482741799538 0 1
1482741800185 12 -1
1482741800753 9 -1
1482741801358 4 -1
1482741802558 7 -2
1482741809605 12 1
1482741810184 12 -1
1482741810933 12 1
1482741811400 0 -1
1482741812813 5 -1
1482741813540 6 -2
1482741814138 11 1
1482741816935 0 1
1482741824066 10 1
1482741824696 3 -1
1482741828975 4 1
1482741829479 0 -1
1482741829997 2 3
1482741831048 10 1
1482741831878 8 2
1482741832493 3 -1
1482741833844 10 -1
1482741834535 8 -1
1482741835274 4 -1
1482741837474 5 2
1482741838176 9 1
1482741838735 2 1
1482741840778 0 1
1482741842284 12 -1
1482741843635 9 -1
1482741844346 2 -1
1482741844961 5 -2
1482741847569 4 1
1482741849113 3 2
1482741849766 10 -1
1482741850390 8 -1
1482741852313 12 1
1482741853037 4 -1
1482741855888 0 -1
1482741856356 0 1
1482741859519 R
1482741877111 4 -1
1482741878701 4 1
1482741886939 8 2
1482741891493 5 1
1482741892628 9 1
1482741895828 3 -1
1482741897866 9 -1
1482741898371 1 1
1482741899634 1 -1
1482741900220 9 1
1482741903816 2 1
1482741905357 10 1
1482741907090 10 -1
1482741907522 8 -1
1482741908018 4 -1
1482741908804 4 1
1482741909310 2 -1
1482741910134 8 1
1482741911261 2 1
1482741912064 8 -1
1482741912560 4 -1
1482741913525 2 -1
1482741915205 3 2
1482741915632 10 -1
1482741916085 8 -1
1482741916865 2 -1
1482741917861 10 1
1482741919323 0 1
1482741920246 3 -1
1482741921008 12 -1
1482741921847 9 -1
1482741922841 5 -1
1482741926955 4 1
1482741927981 7 2
1482741930692 12 1
1482741931428 3 1
1482741932040 10 -1
1482741934391 12 -1
1482741935542 12 1
1482741936459 12 -1
1482741939300 4 -1
1482741940814 5 1
1482741941529 9 1
1482741943759 12 1
1482741944562 10 1
1482741946223 4 1
1482741947215 7 -2
1482741948064 6 -2
1482741949112 5 1
1482741950328 11 1
1482741952118 0 -1
1482741952671 2 4
1482741954781 4 -1
1482741956601 0 1
1482741957374 12 -1
1482741958049 9 -1
1482741958515 2 -1
1482741959256 5 -2
1482741960434 3 -1
1482741961206 12 1
1482741963929 12 -1
1482741966904 8 1
1482741967469 3 -1
1482741968455 12 1
1482741969574 0 -1
1482741971915 2 -2
1482741975009 2 2
1482741975561 0 1
1482741976666 4 1
1482741978457 12 -1
1482741980196 5 2
1482741982787 5 -1
1482741983696 9 1
1482741985388 9 -1
1482741985896 5 1
1482741986395 2 1
1482741987261 9 1
1482741987988 4 -1
1482741989807 12 1
1482741990697 3 2
1482741991222 8 -1
1482741992758 4 1
1482741993572 10 1
1482741994624 12 -2
1482741995512 3 -1
1482741997763 2 -1
1482741998464 9 -1
1482741999975 2 1
1482742000491 2 -1
1482742001324 5 -2
1482742003232 4 -1
1482742006373 3 1
1482742006812 12 2
1482742008026 10 -2
1482742009800 12 -1
1482742010744 12 1
1482742011093 5 2
1482742011521 9 1
1482742011874 2 1
1482742015086 12 -1
1482742016691 4 1
1482742019622 12 1
1482742020476 10 2
1482742021222 3 -1
1482742022126 12 -2
1482742025306 4 -1
1482742029919 2 -1
1482742030544 2 1
1482742031194 9 -1
1482742031914 R
1482742034398 4 -1
1482742035113 2 -1
1482742035746 0 1
1482742038178 5 1
1482742041553 9 1
1482742043636 12 -1
1482742044523 3 1
1482742046189 10 -1
1482742048229 4 1
1482742051473 9 -1
1482742051969 1 1
1482742052617 3 1
1482742053615 12 1
1482742054858 0 -2
1482742056288 9 -2
1482742057316 11 -1
1482742058885 4 1
1482742059645 4 -2
1482742061431 6 -2
1482742062806 6 2
1482742066606 9 1
1482742067084 9 -1
1482742067926 2 2
1482742068582 8 1
1482742069609 4 2
1482742070162 8 1
1482742071282 7 2
1482742071783 8 1
1482742072371 9 -1
1482742073655 2 -1
1482742074836 0 1
1482742076119 2 1
1482742076987 2 -1
1482742078378 4 -1
1482742079114 4 1
1482742079563 2 1
1482742080393 2 -1
1482742081557 7 -1
1482742082903 R
1482742084466 2 -1
1482742085400 2 1
1482742086911 2 1
1482742088486 6 -2
1482742089018 11 1
1482742090613 5 2
1482742091534 2 2
1482742093278 9 1
1482742094168 9 -1
1482742094665 0 1
1482742097203 4 -1
1482742102334 2 -1
1482742103313 5 -2
1482742106306 8 1
1482742107091 10 1
1482742108036 12 -2
1482742108639 8 -1
1482742111142 3 1
1482742111841 3 -1
1482742112677 12 2
1482742113199 0 -1
1482742113959 10 -1
1482742114605 2 -3
1482742116312 0 1
1482742117301 11 -1
1482742117891 6 2
1482742120129 12 -1
1482742120975 12 1
1482742121569 4 1
1482742122127 4 -1
1482742122769 7 2
1482742123284 7 -2
1482742124422 3 1
1482742124949 10 -1
1482742125962 0 -1
1482742127453 0 1
1482742128210 0 -1
1482742128776 2 2
1482742130281 8 1
1482742131624 10 1
1482742132701 3 -2
1482742133965 2 -1
1482742135163 6 -2
1482742135555 11 1
1482742136341 5 2
1482742136911 9 1
1482742139082 2 3
1482742143082 0 1
1482742143603 12 -1
1482742144996 9 -1
1482742145683 2 -1
1482742146227 5 -2
1482742147283 4 1
1482742148041 8 1
1482742148584 10 1
1482742149009 12 -2
1482742150621 0 -1
1482742151914 2 -1
1482742152553 5 2
1482742153226 9 1
1482742154341 11 -1
1482742154874 5 -1
1482742155244 6 2
1482742159181 9 -1
1482742159840 5 -1
1482742161175 7 2
1482742161778 8 1
1482742163068 3 2
1482742166842 5 1
1482742167371 1 1
1482742167922 3 1
1482742168556 0 -1
1482742169877 9 -1
1482742172901 R
1482742175005 4 -1
