1480304041824 2 -1
1480304043185 4 -1
1480304045241 0 1
1480304046313 12 -1
1480304049921 4 1
1480304050683 7 2
1480304052002 7 -2
1480304053211 6 -2
1480304054083 11 1
1480304054971 5 2
1480304055764 9 1
1480304056843 11 -1
1480304059085 11 1
1480304061331 12 1
1480304062093 3 1
1480304062719 10 -1
1480304064673 4 -1
1480304065866 9 -1
1480304066689 5 -2
1480304067573 11 -1
1480304068641 6 2
1480304070025 6 -2
1480304070586 6 2
1480304072746 0 -1
1480304073810 2 2
1480304074467 4 1
1480304075441 4 -1
1480304076218 7 2
1480304077106 10 2
1480304077827 3 -1
1480304079306 10 -1
1480304080222 2 -2
1480304081100 0 1
1480304082172 12 -1
1480304083899 5 1
1480304084691 9 1
1480304086043 7 -2
1480304087340 4 1
1480304088652 6 -2
1480304089436 5 1
1480304090107 11 1
1480304092549 9 -1
1480304093452 5 -2
1480304096321 11 -1
1480304097033 6 2
1480304098491 7 2
1480304099332 4 -1
1480304100681 5 1
1480304101546 R
1480304103980 7 2
1480304104825 2 -1
1480304106106 0 1
1480304107290 5 1
1480304108666 9 1
1480304109802 3 1
1480304110707 10 -1
1480304118153 12 -1
1480304121858 9 -1
1480304122562 5 -1
1480304124418 7 -2
1480304125402 6 -2
1480304126194 11 1
1480304127123 5 2
1480304128156 9 1
1480304128748 12 1
1480304130371 4 -1
1480304131451 11 -1
1480304132136 5 -1
1480304132876 6 2
1480304137382 4 1
1480304138765 9 -1
1480304139622 9 1
1480304140478 0 -1
1480304141408 R
1480304144431 3 1
1480304145055 10 -1
1480304149838 4 -1
1480304151640 6 -2
1480304152656 5 2
1480304153647 11 1
1480304154975 2 3
1480304158503 U
1480304165319 5 -2
1480304166383 11 -1
1480304168240 6 2
1480304173393 2 -1
1480304175970 0 1
1480304181697 R
1480304184817 2 -1
1480304186210 2 2
1480304187973 10 1
1480304189234 8 2
1480304190330 3 -1
1480304192034 6 -2
1480304192674 11 1
1480304193802 2 1
1480304194435 0 1
1480304195444 10 -1
1480304196305 8 -1
1480304198393 12 -1
1480304202210 4 -1
1480304203604 4 1
1480304205898 12 1
1480304206626 0 -1
1480304207748 5 2
1480304208699 2 1
1480304209403 9 1
1480304210395 0 1
1480304211517 12 -1
1480304213364 9 -1
1480304214235 2 -1
1480304215411 5 -2
1480304216738 4 -1
1480304218556 3 2
1480304219348 10 -1
1480304220091 8 -1
1480304222189 12 1
1480304222732 0 -1
1480304223884 2 -3
1480304225077 11 -1
1480304227080 6 2
1480304227891 5 1
1480304229884 1 1
1480304231245 1 -1
1480304232406 9 1
1480304233558 0 1
1480304235275 0 -1
1480304236214 U
1480304236487 U
1480304236953 U
1480304238582 1 1
1480304239479 3 1
1480304240325 0 -1
1480304241887 9 -2
1480304242974 11 -1
1480304244095 6 -2
1480304249671 9 1
1480304251368 2 2
1480304252343 10 2
1480304253439 8 1
1480304254039 10 -2
1480304254896 8 -1
1480304256540 2 -2
1480304257563 11 2
1480304258773 5 1
1480304259924 1 1
1480304260501 12 1
1480304261261 9 1
1480304262828 0 2
1480304266957 10 1
1480304267773 3 -2
1480304268789 12 -2
1480304269422 1 -2
1480304270591 5 -2
1480304271806 11 -1
1480304272710 6 2
1480304274830 7 2
1480304275479 4 1
1480304276630 12 1
1480304277436 0 -1
1480304278165 4 -1
1480304279853 5 1
1480304280374 1 1
1480304281434 3 2
1480304282573 10 -1
1480304283341 0 -1
1480304284345 9 -2
1480304285245 11 -1
1480304285894 2 2
1480304286582 4 2
1480304287678 8 3
1480304288862 9 -1
1480304289992 4 -1
1480304290990 2 -1
1480304291750 7 -1
1480304292760 11 1
1480304294999 0 1
1480304296087 3 -1
1480304296813 1 -1
1480304297717 5 -1
1480304298413 11 -1
1480304299349 4 2
1480304304310 2 1
1480304305182 7 1
1480304307790 2 -1
1480304310165 2 1
1480304311030 2 -1
1480304311966 7 -1
1480304315617 2 1
1480304317519 2 -1
1480304319220 7 1
1480304320244 2 1
1480304324678 2 -1
1480304325397 4 -2
1480304327061 4 1
1480304328133 5 1
1480304328868 1 1
1480304329756 3 1
1480304331099 0 -1
1480304332734 9 1
1480304333349 8 -3
1480304334693 2 -1
1480304338189 7 -2
1480304340301 9 1
1480304341397 9 -1
