1479305459877 10 -1
1479305460804 10 1
1479305462252 5 -3
1479305463012 10 -2
1479305467068 2 -1
1479305471525 1 -3
1479305472412 4 1
1479305473324 3 1
1479305478588 6 -1
1479305485692 9 -2
1479305489844 1 1
1479305493644 9 2
1479305495220 1 -1
1479305496444 3 -2
1479305497300 4 -1
1479305498412 1 3
1479305499284 3 1
1479305501755 2 2
1479305502387 5 2
1479305503332 3 -1
1479305505099 5 -2
1479305506901 6 1
1479305509852 3 1
1479305510596 8 3
1479305515140 3 -1
1479305518180 1 -1
1479305520766 9 -2
1479305521934 6 2
1479305523152 7 1
1479305524863 3 1
1479305525431 8 -3
1479305527400 9 1
1479305528047 1 -2
1479305532551 R
1479305535630 3 -2
1479305537015 0 1
1479305543431 10 -1
1479305544535 2 1
1479305550254 6 -1
1479305552398 1 -2
1479305553270 4 1
1479305556366 10 1
1479305557574 2 -1
1479305558527 0 -1
1479305562710 R
1479305575286 1 -2
1479305576279 10 -1
1479305577342 2 1
1479305581240 2 -1
1479305581824 3 -2
1479305582792 4 1
1479305583760 3 3
1479305589464 0 1
1479305590176 5 -3
1479305592448 2 -1
1479305595545 10 -1
1479305597280 0 1
1479305598257 7 -1
1479305599000 6 -1
1479305601528 7 1
1479305606368 1 -1
1479305609648 9 -2
1479305610920 4 1
1479305613248 6 3
1479305614760 3 1
1479305616080 4 -1
1479305617104 1 1
1479305617744 1 -1
1479305618624 0 -2
1479305622384 1 1
1479305623072 9 1
1479305624351 1 -1
1479305628496 7 1
1479305633232 R
1479305637576 2 1
1479305638608 10 -1
1479305639184 5 -3
1479305640696 10 -1
1479305642490 2 -2
1479305649355 6 -1
1479305655123 1 -3
1479305656899 1 3
1479305659459 3 -1
1479305661194 2 2
1479305661979 5 2
1479305662995 5 -2
1479305664123 2 -2
1479305668011 9 -1
1479305669739 6 1
1479305671891 1 -3
1479305672787 6 2
1479305674011 7 1
1479305675250 1 2
1479305677402 3 1
1479305678482 8 1
1479305680851 R
1479305683955 8 1
1479305686211 10 -1
1479305686906 1 -2
1479305687659 1 2
1479305688491 2 1
1479305689194 10 1
1479305690690 8 -1
1479305691746 5 -3
1479305692962 2 -2
1479305694610 10 -2
1479305698995 6 -1
1479305701427 1 -2
1479305702186 6 2
1479305703405 9 -2
1479305704092 6 1
1479305705828 4 2
1479305707556 4 -1
1479305708692 3 2
1479305709692 0 2
1479305710756 7 -1
1479305713388 1 -1
1479305714300 9 1
1479305715092 10 1
1479305717733 7 2
1479305724356 10 -1
1479305725564 9 -1
1479305726340 4 1
1479305728156 3 -1
1479305729100 7 -2
1479305729884 6 -3
1479305730972 4 -1
1479305731772 9 2
1479305733445 10 2
1479305734829 1 1
1479305735629 1 -1
1479305736237 10 -2
1479305740764 9 -1
1479305742004 6 3
1479305742716 3 1
1479305744220 7 2
1479305746620 0 -1
1479305747516 2 2
1479305748532 1 1
