1482728115842 3 -2
1482728118626 6 -1
1482728119627 2 1
1482728122451 3 2
1482728123933 8 4
1482728126360 3 -2
1482728128259 0 1
1482728129444 2 -1
1482728137502 1 -1
1482728140345 6 2
1482728143595 2 1
1482728145122 7 1
1482728148623 8 -1
1482728149769 10 -1
1482728151155 9 -1
1482728154315 6 1
1482728156698 7 -1
1482728158468 0 -1
1482728159469 3 2
1482728160639 8 -3
1482728162542 5 -3
1482728164911 1 -2
1482728165997 4 1
1482728167142 3 2
1482728168523 3 -2
1482728169642 6 -3
1482728172509 6 3
1482728179430 3 2
1482728180902 0 1
1482728182181 2 -2
1482728183278 0 1
1482728184335 7 -1
1482728185866 3 -1
1482728187283 6 -3
1482728188508 9 1
1482728205022 10 1
1482728206344 1 1
1482728207794 7 1
1482728209060 6 2
1482728210325 10 -2
1482728211558 9 -2
1482728212879 4 1
1482728213943 6 1
1482728215337 7 -1
1482728216257 3 1
1482728218921 4 -1
1482728219756 9 1
1482728222035 1 -1
1482728223970 7 2
1482728231657 7 -1
1482728246167 3 -1
1482728247360 6 -3
1482728249290 9 1
1482728250735 7 -1
1482728291018 1 1
1482728293806 1 -1
1482728296617 6 2
1482728298003 10 2
1482728300133 6 -2
1482728439789 6 2
1482728441347 7 2
1482728443197 0 -2
1482728445152 3 -2
1482728447747 7 -1
1482728448725 6 -2
1482728450603 4 -1
1482728451533 3 1
1482728453651 8 1
1482728454711 2 2
1482728456480 1 3
1482728459889 10 -2
1482728461810 2 -2
1482728463337 2 2
1482728464514 8 2
1482728469237 6 1
1482728470518 3 -1
1482728472961 6 -1
1482728502453 10 2
1482728503382 8 1
1482728504317 2 -2
1482728508617 6 1
1482728509868 3 1
1482728510566 6 -1
1482728511853 1 -1
1482728513660 2 2
1482728514783 5 3
1482728515879 3 -2
1482728516888 0 1
1482728520117 6 2
1482728521157 7 1
1482728522103 0 -1
1482728523050 3 2
1482728524938 5 -3
1482728525914 8 -4
1482728528456 5 3
1482728529505 3 -2
1482728532053 0 1
1482728532943 0 -1
1482728533848 2 -1
1482728534665 1 -1
1482728535378 10 -1
1482728539693 7 -1
1482728540571 6 -2
1482728542564 1 2
1482728544559 2 1
1482728546338 10 1
1482728547201 10 -1
1482728547923 2 -1
1482728548859 1 -2
1482728551521 4 1
1482728552599 6 2
1482728553760 7 1
1482728554773 3 3
1482728557906 7 -1
1482728559018 6 -2
1482728560178 3 -3
1482728561219 4 -1
1482728562391 1 2
1482728569889 3 2
1482728571156 8 1
1482728572204 2 1
1482728573445 8 2
1482728586127 3 -2
1482728587557 0 1
1482728590329 1 -1
1482728591317 9 -1
1482728592509 6 3
1482728596701 7 1
1482728598210 7 -1
1482728605380 6 -3
1482728606265 1 1
1482728608797 1 -1
1482728609581 9 1
1482728611511 10 1
1482728612478 8 1
1482728613995 2 -1
1482728615385 0 -1
1482728617380 3 2
1482728618781 5 -3
1482728619766 2 -1
1482728620695 3 -1
1482728622456 2 2
1482728623618 8 -1
1482728624765 10 -2
1482728625940 1 1
1482728627317 3 1
1482728628367 8 -3
1482728630777 5 2
1482728632851 5 -2
1482728634029 2 -2
1482728635046 1 -3
1482728636591 4 1
1482728637536 3 1
1482728638658 0 2
1482728639643 7 -1
1482728641329 6 2
1482728642203 6 -2
1482728643380 9 -1
1482728646034 6 3
1482728647424 3 1
1482728649636 7 2
1482728652876 9 -1
1482728653790 4 1
1482728655593 1 1
1482728656370 1 -1
1482728657603 3 -1
1482728658453 7 -1
1482728659630 6 -3
1482728664037 0 -2
1482728664966 3 -2
1482728666760 4 -2
1482728670663 4 2
1482728673838 6 3
1482728675339 7 1
1482728676385 3 3
1482728679254 4 -1
1482728680165 9 1
1482728681558 7 -1
1482728682680 3 -1
1482728683793 3 1
1482728687085 3 -1
1482728688054 0 2
1482728688775 7 -1
1482728689464 3 1
1482728691057 3 -1
1482728692267 1 1
1482728693283 1 -1
1482728694565 7 2
1482728696166 0 -2
1482728700777 2 2
1482728701929 3 1
1482728704555 1 1
1482728705348 10 1
1482728706475 5 3
1482728708744 3 -4
1482728711859 6 -1
1482728712575 4 -1
1482728713270 7 -1
1482728714176 6 -2
1482728715545 9 1
1482728716494 1 2
1482728720393 3 2
1482728721788 5 -3
1482728723326 2 -2
1482728725609 3 -1
1482728727691 1 -3
1482728728643 4 1
1482728729700 3 2
1482728731519 0 2
1482728734790 10 -1
1482728736436 9 -2
1482728737879 4 1
1482728739844 6 3
1482728740779 7 -1
1482728741858 3 1
1482728742679 4 -1
1482728743588 9 1
1482728744655 3 -1
1482728745639 6 -3
1482728746872 9 -1
1482728748258 4 1
1482728751533 6 3
1482728752636 3 1
1482728753496 7 2
1482728754566 7 -2
1482728755548 3 -1
1482728757347 6 -3
1482728758468 4 -1
1482728761728 4 1
1482728762899 7 1
1482728764043 0 -2
1482728766002 3 -2
1482728767000 4 -2
1482728768145 1 3
1482728769087 9 2
1482728771080 2 2
1482728772218 5 2
1482728773524 10 2
1482728774405 5 1
1482728775384 3 -1
1482728776223 2 -1
1482728777369 0 1
1482728778987 1 -2
1482728779784 10 -1
1482728792786 6 2
1482728793547 7 1
1482728794568 2 1
1482728795294 1 1
1482728796304 10 1
1482728801367 R
1482728807273 3 -2
1482728808812 6 -1
1482728811823 10 -1
1482728813201 3 2
1482728814180 5 -3
1482728815324 2 -1
1482728818257 10 -1
1482728825942 6 1
1482728826985 1 -1
1482728829773 9 -1
1482728831029 6 2
1482728832105 7 1
1482728835491 3 -1
1482728837703 2 1
1482728839969 5 2
1482728841155 10 1
1482728842244 5 1
1482728843229 3 -1
1482728844207 0 1
1482728848685 2 1
1482728850111 0 -1
1482728851032 3 2
1482728852486 8 3
1482728853536 3 -2
1482728854834 0 1
1482728857209 0 -1
1482728857853 0 1
1482728859296 6 -1
1482728862868 9 1
1482728864039 10 1
1482728865344 8 1
1482728866609 2 -1
1482728868213 7 -1
1482728869687 6 -2
1482728870897 1 1
1482728873090 0 -1
1482728874116 3 2
1482728875278 5 -3
1482728876197 2 -1
1482728877296 3 -1
1482728879009 6 1
1482728880579 1 -1
1482728881764 6 1
1482728882718 7 1
1482728883871 3 1
1482728884878 7 -1
1482728886016 7 1
1482728886789 3 -1
1482728890014 7 -1
1482728891051 6 -2
1482728891937 1 1
1482728893806 2 2
1482728895236 5 3
1482728896505 3 -1
1482728897798 2 -1
1482728898716 0 1
1482728901872 6 1
1482728909017 2 1
1482728910532 8 -1
1482728911687 10 -1
1482728914370 0 -1
1482728915332 3 2
1482728916377 5 -3
1482728917290 8 -3
1482728918556 10 -1
1482728920383 10 1
1482728921253 5 3
1482728922560 3 -2
1482728924388 3 2
1482728925852 5 -3
1482728927770 2 -2
1482728928886 3 -1
1482728931022 6 -1
1482728932151 1 -3
1482728934022 4 1
1482728935304 3 2
1482728936393 0 2
1482728949358 9 -1
1482728950415 6 3
1482728952505 7 -1
1482728953719 3 1
1482728955930 7 2
1482728957011 0 -2
1482728958308 3 -3
1482728960760 4 -1
1482728961674 1 2
1482728962683 10 -1
1482728963732 2 2
1482728965196 5 2
1482728966241 10 1
1482728966924 5 1
1482728968018 3 -1
1482728968948 0 1
1482728972130 0 -1
1482728973331 7 -1
1482728974190 6 -3
1482728975422 1 1
1482728977048 9 1
1482728977673 1 -2
1482728978510 9 -1
1482728979374 9 1
1482728981103 3 1
1482728982700 5 -3
1482728983527 10 -1
1482728984736 1 -1
1482728986124 2 -2
1482728986865 1 3
1482728989649 3 1
1482728990242 3 -1
1482728991388 6 1
1482728992710 1 -1
1482728993783 1 -2
1482728995136 4 1
1482728996081 6 -1
1482728996706 6 2
1482728997836 9 -2
1482728999117 6 1
1482729000231 3 3
1482729002245 7 1
1482729003082 7 -1
1482729006398 3 -2
1482729008720 3 -1
1482729010706 7 1
1482729012398 3 3
1482729013493 0 2
1482729014366 7 -2
1482729017226 3 -1
1482729018707 6 -3
1482729020378 9 2
1482729028188 7 1
1482729030260 6 2
1482729031694 7 1
1482729032559 0 -2
1482729033247 3 -2
1482729034393 7 -1
1482729035827 6 -2
1482729037164 9 -2
1482729038721 6 3
1482729042758 7 1
1482729043853 4 -1
1482729045433 7 -1
1482729045968 7 1
1482729049028 2 1
1482729049828 5 1
1482729050861 1 1
1482729052512 5 1
1482729055869 3 1
1482729056710 3 -1
1482729059697 4 2
1482729060475 3 3
1482729064092 2 2
1482729065317 8 2
1482729066399 0 2
1482729067171 7 -4
1482729071082 3 -1
1482729072083 6 -3
1482729072853 2 1
1482729074150 2 -1
1482729075464 6 3
1482729077363 0 -2
1482729081270 3 -1
1482729082493 6 -3
1482729083782 2 1
1482729084671 3 1
1482729086025 0 2
1482729092187 7 3
1482729093309 8 -2
1482729094062 5 -2
1482729095120 1 -1
1482729096257 2 -1
1482729097370 0 -1
1482729098195 2 -3
1482729101919 0 1
1482729103281 7 -1
1482729104658 6 3
1482729105776 3 1
1482729107649 4 -1
1482729108659 9 1
1482729109740 7 2
1482729111446 0 -2
1482729112527 3 -3
1482729113850 4 -1
1482729114725 1 2
1482729115819 7 -1
1482729116797 6 -3
1482729118134 9 -1
1482729118674 1 -2
1482729120297 4 2
1482729121266 3 2
1482729126229 4 -1
1482729127991 9 2
1482729129505 3 -2
1482729131148 6 2
1482729131869 7 1
1482729135678 3 2
1482729136736 0 2
1482729137553 7 -2
1482729138724 6 -2
1482729140212 9 -2
1482729141181 4 1
1482729143402 7 1
1482729144155 0 -2
