1479998173306 5 -3
1479998175171 2 -1
1479998176762 3 -1
1479998178370 6 -1
1479998179650 1 -3
1479998180482 4 1
1479998182698 3 2
1479998183730 0 2
1479998185158 7 -1
1479998188290 7 1
1479998189762 0 -2
1479998191282 1 1
1479998191770 2 2
1479998192682 5 3
1479998194194 2 -1
1479998195650 10 -1
1479998198690 5 -2
1479998199258 10 -1
1479998200210 9 -2
1479998200916 4 1
1479998202115 2 3
1479998204098 5 -1
1479998205699 1 -1
1479998210357 3 -2
1479998212325 2 -2
1479998213050 6 3
1479998213907 7 1
1479998214850 3 3
1479998215818 2 1
1479998216610 0 2
1479998217579 7 -2
1479998218434 3 -1
1479998219811 5 1
1479998221842 6 -3
1479998222674 2 1
1479998225274 1 1
1479998226098 5 -1
1479998228650 5 2
1479998229570 8 2
1479998230330 7 -2
1479998231173 0 -2
1479998231756 3 -1
1479998233010 2 -2
1479998233701 2 2
1479998234373 3 1
1479998235734 0 2
1479998236309 7 3
1479998237239 8 -2
1479998237741 5 -2
1479998238741 1 -1
1479998240186 7 -1
1479998241784 7 1
1479998242262 0 -2
1479998243133 3 -2
1479998244253 2 -4
1479998245149 4 -2
1479998246453 9 2
1479998247973 1 3
1479998253917 1 -2
1479998254853 6 2
1479998255493 7 1
1479998261901 7 -1
1479998263127 6 -2
1479998264485 4 1
1479998265309 3 2
1479998266069 0 2
1479998266877 7 -1
1479998269173 1 -1
1479998271949 1 1
1479998272485 9 -2
1479998273207 4 1
1479998275284 4 -1
1479998276365 4 1
1479998277253 4 -1
1479998277749 9 2
1479998278373 10 2
1479998278906 1 -1
1479998279485 10 -2
1479998285101 7 1
1479998285894 0 -2
1479998286469 3 -2
1479998287284 4 -1
1479998288229 1 3
1479998294151 6 1
1479998295943 6 -1
1479998297051 1 -1
1479998299039 9 -1
1479998300135 6 3
1479998301480 7 1
1479998312423 7 -1
1479998313055 6 -3
1479998313831 1 1
1479998316096 9 -1
1479998316823 1 -3
1479998317655 4 2
1479998318454 3 2
1479998320767 0 2
1479998588385 0 -2
1479998590889 2 1
1479998591944 2 1
1479998593044 2 -1
1479998593681 4 -1
1479998594280 9 2
1479998595137 10 2
1479998596561 1 1
1479998597745 5 3
1479998599816 3 -3
1479998603288 6 2
1479998605080 7 1
1479998608944 4 -1
1479998611648 0 1
1479998613280 0 -1
1479998619013 7 -1
1479998619881 6 -2
1479998620841 1 2
1479998623584 10 -1
1479998625009 2 1
1479998625824 0 1
1479998628992 1 -2
1479998629729 4 1
1479998631169 4 -1
1479998633124 4 1
1479998633881 6 2
1479998634576 7 1
1479998637536 7 -1
1479998638401 0 -1
1479998639288 7 1
1479998643233 R
1479998647040 5 -3
1479998648638 2 -1
1479998649823 1 -3
1479998650887 10 -2
1479998652818 4 1
1479998653488 3 1
1479998762038 6 1
1479998762774 R
1479998765717 3 -2
1479998769941 6 -1
1479998771269 6 1
1479998772406 2 1
1479998773421 3 1
1479998774501 5 -3
1479998775789 2 -2
1479998782229 10 -2
1479998791549 6 -1
1479998793597 1 -3
1479998794429 4 1
1479998795421 3 2
1479998796541 0 2
1479998797638 7 -1
1479998800213 6 2
1479998801085 9 -2
1479998801701 6 1
1479998802333 3 1
1479998804429 7 2
1479998807229 0 -2
1479998809461 9 1
1479998814965 0 2
1479998815702 7 -2
1479998819734 7 2
1479998823351 7 -2
1479998824159 3 -1
1479998825256 6 -3
1479998826667 7 1
1479998829128 9 1
1479998830511 7 -1
1479998839575 7 1
1479998840174 0 -2
1479998841250 2 2
1479998841719 1 1
1479998842767 10 2
1479998843357 5 3
1479998844655 3 -3
1479998845895 0 1
1479998847487 2 -1
1479998848351 4 -1
1479998849103 1 2
1479998858031 0 -1
1479998863670 1 -2
1479998864631 4 1
1479998870332 2 1
1479998871055 10 -1
1479998871735 9 -1
1479998872688 6 3
1479998873975 4 -1
1479998874967 7 1
1479998876456 2 -1
1479998877327 0 1
1479998884415 7 -1
1479998886474 6 -3
1479998887267 1 2
1479998887898 2 1
1479998888539 2 -1
1479998889755 1 -2
1479998894684 U
1479998895835 R
1479998896027 R
1479998898347 3 -2
1479998899339 0 1
1479998902565 2 1
1479998903348 1 -2
1479998905027 10 -1
1479998905835 9 -1
1479998906707 6 2
1479998907427 7 1
1479998911571 7 -1
1479998912563 0 -1
1479998914755 6 -3
1479998916731 4 1
1479998920043 9 1
1479998921915 3 3
1479998922835 5 -3
1479998925235 3 -2
1479998926107 2 -2
1479998926619 1 -1
1479998927314 10 -1
1479998928699 9 -2
1479998929488 4 1
1479998932771 6 3
1479998933987 3 3
1479998937274 3 -1
1479998938891 0 2
1479998940099 6 -3
1479998948035 6 3
1479998948947 0 -2
1479998950172 3 -2
1479998955146 2 3
1479998956755 5 1
1479998958459 1 1
1479998959907 5 1
1479998960771 7 1
1479998961986 3 3
1479998962507 0 2
1479998964099 8 2
1479998965475 7 -4
1479998966683 0 -2
1479998969043 3 -1
1479998970307 6 -3
1479998971475 2 1
1479998975051 2 -2
1479998975612 3 -1
1479998976807 4 -4
1479998977963 2 2
1479998978715 3 1
1479998979428 1 2
1479998980251 9 2
1479998981052 0 5
