1481688634717 2 1
1481688644957 5 -2
1481688647417 5 -1
1481688650038 2 -2
1481688652657 10 -2
1481688656024 1 -3
1481688658797 9 -2
1481688660812 4 2
1481688662887 6 2
1481688666258 3 2
1481688668116 7 1
1481688671742 2 3
1481688675248 5 1
1481688677526 1 1
1481688679287 8 2
1481688681166 0 2
1481688682851 5 1
1481688685664 7 -4
1481688690660 0 -2
1481688692528 3 -2
1481688694190 2 -1
1481688696045 4 -4
1481688698386 6 -3
1481688701599 3 1
1481688704486 2 1
1481688706632 1 2
1481688708851 9 1
1481688710889 0 5
