1481898305261 6 -1
1481898306257 6 1
1481898307875 3 -2
1481898310889 1 -2
1481898312226 4 1
1481898315494 6 1
1481898316493 3 3
1481898317729 5 -3
1481898318992 2 -1
1481898321569 0 2
1481898323391 6 -2
1481898325427 7 -1
1481898328062 7 1
1481898329825 1 -1
1481898332301 10 -2
1481898333573 9 -2
1481898334354 4 1
1481898337742 1 1
1481898341892 0 -2
1481898342926 3 -2
1481898349790 2 4
1481898352771 1 -1
1481898359704 3 2
1481898361186 0 1
1481898362779 0 1
1481898363789 7 -1
1481898367804 8 2
1481898368647 5 1
1481898369838 7 -1
1481898375503 R
1481898385840 3 -2
1481898389022 3 2
1481898389761 5 -3
1481898390809 2 -1
1481898402959 10 -2
1481898405644 3 -1
1481898409099 3 1
1481898412968 1 -3
1481898414006 9 -2
1481898415009 4 2
1481898415904 6 2
1481898418171 3 2
1481898419486 7 1
1481898425571 2 3
1481898429964 0 2
1481898431247 3 -1
1481898432669 7 -2
1481898433806 6 -3
1481898434970 2 1
1481898436021 7 1
1481898438305 0 -1
1481898440280 2 -4
1481898442038 4 -1
1481898442769 9 2
1481898446207 10 2
1481898447048 0 1
1481898447889 7 -1
1481898452129 7 1
1481898452829 0 -2
1481898455407 2 2
1481898469135 8 2
1481898471879 1 1
1481898472957 5 3
1481898474882 8 -2
1481898477259 3 -3
1481898478127 0 1
1481898480459 4 -1
1481898481314 1 2
1481898486011 0 -1
1481898486837 3 2
1481898487604 5 -3
1481898489389 2 -2
1481898490589 10 -2
1481898497678 3 -1
1481898505505 1 -1
1481898507097 6 2
1481898509702 7 1
1481898512356 3 1
1481898513160 2 2
1481898514562 8 3
1481898516777 5 2
1481898520776 5 -2
1481898521516 8 -3
1481898523735 2 -2
1481898529101 7 -1
1481898532139 7 1
1481898533026 7 -1
1481898533943 6 -2
1481898535129 1 1
1481898539571 2 1
1481898540726 5 2
1481898543051 10 1
1481898543816 5 1
1481898544950 3 -2
1481898546587 0 1
1481898552775 0 -1
1481898554165 3 2
1481898556582 2 1
1481898560757 8 1
1481898562525 1 -2
1481898563302 2 -1
1481898564624 4 1
1481898565786 3 1
1481898566824 0 1
1481898569795 8 -1
1481898570660 5 -3
1481898572103 2 -1
1481898574560 0 1
1481898577150 7 -1
1481898581899 9 -1
1481898582715 6 3
1481898583978 3 1
1481898590860 1 -1
1481898592236 10 -1
1481898594232 9 -1
1481898594997 4 1
1481898598383 1 1
1481898602249 1 -1
1481898603471 7 2
1481898605242 0 -2
1481898608887 2 3
1481898612709 2 -3
1481898619195 3 -1
1481898625321 0 2
1481898628702 4 -1
1481898633043 9 1
1481898636043 7 -2
1481898639243 6 -3
1481898640591 9 1
1481898643720 1 1
1481898644895 10 2
1481898646673 7 1
1481898648395 0 -1
1481898656008 10 -1
1481898657017 9 -1
1481898658012 6 3
1481898659907 3 1
1481898661468 7 1
1481898663545 0 1
1481898665054 1 -1
1481898668549 10 -1
1481898669541 9 -1
1481898670396 4 1
1481898672524 0 -2
1481898673761 2 3
1481898674897 0 2
1481898676004 7 -2
1481898678389 3 -1
1481898679415 6 -3
1481898680531 2 1
1481898688180 R
