1482728952990 3 -2
1482728958638 1 -2
1482728975365 10 -1
1482728981909 3 2
1482728983527 5 -3
1482728984885 1 2
1482728986093 10 -1
1482728986861 2 -1
1482728989565 1 -3
1482728991525 9 -2
1482728992277 6 2
1482728992982 4 2
1482728993790 3 2
1482728995893 0 2
1482728996925 7 -1
1482729007517 4 -1
1482729008197 9 1
1482729009525 10 1
1482729016444 7 2
1482729020524 0 -2
1482729024445 1 1
1482729025453 2 1
1482729026149 5 3
1482729028461 3 -4
1482729031540 4 -1
1482729033445 1 1
1482729037109 6 -1
1482729037716 9 1
1482729038373 10 1
1482729039829 2 1
1482729041356 3 2
1482729042221 8 4
1482729045556 5 -2
1482729048101 5 -1
1482729050221 8 -4
1482729051333 1 -2
1482729052237 10 -2
1482729053814 9 -2
1482729054965 6 1
1482729055717 4 2
1482729056414 3 2
1482729057716 2 1
1482729059287 0 2
1482729060604 3 -1
1482729061421 7 -2
1482729062253 6 -3
1482729072220 7 1
1482729073461 0 -1
1482729075357 2 -3
1482729086764 6 3
1482729087547 3 1
1482729088205 7 1
1482729092988 2 3
1482729100452 0 -1
1482729103533 1 1
1482729104156 5 1
1482729105028 5 1
1482729107524 3 -3
1482729113772 2 -2
1482729115341 7 -1
1482729116588 6 -3
1482729118068 4 -2
1482729120780 1 2
1482729121748 9 2
1482729122452 10 2
1482729123316 5 1
1482729124244 3 -1
1482729127908 1 -2
1482729130523 10 -1
1482729131244 9 -1
1482729132444 9 1
1482729137036 0 1
1482729138965 R
1482729150380 5 -3
1482729169555 2 1
1482729172124 8 4
1482729172820 5 3
1482729182628 R
1482729192307 5 -3
1482729193932 10 -2
1482729195164 1 -3
1482729196028 2 -1
1482729201340 4 1
1482729202364 3 1
1482729216667 9 -2
1482729217436 4 1
1482729218589 6 2
1482729220059 3 1
1482729220746 7 1
1482729227155 3 -3
1482729228435 4 -2
1482729234315 1 2
1482729240307 2 2
1482729242171 3 1
1482729247692 8 3
1482729258204 R
1482729269493 5 -3
1482729274867 10 -2
1482729277579 2 -1
1482729278619 1 -3
1482729282091 1 3
1482729292907 2 2
1482729294762 10 2
1482729295587 5 3
1482729298124 3 -1
1482729298867 2 -1
1482729304899 3 -1
1482729309659 0 1
1482729312612 6 -1
1482729314891 0 -1
1482729315891 3 2
1482729316563 2 1
1482729318563 5 -3
1482729322651 1 -3
1482729326235 2 -2
1482729327514 4 1
1482729328387 3 1
1482729332803 8 1
1482729337627 10 -2
1482729338778 9 -2
1482729339682 4 1
1482729340731 6 3
1482729341995 3 1
1482729342795 7 1
1482729343747 0 2
1482729351107 4 -1
1482729353586 9 1
1482729362914 0 -1
1482729364499 1 1
1482729365082 2 1
1482729365875 5 2
1482729377644 3 -1
1482729378194 7 -1
1482729378893 6 -3
1482729380059 9 1
1482729383691 10 2
1482729384291 5 1
1482729386403 5 -3
1482729388043 2 -1
1482729388691 0 1
1482729394434 10 -2
1482729395027 9 -2
1482729395763 6 3
1482729396803 3 1
1482729406859 0 -1
1482729414283 9 1
1482729421290 3 -1
1482729422635 2 1
1482729423595 5 2
1482729424763 10 1
1482729425452 5 1
1482729427267 8 -1
1482729429203 0 -1
1482729430044 3 -3
1482729434426 7 1
1482729435874 7 -1
1482729437163 6 -3
1482729438699 4 -1
1482729439682 1 2
1482729449906 9 1
1482729455186 3 1
1482729455938 5 -3
1482729456802 2 -1
1482729457522 10 -1
1482729458746 1 -3
1482729459682 4 1
1482729460441 3 2
1482729461953 0 2
1482729462722 7 -1
1482729464626 6 2
1482729469810 7 1
1482729471129 0 -1
1482729472345 2 2
1482729472905 1 1
1482729473443 10 1
1482729474082 5 3
1482729475442 2 -1
1482729476498 8 1
1482729478378 8 -1
1482729478874 0 -1
1482729479474 3 -3
1482729482882 6 -2
1482729483722 4 -1
1482729484482 1 2
1482729489953 2 1
1482729491058 3 2
1482729492051 10 1
1482729492699 8 4
1482729495409 3 -2
1482729497473 2 -1
1482729499251 6 1
1482729501154 1 -1
1482729501970 6 1
1482729502627 7 1
1482729506992 0 1
1482729511857 0 -1
1482729517625 3 1
1482729518809 5 -3
1482729521489 3 1
1482729521976 2 1
1482729522506 8 -4
1482729529913 1 -2
1482729535457 2 -2
1482729536401 4 1
1482729537297 3 1
1482729541584 0 2
1482729542561 7 -2
1482729543713 6 -2
1482729545793 10 -2
1482729561305 9 -2
1482729562777 4 1
1482729563769 6 3
1482729564945 3 1
1482729565689 7 2
1482729573025 0 -1
1482729574265 2 3
1482729575241 5 1
1482729576841 8 2
1482729580353 3 -1
1482729581297 7 -1
1482729582210 6 -3
1482729583097 2 -1
1482729585961 6 3
1482729586633 3 1
1482729587657 3 -1
1482729590969 8 -2
1482729591617 2 -1
1482729592377 4 -1
1482729596169 5 -1
1482729597010 2 -1
1482729602321 0 -1
1482729603209 3 -2
1482729604936 4 -1
1482729605745 1 2
1482729608505 6 -3
1482729609545 1 1
1482729615569 2 2
1482729617448 5 2
1482729618008 9 2
1482729618608 10 2
1482729619210 5 1
1482729620010 3 -1
1482729620858 0 1
1482729633329 2 -1
1482729641627 0 -1
1482729642354 3 2
1482729643978 5 -2
1482729645890 1 -3
1482729650177 10 -2
1482729656497 5 -1
1482729660409 9 -2
1482729667081 1 1
1482729672105 2 1
1482729677450 4 2
1482729678481 2 1
1482729679192 3 1
1482729680736 5 1
1482729681465 5 1
1482729682218 8 2
1482729683272 0 2
1482729684329 7 -3
1482729687233 6 3
1482729689281 3 1
1482729692209 7 4
1482729694856 5 -2
1482729697768 1 -1
1482729700496 3 -1
1482729701057 7 -1
1482729701976 6 -3
1482729703073 2 1
1482729712424 2 -1
1482729713608 6 3
1482729714472 8 -1
1482729715152 0 -1
1482729716096 2 -3
1482729723800 0 -1
1482729724689 3 -1
1482729729248 4 -2
1482729732472 6 -3
1482729737000 4 2
1482729739088 3 1
1482729745208 2 4
1482729754000 2 -1
1482729754744 6 3
1482729758008 3 1
1482729758552 7 1
1482729761847 2 -3
1482729763336 0 2
1482729778304 3 -1
1482729778920 7 -1
1482729780472 6 -3
1482729782423 4 -1
1482729784048 9 2
1482729789976 0 -1
1482729791927 2 2
1482729792759 0 -1
1482729794303 2 -2
1482729803888 9 -2
1482729804952 4 1
1482729807351 6 3
1482729808392 3 1
1482729809031 7 1
1482729813808 2 3
1482729835255 2 -3
1482729837902 4 -1
1482729838528 9 1
1482729839184 10 1
1482729840231 1 1
1482729840905 2 1
1482729841566 5 3
1482729842985 8 -1
1482729844534 3 -4
1482729845806 4 -1
1482729846487 6 -1
1482729849759 7 -1
1482729850368 6 -2
1482729851295 1 2
1482729860542 1 -2
1482729861959 4 1
1482729863439 3 3
1482729864695 8 1
1482729866064 2 1
1482729866591 8 1
1482729867160 0 1
1482729869896 0 -1
1482729870559 8 -2
1482729871438 3 -3
1482729873687 4 -1
1482729874415 1 2
1482729877791 3 2
1482729879047 5 -3
1482729880543 2 -2
1482729881814 1 -3
1482729882847 1 3
1482729884040 10 -1
1482729890159 1 -2
1482729890855 9 -1
1482729891503 4 2
1482729892991 3 1
1482729893894 0 2
1482729896647 6 3
1482729898160 7 -1
1482729898737 3 1
1482729899840 4 -1
1482729900552 9 1
1482729907590 10 1
1482729908790 7 2
1482729963558 3 -1
1482729964750 7 -2
1482729966166 3 1
1482729968022 7 2
1482729969911 0 -2
1482729970895 2 2
1482729974525 3 -3
1482729975174 4 -1
1482729976085 1 1
1482729978622 10 -1
1482729979262 9 -1
1482729980926 6 -1
1482729984454 7 -1
1482729985126 6 -2
1482729994342 9 2
1482729997222 5 2
1482729998311 2 -1
1482729999030 1 -1
1482729999726 1 2
1482730002582 6 1
1482730006101 3 1
1482730006677 2 1
1482730009310 8 3
1482730010678 5 -2
1482730013238 3 -1
1482730015350 1 -1
1482730018309 6 -1
1482730019847 1 1
1482730025790 5 2
1482730029670 3 1
1482730031102 8 -3
1482730031790 3 -1
1482730033198 5 -2
1482730033990 2 -2
1482730035663 3 1
1482730038582 6 1
1482730042542 2 2
1482730044301 10 2
1482730044910 5 3
1482730046861 5 -3
1482730048719 5 3
1482730049958 2 -1
1482730050679 3 -2
1482730056158 0 1
1482730061646 2 1
1482730062430 1 -2
1482730063501 4 1
1482730068871 6 1
1482730070158 7 1
1482730074861 2 -1
1482730076694 10 -1
1482730077837 4 -1
1482730078734 1 1
1482730080693 10 1
1482730082093 0 -1
1482730083309 3 2
1482730084974 5 -3
1482730089214 5 3
1482730090118 3 -2
1482730092848 3 2
1482730093607 5 -3
1482730094447 2 -1
1482730102126 1 -1
1482730102869 4 1
1482730104046 3 1
1482730104982 0 2
1482730108218 7 -1
1482730109966 6 -2
1482730111223 10 -2
1482730112366 9 -2
1482730113262 4 1
