1480114747215 6 -1
1480114748564 3 -2
1480114758514 R
1480114761715 8 1
1480114763972 6 -1
1480114767200 5 -3
1480114768877 2 -1
1480114771333 10 -2
1480114775122 1 -3
1480114782928 9 -2
1480114784364 4 2
1480114785654 3 1
1480114787217 0 2
1480114788607 7 -1
1480114790420 8 -1
1480114799576 4 -1
1480114800731 9 2
1480114804567 10 2
1480114806213 1 1
1480114809068 R
1480114818295 2 1
1480114819634 8 4
1480114823844 6 -1
1480114825469 3 -2
1480114826759 2 -1
1480114830072 0 1
1480114833287 R
1480114837010 2 1
1480114838278 5 -3
1480114840125 10 -2
1480114842589 2 -2
1480114851505 6 -1
1480114853134 3 -1
1480114855653 1 -3
1480114857003 4 1
1480114858336 3 2
1480114859608 0 2
1480114860937 7 -1
1480114863096 8 1
1480114866795 10 2
1480114868238 1 1
1480114871004 6 2
1480114872392 7 2
1480114877294 1 -1
1480114880211 R
1480114884765 2 1
1480114885979 8 4
1480114889885 6 -1
1480114892186 1 -1
1480114894302 8 -4
1480114895626 5 -3
1480114898433 5 3
1480114899687 3 -2
1480114903491 2 -1
1480114904570 1 1
1480114905787 10 -1
1480114908541 9 -1
1480114909620 1 -2
1480114910949 4 1
1480114912153 6 3
1480114913395 7 1
1480114915156 0 1
1480114918831 2 1
1480114919995 4 -1
1480114921498 7 -1
1480114923875 6 -3
1480114925407 1 2
1480114927099 9 1
1480114928373 10 1
1480114933473 2 -1
1480114935537 1 -2
1480114936577 10 -1
1480114938600 4 1
1480114939816 2 1
1480114940916 10 1
1480114942273 6 2
1480114943285 7 1
1480114944611 4 -1
1480114946085 1 1
1480114947156 7 -1
1480114948432 6 -2
1480114953308 2 -1
1480114954809 1 1
1480114956921 10 -1
1480114959433 2 1
1480114963287 9 -1
1480114965730 R
1480114971887 2 1
1480114976048 8 2
1480114978897 1 -2
1480114979977 10 -1
1480114982177 9 -1
1480114983403 4 1
1480114984583 9 1
1480114985997 9 -1
1480114986954 6 2
1480114988546 3 2
1480114989906 0 1
1480114991297 8 -2
1480114995715 7 1
1480114997250 5 -3
1480115000167 2 -2
1480115001337 0 1
1480115002950 3 -1
1480115004080 7 -2
1480115005407 8 1
1480115008176 6 -3
1480115010545 9 1
1480115011763 10 -1
1480115012878 1 -1
1480115018888 7 1
1480115020202 8 -1
1480115022272 7 -1
1480115027796 1 1
1480115029093 10 2
1480115031917 6 2
1480115033165 7 2
1480115036822 10 -2
1480115038049 9 -2
1480115039082 4 1
1480115041860 6 1
1480115043028 3 1
1480115044607 4 -1
1480115046379 8 1
1480115048612 1 -1
1480115049666 9 1
1480115051084 10 1
1480115053055 3 -1
1480115054152 7 -2
1480115055354 6 -3
1480115058636 9 1
1480115061448 10 1
1480115062624 1 1
1480115064714 8 -1
