1482478643205 3 -2
1482478645292 6 -1
1482478648741 3 2
1482478649836 5 -3
1482478651172 2 -1
1482478652253 3 -1
1482478654661 10 -2
1482478655462 9 -2
1482478657533 2 2
1482478658404 5 2
1482478660700 5 -2
1482478661647 9 2
1482478662198 10 2
1482478662925 5 3
1482478663849 3 -1
1482478664860 2 -1
1482478671580 0 1
1482478674567 1 -2
1482478675652 10 -1
1482478678412 1 2
1482478679693 2 1
1482478683996 0 -1
1482478684860 3 2
1482478687455 5 -3
1482478688476 10 -1
1482478689319 1 -3
1482478691877 2 -2
1482478698678 4 1
1482478702149 3 1
1482478703653 0 2
1482478708166 7 -1
1482478709485 7 1
1482478710280 7 -1
1482478711213 1 1
1482478738789 6 2
1482478739797 7 2
1482478741734 1 -1
1482478743712 9 -2
1482478748879 7 -2
1482478751741 6 -2
1482478753484 9 2
1482478756668 1 1
1482478757804 10 2
1482478761236 7 1
1482478766039 1 -1
1482478768782 10 -2
1482478771845 7 -1
1482478775558 8 1
1482478778972 1 1
1482478779830 10 2
1482478784549 7 1
1482478785276 0 -2
1482478786423 1 -1
1482478787504 10 -2
1482478788895 9 -2
1482478789916 4 1
1482478791940 2 4
1482478794154 0 2
1482478796062 7 -1
1482478798220 5 1
1482478798780 8 1
1482478799592 7 -1
1482478804544 2 -1
1482478808190 1 1
1482478810749 1 -1
1482478813044 7 2
1482478814189 8 -2
1482478814965 0 -2
1482478816013 3 -2
1482478816645 2 -2
1482478817261 5 -1
1482478819885 4 -2
1482478820598 9 2
1482478821214 10 2
1482478821997 1 3
1482478822909 5 3
1482478823967 3 -1
1482478833479 3 2
1482478836166 2 1
1482478837104 5 -3
1482478838175 2 -2
1482478840378 3 -1
1482478851565 6 1
1482478854686 10 -2
1482478856052 9 -2
1482478858334 1 -1
1482478859382 6 2
1482478860734 7 1
1482478864037 3 1
1482478864741 7 -1
1482478865669 7 1
1482478866653 2 2
1482478867694 5 2
1482478868917 8 3
1482478871808 7 -1
1482478873110 6 -3
1482478874157 1 1
1482478874900 9 2
1482478877790 8 -3
1482478881620 10 2
1482478882514 5 1
1482478883910 3 -2
1482478885660 2 -1
1482478887812 2 1
1482478889951 1 -2
1482478891005 10 -1
1482478891900 4 1
1482478892805 4 -1
1482478893668 4 1
1482478895284 2 -1
1482478896836 0 1
1482478898324 4 -1
1482478899140 1 2
1482478899983 2 1
1482478902340 9 -1
1482478903382 6 1
1482478910757 2 -1
1482478917172 6 -1
1482478924000 2 1
1482478927788 2 -1
1482478928695 1 -2
1482478931196 4 1
1482478934396 6 3
1482478935701 7 1
1482478936966 4 -1
1482478937749 1 1
1482478939341 6 -1
1482478940021 9 1
1482478940670 10 1
1482478943127 2 1
1482478945635 7 -1
1482478946423 6 -2
1482478947405 1 1
1482478949291 2 -1
1482478953575 10 -1
1482478954701 9 -1
1482478957177 0 -1
1482478957861 3 2
1482478958718 5 -3
1482478960024 2 -1
1482478960632 3 -1
1482478973829 3 1
1482478974661 2 2
1482478975325 5 3
1482478976205 8 3
1482478978847 3 -2
1482478979629 0 1
1482478984277 6 1
1482478985965 9 1
1482478986613 10 1
1482478987323 8 1
1482478988760 2 -1
1482478991566 1 -1
1482478992429 6 1
1482478993390 7 1
1482478994637 2 1
1482478996111 8 -1
1482478997014 10 -1
1482478998183 9 -1
1482478998884 6 1
1482479004604 7 -1
1482479006014 6 -3
1482479007084 1 1
1482479007660 9 1
1482479008420 10 1
1482479009244 8 1
1482479010550 2 -1
1482479015001 1 -1
1482479021293 2 1
1482479024012 8 -1
1482479024759 10 -1
1482479025544 9 -1
1482479026316 1 1
1482479031831 1 -1
1482479033453 6 3
1482479034661 7 1
1482479036685 6 -1
1482479037645 9 1
1482479038151 10 1
1482479039149 8 1
1482479040317 2 -1
1482479042486 0 -1
1482479043500 3 2
1482479045363 2 1
1482479046357 5 -3
1482479047477 8 -4
1482479048605 1 -2
1482479049271 2 -2
1482479049940 3 -1
1482479055364 4 1
1482479058120 10 -2
1482479059864 3 2
1482479060829 0 2
1482479063800 7 -2
1482479064756 6 -2
1482479066829 1 1
1482479067535 10 2
1482479069456 1 -1
1482479070029 10 -2
1482479073701 8 1
1482479078061 1 1
1482479079773 10 2
1482479081531 10 -2
1482479082419 1 -1
1482479088693 7 1
1482479089701 0 -1
1482479090933 2 2
1482479091933 8 1
1482479093262 5 1
1482479097293 1 1
1482479098261 5 1
1482479099438 8 -2
1482479100208 2 -1
1482479102509 5 -2
1482479103429 2 -1
1482479104309 0 1
1482479105064 7 -1
1482479106673 1 -1
1482479111061 7 1
1482479111901 7 -1
1482479113813 6 2
1482479114293 9 -2
1482479115319 6 1
1482479116407 3 1
1482479124661 9 1
1482479125278 10 1
1482479126885 1 1
1482479129639 7 2
1482479131517 8 1
1482479197399 10 -1
1482479197858 1 -1
1482479199368 9 -1
1482479200109 4 1
1482479202541 8 -1
1482479204040 7 -2
1482479204784 3 -1
1482479205590 6 -3
1482479206781 4 -1
1482479207477 9 2
1482479208533 10 2
1482479209661 1 1
1482479215069 7 1
1482479217303 1 -1
1482479217973 10 -2
1482479220277 7 -1
1482479222549 1 1
1482479224747 9 -2
1482479225557 4 1
1482479229085 7 1
1482479229853 0 -2
1482479230869 2 4
1482479501974 1 -1
1482479505166 2 -3
1482479506061 4 -1
1482479507141 3 -2
1482479507789 4 -1
1482479508524 1 3
1482479509288 2 -1
1482479514092 2 2
1482479515540 5 2
1482479516454 9 2
1482479517054 10 2
1482479517636 5 1
1482479518559 3 -1
1482479519293 2 -1
1482479520829 0 1
1482479533364 6 1
1482479534357 6 -1
1482479538388 2 1
1482479540032 10 -1
1482479542084 10 1
1482479548565 2 -1
1482479551719 1 -2
1482479553577 4 1
1482479557228 2 1
1482479559259 10 -1
1482479560236 9 -1
1482479561732 6 3
1482479562677 7 1
1482479563877 4 -1
1482479565549 1 1
1482479571109 7 -1
1482479574965 2 -1
1482479575709 1 -1
1482479578061 1 1
1482479578877 2 1
1482479601917 2 -1
1482479602525 1 -1
1482479606373 4 1
1482479608102 7 1
1482479609037 4 -1
1482479609789 1 1
1482479610877 2 1
1482479616950 7 -1
1482480323863 R
1482480325498 3 -2
1482480327012 3 2
1482480328429 8 1
1482480331084 5 -3
1482480332036 2 -1
1482480346924 1 -1
1482480347934 6 1
1482480352436 7 1
1482480353501 7 -1
1482480358988 8 -1
1482480359660 3 -1
1482480361780 2 2
1482480362412 5 3
1482480364172 1 -1
1482480364716 2 -1
1482480367893 5 -3
1482480368484 1 -1
1482480369636 10 -2
1482480372470 9 -2
1482480373989 6 1
1482480374541 4 2
1482480376156 7 1
1482480378540 2 2
1482480379292 3 3
1482480380556 0 2
1482480381589 1 1
1482480383413 7 -2
1482480384261 3 -1
1482480385621 6 -3
1482480387445 6 3
1482480389406 7 2
1482480394880 1 -1
1482480397970 7 -2
1482480398869 6 -3
1482480400029 2 1
1482480402637 1 1
1482480406143 7 1
1482480411801 1 -1
1482480416200 7 -1
1482480420533 2 -1
1482480422485 5 1
1482480423245 8 2
1482480424077 7 -1
1482480426085 5 -1
1482480429357 6 3
1482480431725 1 1
1482480434526 7 3
1482480435727 3 1
1482480440629 7 -2
1482480442485 7 -1
1482480443695 3 -1
1482480445157 7 2
1482480446701 0 -1
1482480449261 0 -1
1482480450293 3 -1
1482480451309 2 -1
1482480453165 4 -2
1482480454437 5 2
1482480455783 8 -2
1482480456886 3 -1
1482480457517 2 -1
1482480459893 5 -2
1482480460949 2 -1
1482480464382 1 1
1482480470800 6 -3
1482480471469 9 2
1482480472103 10 2
1482480472829 2 1
1482480473885 5 3
1482480474829 3 -1
1482480476669 0 1
1482480488637 1 -1
1482480490629 4 1
1482480492485 2 1
1482480494037 2 -1
1482480495109 4 -1
1482480505261 2 1
1482480510549 4 1
1482480511341 10 -1
1482480511973 9 -1
1482480517373 6 3
1482480520829 7 1
1482480523133 4 -1
1482480524800 1 1
1482480535653 6 -1
1482480536693 9 1
1482480537637 10 1
1482480539605 2 -1
1482480545405 2 1
1482480546285 2 -1
1482480547685 2 1
1482480555925 0 -1
1482480556989 3 2
1482480558557 8 4
1482480560093 3 -2
1482480562445 7 -1
1482480565069 0 1
1482480567421 0 -1
1482480568332 3 2
1482480569772 5 -2
1482480570884 5 -1
1482480577612 8 -4
1482480578932 10 -2
1482480579916 9 -2
1482480580804 6 1
1482480584097 1 -2
1482480585125 2 -2
1482480586076 3 -1
1482480589044 3 1
1482480590436 4 2
1482480591436 3 2
1482480593300 0 2
1482480596092 1 1
1482480597311 1 -1
1482480599620 7 -1
1482480602020 3 -1
1482480603500 4 -1
1482480604365 9 1
1482480606116 10 1
1482480609188 10 -1
1482480611348 3 1
1482480612444 9 -1
1482480613468 1 1
1482480615596 1 -1
1482480616365 1 1
1482480620267 8 1
1482480621708 1 -1
1482480624485 4 1
1482480626373 1 1
1482480628261 3 -1
1482480629053 6 -3
1482480630365 4 -1
1482480631382 9 2
1482480632021 10 2
1482480632829 1 -1
1482480637549 10 -2
1482480638261 9 -2
1482480638983 4 1
1482480641933 7 1
1482480643733 1 1
1482480644847 1 -1
1482480646013 4 -1
1482480646717 9 2
1482480653941 7 -1
1482480660030 8 -1
1482480662382 7 1
1482480663504 0 -2
1482480665053 1 1
1482480666056 10 2
1482480667229 2 2
1482480668925 5 3
1482480673239 2 -1
1482480676382 3 -3
1482480677413 0 1
1482480678973 4 -1
1482480679869 1 2
1482480686727 10 -1
1482480687405 9 -1
1482480689309 1 -1
1482480690047 6 3
1482480691189 7 1
1482480698045 2 1
1482480700454 1 -1
1482480701559 4 1
1482480704813 2 -1
1482480709525 0 -1
1482480710926 3 4
1482480713853 8 1
1482480720229 0 1
1482480721360 5 -3
1482480723381 2 -1
1482480728365 0 1
1482480729661 7 -2
1482480734797 1 -1
1482480735829 10 -1
1482480736693 9 -1
1482480737709 4 1
1482480740207 3 -1
1482480741213 6 -3
1482480742439 4 -1
1482480743517 9 2
1482480744963 10 2
1482480746109 1 1
1482480749743 7 1
1482480750741 8 -1
1482480752549 1 -1
1482480753399 10 -2
1482480754253 9 -2
1482480754845 4 1
1482480759453 4 -1
1482480766093 4 1
1482480767037 7 -1
1482480778437 8 1
1482480784254 4 -1
1482480785220 9 2
1482480785925 10 2
1482480788189 7 1
1482480789205 8 -1
1482480792654 1 1
1482480793901 10 -2
1482480794865 9 -2
1482480795966 4 1
1482480796997 7 -1
1482480797765 7 1
1482480798685 0 -2
1482480800338 4 -1
1482480800991 3 -2
1482480803496 4 -1
1482480804168 1 2
1482480807037 3 1
1482480808528 2 2
1482480809317 5 2
1482480810373 8 3
1482480813061 1 -1
1482480814023 5 -2
1482480814719 8 -2
1482480815653 8 -1
1482480816542 3 -1
1482480817543 2 -2
1482480819005 3 1
1482480821837 1 -2
1482480823507 1 3
1482480828589 6 1
1482480831559 9 2
1482480834021 8 1
1482480839877 6 -1
1482480842549 2 2
1482480843397 8 2
1482480847266 5 2
1482480849189 10 2
1482480850701 3 -1
1482480852117 5 1
1482480852823 3 -1
1482480857640 0 1
1482480861693 0 -1
1482480872021 3 2
1482480873797 8 -3
1482480877800 5 -3
1482480879559 10 -2
1482480881036 1 -1
1482480882277 9 -2
1482480886416 1 -2
1482480888517 4 2
1482480893109 3 1
1482480893781 2 2
1482480894685 0 2
1482480895656 7 -1
1482480897223 5 1
1482480898372 8 2
1482480899364 7 -1
1482480905245 2 -1
1482480907598 6 3
1482480908597 3 1
1482480910357 5 -1
1482480912744 7 3
1482480914889 0 -2
1482480915669 2 -1
1482480916694 4 -1
1482480917510 3 -2
1482480918424 4 -1
1482480919270 7 -1
1482480921333 6 -3
1482480921941 9 2
1482480922501 10 2
1482480923253 1 3
1482480924013 5 3
1482480924535 8 2
1482480926861 3 -2
1482480927487 2 -1
1482480929495 0 1
1482480934205 6 1
1482480936007 2 1
1482480936673 8 -1
1482480937365 10 -1
1482480938002 9 -1
1482480939580 1 -1
1482480942368 0 -1
1482480943770 6 2
1482480944837 7 1
1482480952198 0 1
1482480956983 7 -1
1482480957885 0 -1
1482480960303 3 2
1482480963357 5 -2
1482480964229 5 -1
1482480965101 8 -3
1482480966293 2 -2
1482480972039 3 -1
1482480988168 1 -2
1482480991333 4 1
1482480992365 3 3
1482480993517 0 2
1482480994455 7 -1
1482480997949 3 -1
1482480999045 3 1
1482481002149 10 -1
1482481003069 9 -1
1482481004509 4 1
1482481005551 1 1
1482481007245 3 -1
1482481011021 7 1
1482481014885 0 -2
1482481016797 3 -2
1482481021450 3 1
1482481022693 3 -1
1482481023765 2 2
1482481025677 5 2
1482481028511 3 2
1482481029693 8 2
1482481031501 3 -1
1482481032421 8 -2
1482481033845 3 -1
1482481035062 4 -2
1482481036381 7 1
1482481039014 3 1
1482481039797 2 -1
1482481040551 1 1
1482481041262 9 1
1482481042367 5 -2
1482481043558 1 -2
1482481045053 3 -1
1482481048029 2 -1
1482481054381 1 2
1482481055429 1 -2
1482481088333 2 2
1482481089206 1 2
1482481090237 5 2
1482481092206 10 1
1482481092925 5 1
1482481094069 3 -1
1482481096245 7 -1
1482481097933 2 -1
1482481099638 1 -1
1482481117349 0 1
1482481118709 2 1
1482481120293 2 -1
1482481122709 0 -1
1482481123885 2 1
1482481126397 1 1
1482481128710 3 2
1482481129365 8 3
1482481130365 3 -2
1482481132277 0 1
1482481136352 6 -3
1482481137389 1 1
1482481138773 9 1
1482481235720 10 1
1482481236412 8 1
1482481237340 2 -1
1482481240532 1 -1
1482481248220 0 -1
1482481249828 0 1
1482481250365 2 1
1482481251820 8 -1
1482481252532 10 -1
1482481253340 9 -1
1482481262265 6 3
1482481263140 7 1
1482481266597 6 -1
1482481267452 9 1
1482481268028 10 1
1482481268748 8 1
1482481269968 2 -1
1482481271944 7 -1
1482481273716 0 -1
1482481274836 2 1
1482481276172 8 -1
1482481277136 10 -1
1482481277724 9 -1
1482481278389 6 1
1482481279740 7 1
1482481283853 0 1
1482481285311 7 -1
1482481286380 6 -3
1482481287305 1 1
1482481287853 9 1
1482481288565 10 1
1482481289460 8 1
1482481290192 2 -1
1482481293157 1 -1
1482481309406 1 1
1482481338528 1 -1
1482481341854 2 1
1482481342788 8 -1
1482481343672 10 -1
1482481344465 9 -1
1482481345237 1 1
1482481354678 6 1
1482481356190 1 -1
1482481356800 9 1
1482481357349 1 1
1482481358189 10 1
1482481358981 8 1
1482481359650 2 -1
1482481363671 1 -1
1482481364429 6 1
1482481365173 7 1
1482481366789 2 1
1482481368005 8 -1
1482481368791 10 -1
1482481369333 9 -1
1482481370021 6 1
1482481376164 7 -1
1482481377915 7 1
1482481386989 0 -1
1482481388661 3 2
1482481389462 8 -3
1482481393024 3 -2
1482481394885 2 -1
1482481395541 3 2
1482481398373 5 -3
1482481399165 3 -1
1482481399909 2 -1
1482481401205 1 -2
1482481403269 4 1
1482481404797 3 3
1482481406997 0 2
1482481411181 7 -2
1482481417429 10 -1
1482481421805 3 -1
1482481423942 8 1
1482481425685 1 1
1482481428411 10 1
1482481429949 10 -1
1482481430933 1 -1
1482481432861 6 -3
1482481436087 9 1
1482481437061 10 2
1482481437901 1 1
1482481446341 8 -1
1482481448221 1 -1
1482481451925 10 -2
1482481452901 9 -2
1482481454645 4 1
1482481457333 6 3
1482481459005 3 1
1482481461621 4 -1
1482481475596 7 2
1482481477197 0 -2
1482481480758 3 -3
1482481483134 4 -1
1482481485661 7 -1
1482481490501 1 2
1482481492797 2 2
1482481494677 5 2
1482481497141 9 1
1482481497829 10 1
1482481498661 5 1
1482481499789 3 -1
1482481501197 0 1
1482481502885 2 -1
1482481512357 1 -1
1482481515389 4 1
1482481518741 0 -1
1482481520245 3 4
1482481525421 0 1
1482481526599 5 -3
1482481528429 2 -1
1482481530397 0 1
1482481533765 7 -1
1482481535558 3 -1
1482481542429 6 -3
1482481545661 9 1
1482481547165 10 1
1482481558061 8 1
1482481560709 8 -1
1482481565198 1 -1
1482481566621 10 -2
1482481579829 8 1
1482481580485 8 -1
1482481583469 8 1
1482481584430 8 -1
1482481587517 1 1
1482481590525 6 2
1482481591861 9 -2
1482481592925 6 1
1482481593911 3 1
1482481597029 7 2
1482481605093 8 1
1482481608583 7 -2
1482481610573 3 -1
1482481612646 9 1
1482481613335 10 1
1482481614406 1 -1
1482481620557 7 1
1482481622980 0 -1
1482481626508 2 2
1482481635540 1 1
1482481637164 8 1
1482481638373 5 3
1482481639380 5 -3
1482481640005 8 -2
1482481642211 1 -1
1482481643012 10 -1
1482481644372 2 -2
1482481646118 0 1
1482481647556 7 -1
1482481648548 8 1
1482481651788 10 1
1482481655092 6 -3
1482481656436 9 1
1482481657324 10 1
1482481660148 1 1
1482481667164 7 1
1482481668516 0 -2
1482481670404 2 2
1482481679620 3 -1
1482481680550 4 -1
1482481682999 1 2
1482481685245 2 -2
1482481688383 10 -2
