1480553716040 2 1
1480553716664 3 -2
1480553720064 6 -1
1480553721368 1 -2
1480553724793 4 1
1480553726017 3 3
1480553727688 0 1
1480553728945 8 2
1480553730169 5 -3
1480553730944 8 -2
1480553747560 10 -2
1480553748304 2 -2
1480553749458 1 -1
1480553750832 0 1
1480553751640 7 -1
1480553752609 6 2
1480553753760 7 2
1480553754367 0 -2
1480553755527 3 -2
1480553756703 4 -1
1480553757671 9 -2
1480553758351 4 2
1480553759071 6 1
1480553761287 3 3
1480553768857 0 2
1480553770031 0 -2
1480553775448 R
1480553805214 5 -3
1480553809054 2 -1
1480553819037 1 -3
1480553820069 4 1
1480553820997 10 -2
1480553821703 9 -2
1480553822349 4 1
1480553823125 3 1
1480553824037 0 2
1480553824789 7 -1
1480553834061 7 1
1480553835701 7 -1
1480553836549 6 -1
1480553837612 4 -1
1480553838620 9 2
1480553843196 7 1
1480553844084 0 -2
1480553844830 2 2
1480553845444 10 2
1480553846012 1 1
1480553846853 5 3
1480553848308 8 2
1480553849004 0 1
1480553850684 8 -2
1480553851908 5 -3
1480553856124 2 -2
1480553856814 0 1
1480553857524 7 -1
1480553859244 6 2
1480553861005 R
1480553866740 2 1
1480553868735 8 4
1480553873443 5 -3
1480553876995 2 -2
1480553879643 2 2
1480553880219 5 3
1480553881397 3 -2
1480553882467 0 1
1480553887251 2 -1
1480553888251 0 -1
1480553889203 3 2
1480553890467 5 -3
1480553891787 2 -1
1480553894970 6 -1
1480553907706 2 2
1480553921529 5 3
1480553922490 3 -2
1480553929306 2 -1
1480553930209 0 1
1480553931905 1 -1
1480553933737 6 2
1480553935121 7 1
1480553935705 0 -1
1480553937609 3 2
1480553939218 5 -3
1480553940217 2 1
1480553940730 8 -4
1480553947714 10 -2
1480553948995 2 -2
1480553950697 7 -1
1480553952240 6 -2
1480553953192 1 1
1480553958498 1 -3
1480553959810 9 -2
1480553960532 4 2
1480553964378 2 1
1480553965881 1 1
1480553968066 4 -1
1480553968818 9 2
1480553969658 10 2
1480553970553 5 3
1480553971378 3 -2
1480553972265 0 1
1480553977385 2 1
1480553978625 10 -1
1480553979499 9 -1
1480553982161 6 3
1480553983137 7 1
1480553984091 4 -1
1480553985657 1 1
1480553993354 7 -1
1480553994035 6 -3
1480553997641 9 1
1480553999129 U
1480554001104 9 1
1480554001905 1 1
1480554004096 10 1
1480554005024 2 -1
1480554046071 2 1
1480554046605 0 -1
1480554049215 3 2
1480554049943 5 -3
1480554054023 2 -2
1480554054910 1 -3
1480554055680 10 -2
1480554056750 9 -2
1480554057510 4 2
1480554059982 4 -1
1480554061199 3 1
1480554062262 0 2
1480554063478 7 -1
1480554077326 9 2
