1482775350468 3 2
1482775352937 1 -1
1482775363201 0 1
1482775366239 4 -2
1482775372711 7 -1
1482775379077 3 -1
1482775382197 9 -3
1482775386428 7 2
1482775389420 7 -2
1482775390485 6 1
1482775391771 1 3
1482775399571 0 1
1482775400372 5 -2
1482775412219 4 1
1482775413018 5 2
1482775413773 0 -1
1482775414715 1 -3
1482775425169 4 -1
1482775430634 1 3
1482775431608 0 1
1482775435015 5 -2
1482775437391 2 1
1482775438272 4 -1
1482775439672 4 2
1482775440390 5 2
1482775455183 2 -1
1482775458132 5 -2
1482775459790 5 2
1482775461204 0 -1
1482775462122 1 -3
1482775465835 6 -1
1482775467438 7 2
1482775473257 8 2
1482775474403 10 1
1482775475137 1 1
1482775476552 2 3
1482775478148 4 -2
1482775480347 2 -2
1482775481280 10 -1
1482775484265 8 -2
1482775491368 R
1482775498518 2 1
1482775507636 7 -1
1482775509036 6 1
1482775515035 3 1
1482775516283 9 -2
1482775517075 0 1
1482775517882 4 -1
1482775518939 9 -1
1482775520252 1 2
1482775521934 0 1
1482775522703 5 -2
1482775524763 2 -1
1482775528295 10 1
1482775533428 5 2
1482775535181 0 -1
1482775535921 1 -3
1482775540025 6 -1
1482775546793 7 2
1482775562797 7 -2
1482775563917 6 1
1482775564776 1 3
1482775566236 0 1
1482775567086 5 -2
1482775568901 4 -1
1482775571413 10 -1
1482775597416 5 2
1482775600208 0 -1
1482775602161 1 -1
1482775604891 1 -2
1482775617872 1 3
1482775620430 0 1
1482775623062 5 -2
1482775630243 10 1
1482775637252 R
1482775654795 3 2
1482775656352 0 1
1482775657688 4 -2
1482775659172 5 1
1482775665807 7 -1
1482775666656 6 1
1482775668977 1 1
1482775669953 3 -1
1482775670600 5 -1
1482775671585 9 -3
1482775673712 1 -2
1482775674743 6 -1
1482775675815 7 2
1482775686598 7 -2
1482775687439 6 1
1482775688338 1 3
1482775689212 0 1
1482775689902 5 -2
1482775696253 10 1
1482775698866 10 -1
1482775701253 10 1
1482775701905 10 -1
1482775703916 2 1
1482775704828 4 -1
1482775707249 4 2
1482775708076 5 2
1482775709427 0 -1
1482775712194 2 -1
1482775713156 1 -3
1482775714418 6 -1
1482775715274 7 2
1482775719191 8 2
1482775719896 10 1
1482775720575 1 1
1482775721425 2 3
1482775722962 4 -2
1482775729592 8 -1
1482775730851 7 -1
1482775732288 9 3
1482775733144 5 1
1482775733991 3 1
1482775735856 4 3
1482775737320 2 -3
1482775739391 1 -1
1482775740462 10 -1
1482775741231 8 -1
1482775742208 7 -1
1482775743045 6 1
1482775745399 3 -1
1482775746446 5 -1
1482775747270 1 2
1482775748916 9 -2
1482775749856 9 2
1482775752227 4 -1
1482775753046 9 -3
1482775753950 1 1
1482775755037 0 1
1482775756004 5 -1
1482775759202 4 -1
1482775760948 5 -1
1482775766236 10 1
1482775767837 2 2
1482775770009 5 -1
1482775771691 4 -1
1482775775749 0 -1
1482775777003 1 -2
1482775781663 4 2
1482775784127 9 1
1482775785233 4 1
1482775786656 0 -1
1482775788497 3 -2
1482775790272 6 -3
1482775794105 10 2
1482775799111 3 1
1482775800214 3 -1
1482775802935 7 2
1482775806892 8 1
1482775807557 2 1
1482775808237 3 -1
1482775809101 0 1
1482775810604 4 -3
1482775811693 6 -1
1482775812485 9 -1
1482775817748 1 2
1482775818925 0 2
1482775819701 5 2
1482775820324 3 1
1482775821970 2 -1
1482775822955 8 -1
1482775823642 0 2
