1479332922945 9 -2
1479332923565 7 1
1479332924660 3 1
1479332925625 0 1
1479332926582 4 -2
1479332927285 1 -1
1479332928990 9 -1
1479332930166 7 -2
1479332931031 6 1
1479332932085 1 3
1479332932789 0 1
1479332933884 2 1
1479332934827 4 -1
1479332935523 5 -2
1479332939562 10 1
1479332940533 2 1
1479332941233 5 -1
1479332941978 0 -1
1479332942601 1 -2
1479332943553 9 3
1479332944417 3 1
1479332945346 4 3
1479332946213 0 -1
1479332947205 3 -3
1479332948850 6 -3
1479332949577 1 1
1479332950405 3 1
1479332951947 9 -2
1479332952874 10 2
1479332953540 7 2
1479332954569 8 2
1479332955676 2 1
1479332956613 3 -2
1479332957633 0 1
1479332958644 4 -3
1479332959442 6 -1
1479332959923 9 -1
1479332960456 1 1
1479332961528 0 2
1479332962248 3 2
1479332962870 5 2
1479332963694 2 -2
1479332964833 8 -2
1479332965642 0 2
