1479331559030 3 1
1479331559803 0 1
1479331560676 4 -2
1479331561202 2 1
1479331561926 4 -1
1479331563349 5 1
1479331565252 3 1
1479331566663 10 1
1479331569216 8 1
1479331570190 2 2
1479331571590 4 3
1479331572360 0 -1
1479331650235 2 -3
1479331651431 1 -1
1479331652273 10 -1
1479331652995 8 -1
1479331685022 3 -3
1479331686393 6 -1
1479331687701 7 -1
1479331688991 5 -1
1479331690896 9 -2
1479331691837 10 3
1479331692485 7 2
1479331693272 1 1
1479331694109 2 2
1479331694845 8 1
1479331695599 2 1
1479331696296 3 -1
1479331696937 0 1
1479331697708 4 -3
1479331698737 9 -1
1479331700972 8 1
1479331701556 10 -2
1479331702448 6 1
1479331703688 9 2
1479331704605 5 1
1479331706982 4 3
1479331708266 0 -1
1479331709308 3 2
1479331710097 2 -3
1479331710703 1 -1
1479331711447 10 -1
1479331712238 8 -2
1479331713594 3 -1
1479331714456 6 -1
1479331715226 7 -2
1479331716009 9 1
1479331716778 6 2
1479331718455 3 3
1479331721111 5 -1
1479331722337 3 -1
1479331723429 0 1
1479331724618 4 -2
1479331725649 9 -3
1479331727130 1 3
1479331728068 0 1
1479331729594 5 -2
1479331730601 2 1
1479331731570 4 -1
1479331733748 10 1
1479331734556 2 1
1479331735541 5 -1
1479331736509 0 -1
1479331737486 1 -2
1479331739564 9 3
1479331740235 3 1
1479331741871 1 1
1479331743297 4 2
1479331744131 4 1
1479331745071 0 -1
1479331746121 1 -1
1479331747055 3 -3
1479331748199 6 -3
1479331749561 1 1
1479331750179 10 1
1479331750821 7 1
1479331752078 3 1
1479331754548 9 -2
1479331759809 8 1
1479331761060 2 1
1479331762285 3 -2
1479331762962 0 1
1479331763925 4 -1
1479331765026 9 -1
1479331765603 1 1
1479331766150 10 1
1479331766847 7 1
1479331768060 0 2
1479331768618 3 2
1479331769158 5 2
1479331770390 2 -3
1479331771401 8 -1
1479331772197 0 2
