1482860575176 3 2
1482860581715 0 1
1482860583144 4 -2
1482860584494 5 1
1482860586055 1 -1
1482860587686 5 -1
1482860588496 3 -1
1482860589541 9 -3
1482860595694 7 1
1482860597281 7 -2
1482860598393 6 1
1482860600316 1 3
1482860601888 0 1
1482860602959 5 -2
1482860604350 2 1
1482860606643 4 -1
1482860608064 5 2
1482860609472 0 -1
1482860611693 1 -2
1482860612723 6 -1
1482860613836 7 2
1482860619853 7 -2
1482860620627 6 1
1482860624503 1 2
1482860626138 0 1
1482860627489 5 -2
1482860628596 4 2
1482860629854 2 -1
1482860630937 5 2
1482860632254 0 -1
1482860633319 1 -3
1482860635548 6 -1
1482860636363 7 2
1482860639137 8 2
1482860639967 10 1
1482860640693 1 1
1482860642200 2 3
1482860643728 4 -2
1482860645370 8 -1
1482860645958 7 -1
1482860646648 9 3
1482860648554 5 1
1482860650690 4 3
1482860651908 0 -1
1482860653152 3 -3
1482860654230 0 1
1482860655693 4 -3
1482860658602 5 -1
1482860660087 9 -3
1482860663119 7 1
1482860665022 6 -1
1482860665877 10 2
1482860670612 10 -2
1482860671712 9 2
1482860672934 5 1
1482860674998 4 3
1482860676256 0 -1
1482860678253 3 2
1482860679302 2 -3
1482860680529 1 -1
1482860681521 10 -1
1482860682536 R
1482860691434 3 2
1482860693346 0 1
1482860694550 4 -2
1482860696319 1 -1
1482860698505 3 -1
1482860699677 9 -3
1482860701055 7 1
1482860702647 7 -2
1482860703668 9 3
1482860705007 5 1
1482860705701 3 1
1482860708438 4 2
1482860709479 0 -1
1482860716471 6 1
1482860717909 3 -3
1482860719178 9 -1
1482860720024 6 -2
1482860721487 7 2
1482860724736 1 1
1482860725819 10 2
1482860726909 8 2
1482860727842 2 3
1482860728938 3 -1
1482860730408 0 1
1482860731537 4 -3
1482860733414 5 -1
1482860735210 9 -2
1482860736509 10 1
1482860738522 10 -2
1482860739538 9 2
1482860741990 5 1
1482860744825 4 3
1482860746027 0 -1
1482860747904 3 2
1482860749209 2 -3
1482860750659 1 -1
1482860751578 10 -1
1482860752397 8 -2
1482860753306 7 -2
1482860754624 6 2
1482860757593 3 1
1482860758724 0 1
1482860760198 4 -2
1482860761179 5 -1
1482860762591 9 -2
1482860766161 1 3
1482860767413 0 1
1482860768624 5 -2
1482860771960 2 1
1482860772914 4 -1
1482860774330 5 2
1482860775666 0 -1
1482860776537 1 -2
1482860777687 9 3
1482860779427 4 3
1482860780561 2 -1
1482860781461 1 -1
1482860782574 3 1
1482860783388 5 1
1482860785567 1 2
1482860786429 10 1
1482860789803 2 2
1482860792686 2 -2
1482860793646 1 -2
1482860794498 10 -1
1482860795775 6 -1
1482860799648 R
1482860802876 3 1
1482860805136 1 -1
1482860806268 0 1
1482860807517 4 -2
1482860829015 5 1
1482860829885 3 1
1482860832137 4 2
1482860834817 0 -1
1482860835923 1 1
1482860836737 10 1
1482860838486 2 2
1482860842103 5 -1
1482860842727 3 -1
1482860846041 0 1
1482860846917 4 -1
1482860848663 9 -3
1482860850255 7 1
1482860851693 2 -2
1482860852522 1 -1
1482860853565 10 -1
1482860854655 7 -2
1482860856262 6 1
1482860857922 1 3
1482860861424 0 1
1482860863956 2 1
1482860864990 4 -2
1482860867464 5 -2
1482860872399 R
1482860877394 3 1
1482860879184 9 -2
1482860880637 7 1
1482860882087 1 -1
1482860884145 0 1
1482860885369 4 -2
1482860888895 9 -1
1482860891970 7 -2
1482860893287 6 1
1482860894803 1 3
1482860895680 0 1
1482860896823 5 -2
1482860898963 2 1
1482860901545 2 -1
1482860904569 5 2
1482860905483 4 1
1482860907581 R
1482860911039 3 1
1482860912581 9 -2
1482860913527 7 -1
1482860914519 6 1
1482860916045 1 1
1482860917599 0 1
1482860919780 4 -2
1482860920967 9 -1
1482860923704 1 1
