1480020386937 1 -1
1480020393361 3 2
1480020395625 5 1
1480020397201 0 1
1480020398944 4 -2
1480020404689 4 2
1480020406776 1 1
1480020407880 10 1
1480020409208 2 2
1480020410519 4 -3
1480020416104 2 -1
1480020417664 8 1
1480020420552 2 2
1480020427336 4 3
1480020430160 4 -3
1480020431586 5 -1
1480020432555 3 -1
1480020435375 9 -3
1480020437430 7 1
1480020440911 4 2
1480020444695 2 -3
1480020446791 8 -1
1480020447526 10 -1
1480020448521 1 -1
1480020452064 7 -2
1480020453576 6 1
1480020455663 1 3
1480020457807 0 1
1480020462031 5 -2
1480020464742 4 -1
1480020476581 10 1
1480020482006 2 2
1480020484286 4 1
1480020485414 5 2
1480020486558 0 -1
1480020487770 1 -1
1480020490118 9 3
1480020491670 4 1
1480020496205 0 -1
1480020497397 2 -2
1480020502944 1 -1
1480020504237 6 -1
1480020505446 7 1
1480020506709 8 1
1480020508383 2 3
1480020512453 3 -3
1480020514973 0 1
1480020517485 4 -3
1480020524645 6 -1
1480020526917 9 -3
1480020530284 7 1
1480020532204 10 2
1480020534716 4 2
1480020536908 8 1
1480020539215 8 -1
1480020543708 10 -2
1480020545971 7 -1
1480020556133 9 3
1480020558531 4 -2
1480020561779 5 1
1480020562883 4 3
1480020563541 0 -1
1480020568307 9 -1
1480020570059 7 1
1480020570819 7 -1
1480020573340 9 1
1480020577411 3 1
1480020579339 2 -3
1480020581939 8 -1
1480020585618 1 -1
1480020586527 10 -1
1480020589706 6 1
1480020591698 3 3
1480020599437 7 -1
1480020601577 0 1
1480020603204 4 -1
1480020604535 4 -1
1480020606678 5 -1
1480020609090 4 2
1480020611114 1 1
1480020612337 6 1
1480020614050 1 1
1480020615323 10 1
1480020616969 2 2
1480020618521 0 -1
1480020620673 3 -3
1480020622209 2 -2
1480020625139 9 -2
1480020627973 1 -1
1480020629480 6 -2
1480020630729 7 2
1480020632441 8 2
1480020633921 2 3
1480020638329 3 -1
1480020639801 0 1
1480020642090 4 -1
1480020644130 4 -1
1480020645689 4 -1
1480020647098 9 -1
1480020648851 8 -1
1480020652552 10 2
1480020656881 7 -1
1480020658091 10 -1
1480020662103 7 1
1480020671809 9 2
1480020673064 4 3
1480020674784 0 -1
1480020677368 9 -1
1480020678960 10 1
1480020681903 3 1
1480020683568 2 -3
1480020687296 8 -1
1480020688495 1 -1
1480020689647 10 -3
1480020696159 10 3
1480020705296 10 -1
1480020705478 10 -2
1480020709240 7 -1
1480020710278 7 -1
1480020711319 6 2
1480020712392 9 2
1480020714238 3 3
1480020715726 5 1
1480020717214 0 1
1480020722926 5 -1
1480020724406 3 -1
1480020726150 9 -2
1480020727550 6 -1
1480020729790 7 2
1480020732894 7 -2
1480020733845 6 1
1480020736030 1 2
1480020739717 4 -1
1480020741269 9 -1
1480020742805 1 1
1480020749613 0 1
1480020760205 10 1
1480020762293 2 2
1480020766157 4 -2
1480020768125 5 -3
1480020773420 0 -1
1480020776964 1 -2
1480020779068 6 -1
1480020781260 7 2
1480020783044 8 2
1480020786300 2 1
1480020792132 4 2
1480020793859 9 1
1480020795291 4 1
1480020796516 0 -1
1480020798820 3 -3
1480020802291 6 -2
1480020803723 0 1
1480020804848 4 -2
1480020806499 9 -1
1480020807514 6 -1
1480020808618 1 2
1480020809981 10 2
1480020812179 0 2
1480020813410 3 1
1480020814571 2 -1
1480020815583 8 -1
1480020816825 8 -1
1480020818563 0 2
