1482775274315 3 2
1482775276052 1 -1
1482775292939 3 -3
1482775299716 3 3
1482775303173 1 1
1482775304377 10 1
1482775306231 8 1
1482775307873 2 3
1482775313329 3 -4
1482775315446 0 1
1482775317438 4 -3
1482775321925 5 1
1482775324440 6 -1
1482775326527 10 1
1482775331334 5 -1
1482775333228 9 -3
1482775335307 10 1
1482775338298 7 1
1482775348068 10 -2
1482775351274 6 1
1482775356052 9 2
1482775358956 5 1
1482775362997 4 3
1482775364434 0 -1
1482775384819 6 -1
1482775386976 10 1
1482775389277 8 1
1482775391424 3 2
1482775392746 2 -3
1482775394784 1 -1
1482775396678 10 -2
1482775399116 3 -1
1482775402108 8 -2
1482775407712 6 1
1482775409354 3 2
1482775411811 0 1
1482775413423 4 -2
1482775415550 5 -1
1482775417386 9 -2
1482775423427 8 2
1482775424699 10 1
1482775426301 1 1
1482775427943 2 3
1482775430127 4 -1
1482775436373 R
1482775474266 1 -1
1482775480443 1 1
1482775482656 10 1
1482775493193 3 1
1482775497108 0 1
1482775504953 9 -1
1482775506885 4 -2
1482775512771 9 -2
1482775516131 7 -1
1482775518529 6 1
1482775520831 1 2
1482775524862 0 1
1482775532037 5 -2
1482775551712 5 2
1482775553713 0 -1
1482775556423 1 -3
1482775563861 9 3
1482775582349 1 2
1482775592933 1 -1
1482775596777 4 2
1482775598613 0 -1
1482775601021 3 -2
1482775607759 6 -2
1482775613760 9 -2
1482775617701 10 2
1482775624294 7 2
1482775625779 8 2
1482775627652 2 3
1482775629682 3 -1
1482775631458 0 1
1482775636457 4 -1
1482775643070 9 -1
1482775648719 10 -2
1482775651030 8 -1
1482775666243 9 2
1482775667902 4 1
1482775670310 0 -1
1482775672300 3 2
1482775673795 2 -3
1482775675562 8 -1
1482775678202 7 -2
1482775683785 6 2
1482775687784 9 1
1482775703831 3 -1
1482775709954 3 3
1482775715904 0 1
1482775717621 4 -2
1482775719689 5 1
1482775726920 R
1482775751742 6 -1
1482775753586 9 -2
1482775757413 10 3
1482775785322 10 -2
1482775796721 7 -1
1482775805293 6 2
1482775811167 3 1
1482775822835 0 1
1482775826816 4 -2
1482775830632 9 -1
1482775835116 1 2
1482775844716 1 -3
1482775854532 6 -1
1482775857706 7 2
1482775866189 7 -2
1482775868762 6 1
1482775872111 1 3
1482775875538 0 1
1482775880955 5 -2
1482775888031 2 2
1482775890535 5 -1
1482775892225 4 -1
1482775906047 0 -1
1482775909239 1 -2
1482775918886 6 -1
1482775922751 7 2
1482775926429 8 2
1482775931641 R
1482775943319 3 2
1482775946493 0 1
1482775953899 0 -1
1482775967622 0 1
1482775970564 4 -2
1482775976620 4 2
1482775978727 0 -1
1482775984190 3 -2
1482775990043 2 1
1482776000536 3 1
1482776002678 0 1
1482776005156 4 -3
1482776007894 9 -2
1482776010407 9 -1
1482776016590 7 -1
1482776019065 6 1
1482776023822 1 2
1482776045698 0 1
1482776052130 5 -2
1482776060344 4 2
1482776069303 R
1482776075777 10 1
1482776087629 3 1
1482776094239 3 -1
1482776124303 2 1
1482776139928 2 1
1482776146181 3 -1
1482776150931 8 1
1482776152738 2 1
1482776156021 3 -1
1482776166957 9 -1
1482776171124 9 -1
1482776177282 6 -1
1482776179506 7 1
1482776184694 0 1
1482776188977 4 -3
1482776191774 9 -1
1482776195369 10 2
1482776218272 10 -2
1482776251825 R
1482776323504 3 1
1482776325273 0 1
1482776326780 2 1
1482776329375 4 -3
1482776332437 9 -3
1482776337014 7 -1
1482776338569 6 1
1482776343234 1 2
1482776355770 0 1
1482776359667 5 -2
1482776365506 4 2
1482776367674 2 -1
1482776391522 2 1
1482776397702 5 2
1482776401171 0 -1
1482776405700 1 -2
1482776410771 6 -1
1482776417758 7 2
1482776435315 7 -2
1482776437656 9 3
1482776443272 3 1
1482776451217 4 -2
1482776457922 R
1482776471201 6 -1
1482776476011 10 2
1482776486714 2 2
1482776489736 8 1
1482776492232 2 1
1482776495312 3 -2
1482776499907 0 1
1482776509019 4 -3
1482776521773 9 -3
1482776527941 10 -1
1482776531115 4 2
1482776533643 9 2
1482776536092 4 1
1482776540103 0 -1
1482776543037 3 2
1482776552729 3 -2
1482776565201 3 2
1482776566765 2 -3
1482776568202 8 -1
1482776573517 7 -1
1482776582142 6 2
1482776602159 3 1
1482776607094 2 2
1482776618681 0 1
1482776623663 4 -2
1482776625344 4 -1
1482776631590 9 -2
1482776637455 1 2
1482776645120 0 1
1482776652335 5 -3
1482776690393 0 -1
1482776696145 1 -2
1482776715658 1 2
1482776731879 1 -2
1482776735075 6 -1
1482776738221 7 2
1482776744418 8 2
1482776749935 8 -2
1482776752061 7 -2
1482776754256 6 1
1482776757674 1 2
1482776764395 0 1
1482776767911 5 3
1482776770290 2 -1
1482776775165 10 -1
1482776777962 4 2
1482776786526 10 1
1482776801966 10 -1
1482776811297 R
1482776824223 10 1
1482776825835 8 1
1482776829204 2 3
1482776832429 3 -2
1482776842381 6 -1
1482776854463 R
1482776857482 3 -1
1482776862881 6 -1
1482776869611 9 -2
1482776874740 10 3
1482776880632 2 2
1482776881855 8 1
1482776883545 2 1
1482776885205 3 -1
1482776887818 0 1
1482776892003 4 -3
1482776906559 10 -1
1482776910491 9 2
1482776916434 5 1
1482776937885 10 -1
1482776945120 6 1
1482776958171 4 3
1482776959802 0 -1
1482776962540 3 4
1482776964423 2 -3
1482776974776 3 -2
1482776976921 6 -1
1482776979738 10 1
1482776988624 2 3
1482776992012 3 -2
1482777001091 R
1482777027682 7 -1
1482777032384 6 1
1482777036259 3 2
1482777042243 3 -1
1482777044846 0 1
1482777047780 2 1
1482777049189 4 -3
1482777058489 9 -3
1482777067376 1 2
1482777071960 0 1
1482777076966 5 -2
1482777092297 R
1482777120221 6 -1
1482777127586 9 -2
1482777130871 10 3
1482777139255 2 2
1482777140587 8 1
1482777142346 2 1
1482777145194 3 -2
1482777149090 0 1
1482777157377 10 -2
1482777160466 9 2
1482777162654 5 1
1482777170552 5 -1
1482777173195 4 -3
1482777176421 9 -3
1482777192170 R
1482777208345 R
1482777233225 7 -1
1482777235703 6 1
1482777249306 3 1
1482777251173 0 1
1482777253221 4 -2
1482777257603 9 -3
1482777262327 1 2
1482777268818 0 1
1482777277484 5 -2
1482777292535 2 1
1482777294565 4 -1
1482777298714 5 2
1482777316457 R
1482777320917 6 -1
1482777327269 10 2
1482777340610 1 -1
1482777343583 1 1
1482777348995 8 1
1482777351336 2 3
1482777353598 3 -2
1482777379827 9 -2
1482777382596 7 1
1482777384840 10 1
