1480075244437 1 -1
1480075248469 9 -2
1480075255445 6 -1
1480075256951 7 1
1480075260253 8 2
1480075272229 3 -1
1480075274349 10 3
1480075276629 1 1
1480075277421 3 1
1480075280220 10 -3
1480075281500 10 3
1480075282597 8 -2
1480075283572 1 -1
1480075286364 8 2
1480075286943 10 -3
1480075289141 6 1
1480075289980 3 1
1480075293620 1 1
1480075294556 10 1
1480075295190 10 -1
1480075295996 1 -1
1480075298276 3 -2
1480075299188 6 -1
1480075300844 10 3
1480075302348 1 1
1480075303308 3 1
1480075308740 3 -1
1480075309356 3 1
1480075310132 2 3
1480075311556 3 -2
1480075314740 0 1
1480075315717 4 -3
1480075319732 9 -1
1480075326756 4 2
1480075329076 4 -2
1480075330660 9 1
1480075332260 9 -1
1480075335044 8 -1
1480075336124 10 -2
1480075337524 6 1
1480075339844 9 2
1480075342956 7 -1
1480075343412 9 1
1480075345588 4 3
1480075347748 5 1
1480075353236 0 -1
1480075355292 5 -1
1480075356164 5 1
1480075357212 0 1
1480075359204 4 -3
1480075363540 5 -1
1480075364964 6 -1
1480075366348 9 -3
1480075368172 7 1
1480075369204 10 2
1480075375492 10 -2
1480075376356 8 1
1480075377694 6 1
1480075378828 9 2
1480075379780 5 1
1480075382732 4 3
1480075389445 R
1480075393964 5 1
1480075394859 3 2
1480075396483 1 -1
1480075398323 7 -1
1480075399763 7 1
1480075400924 0 1
1480075401964 4 -2
1480075408812 8 1
1480075410019 10 1
1480075410820 1 1
1480075412964 2 3
1480075414715 4 -1
1480075422267 2 -2
1480075423467 10 -1
1480075423947 8 -1
1480075424947 7 -1
1480075426563 6 1
1480075427707 1 1
1480075429427 5 -1
1480075430171 3 -1
1480075430771 9 -3
1480075432147 1 1
1480075434059 0 1
1480075435275 5 -2
1480075450539 5 2
1480075453547 5 -2
1480075456179 4 2
1480075457747 2 -1
1480075461459 5 2
1480075466683 4 -1
1480075467587 5 -2
1480075476107 10 1
1480075478044 2 2
1480075479595 4 -1
1480075480307 5 -1
1480075482259 0 -1
1480075483339 1 -2
1480075485099 6 -1
1480075486939 7 2
1480075488379 8 2
1480075489300 2 1
1480075493843 9 2
1480075500195 4 3
1480075501660 9 -1
1480075506994 2 -1
1480075510739 4 -3
1480075513826 9 -1
1480075519890 8 -2
1480075523722 7 -2
1480075524971 6 1
1480075526306 1 2
1480075527458 0 1
1480075532282 5 3
1480075533418 4 2
1480075535458 2 -2
1480075539458 5 -2
1480075540914 4 -1
1480075545674 10 -1
1480075546370 10 1
1480075552042 2 2
1480075552794 4 -1
1480075553346 5 -1
