1482376292291 3 1
1482376294463 0 1
1482376295784 4 -2
1482376298015 2 1
1482376299016 4 -1
1482376301806 9 -3
1482376307452 4 2
1482376308585 7 -1
1482376309497 6 1
1482376310951 1 2
1482376314937 0 1
1482376318017 10 1
1482376318902 2 1
1482376321272 4 -2
1482376322903 5 -3
1482376328958 0 -1
1482376329951 1 -2
1482376330940 6 -1
1482376333640 9 3
1482376335142 7 1
1482376345200 9 -3
1482376346631 7 1
1482376350031 9 1
1482376351043 4 3
1482376351852 0 -1
1482376353025 3 -2
1482376355116 8 2
1482376355968 2 1
1482376356887 3 -1
1482376358625 0 1
1482376359552 4 -3
1482376361772 9 -1
1482376363110 6 -3
1482376364526 1 2
1482376365501 10 2
1482376368905 0 2
1482376371083 4 1
1482376371953 5 2
1482376372774 3 3
1482376373678 2 -3
1482376374952 8 -2
1482376375985 0 2
