1482775595121 3 2
1482775601046 1 -1
1482775605573 0 1
1482775606319 4 -2
1482775607133 5 1
1482775611757 4 2
1482775613277 0 -1
1482775615397 3 -3
1482775616317 5 -1
1482775617119 9 -2
1482775618765 7 1
1482775620005 6 -1
1482775620989 10 3
1482775622301 1 1
1482775623101 2 2
1482775624909 2 -2
1482775626173 8 2
1482775627524 8 -2
1482775628462 1 -1
1482775631892 10 -3
1482775640627 10 3
1482775645858 10 -3
1482775646708 7 -2
1482775648056 9 2
1482775648716 6 2
1482775650836 3 3
1482775651300 5 1
1482775652892 0 1
1482775656068 5 -1
1482775656668 3 -1
1482775657372 9 -2
1482775658088 1 2
1482775660724 4 -2
1482775661452 9 -1
1482775662024 1 1
1482775663490 0 1
1482775664092 5 -2
1482775668285 5 2
1482775670299 0 -1
1482775671108 1 -3
1482775675099 6 -1
1482775675876 7 2
1482775676995 8 2
1482775678019 10 1
1482775678819 1 1
1482775680309 1 -1
1482775680893 10 -1
1482775684317 9 2
1482775689824 9 -2
1482775690955 9 2
1482775692404 4 2
1482775693747 0 -1
1482775702843 1 1
1482775703379 10 1
1482775704085 2 3
1482775705079 3 -3
1482775706618 6 -1
1482775707883 10 1
1482775709868 0 1
1482775710532 4 -3
1482775711695 9 -2
1482775712717 10 1
1482775716139 4 2
1482775718986 9 1
1482775719659 4 1
1482775720427 0 -1
1482775721730 3 2
1482775722530 2 -3
1482775723611 1 -1
1482775730546 10 -3
1482775731691 6 1
1482775735107 3 -1
1482775737706 6 -1
1482775738570 8 -2
1482775745778 7 -2
1482775746342 6 2
1482775747586 3 2
1482775748450 1 2
1482775750451 1 -2
1482775751052 9 2
1482775751928 1 2
1482775753176 1 -2
1482775754169 0 1
1482775754890 4 -2
1482775755525 9 -3
1482775756536 1 3
1482775757697 0 1
1482775759569 5 -2
1482775761442 10 1
1482775762570 10 -1
1482775763865 10 1
1482775764514 2 2
1482775765162 4 -1
1482775766230 5 -1
1482775768170 0 -1
1482775771593 1 -2
1482775772193 6 -1
1482775772771 7 2
1482775779346 8 2
1482775779905 2 1
1482775783906 8 -1
1482775785490 2 -1
1482775786196 8 -1
1482775787338 7 -2
1482775789561 4 2
1482775790969 9 3
1482775791793 4 1
1482775792516 9 -2
1482775793299 7 2
1482775796064 4 -1
1482775797336 9 1
1482775798697 4 1
1482775799786 0 -1
1482775800691 0 1
1482775801545 4 -3
1482775802746 8 2
1482775803275 9 -2
1482775805951 2 1
1482775808227 2 -1
1482775809584 4 2
1482775812812 8 -2
1482775813952 7 -2
1482775814522 6 1
1482775815344 1 2
1482775816021 0 1
1482775821552 5 2
1482775822290 2 -2
1482775823256 10 -1
1482775828529 5 1
1482775830255 0 -1
1482775830985 1 -3
1482775833547 6 -1
1482775834928 7 2
1482775836584 8 2
1482775837423 1 1
1482775837833 10 1
1482775838469 2 3
1482775839451 8 -1
1482775841160 4 -2
1482775842585 2 -2
1482775843898 8 -1
1482775844502 10 -1
1482775850176 4 2
1482775850969 4 -2
1482775852268 9 2
1482775852922 5 1
1482775854407 4 3
1482775855439 4 -3
1482775856136 4 3
1482775857559 7 -2
1482775859759 6 1
1482775860927 1 1
1482775861665 R
1482775866813 9 -2
1482775867529 7 1
1482775870580 6 -1
1482775871543 10 3
1482775875470 7 -2
1482775877774 2 2
1482775879446 3 -1
1482775880997 2 -2
1482775881812 1 -1
1482775882874 10 -3
1482775889159 6 2
1482775889950 3 2
1482775891120 0 1
1482775891856 4 -2
1482775892559 9 -1
1482775893678 1 3
1482775894416 0 1
1482775895174 5 -2
1482775900326 2 1
1482775901574 4 -1
1482775905318 10 1
1482775906263 2 1
1482775907198 5 -1
1482775908872 0 -1
1482775909534 1 -2
1482775910159 6 -1
1482775910680 7 2
1482775912734 8 2
1482775914711 4 2
1482775916558 4 -2
1482775917559 8 -2
1482775919359 4 2
1482775921695 7 -2
1482775922161 6 1
1482775922714 1 2
1482775923598 0 1
1482775925525 0 -1
1482775926093 1 -2
1482775926708 9 3
1482775927663 3 1
1482775928407 1 1
1482775932005 1 -1
1482775932821 3 -1
1482775933511 9 -3
1482775934112 6 -1
1482775934727 7 2
1482775938637 4 -2
1482775940028 4 2
1482775940949 9 1
1482775941660 4 1
1482775942382 0 -1
1482775942912 3 -2
1482775945253 6 -2
1482775946598 10 2
1482775949725 3 1
1482775950469 3 -1
1482775953085 10 -2
1482775954149 6 2
1482775955249 3 2
1482775955965 0 1
1482775958805 4 -3
1482775959402 9 -1
1482775962014 4 2
1482775963621 4 -2
1482775964756 7 -2
1482775965197 6 1
1482775967027 1 2
1482775967837 0 1
1482775971332 5 3
1482775971964 2 -1
1482775972644 10 -1
1482775976597 10 1
1482775977469 5 -2
1482775981963 5 2
