1483637524933 6 1
1483637531184 2 1
1483637534324 0 2
1483637536368 10 1
1483637538063 1 1
1483637540049 9 -1
1483637550228 0 -1
1483637552007 10 -1
1483637554136 2 -3
1483637557120 6 -1
1483637560806 7 1
1483637562078 2 2
1483637563875 8 2
1483637566878 9 2
1483637568835 1 -1
1483637572270 0 -1
1483637574534 10 1
1483637576990 9 1
1483637582859 4 -1
1483637584435 6 -1
1483637586058 7 1
1483637588629 10 2
1483637591100 2 -1
1483637593535 4 -1
1483637595118 4 -1
1483637597044 12 2
1483637599198 0 1
1483637600871 3 -1
1483637602290 5 -2
1483637604790 11 -1
1483637607571 11 -1
1483637609481 7 1
1483637611277 8 1
1483637614199 1 3
1483637615713 0 -1
1483637618368 4 1
1483637620813 9 -3
1483637622305 2 -1
1483637626460 2 1
1483637629686 9 3
1483637632286 4 -1
1483637634735 0 1
1483637637410 7 -1
1483637638816 8 -1
1483637640075 11 2
1483637642282 5 2
1483637643585 3 1
1483637645185 1 1
1483637647336 12 -2
1483637648981 0 -1
1483637650335 4 2
1483637651851 2 1
1483637654127 10 -4
1483637656711 4 -2
1483637658495 2 -1
1483637661058 0 1
1483637666763 0 -1
1483637668665 4 2
1483637671003 9 -3
1483637672921 2 -1
1483637674411 4 -1
1483637677319 7 -2
1483637678965 8 -2
1483637681036 6 2
1483637684152 12 4
1483637685736 4 2
1483637689023 0 2
1483637691551 3 -2
1483637693162 1 -2
1483637694825 5 -2
1483637697406 4 1
1483637702095 3 1
1483637703300 1 1
1483637705028 0 -2
1483637706753 4 -3
1483637709239 12 -1
1483637711828 6 -1
1483637714095 11 -1
1483637717069 8 3
1483637720945 11 -1
1483637722467 6 -1
1483637724803 12 -1
1483637726861 7 3
1483637728656 2 1
1483637730484 9 1
1483637736450 9 2
1483637738468 4 -1
1483637740324 0 1
1483637746681 1 -1
1483637750015 7 -2
1483637752233 8 -2
1483637753867 6 2
1483637755262 11 2
1483637757915 5 2
1483637759155 3 1
1483637761732 12 -1
1483637763948 2 2
1483637766154 0 1
1483637768121 1 1
1483637769688 1 1
1483637771718 12 -1
1483637774852 0 -2
1483637776406 4 3
1483637778388 0 2
1483637783512 9 -3
1483637786220 7 -1
1483637787603 8 -1
1483637794141 10 1
1483637797009 10 1
1483637800846 9 1
1483637804440 7 1
1483637806022 8 1
1483637807878 9 2
1483637810781 0 -2
1483637812534 10 -2
1483637814364 4 -3
1483637816775 2 -2
1483637819266 12 2
1483637823530 6 -2
1483637827019 3 -1
1483637828450 1 -1
1483637829891 5 -2
1483637831442 11 -2
1483637833097 7 2
1483637834269 8 2
1483637837613 4 1
1483637839948 9 -3
1483637842129 2 -1
1483637845847 7 -3
1483637847581 8 -3
1483637849013 12 2
1483637850882 6 2
1483637852445 11 1
1483637855481 11 1
1483637857310 2 4
1483637858835 4 3
1483637862697 4 -1
1483637865103 2 -1
1483637866793 5 2
1483637869556 0 2
1483637871434 10 2
1483637877048 9 1
1483637878552 3 -2
1483637880126 1 -3
1483637883284 5 -2
1483637884756 4 1
1483637886403 2 1
1483637889527 12 -4
1483637895150 1 1
1483637896579 9 -1
1483637899108 7 1
1483637900657 8 1
1483637905255 9 3
1483637906875 3 -1
1483637907947 1 -1
1483637910429 4 -1
1483637911717 2 -1
1483637913963 11 -2
1483637917414 0 -2
1483637918675 4 -1
1483637920092 2 -1
1483637922067 6 -4
1483637924585 7 2
1483637926432 8 2
1483637928239 2 1
1483637929683 4 1
1483637931857 0 3
1483637933417 0 1
1483637937414 0 1
