1481872088250 4 -1
1481872089019 2 -1
1481872089911 6 -1
1481872090621 7 2
1481872091288 8 2
1481872092289 9 2
1481872094360 R
1481872099622 7 1
1481872100378 8 2
1481872101391 9 2
1481872103013 2 -1
1481872104056 0 1
1481872104889 1 1
1481872105639 9 -3
1481872106518 2 -1
1481872108108 7 -1
1481872110111 0 1
1481872111591 8 -2
1481872113281 6 1
1481872115812 0 -1
1481872116728 2 3
1481872117690 0 1
1481872118758 10 1
1481872119392 9 1
1481872120278 1 -1
1481872125273 1 1
1481872126443 9 -1
1481872127677 9 1
1481872132349 7 1
1481872133578 8 1
1481872135872 9 2
1481872136564 1 -1
1481872139188 1 1
1481872140551 10 -1
1481872142979 10 1
1481872143819 1 -1
1481872145661 0 -2
1481872146814 10 -1
1481872147631 2 -2
1481872148513 0 1
1481872149351 9 -2
1481872151437 1 1
1481872152410 9 -1
1481872153343 2 -1
1481872154179 0 1
1481872156053 7 -1
1481872157789 6 -1
1481872158651 8 1
1481872162842 7 1
1481872170708 8 -2
1481872171577 7 -1
1481872172807 6 1
1481872174270 0 -1
1481872174962 2 3
1481872176016 0 1
1481872176995 9 1
1481872177583 10 1
1481872178191 1 -1
1481872179717 0 -2
1481872180842 4 -1
1481872181373 2 -1
1481872182413 6 -2
1481872185740 7 2
1481872186396 8 2
1481872186873 10 2
1481872187740 9 2
1481872189102 4 -2
1481872192143 0 1
1481872193315 1 1
1481872194817 1 -1
1481872197809 2 -1
1481872199240 12 2
1481872200409 3 -1
1481872201613 5 -2
1481872204477 1 3
1481872205826 0 -1
1481872208695 4 1
1481872209170 9 -3
1481872210712 2 -1
1481872216243 11 -2
1481872216870 7 1
1481872217459 8 1
1481872220672 2 1
1481872221840 9 3
1481872223521 4 -1
1481872225713 0 1
1481872230373 0 -1
1481872231091 4 1
1481872231723 9 -3
1481872233883 2 -1
1481872236190 2 1
1481872236984 9 3
1481872237949 4 -1
1481872239942 0 1
1481872243053 0 -1
1481872244195 0 1
1481872244979 1 -3
1481872247762 0 -1
1481872248483 4 1
1481872249058 9 -2
1481872251701 9 2
1481872255736 4 -1
1481872258268 0 1
1481872259122 0 -1
1481872259913 4 1
1481872261122 4 -1
1481872261737 0 1
1481872263327 1 3
1481872263919 0 -1
1481872264742 4 1
1481872265331 9 -3
1481872266261 2 -1
1481872271314 2 1
1481872272942 2 -1
1481872275549 2 1
1481872276144 9 3
1481872277190 4 -1
1481872278052 0 1
1481872280384 1 -3
1481872281505 0 -1
1481872282377 4 1
1481872283132 9 -2
1481872286229 8 -1
1481872286822 7 -1
1481872287467 11 2
1481872289918 5 2
1481872290668 3 1
1481872293860 9 2
1481872294896 4 -1
1481872296309 0 1
1481872297270 1 4
1481872298308 12 -2
1481872299246 2 1
1481872301255 2 -1
1481872303494 0 -1
1481872304171 2 1
1481872304835 4 2
1481872305441 9 -3
1481872306727 10 -3
1481872308002 10 -1
1481872314095 9 2
1481872315352 9 1
1481872316170 4 -2
1481872317451 2 -1
1481872319787 0 1
1481872320779 0 -1
1481872322314 4 2
1481872322915 9 -3
1481872323755 2 -1
1481872326974 7 -2
1481872327715 8 -2
1481872328288 6 1
1481872329232 6 1
1481872330224 4 1
1481872331428 0 2
1481872333033 0 -2
1481872333919 2 3
1481872335260 0 2
1481872336545 9 1
1481872338242 10 2
1481872351874 9 -1
1481872352734 10 -2
1481872357706 0 -2
1481872359766 2 -3
1481872360829 0 2
1481872362282 10 1
1481872363958 6 -1
1481872364786 8 2
1481872365504 8 -2
1481872366386 6 1
1481872367442 0 -2
1481872368508 2 3
1481872369396 0 2
1481872370540 10 -1
1481872376282 0 -2
1481872376962 2 -3
1481872378251 0 2
1481872381510 6 -1
1481872382307 8 2
1481872386529 8 -2
1481872389695 6 1
1481872390630 6 -1
1481872391824 6 1
1481872392715 0 -2
1481872393498 4 -2
1481872394394 12 4
1481872395625 4 2
1481872396554 0 2
1481872400283 0 -2
1481872402567 4 -2
1481872404284 3 -1
1481872404900 1 -1
1481872405644 5 -2
1481872406264 11 -2
1481872406906 6 -2
1481872407634 12 -2
1481872408532 7 3
1481872409223 8 3
1481872410140 2 1
1481872410812 9 2
1481872412031 9 1
1481872413431 4 -1
1481872414343 0 1
1481872420813 1 -1
1481872423069 1 1
1481872425140 0 -1
1481872426530 4 1
1481872427029 9 -3
1481872428380 2 -1
1481872435427 2 1
1481872435906 9 3
1481872436930 4 -1
1481872439863 4 1
1481872440735 9 -3
1481872442083 2 -1
1481872442800 7 -3
1481872444329 8 -3
1481872445067 12 2
1481872446378 12 -2
1481872449497 6 2
1481872450282 11 2
1481872451046 12 2
1481872452076 2 4
1481872453186 4 3
1481872454464 10 2
1481872456025 10 -2
1481872456852 0 2
1481872458942 4 -1
1481872459587 2 -1
1481872460257 11 -2
1481872463897 9 1
1481872464619 10 2
1481872465624 1 -3
1481872466486 3 -2
1481872469626 3 2
1481872471327 3 -2
1481872472489 11 2
1481872473119 4 1
1481872473616 2 1
1481872474588 12 -4
1481872476862 12 4
1481872478507 3 2
1481872479741 3 -2
1481872480708 4 -1
1481872481263 2 -1
1481872482031 11 -2
1481872484405 3 2
1481872487480 0 -2
1481872489880 0 2
1481872491062 3 -2
1481872492403 11 2
1481872493527 5 2
1481872495203 3 3
1481872496952 1 4
1481872498124 3 -3
1481872499953 1 -4
1481872500740 5 -2
1481872501529 4 1
1481872502052 2 1
1481872502942 12 -4
1481872506909 12 3
1481872507790 3 2
1481872508768 12 -1
1481872512346 12 2
1481872513101 3 -2
1481872513744 4 -1
1481872514162 2 -1
1481872515731 11 -2
1481872545015 11 2
1481872546064 2 1
1481872546798 4 1
1481872547614 12 -4
1481872552398 2 -1
1481872553155 4 -1
1481872554257 11 -2
1481872556562 7 1
1481872557201 8 1
1481872558775 9 2
1481872559919 3 -1
1481872562840 11 2
1481872563523 4 1
1481872564100 2 1
1481872566157 9 -1
1481872567377 8 -1
1481872571156 8 1
1481872572179 9 1
1481872572940 3 1
1481872573545 1 1
1481872574025 9 -3
1481872575016 7 -1
1481872575766 8 -1
1481872576674 12 3
1481872578115 3 2
1481872579029 1 2
1481872579868 12 1
1481872580769 10 -2
1481872584876 3 -1
1481872586173 3 1
1481872587662 0 -2
1481872588884 2 -4
1481872589870 6 -1
1481872590627 12 -2
1481872593777 11 -1
1481872594908 8 3
1481872597892 7 1
1481872601300 7 -1
1481872602149 8 -3
1481872602853 6 1
1481872603422 11 1
1481872604090 12 2
1481872605012 4 -3
1481872606065 5 2
1481872606734 1 1
1481872607324 3 1
1481872608572 4 2
1481872609343 0 2
1481872612680 0 -2
1481872616938 2 3
1481872617905 0 2
1481872620506 3 -2
1481872621221 1 -2
1481872621857 5 -2
1481872622617 11 -2
1481872626713 11 2
1481872627270 4 1
1481872628509 2 1
1481872629307 12 -2
1481872630001 7 1
1481872630426 8 1
1481872631173 9 2
1481872632410 10 2
1481872633035 1 -2
1481872634639 3 -2
1481872635694 12 -2
1481872638169 2 -1
1481872638675 4 -1
1481872639520 11 -2
1481872643110 9 1
1481872645242 11 2
1481872646032 4 1
1481872646555 2 1
1481872647381 12 2
1481872653182 0 -2
1481872654696 12 -2
1481872655586 4 -2
1481872656239 2 -2
1481872657084 6 -4
1481872657991 11 -2
1481872658922 8 2
1481872660106 2 1
1481872660879 4 1
1481872661575 7 2
1481872662458 0 5
