1482800885702 0 1
1482800892027 2 -1
1482800893947 6 1
1482800898026 7 1
1482800899130 8 1
1482800900125 9 2
1482800901640 2 2
1482800902778 0 1
1482800904906 10 1
1482800907956 1 1
1482800909877 9 -3
1482800911525 7 -1
1482800912252 8 -1
1482800920798 7 1
1482800921747 8 1
1482800922686 9 3
1482800924111 1 -1
1482800927239 0 -2
1482800928351 4 -1
1482800929236 2 -1
1482800929924 10 -1
1482800934402 9 -2
1482800936540 2 -1
1482800938512 6 -2
1482800939486 7 1
1482800940204 8 1
1482800941555 2 1
1482800942511 10 2
1482800943915 10 1
1482800945151 4 -1
1482800945962 2 -1
1482800947038 12 2
1482800951112 9 2
1482800952392 4 -1
1482800955182 0 1
1482800957586 1 4
1482800963087 0 -1
1482800964883 12 -2
1482800966782 4 2
1482800968238 9 -3
1482800969352 2 -1
1482800971347 2 2
1482800972418 10 -4
1482800975152 9 3
1482800976646 4 -2
1482800983062 4 2
1482800984432 9 -3
1482800986515 7 -2
1482800991258 8 -2
1482800993238 6 2
1482800994484 4 1
1482800995591 2 1
1482800997795 0 2
1482801004214 7 1
1482801005644 8 1
1482801007242 9 3
1482801009106 10 2
1482801015524 0 -2
1482801016690 10 -2
1482801018382 4 -3
1482801020002 2 -2
1482801021330 12 2
1482801022678 3 -1
1482801023535 1 -1
1482801024738 5 -2
1482801026545 11 -2
1482801028022 6 -2
1482801029271 7 2
1482801030288 8 2
1482801033043 4 1
1482801034130 9 -3
1482801036505 7 -3
1482801040042 8 -3
1482801042230 12 2
1482801043219 6 2
1482801044307 4 2
1482801045433 2 2
1482801047507 0 2
1482801052985 10 2
1482801053013 1 -2
1482801054414 3 -2
1482801059586 9 1
1482801060637 1 -1
1482801064079 3 2
1482801065283 0 -2
1482801066688 10 -1
1482801067766 2 -2
1482801069219 4 -1
1482801070568 6 -2
1482801074342 2 1
1482801075414 10 1
1482801080296 6 2
1482801081697 4 1
1482801082578 2 1
1482801083619 0 2
1482801085320 3 -2
1482801091058 11 2
1482801091926 4 1
1482801092811 2 1
1482801094198 12 -4
1482801095275 4 -1
1482801096149 2 -1
1482801097821 11 -2
1482801101715 7 1
1482801102579 8 1
1482801103811 9 2
1482801104748 3 -1
1482801106106 0 -2
1482801107430 4 -1
1482801108372 2 -1
1482801109325 6 -4
1482801111085 7 2
1482801112206 8 2
1482801113109 2 1
1482801113751 4 1
1482801115180 0 4
1482801117537 0 1
