1481872099818 6 1
1481872099818 6 1
1481872101207 2 1
1481872101207 2 1
1481872102616 0 2
1481872102616 0 2
1481872103873 1 1
1481872103873 1 1
1481872107895 10 1
1481872107895 10 1
1481872109534 9 -1
1481872109534 9 -1
1481872111117 10 -1
1481872111117 10 -1
1481872112154 0 -1
1481872112154 0 -1
1481872112906 2 -3
1481872112906 2 -3
1481872155337 7 1
1481872155337 7 1
1481872155999 8 1
1481872155999 8 1
1481872156824 6 -1
1481872156824 6 -1
1481872157585 8 1
1481872157585 8 1
1481872162293 0 1
1481872162293 0 1
1481872188897 8 -2
1481872188897 8 -2
1481872189693 7 -1
1481872189693 7 -1
1481872190863 6 1
1481872190863 6 1
1481872200292 7 1
1481872200292 7 1
1481872200653 8 1
1481872200653 8 1
1481872202093 0 -1
1481872202093 0 -1
1481872202927 2 3
1481872202927 2 3
1481872203868 0 1
1481872203868 0 1
1481872205385 7 -1
1481872205385 7 -1
1481872205970 8 -1
1481872205970 8 -1
1481872208914 10 1
1481872208914 10 1
1481872209577 9 1
1481872209577 9 1
1481872215514 9 -1
1481872215514 9 -1
1481872218637 9 1
1481872218637 9 1
1481872220423 10 -1
1481872220423 10 -1
1481872220863 9 -1
1481872220863 9 -1
1481872222130 0 -1
1481872222130 0 -1
1481872223377 2 -3
1481872223377 2 -3
1481872224813 6 -1
1481872224813 6 -1
1481872227073 8 2
1481872227073 8 2
1481872227696 7 1
1481872227696 7 1
1481872228348 0 1
1481872228348 0 1
1481872230133 8 -2
1481872230133 8 -2
1481872230872 7 -1
1481872230872 7 -1
1481872232168 8 2
1481872232168 8 2
1481872234605 7 1
1481872234605 7 1
1481872236252 7 -1
1481872236252 7 -1
1481872236871 8 -2
1481872236871 8 -2
1481872238503 6 1
1481872238503 6 1
1481872240623 0 -1
1481872240623 0 -1
1481872241948 2 3
1481872241948 2 3
1481872242957 0 1
1481872242957 0 1
1481872244050 9 1
1481872244050 9 1
1481872245048 1 -1
1481872245048 1 -1
1481872247064 1 1
1481872247064 1 1
1481872248129 10 1
1481872248129 10 1
1481872251360 7 1
1481872251360 7 1
1481872251814 8 1
1481872251814 8 1
1481872252996 9 2
1481872252996 9 2
1481872255539 1 -1
1481872255539 1 -1
1481872256898 0 -2
1481872256898 0 -2
1481872257760 10 -1
1481872257760 10 -1
1481872258668 2 -2
1481872258668 2 -2
1481872259916 4 -1
1481872259916 4 -1
1481872261021 6 -1
1481872261021 6 -1
1481872261913 6 -1
1481872261913 6 -1
1481872262825 8 1
1481872262825 8 1
1481872263401 7 1
1481872263401 7 1
1481872266347 2 1
1481872266347 2 1
1481872267777 10 3
1481872267777 10 3
1481872269150 4 -1
1481872269150 4 -1
1481872269928 2 -1
1481872269928 2 -1
1481872270763 4 -1
1481872270763 4 -1
1481872272197 4 1
1481872272197 4 1
1481872273019 4 1
1481872273019 4 1
1481872273912 9 -2
1481872273912 9 -2
1481872275092 9 2
1481872275092 9 2
1481872276264 4 -1
1481872276264 4 -1
1481872277707 12 2
1481872277707 12 2
1481872279997 3 -1
1481872279997 3 -1
1481872280663 5 -1
1481872280663 5 -1
1481872281591 11 -1
1481872281591 11 -1
1481872282378 5 -1
1481872282378 5 -1
1481872283166 11 -1
1481872283166 11 -1
1481872283990 8 1
1481872283990 8 1
1481872284579 7 1
1481872284579 7 1
1481872286508 9 -2
1481872286508 9 -2
1481872287580 9 2
1481872287580 9 2
1481872288424 4 -1
1481872288424 4 -1
1481872294995 7 -1
1481872294995 7 -1
1481872296694 7 1
1481872296694 7 1
1481872297783 4 1
1481872297783 4 1
1481872298992 9 -2
1481872298992 9 -2
1481872304426 9 2
1481872304426 9 2
1481872306250 4 -1
1481872306250 4 -1
1481872306990 0 1
1481872306990 0 1
1481872308381 1 3
1481872308381 1 3
1481872318723 0 -1
1481872318723 0 -1
1481872319232 4 1
1481872319232 4 1
1481872320259 9 -3
1481872320259 9 -3
1481872321046 2 -1
1481872321046 2 -1
1481872331780 8 -1
1481872331780 8 -1
1481872332298 7 -1
1481872332298 7 -1
1481872333171 11 2
1481872333171 11 2
1481872334189 5 2
1481872334189 5 2
1481872335312 3 1
1481872335312 3 1
1481872336762 1 1
1481872336762 1 1
1481872337635 12 -2
1481872337635 12 -2
1481872338627 4 1
1481872338627 4 1
1481872343557 2 2
1481872343557 2 2
1481872344524 10 -4
1481872344524 10 -4
1481872345811 7 -2
1481872345811 7 -2
1481872346952 8 -2
1481872346952 8 -2
1481872348229 8 2
1481872348229 8 2
1481872348699 7 2
1481872348699 7 2
1481872349495 9 3
1481872349495 9 3
1481872351568 10 4
1481872351568 10 4
1481872354510 2 -1
1481872354510 2 -1
1481872356639 4 -1
1481872356639 4 -1
1481872359534 12 2
1481872359534 12 2
1481872360057 1 -1
1481872360057 1 -1
1481872360419 3 -1
1481872360419 3 -1
1481872360965 5 -2
1481872360965 5 -2
1481872361612 11 -2
1481872361612 11 -2
1481872362109 7 1
1481872362109 7 1
1481872362510 8 1
1481872362510 8 1
1481872364152 9 -3
1481872364152 9 -3
1481872365926 2 -1
1481872365926 2 -1
1481872368378 2 1
1481872368378 2 1
1481872369776 9 3
1481872369776 9 3
1481872370497 4 -1
1481872370497 4 -1
1481872371284 0 1
1481872371284 0 1
1481872381080 0 -1
1481872381080 0 -1
1481872381482 4 1
1481872381482 4 1
1481872382394 9 -3
1481872382394 9 -3
1481872388409 2 -1
1481872388409 2 -1
1481872389973 7 -1
1481872389973 7 -1
1481872390493 7 1
1481872390493 7 1
1481872390809 8 -1
1481872390809 8 -1
1481872391157 7 -1
1481872391157 7 -1
1481872392117 11 2
1481872392117 11 2
1481872392661 5 2
1481872392661 5 2
1481872393457 1 1
1481872393457 1 1
1481872394081 3 1
1481872394081 3 1
1481872395434 2 1
1481872395434 2 1
1481872400004 2 -1
1481872400004 2 -1
1481872401194 12 -2
1481872401194 12 -2
1481872401875 4 1
1481872401875 4 1
1481872403017 2 2
1481872403017 2 2
1481872407682 10 -4
1481872407682 10 -4
1481872408680 4 -1
1481872408680 4 -1
1481872409639 2 -2
1481872409639 2 -2
1481872412250 2 2
1481872412250 2 2
1481872412954 9 3
1481872412954 9 3
1481872413968 4 -1
1481872413968 4 -1
1481872415101 0 1
1481872415101 0 1
1481872417050 2 -1
1481872417050 2 -1
1481872417467 7 -1
1481872417467 7 -1
1481872417894 8 -1
1481872417894 8 -1
1481872418596 8 1
1481872418596 8 1
1481872418961 7 1
1481872418961 7 1
1481872419382 2 1
1481872419382 2 1
1481872422877 2 -1
1481872422877 2 -1
1481872423730 12 2
1481872423730 12 2
1481872424354 1 -1
1481872424354 1 -1
1481872424757 3 -1
1481872424757 3 -1
1481872426168 5 -2
1481872426168 5 -2
1481872426667 11 -2
1481872426667 11 -2
1481872427264 7 1
1481872427264 7 1
1481872427703 8 1
1481872427703 8 1
1481872432744 7 -2
1481872432744 7 -2
1481872433656 6 1
1481872433656 6 1
1481872435048 6 -1
1481872435048 6 -1
1481872435576 7 1
1481872435576 7 1
1481872439798 7 1
1481872439798 7 1
1481872448326 8 -1
1481872448326 8 -1
1481872450389 8 1
1481872450389 8 1
1481872451031 7 -1
1481872451031 7 -1
1481872452068 11 1
1481872452068 11 1
1481872452990 5 1
1481872452990 5 1
1481872454873 5 -1
1481872454873 5 -1
1481872456534 5 1
1481872456534 5 1
1481872457779 1 1
1481872457779 1 1
1481872459334 0 -1
1481872459334 0 -1
1481872460169 4 1
1481872460169 4 1
1481872466729 7 -1
1481872466729 7 -1
1481872467841 6 1
1481872467841 6 1
1481872470327 6 -1
1481872470327 6 -1
1481872472257 8 -2
1481872472257 8 -2
1481872473853 6 2
1481872473853 6 2
1481872475713 6 -1
1481872475713 6 -1
1481872477009 8 2
1481872477009 8 2
1481872478777 8 -2
1481872478777 8 -2
1481872479613 6 -1
1481872479613 6 -1
1481872480176 7 1
1481872480176 7 1
1481872481999 9 -3
1481872481999 9 -3
1481872482970 8 2
1481872482970 8 2
1481872484469 9 3
1481872484469 9 3
1481872485781 4 -1
1481872485781 4 -1
1481872486877 0 1
1481872486877 0 1
1481872491176 1 -2
1481872491176 1 -2
1481872496302 5 -1
1481872496302 5 -1
1481872496730 11 -1
1481872496730 11 -1
1481872498574 7 1
1481872498574 7 1
1481872500561 1 1
1481872500561 1 1
1481872501136 0 -1
1481872501136 0 -1
1481872503296 4 1
1481872503296 4 1
1481872505313 9 -3
1481872505313 9 -3
1481872506099 2 -1
1481872506099 2 -1
1481872512309 7 -3
1481872512309 7 -3
1481872513633 7 3
1481872513633 7 3
1481872514047 8 -3
1481872514047 8 -3
1481872514796 7 -3
1481872514796 7 -3
1481872516340 7 1
1481872516340 7 1
1481872523520 6 2
1481872523520 6 2
1481872525316 11 2
1481872525316 11 2
1481872526245 5 2
1481872526245 5 2
1481872526950 3 1
1481872526950 3 1
1481872527335 1 1
1481872527335 1 1
1481872528108 12 -2
1481872528108 12 -2
1481872528751 4 2
1481872528751 4 2
1481872529566 2 3
1481872529566 2 3
1481872532063 0 2
1481872532063 0 2
1481872533080 9 2
1481872533080 9 2
1481872534606 10 2
1481872534606 10 2
1481872536372 9 -2
1481872536372 9 -2
1481872537659 9 1
1481872537659 9 1
1481872538868 7 -1
1481872538868 7 -1
1481872540041 7 1
1481872540041 7 1
1481872540437 8 1
1481872540437 8 1
1481872541173 9 2
1481872541173 9 2
1481872542132 10 -2
1481872542132 10 -2
1481872543217 0 -1
1481872543217 0 -1
1481872544331 0 1
1481872544331 0 1
1481872547413 0 -2
1481872547413 0 -2
1481872548247 10 2
1481872548247 10 2
1481872549519 9 -3
1481872549519 9 -3
1481872550220 7 -1
1481872550220 7 -1
1481872550696 8 -1
1481872550696 8 -1
1481872554347 2 -1
1481872554347 2 -1
1481872554856 4 -1
1481872554856 4 -1
1481872556727 6 -2
1481872556727 6 -2
1481872557399 8 2
1481872557399 8 2
1481872557908 7 2
1481872557908 7 2
1481872558651 10 2
1481872558651 10 2
1481872560055 4 -1
1481872560055 4 -1
1481872560480 2 -1
1481872560480 2 -1
1481872561181 12 2
1481872561181 12 2
1481872562064 3 -1
1481872562064 3 -1
1481872563228 1 -1
1481872563228 1 -1
1481872563801 5 -2
1481872563801 5 -2
1481872564234 11 -2
1481872564234 11 -2
1481872564718 7 1
1481872564718 7 1
1481872565045 8 1
1481872565045 8 1
1481872566284 2 -1
1481872566284 2 -1
1481872568370 2 1
1481872568370 2 1
1481872568976 2 -1
1481872568976 2 -1
1481872571436 2 1
1481872571436 2 1
1481872571779 9 3
1481872571779 9 3
1481872572529 4 -1
1481872572529 4 -1
1481872573419 0 1
1481872573419 0 1
1481872574657 1 -3
1481872574657 1 -3
1481872576635 0 -1
1481872576635 0 -1
1481872577126 0 1
1481872577126 0 1
1481872577422 0 -1
1481872577422 0 -1
1481872579007 0 1
1481872579007 0 1
1481872590386 0 -1
1481872590386 0 -1
1481872591000 0 1
1481872591000 0 1
1481872592464 7 -1
1481872592464 7 -1
1481872592900 8 -1
1481872592900 8 -1
1481872594418 8 1
1481872594418 8 1
1481872594860 7 1
1481872594860 7 1
1481872603240 8 -1
1481872603240 8 -1
1481872603664 7 -1
1481872603664 7 -1
1481872604064 8 1
1481872604064 8 1
1481872604420 7 1
1481872604420 7 1
1481872605101 7 -1
1481872605101 7 -1
1481872605832 11 1
1481872605832 11 1
1481872606954 5 1
1481872606954 5 1
1481872686239 8 -1
1481872686239 8 -1
1481872687614 11 1
1481872687614 11 1
1481872688159 5 -1
1481872688159 5 -1
1481872689425 5 2
1481872689425 5 2
1481872689930 3 1
1481872689930 3 1
1481872690846 12 -2
1481872690846 12 -2
1481872691537 2 1
1481872691537 2 1
1481872694645 12 1
1481872694645 12 1
1481872695463 1 4
1481872695463 1 4
1481872697114 12 -1
1481872697114 12 -1
1481872699111 10 -1
1481872699111 10 -1
1481872699917 8 -1
1481872699917 8 -1
1481872701246 8 1
1481872701246 8 1
1481872701818 10 1
1481872701818 10 1
1481872702413 2 -1
1481872702413 2 -1
1481872703257 12 2
1481872703257 12 2
1481872706319 1 -1
1481872706319 1 -1
1481872707519 0 -1
1481872707519 0 -1
1481872709285 4 1
1481872709285 4 1
1481872710428 9 -3
1481872710428 9 -3
1481872715158 9 3
1481872715158 9 3
1481872715826 4 -1
1481872715826 4 -1
1481872716641 0 1
1481872716641 0 1
1481872717294 3 -1
1481872717294 3 -1
1481872718312 5 -2
1481872718312 5 -2
1481872719473 11 -2
1481872719473 11 -2
1481872720495 7 1
1481872720495 7 1
1481872720846 8 1
1481872720846 8 1
1481872728975 R
1481872728975 R
1481872731561 R
1481872731561 R
1481872731744 R
1481872731744 R
1481872731896 R
1481872731896 R
1481872732077 R
1481872732077 R
