1481871547028 4 -1
1481871550077 6 -1
1481871551324 7 2
1481871552208 8 2
1481871555959 9 2
1481871557016 10 3
1481871559548 4 -2
1481871560333 2 -1
1481871562283 12 2
1481871563223 0 1
1481871564901 3 -1
1481871566014 5 -2
1481871568090 0 -1
1481871570441 0 1
1481871576574 11 -2
1481871577533 7 1
1481871578035 8 1
1481871581275 0 -1
1481871582016 4 1
1481871582793 9 -2
1481871587891 9 2
1481871589586 4 -1
1481871592627 0 1
1481871594739 1 3
1481871596764 0 -1
1481871598617 4 1
1481871599057 9 -3
1481871600842 2 -1
1481871605708 2 1
1481871606341 2 -1
1481871610169 8 -1
1481871610612 8 1
1481871611995 2 1
1481871612488 9 3
1481871613374 4 -1
1481871614709 0 1
1481871615654 1 -2
1481871616493 1 -1
1481871619727 0 -1
1481871620341 4 1
1481871621013 9 -2
1481871626580 9 2
1481871627123 4 -1
1481871629089 0 1
1481871630206 1 1
1481871635032 1 1
1481871635983 1 1
1481871638045 1 -1
1481871640447 1 1
1481871642721 7 -1
1481871643112 7 1
1481871644992 0 -1
1481871646498 0 1
1481871647137 1 -1
1481871648946 1 1
1481871649886 1 -3
1481871650886 0 -1
1481871652457 4 1
1481871653099 9 -2
1481871658033 9 1
1481871659116 9 1
1481871660052 4 -1
1481871660835 0 1
1481871661938 1 1
1481871666084 1 -1
1481871666892 1 3
1481871668531 0 -1
1481871669736 4 1
1481871671409 4 -1
1481871672407 4 1
1481871672946 9 -3
1481871675582 R
1481871685880 6 1
1481871686889 6 -1
1481871687724 7 1
1481871688702 8 1
1481871696734 8 1
1481871698030 7 -1
1481871701859 2 -1
1481871702780 8 -2
1481871705716 6 1
1481871708622 2 2
1481871709711 0 2
1481871710542 1 1
1481871711568 9 -1
1481871712983 10 1
1481871716367 9 1
1481871717019 1 -1
1481871717712 10 -1
1481871719323 7 1
1481871719735 8 1
1481871720867 9 2
1481871721647 10 1
1481871723028 1 1
1481871724160 9 -2
1481871724908 9 -1
1481871725850 7 -1
1481871726251 8 -1
1481871728995 0 -1
1481871730649 10 -1
1481871731194 9 1
1481871731855 1 -1
1481871732354 0 -1
1481871733294 10 1
1481871735435 7 1
1481871735814 8 1
1481871736398 9 2
1481871738228 10 -1
1481871739236 2 -2
1481871740119 4 -1
1481871742057 6 -2
1481871742999 7 1
1481871743737 8 1
1481871745551 9 -2
1481871750610 7 -2
1481871751107 8 -2
1481871751817 6 2
1481871752719 4 1
1481871754370 2 2
1481871755220 0 2
1481871756059 1 1
1481871756952 9 -1
1481871758516 10 1
1481871760164 10 -1
1481871761078 9 1
1481871762153 1 -1
1481871789817 10 1
1481871790642 1 1
1481871792813 9 -1
1481871799239 10 -1
1481871800093 0 -1
1481871800651 7 1
1481871801122 8 1
1481871801797 9 3
1481871803068 1 -1
1481871804327 10 1
1481871805055 0 -1
1481871806264 10 -1
1481871806965 0 2
1481871807483 10 1
1481871809440 1 1
1481871812213 R
1481871814670 6 1
1481871815429 2 1
1481871816658 0 2
1481871817582 1 1
1481871818298 9 -1
1481871819066 10 1
1481871819586 10 -1
1481871820084 10 1
1481871822493 10 -1
1481871823347 9 1
1481871824120 1 -1
1481871825016 0 -2
1481871825872 4 -1
1481871826456 2 -2
1481871827924 6 -2
1481871829607 6 2
1481871831599 4 1
1481871832550 0 1
1481871833394 0 -1
1481871834153 2 2
1481871834987 10 1
1481871836446 7 1
1481871836872 8 1
1481871837447 9 2
1481871838865 10 -1
1481871839479 4 -1
1481871839950 2 -2
1481871841648 6 -2
1481871842476 7 1
1481871842888 8 1
1481871846311 9 -2
1481871847339 7 -2
1481871847842 8 -2
1481871849978 6 2
1481871850938 4 1
1481871852214 0 1
1481871854596 0 -1
1481871855603 2 2
1481871856111 10 1
1481871857665 10 -1
1481871859019 7 1
1481871859499 8 1
1481871860037 10 1
1481871860536 4 -1
1481871861217 2 -1
1481871862597 6 -2
1481871863414 7 1
1481871863826 8 1
1481871865362 10 2
1481871866162 9 2
1481871867675 4 -2
1481871868426 2 -1
1481871869960 12 2
1481871871815 12 -2
1481871872331 12 2
1481871872777 3 -1
1481871873482 0 1
1481871874476 1 4
1481871875970 0 -1
1481871878101 4 1
1481871878611 9 -3
1481871880452 2 -1
1481871884444 2 1
1481871886104 9 3
1481871886671 4 -1
1481871887516 0 1
1481871892422 5 -1
1481871893486 11 -1
1481871894282 8 1
1481871900255 0 -1
1481871900993 4 1
1481871901662 9 -3
1481871903852 2 -1
1481871904498 2 1
1481871905101 9 3
1481871905811 4 -1
1481871906698 0 1
1481871907845 1 -4
1481871909985 0 -1
1481871912340 8 -1
1481871913642 4 1
1481871914658 9 -2
1481871918671 9 1
1481871919497 9 1
1481871920178 9 -1
1481871921655 9 1
1481871922145 4 -1
1481871922694 0 1
1481871923491 1 4
1481871926062 0 -1
1481871927280 4 1
1481871928652 9 -3
1481871929574 2 -1
