1482067559373 8 2
1482067559373 8 2
1482067560620 7 1
1482067560620 7 1
1482067561656 9 2
1482067561656 9 2
1482067562596 10 1
1482067562596 10 1
1482067564471 10 -1
1482067564471 10 -1
1482067565223 9 -2
1482067565223 9 -2
1482067566239 7 -1
1482067566239 7 -1
1482067567000 8 -2
1482067567000 8 -2
1482067568198 6 1
1482067568198 6 1
1482067569112 2 1
1482067569112 2 1
1482067570184 0 2
1482067570184 0 2
1482067571305 1 1
1482067571305 1 1
1482067572104 9 -1
1482067572104 9 -1
1482067574078 0 -1
1482067574078 0 -1
1482067574889 2 -3
1482067574889 2 -3
1482067575615 0 1
1482067575615 0 1
1482067585732 6 -1
1482067585732 6 -1
1482067586718 8 2
1482067586718 8 2
1482067589200 7 1
1482067589200 7 1
1482067590244 0 -1
1482067590244 0 -1
1482067591002 2 2
1482067591002 2 2
1482067591948 9 3
1482067591948 9 3
1482067594049 1 -1
1482067594049 1 -1
1482067599452 2 -1
1482067599452 2 -1
1482067601230 8 -1
1482067601230 8 -1
1482067602481 6 1
1482067602481 6 1
1482067603676 2 2
1482067603676 2 2
1482067605648 10 1
1482067605648 10 1
1482067606304 0 1
1482067606304 0 1
1482067608806 1 1
1482067608806 1 1
1482067610231 10 -1
1482067610231 10 -1
1482067610964 9 -3
1482067610964 9 -3
1482067612464 7 -1
1482067612464 7 -1
1482067613040 8 -1
1482067613040 8 -1
1482067620695 7 1
1482067620695 7 1
1482067621221 8 1
1482067621221 8 1
1482067624088 10 1
1482067624088 10 1
1482067629283 9 3
1482067629283 9 3
1482067630363 1 -1
1482067630363 1 -1
1482067632682 10 -1
1482067632682 10 -1
1482067633506 9 -2
1482067633506 9 -2
1482067634478 7 -1
1482067634478 7 -1
1482067634988 8 -1
1482067634988 8 -1
1482067638008 8 1
1482067638008 8 1
1482067638457 7 1
1482067638457 7 1
1482067639687 10 1
1482067639687 10 1
1482067642601 1 1
1482067642601 1 1
1482067643568 9 2
1482067643568 9 2
1482067645446 1 -1
1482067645446 1 -1
1482067646512 9 -2
1482067646512 9 -2
1482067647720 10 -1
1482067647720 10 -1
1482067649225 0 -2
1482067649225 0 -2
1482067650345 2 -2
1482067650345 2 -2
1482067651628 4 -1
1482067651628 4 -1
1482067655293 2 1
1482067655293 2 1
1482067656308 6 -2
1482067656308 6 -2
1482067657359 7 1
1482067657359 7 1
1482067657975 8 1
1482067657975 8 1
1482067658620 10 3
1482067658620 10 3
1482067659638 4 -1
1482067659638 4 -1
1482067660296 2 -1
1482067660296 2 -1
1482067661289 12 2
1482067661289 12 2
1482067663374 3 -1
1482067663374 3 -1
1482067664982 9 2
1482067664982 9 2
1482067667070 4 -1
1482067667070 4 -1
1482067668089 0 1
1482067668089 0 1
1482067670372 5 -2
1482067670372 5 -2
1482067671096 11 -2
1482067671096 11 -2
1482067673428 1 3
1482067673428 1 3
1482067674187 0 -1
1482067674187 0 -1
1482067675304 4 1
1482067675304 4 1
1482067676092 9 -3
1482067676092 9 -3
1482067678095 2 -1
1482067678095 2 -1
1482067679044 7 1
1482067679044 7 1
1482067679700 8 1
1482067679700 8 1
1482067686857 2 1
1482067686857 2 1
1482067688265 9 3
1482067688265 9 3
1482067689124 4 -1
1482067689124 4 -1
1482067690110 0 1
1482067690110 0 1
1482067691593 1 -3
1482067691593 1 -3
1482067695924 1 3
1482067695924 1 3
1482067696908 0 -1
1482067696908 0 -1
1482067698210 4 1
1482067698210 4 1
1482067698988 9 -3
1482067698988 9 -3
1482067701819 2 -1
1482067701819 2 -1
1482067705669 7 -1
1482067705669 7 -1
1482067706284 8 -1
1482067706284 8 -1
1482067707152 11 2
1482067707152 11 2
1482067709268 5 2
1482067709268 5 2
1482067709972 3 1
1482067709972 3 1
1482067710694 1 1
1482067710694 1 1
1482067711448 12 -2
1482067711448 12 -2
1482067713276 4 1
1482067713276 4 1
1482067715277 2 2
1482067715277 2 2
1482067716780 10 -4
1482067716780 10 -4
1482067718116 4 -1
1482067718116 4 -1
1482067720004 2 -2
1482067720004 2 -2
1482067722760 7 -2
1482067722760 7 -2
1482067723948 8 -2
1482067723948 8 -2
1482067727676 12 4
1482067727676 12 4
1482067731476 4 1
1482067731476 4 1
1482067733416 6 2
1482067733416 6 2
1482067734724 4 1
1482067734724 4 1
1482067739541 3 -1
1482067739541 3 -1
1482067740137 1 -1
1482067740137 1 -1
1482067741089 5 -2
1482067741089 5 -2
1482067742315 11 -2
1482067742315 11 -2
1482067745565 12 -1
1482067745565 12 -1
1482067746265 6 -1
1482067746265 6 -1
1482067748300 8 3
1482067748300 8 3
1482067755596 4 -2
1482067755596 4 -2
1482067756469 12 -1
1482067756469 12 -1
1482067757231 6 -1
1482067757231 6 -1
1482067758094 7 3
1482067758094 7 3
1482067763588 2 1
1482067763588 2 1
1482067766044 9 3
1482067766044 9 3
1482067766802 7 -2
1482067766802 7 -2
1482067767518 8 -2
1482067767518 8 -2
1482067768815 6 2
1482067768815 6 2
1482067769460 11 2
1482067769460 11 2
1482067771292 5 2
1482067771292 5 2
1482067772660 1 1
1482067772660 1 1
1482067773228 3 1
1482067773228 3 1
1482067774268 12 -2
1482067774268 12 -2
1482067775696 4 2
1482067775696 4 2
1482067776516 2 2
1482067776516 2 2
1482067779724 0 2
1482067779724 0 2
1482067780347 9 -3
1482067780347 9 -3
1482067781569 7 -1
1482067781569 7 -1
1482067782460 8 -1
1482067782460 8 -1
1482067784361 0 -2
1482067784361 0 -2
1482067785772 4 -2
1482067785772 4 -2
1482067787004 2 -3
1482067787004 2 -3
1482067788341 6 -2
1482067788341 6 -2
1482067790449 7 2
1482067790449 7 2
1482067793428 8 2
1482067793428 8 2
1482067794445 2 2
1482067794445 2 2
1482067795819 9 3
1482067795819 9 3
1482067796884 4 1
1482067796884 4 1
1482067798324 10 4
1482067798324 10 4
1482067800572 4 -2
1482067800572 4 -2
1482067803300 2 -1
1482067803300 2 -1
1482067804184 0 1
1482067804184 0 1
1482067807965 12 2
1482067807965 12 2
1482067809260 1 -4
1482067809260 1 -4
1482067814220 12 -2
1482067814220 12 -2
1482067816156 12 2
1482067816156 12 2
1482067820980 3 -1
1482067820980 3 -1
1482067821787 5 -2
1482067821787 5 -2
1482067822828 11 -2
1482067822828 11 -2
1482067823635 7 1
1482067823635 7 1
1482067824821 8 1
1482067824821 8 1
1482067828385 1 3
1482067828385 1 3
1482067832705 0 -1
1482067832705 0 -1
1482067833653 4 1
1482067833653 4 1
1482067834556 9 -3
1482067834556 9 -3
1482067841844 8 -1
1482067841844 8 -1
1482067842516 7 -1
1482067842516 7 -1
1482067845220 11 2
1482067845220 11 2
1482067846387 5 2
1482067846387 5 2
1482067847092 1 1
1482067847092 1 1
1482067847739 3 1
1482067847739 3 1
1482067848525 12 -2
1482067848525 12 -2
1482067849914 4 1
1482067849914 4 1
1482067850508 2 1
1482067850508 2 1
1482067851388 10 -4
1482067851388 10 -4
1482067857581 2 -2
1482067857581 2 -2
1482067858764 7 -2
1482067858764 7 -2
1482067862740 8 -2
1482067862740 8 -2
1482067863540 4 -1
1482067863540 4 -1
1482067865293 12 4
1482067865293 12 4
1482067869101 4 1
1482067869101 4 1
1482067870272 2 2
1482067870272 2 2
1482067871242 10 2
1482067871242 10 2
1482067873957 9 1
1482067873957 9 1
1482067875524 9 -1
1482067875524 9 -1
1482067876132 10 -2
1482067876132 10 -2
1482067877485 4 -1
1482067877485 4 -1
1482067878613 2 -2
1482067878613 2 -2
1482067880956 12 -4
1482067880956 12 -4
1482067882212 7 2
1482067882212 7 2
1482067882964 8 2
1482067882964 8 2
1482067883660 2 2
1482067883660 2 2
1482067885001 9 3
1482067885001 9 3
1482067887413 2 -1
1482067887413 2 -1
1482067888256 2 1
1482067888256 2 1
1482067888800 4 -1
1482067888800 4 -1
1482067889753 0 1
1482067889753 0 1
1482067892233 2 -1
1482067892233 2 -1
1482067892776 7 -1
1482067892776 7 -1
1482067893321 8 -1
1482067893321 8 -1
1482067894165 6 2
1482067894165 6 2
1482067895296 12 2
1482067895296 12 2
1482067898219 1 -2
1482067898219 1 -2
1482067900081 3 -1
1482067900081 3 -1
1482067901937 6 -2
1482067901937 6 -2
1482067902873 7 1
1482067902873 7 1
1482067903457 8 1
1482067903457 8 1
1482067910012 5 -2
1482067910012 5 -2
1482067911046 11 -2
1482067911046 11 -2
1482067911817 7 1
1482067911817 7 1
1482067912382 8 1
1482067912382 8 1
1482067920565 1 1
1482067920565 1 1
1482067921156 0 -1
1482067921156 0 -1
1482067922184 4 1
1482067922184 4 1
1482067923640 9 -3
1482067923640 9 -3
1482067925061 2 -1
1482067925061 2 -1
1482067926143 7 -3
1482067926143 7 -3
1482067926836 8 -2
1482067926836 8 -2
1482067927760 8 -1
1482067927760 8 -1
1482067928574 12 2
1482067928574 12 2
1482067929676 4 1
1482067929676 4 1
1482067930413 2 2
1482067930413 2 2
1482067931728 10 2
1482067931728 10 2
1482067934148 10 -2
1482067934148 10 -2
1482067935844 2 -2
1482067935844 2 -2
1482067936825 4 -1
1482067936825 4 -1
1482067939780 12 -2
1482067939780 12 -2
1482067941617 8 2
1482067941617 8 2
1482067943389 8 1
1482067943389 8 1
1482067944372 7 3
1482067944372 7 3
1482067954821 2 1
1482067954821 2 1
1482067955824 9 3
1482067955824 9 3
1482067956917 8 -2
1482067956917 8 -2
1482067957641 7 -2
1482067957641 7 -2
1482067963837 9 -3
1482067963837 9 -3
1482067964624 2 -1
1482067964624 2 -1
1482067965334 7 -1
1482067965334 7 -1
1482067966081 8 -1
1482067966081 8 -1
1482067967230 12 2
1482067967230 12 2
1482067967840 6 2
1482067967840 6 2
1482067968452 11 2
1482067968452 11 2
1482067969533 2 4
1482067969533 2 4
1482067970701 4 3
1482067970701 4 3
1482067973125 0 2
1482067973125 0 2
1482067974684 1 -1
1482067974684 1 -1
1482067975361 3 -1
1482067975361 3 -1
1482067978725 4 -1
1482067978725 4 -1
1482067980100 2 -1
1482067980100 2 -1
1482067980909 11 -2
1482067980909 11 -2
1482067988676 10 2
1482067988676 10 2
1482067989814 3 -1
1482067989814 3 -1
1482067990393 1 -1
1482067990393 1 -1
1482067995370 3 2
1482067995370 3 2
1482067996114 1 2
1482067996114 1 2
1482067996940 0 -2
1482067996940 0 -2
1482067997996 10 -2
1482067997996 10 -2
1482068000652 4 -2
1482068000652 4 -2
1482068002701 2 -3
1482068002701 2 -3
