1481870732668 6 1
1481870733643 2 -1
1481870737856 2 2
1481870739426 0 2
1481870741619 1 1
1481870742633 9 -1
1481870744232 0 -1
1481870744940 2 -3
1481870746875 0 1
1481870749475 0 -1
1481870751326 2 3
1481870752292 10 1
1481870753474 0 1
1481870755544 9 1
1481870756596 1 -1
1481870757372 0 -2
1481870780412 0 2
1481870782313 0 -2
1481870783677 4 -1
1481870784567 2 -1
1481870785937 6 -2
1481870786936 7 2
1481870787907 8 2
1481870789449 10 2
1481870790426 9 2
1481870791412 4 -2
1481870793125 0 1
1481870794750 0 -1
1481870795791 2 -1
1481870799528 0 1
1481870800642 1 1
1481870802588 1 -1
1481870804752 2 1
1481870805798 12 1
1481870807042 1 4
1481870808150 0 -1
1481870809634 0 1
1481870810289 12 -1
1481870811888 0 -1
1481870813403 4 1
1481870814539 9 -3
1481870816692 2 -2
1481870823432 4 1
1481870825425 2 2
1481870825972 10 -3
1481870826945 10 -1
1481870828119 4 -1
1481870828858 2 -2
1481870829578 7 -2
1481870831785 8 -2
1481870833480 6 2
1481870834889 12 4
1481870836245 3 -1
1481870837069 1 -1
1481870837635 5 -2
1481870838946 11 -2
1481870840073 6 -2
1481870840802 12 -2
1481870841946 7 3
1481870842801 8 3
1481870846705 2 1
1481870847233 9 2
1481870848309 9 1
1481870849525 4 -1
1481870852472 0 1
1481870854317 1 -1
1481870867893 1 1
1481870875037 1 -1
1481870875791 1 1
1481870902732 0 -1
1481870903547 4 1
1481870904281 9 -3
1481870905498 2 -1
1481870910407 7 -3
1481870912438 12 1
1481870913626 4 1
1481870919262 2 1
1481870922334 2 -1
1481870923184 4 -1
1481870924819 12 -1
1481870926377 7 3
1481870931898 2 1
1481870932679 9 3
1481870934066 4 -1
1481870937171 0 1
1481870942051 0 -1
1481870944428 4 1
1481870945228 9 -3
1481870947087 2 -1
1481870948265 8 -3
1481870949434 7 -3
1481870951083 11 1
1481870956890 11 1
1481870959018 7 2
1481870960017 8 2
1481870961809 7 -2
1481870962975 8 -2
1481870964015 6 2
1481870964967 12 2
1481870966380 2 4
1481870967425 4 3
1481870971128 0 2
1481870972018 3 -1
1481870972802 1 -1
1481870974907 9 1
1481870976442 9 -1
1481870977855 2 -1
1481870979123 2 1
1481870979895 9 1
1481870981370 10 2
1481870982068 1 -2
1481870983922 3 -1
1481870985037 12 -2
1481870986542 12 -2
1481870988043 4 -1
1481870988685 2 -1
1481870990669 11 -2
1481870991633 8 1
1481870992607 7 1
1481870994212 8 -1
1481870994894 7 -1
1481870998130 11 2
1481870999005 4 1
1481870999821 2 1
1481871000684 12 4
1481871008229 3 2
1481871009484 3 -2
1481871014698 1 3
1481871016450 12 -3
1481871020744 12 3
1481871022474 9 -1
1481871026085 3 2
1481871027156 10 -2
1481871028894 1 -1
1481871029727 3 -1
1481871030472 3 1
1481871031451 1 1
1481871032928 U
1481871034075 1 1
1481871038361 0 -2
1481871040015 2 -4
1481871042128 6 -1
1481871043985 11 -1
1481871045820 12 -2
1481871046774 8 3
1481871051093 12 1
1481871053425 4 -3
1481871054409 12 -1
1481871054980 6 -1
1481871055503 11 -1
1481871056516 7 3
1481871060360 2 1
1481871061113 9 3
1481871062407 4 -1
1481871063576 0 1
1481871065058 1 -1
1481871073090 1 1
1481871075861 8 -1
1481871077299 8 1
1481871082866 1 -1
1481871084168 1 1
1481871091028 7 -2
1481871091731 8 -2
1481871092831 6 2
1481871094450 11 2
1481871095360 5 2
1481871096252 3 1
1481871096920 1 1
1481871098370 0 -1
1481871100324 4 1
1481871100796 9 -3
1481871102668 2 -1
1481871103498 7 -1
1481871104055 8 -1
1481871104929 12 2
1481871106047 4 2
1481871112370 2 3
1481871114320 0 2
1481871116519 0 -1
1481871117206 2 -3
1481871118905 0 1
1481871120359 3 -2
1481871121090 1 -2
1481871121786 5 -2
1481871123042 4 1
1481871123727 12 -2
1481871124354 6 -1
1481871125055 11 -1
1481871127514 7 1
1481871128203 8 3
1481871129599 7 -1
1481871131332 12 1
1481871132167 3 1
1481871133709 1 1
1481871135044 4 -1
1481871135735 11 -1
1481871137477 11 1
1481871138175 4 1
1481871139050 12 -1
1481871140050 7 1
1481871141108 7 -1
1481871148084 3 -1
1481871148777 1 -1
1481871150825 R
1481871153120 4 -1
1481871153929 6 -1
1481871156208 2 -1
1481871157940 6 2
1481871158870 4 1
1481871159689 0 1
1481871161145 1 1
1481871162102 9 -1
1481871163574 2 -1
1481871164656 6 -1
1481871165680 8 2
1481871167247 0 1
1481871169266 8 -2
1481871173888 6 1
1481871177919 R
1481871182348 10 1
1481871183613 0 1
1481871184444 1 1
1481871184998 9 -1
1481871186355 10 -1
1481871186978 2 -2
1481871189007 6 1
1481871189879 0 1
1481871191941 7 1
1481871192505 8 1
1481871193518 8 -1
1481871195295 7 -1
1481871196103 6 -1
1481871209729 7 1
1481871210938 7 -1
1481871212430 6 1
1481871214204 R
1481871216034 6 1
1481871216748 2 1
1481871223651 2 -2
1481871225862 4 -1
1481871228834 6 -2
1481871229670 7 2
1481871230485 8 2
1481871231122 9 1
1481871232124 9 1
1481871235908 R
1481871237150 7 1
1481871237775 8 2
1481871238553 9 2
1481871240396 9 -2
1481871241067 7 -1
1481871242546 8 -2
1481871247536 0 1
1481871248378 2 -1
1481871249712 6 1
1481871250768 0 -1
1481871251484 4 -1
1481871253728 4 1
1481871254358 2 2
1481871255162 10 1
1481871256347 4 -1
1481871259063 10 -1
1481871259902 7 1
1481871260780 9 1
1481871263902 10 1
1481871265926 9 -1
1481871266867 8 1
1481871267693 9 1
1481871270330 4 1
1481871271688 9 1
1481871274934 9 -2
1481871275982 7 -1
1481871276584 8 -1
1481871279262 2 -1
1481871280024 4 -1
1481871283194 R
1481871284975 R
1481871285471 R
1481871285855 R
1481871522993 R
1481871646232 2 -1
1481871648864 6 1
1481871650110 2 2
1481871651411 0 2
1481871652433 1 1
1481871653099 9 -1
1481871655243 0 -1
1481871656113 2 -3
1481871657061 0 1
1481871659522 6 -1
1481871661598 6 1
1481871665121 0 -1
1481871667352 0 1
1481871684773 0 -1
1481871685894 2 3
1481871686867 0 1
1481871687931 9 1
1481871688800 10 1
1481871689928 1 -1
1481871692003 0 -2
1481871694313 0 2
1481871695588 0 -2
1481871696408 4 -1
1481871697206 2 -1
1481871698236 6 -2
1481871699345 7 2
1481871700168 8 2
1481871701141 9 2
1481871701906 10 2
1481871704704 4 -2
1481871706536 10 -1
1481871708411 8 -1
1481871711170 0 1
1481871712365 1 1
1481871713216 1 -1
1481871714853 0 -1
1481871716573 4 2
1481871717274 9 -2
1481871717912 10 -2
1481871718688 7 -2
1481871719406 8 -1
1481871720418 6 2
1481871721505 4 1
1481871722107 2 1
1481871723233 10 1
1481871725623 0 2
1481871726626 1 1
1481871727184 9 -1
1481871728168 10 -1
1481871730797 0 -1
1481871731503 2 -3
1481871733211 0 1
1481871752975 6 -1
1481871753987 8 2
1481871754913 7 1
1481871756674 8 -2
1481871757483 7 -1
1481871758246 6 1
1481871760817 0 -1
1481871762149 6 -1
1481871787864 2 2
1481871788921 9 1
1481871791174 10 1
1481871792454 1 -1
1481871792833 0 -1
1481871795586 7 1
1481871796092 8 2
1481871796862 9 2
1481871798485 10 -1
1481871799481 2 -1
1481871804150 4 -1
1481871805391 6 -1
1481871806181 7 1
1481871807889 2 1
1481871808589 10 2
1481871810108 4 -2
1481871812779 0 1
1481871814358 1 1
1481871814883 1 -1
1481871815626 12 1
1481871816515 1 4
1481871818215 0 -1
1481871818991 12 -1
1481871820275 4 2
1481871821282 9 -3
1481871822585 10 -3
1481871824865 10 4
1481871826067 2 -2
1481871828625 4 -1
1481871831672 2 2
1481871832606 10 -1
1481871833842 10 1
1481871834557 9 3
1481871835942 4 -1
1481871837822 0 1
1481871839888 0 -1
1481871840748 4 2
1481871841336 10 -4
1481871842527 4 -2
1481871846669 0 1
1481871847620 0 -1
1481871848709 2 -1
1481871851645 12 2
1481871852577 3 -1
1481871854043 1 -1
1481871854691 5 -2
1481871855871 11 -2
1481871856626 7 1
1481871857241 8 1
1481871859290 4 1
1481871860610 9 -2
1481871862357 9 -1
1481871871261 2 -1
1481871872079 2 1
1481871872625 9 1
1481871874228 9 2
1481871875357 4 -1
1481871876924 4 1
1481871881708 4 -1
1481871882724 0 1
1481871885575 0 -1
1481871886586 4 1
1481871892692 9 -3
1481871894871 9 3
1481871896566 4 -1
1481871898107 0 1
1481871908788 1 -1
1481871910859 1 1
1481871915835 0 -1
1481871917828 0 1
1481871919095 0 -1
1481871919727 4 1
1481871920370 9 -3
1481871922192 2 -1
1481871927579 2 1
1481871928570 9 3
1481871935991 9 -3
1481871939479 7 -3
1481871944608 7 2
1481871946566 7 1
1481871948567 7 -3
1481871949672 12 1
1481871950363 6 1
1481871951233 4 2
1481871952214 10 1
1481871953579 0 1
1481871954813 1 -2
1481871960957 2 -1
1481871961810 0 1
1481871962993 3 -1
1481871964433 1 2
1481871965013 10 -1
1481871970227 3 1
1481871976746 1 -1
1481871977649 3 -1
1481871979273 3 1
1481871980217 0 -1
1481871981357 0 1
1481871982188 1 1
1481871982941 0 -2
1481871984924 4 -2
1481871985928 12 -1
1481871986615 6 -1
1481871987510 7 3
1481871988761 2 1
1481872005147 2 -1
1481872007612 2 1
1481872008443 9 2
1481872009336 9 1
1481872010561 4 -1
1481872012802 0 1
1481872016874 1 -1
1481872024879 7 -2
1481872027258 6 1
1481872027871 11 1
1481872029005 5 1
1481872029921 1 2
1481872032387 0 -1
1481872034247 4 1
1481872034680 9 -3
1481872036168 2 -1
1481872038747 7 -1
1481872040722 7 1
1481872043627 2 1
1481872048521 9 3
