1482266716517 0 1
1482266720901 1 1
1482266724069 6 1
1482266725222 2 1
1482266726685 0 1
1482266738270 7 1
1482266740437 8 1
1482266742875 9 2
1482266746104 10 1
1482266747109 0 -1
1482266751125 0 1
1482266754501 9 -3
1482266756612 7 -1
1482266757820 8 -1
1482266761292 10 -1
1482266764277 0 -1
1482266770812 8 1
1482266771526 8 -1
1482266772525 7 1
1482266773660 8 1
1482266774956 2 -3
1482266793508 2 3
1482266802580 0 1
1482266806236 10 1
1482266807166 9 3
1482266808949 0 -1
1482266813845 R
1482266818765 8 2
1482266823045 7 1
1482266826870 2 -1
1482266831019 8 -2
1482266831901 7 -1
1482266835933 6 1
1482266839396 2 2
1482266845107 0 2
1482266848052 1 1
1482266849036 9 -1
1482266853732 7 1
1482266855485 8 1
1482266856412 7 -1
1482266864491 R
1482266867540 R
1482266886412 R
1482266916285 4 -1
1482266961084 6 -1
1482266969700 7 2
1482266971717 8 2
1482266976179 9 2
1482266979515 10 3
1482266993771 2 -1
1482266995107 4 -2
1482266997419 0 1
1482267005914 12 2
1482267009819 0 -1
1482267014754 3 -1
1482267017506 5 -2
1482267020555 11 -2
1482267022355 7 1
1482267023598 8 1
1482267037554 0 1
1482267038634 1 3
1482267044787 0 -1
1482267098386 0 1
1482267102402 1 -3
1482267140369 1 2
1482267147218 7 -1
1482267148746 8 -1
1482267151250 11 2
1482267154042 5 2
1482267155378 3 1
1482267157417 1 2
1482267160105 0 -1
1482267163746 0 1
1482267167195 12 -2
1482267169506 2 1
1482267176251 0 -1
1482267177657 4 2
1482267187283 9 -3
1482267191385 2 -2
