1482453739559 6 1
1482453741041 2 1
1482453747481 4 -1
1482453748374 2 -1
1482453752167 6 -2
1482453760259 R
1482453773144 0 1
1482453774423 1 1
1482453775943 9 -1
1482453777945 2 -2
1482453798065 0 1
1482453806151 0 -1
1482453810707 2 2
1482453811847 9 1
1482453812615 10 1
1482453813771 1 -1
1482453819063 R
1482453830671 4 -1
1482453831719 6 -1
1482453842995 R
1482453864751 4 -1
1482453870161 6 -1
1482453871914 7 2
1482453873185 8 2
1482453875172 10 3
1482453876249 9 2
1482453878197 4 -2
1482453879711 2 -1
1482453882581 12 2
1482453885251 0 1
1482453891458 1 4
1482453893213 3 -1
1482453894091 5 -1
1482453895161 11 -1
1482453896613 8 1
1482453899577 1 -4
1482453900733 5 -1
1482453901976 11 -1
1482453903069 7 1
1482453907998 0 -1
1482453909005 4 1
1482453910889 9 -2
1482453922057 9 2
1482453924422 4 -1
1482453930607 7 -1
1482453931949 8 -1
1482453932671 11 2
1482453933744 5 2
1482453935023 3 1
1482453935619 12 -2
1482453937349 2 1
1482453939693 4 2
1482453945295 4 -2
1482453946400 0 1
1482453949523 1 1
1482453950176 12 1
1482453951735 1 3
1482453953061 12 -1
1482453955521 2 -1
1482453963436 12 2
1482453966035 1 -3
1482453967929 3 -1
1482453968923 5 -2
1482453972647 1 -1
1482453974269 0 -1
1482453977644 5 2
1482453978715 3 1
1482453979326 12 -2
1482453980973 0 1
1482453982407 1 1
1482453983371 12 2
1482453984255 1 3
1482453985023 12 -2
1482453986443 2 1
1482453988647 10 -1
1482453989617 8 -1
1482453994287 12 1
1482453995189 1 -4
1482453999354 12 -1
1482454002398 0 -1
1482454003219 4 2
1482454003895 9 -2
1482454004623 10 -2
1482454005616 8 -1
1482454008844 7 -2
1482454009839 6 2
1482454010979 2 1
1482454011553 4 1
1482454012391 0 2
1482454015401 1 1
1482454016029 9 -1
1482454021835 7 1
1482454025381 8 1
1482454026095 9 3
1482454027112 1 -1
1482454028011 9 -2
1482454028942 7 -1
1482454031829 7 1
1482454033023 7 -1
1482454033580 8 -1
1482454037795 R
1482454044606 6 1
1482454047029 2 -1
1482454047966 6 -1
1482454056487 0 1
1482454059064 1 1
1482454060599 9 -1
1482454062097 2 -1
1482454065464 0 1
1482454074621 0 -1
1482454076327 7 1
1482454081342 8 2
1482454082963 R
1482454099830 4 -1
1482454102570 6 -1
1482454108110 2 -1
1482454112775 2 1
1482454113783 7 2
1482454114871 8 2
1482454115956 9 2
1482454116794 10 3
1482454119008 10 -3
1482454119564 10 3
1482454124453 4 -2
1482454125400 0 1
1482454126400 1 1
1482454129653 1 -1
1482454130653 0 -1
1482454131421 4 2
1482454132229 9 -2
1482454133471 10 -3
1482454134479 2 -1
1482454137039 7 -2
1482454137798 8 -2
1482454138862 6 2
1482454142174 4 1
1482454143136 0 1
1482454144944 1 1
1482454146171 9 -1
1482454147202 2 -1
1482454156986 0 1
1482454161186 6 -1
1482454171014 R
1482454172202 4 -1
1482454175973 4 1
1482454178533 6 1
1482454180241 2 1
1482454184709 0 2
1482454187574 1 1
1482454189839 9 -1
1482454190732 0 -1
1482454191640 2 -2
1482454192851 2 -1
1482454194385 0 1
1482454198397 0 -1
