1482892107185 7 1
1482892108008 8 2
1482892109273 9 2
1482892116177 4 -1
1482892117306 6 -1
1482892118361 7 1
1482892120585 10 2
1482892121857 4 -2
1482892127769 0 1
1482892128833 1 1
1482892132313 1 -1
1482892134569 0 -1
1482892144458 10 1
1482892145273 2 -1
1482892146409 12 2
1482892147217 0 1
1482892148641 1 4
1482892158824 12 -2
1482892159873 2 1
1482892162337 0 -1
1482892163250 4 2
1482892164257 9 -3
1482892165273 10 -4
1482892167041 2 -2
1482892167841 4 -1
1482892168762 7 -2
1482892169826 8 -2
1482892171337 6 2
1482892172433 4 2
1482892181224 4 -2
1482892182872 4 2
1482892184384 0 2
1482892189344 0 -2
1482892190424 4 -2
1482892191856 12 4
1482892193136 4 2
1482892194111 0 2
1482892195288 1 -2
1482892196017 3 -2
1482892197624 5 -2
1482892202952 3 1
1482892203920 0 -1
1482892213088 4 1
1482892216632 12 -2
1482892217465 7 1
1482892218320 8 1
1482892219992 2 1
1482892221057 9 3
1482892222224 10 1
1482892223448 1 -2
1482892249912 1 1
1482892250888 9 -3
1482892251736 2 -1
1482892252560 0 1
1482892254106 3 -1
1482892256808 3 1
1482892259264 1 2
1482892261472 0 -2
1482892263688 7 -1
1482892264288 8 -1
1482892265055 12 2
1482892266121 2 4
1482892267176 12 -2
1482892268193 7 1
1482892271432 8 1
1482892273064 0 2
1482892273840 10 1
1482892275048 9 3
1482892276328 1 -3
1482892277385 3 -3
1482892282343 0 -2
1482892283760 12 -2
1482892284696 4 -2
1482892285608 2 -2
1482892287536 6 -4
1482892288472 11 -2
1482892289561 7 2
1482892290456 8 2
1482892291280 2 1
1482892291928 4 1
1482892293416 0 5
