1481133907252 8 2
1481133909462 8 -2
1481133910615 2 -1
1481133912366 6 1
1481133913582 4 -1
1481133916384 2 2
1481133917537 4 1
1481133919014 10 1
1481133920442 0 2
1481133923140 1 1
1481133926764 1 -1
1481133927719 10 -1
1481133931210 0 -1
1481133932494 2 -2
1481133933798 0 -1
1481133935210 4 -1
1481133936606 6 -2
1481133938486 8 2
1481133939819 7 2
1481133941260 9 2
1481133942820 8 -1
1481133943787 7 -1
1481133945730 2 1
1481133947291 10 1
1481133949724 6 2
1481133951042 2 1
1481133952130 4 1
1481133953750 10 -1
1481133954856 0 2
1481133958601 R
1481133967387 6 1
1481133969658 2 1
1481133974947 10 1
1481133976393 0 2
1481133978521 1 1
1481133980400 9 -1
1481133981421 10 -1
1481133982314 0 -1
1481133983570 2 -3
1481133987913 0 1
1481133989423 6 -1
1481133994713 8 2
1481133996138 7 1
1481133999216 0 -1
1481134000239 2 2
1481134001193 9 3
1481134002748 2 -1
1481134003717 1 -1
1481134004689 0 -1
1481134006019 4 -1
1481134006989 2 1
1481134007893 6 -1
1481134009355 7 1
1481134010882 9 -2
1481134012820 7 -2
1481134018488 8 -2
1481134020583 6 2
1481134021660 2 1
1481134022774 4 1
1481134026188 0 2
1481134028382 0 -2
1481134029481 2 -2
1481134037053 2 2
1481134039384 R
1481134044100 0 1
1481134045289 1 1
1481134046467 10 1
1481134047431 9 -1
1481134048956 10 -1
1481134049777 2 -2
1481134053979 0 1
1481134055941 0 -1
1481134057790 6 1
1481134062281 2 3
1481134065227 0 1
1481134066252 10 1
1481134069712 9 1
1481134070863 1 -1
1481134074479 0 -2
1481134075432 10 -1
1481134077003 2 -2
1481134081366 4 -1
1481134086702 6 -2
1481134091547 2 1
1481134092403 7 2
1481134093486 8 2
1481134098552 R
1481134102337 0 1
1481134106151 1 1
1481134106901 9 -1
1481134108991 2 -2
1481134111569 0 1
1481134113361 0 -1
1481134115378 6 1
1481134117217 2 3
1481134118932 0 1
1481134120260 10 1
1481134121138 9 1
1481134122520 1 -1
1481134124522 0 -2
1481134125837 10 -1
1481134127361 2 -2
1481134128418 4 -1
1481134130617 2 2
1481134132578 7 1
1481134133499 8 1
1481134134598 9 2
1481134136191 10 1
1481134138238 4 1
1481134139540 0 2
1481134153860 1 1
1481134154945 0 -1
1481134156055 1 -1
1481134157267 0 -1
1481134161790 10 -1
1481134163361 10 1
1481134165559 4 -1
1481134166549 2 -1
1481134167885 6 -2
1481134168919 7 1
1481134169900 8 1
1481134171074 10 2
1481134173098 4 -2
1481134174461 2 -1
1481134176266 12 2
1481134177990 3 -1
1481134179301 5 -2
1481134180563 11 -2
1481134182003 7 1
1481134182846 8 1
1481134187340 4 1
1481134188393 9 -2
1481134192679 9 2
1481134194104 4 -1
1481134195311 0 1
1481134196582 1 3
1481134197631 0 -1
1481134199610 4 1
1481134200472 9 -3
1481134202168 2 -1
1481134204490 7 -1
1481134205830 8 -1
1481134206863 11 2
1481134208093 5 2
1481134209274 3 1
1481134210536 1 1
1481134212931 2 1
1481134215349 9 3
1481134218086 12 -2
1481134219430 4 1
1481134220429 2 1
1481134221403 9 -3
1481134222596 10 -4
1481134224146 2 -2
1481134225679 4 -1
1481134226829 2 2
1481134227774 4 1
1481134228564 9 3
1481134232498 4 -2
1481134233697 0 1
1481134236109 2 -1
1481134237985 12 2
1481134238915 0 -1
1481134240203 12 -2
1481134242218 7 -1
1481134243208 7 1
1481134244310 2 1
1481134245302 4 2
1481134246664 9 -3
1481134248826 7 -2
1481134249771 8 -2
1481134253594 2 -2
1481134255252 6 2
1481134257050 4 1
1481134259170 2 3
1481134262254 0 2
1481134263298 0 -2
1481134264291 2 -3
1481134265509 4 -2
1481134266562 12 4
1481134268171 4 2
1481134269314 2 3
1481134272305 0 2
1481134275823 3 -2
1481134276919 1 -2
1481134278028 5 -2
1481134279406 4 1
1481134283127 4 -1
1481134284323 4 1
1481134285021 2 1
1481134286171 12 -2
1481134289895 7 1
1481134291520 8 1
1481134293072 7 -1
1481134294073 8 -1
1481134295661 9 1
1481134297003 10 2
1481134298785 1 -2
1481134299867 3 -1
1481134301195 12 -2
1481134303773 4 -1
1481134305587 2 -1
1481134306965 11 -2
1481134310489 7 1
1481134312689 8 1
1481134320994 11 2
1481134321922 7 -1
1481134325165 7 1
1481134326312 8 -1
1481134327690 7 -1
1481134330256 7 1
1481134331333 8 1
1481134333182 11 -2
1481134338421 9 2
1481134339798 3 -1
1481134342859 0 -2
1481134345785 0 2
1481134348603 11 2
1481134349821 4 1
1481134350613 2 1
1481134354682 12 2
1481134355808 3 3
1481134357048 1 3
1481134358519 10 -2
1481134359351 9 -3
1481134360483 7 -1
1481134366717 8 -1
1481134369765 9 1
1481134371114 10 2
1481134372376 1 -3
1481134373427 3 -2
1481134374646 12 -2
1481134375858 4 -1
1481134376808 2 -1
1481134378608 4 1
1481134379860 2 1
1481134384914 1 1
1481134387076 12 4
1481134388557 1 2
1481134389716 3 2
1481134395676 3 -2
1481134397001 3 2
1481134403617 2 -1
1481134404599 4 -1
1481134406059 11 -2
1481134410483 0 -2
1481134411565 4 -1
1481134414730 4 1
1481134416673 10 -2
1481134417347 9 -1
1481134418615 2 -3
1481134422298 0 2
1481134423710 1 -1
1481134425211 3 -1
1481134427507 6 -1
1481134428772 12 -1
1481134430215 8 3
1481134431943 11 1
1481134432956 4 1
1481134438242 3 1
1481134439388 1 1
1481134441161 1 -1
1481134442314 1 1
1481134446059 3 -1
1481134448085 1 -1
1481134449997 12 -1
1481134451420 7 1
1481134462539 7 -1
1481134467586 12 1
1481134472242 12 -1
1481134473752 12 1
1481134475570 1 1
1481134476905 3 1
1481134477789 0 -2
1481134479488 4 -3
1481134480951 12 -1
1481134481907 6 -1
1481134482965 11 -1
1481134484990 7 3
1481134491836 8 -3
1481134497903 8 3
