1482067815943 R
1482067821892 8 2
1482067822701 7 1
1482067832886 0 1
1482067833836 1 1
1482067834868 9 -1
1482067836597 2 -2
1482067838780 0 1
1482067843660 8 -2
1482067853534 7 -1
1482067854660 6 1
1482067864260 6 -1
1482067866614 0 -1
1482067867540 2 2
1482067868672 9 1
1482067869604 1 -1
1482067870588 0 -1
1482067872959 10 1
1482067875333 6 1
1482067876308 2 1
1482067879244 0 2
1482067884756 0 -2
1482067885575 2 -1
1482067886184 4 -1
1482067887604 6 -2
1482067890885 7 2
1482067891611 8 2
1482067897613 10 2
1482067898606 4 -1
1482067899199 2 -1
1482067900927 12 2
1482067901910 3 -1
1482067902668 5 -2
1482067904916 11 -2
1482067905772 7 1
1482067906755 8 1
1482067911301 9 2
1482067914292 4 -1
1482067920524 0 1
1482067923964 0 -1
1482067925012 4 1
1482067926588 9 -1
1482067930340 7 -1
1482067932325 7 1
1482067936540 9 -1
1482067940439 9 2
1482067943348 4 -1
1482067946532 4 1
1482067950412 4 -1
1482067951830 0 1
1482067952812 1 3
1482067955662 7 -1
1482067957860 11 1
1482067958683 5 1
1482067959428 1 1
1482067968742 8 -1
1482067971452 1 -1
1482067972238 5 -1
1482067973093 11 -1
1482067973772 7 1
1482067974435 8 1
1482067978988 0 -1
1482067980069 4 1
1482067980820 9 -3
1482067983686 2 -1
1482067992396 2 1
1482067993375 2 -1
1482067997710 2 1
1482068002012 8 -1
1482068005107 8 1
1482068021508 9 3
1482068022446 4 -1
1482068025213 0 1
1482068026683 1 -3
1482068027634 0 -1
1482068028531 4 1
1482068030515 9 -2
1482068035253 7 -1
1482068036533 7 1
1482068044141 9 2
1482068045837 4 -1
1482068046741 0 1
1482068048683 1 3
1482068049442 0 -1
1482068050316 4 1
1482068050900 9 -3
1482068052028 2 -1
1482068057163 2 1
1482068058070 9 3
1482068058854 4 -1
1482068060501 8 -1
1482068062182 7 -1
1482068063084 11 2
1482068076339 4 1
1482068076988 9 -3
1482068078790 2 -1
1482068082860 R
1482068089708 6 1
1482068090492 2 1
1482068093428 2 -2
1482068096021 2 2
1482068102644 0 2
1482068107332 0 -2
1482068108414 2 -2
1482068109628 6 -1
1482068110780 6 1
1482068111990 4 -1
1482068114671 4 1
1482068117220 6 -1
1482068145836 R
1482068152340 2 -1
1482068154885 6 1
1482068158900 0 1
1482068159572 1 1
1482068161621 9 -1
1482068162612 2 -1
1482068166351 0 1
1482068167828 6 -1
1482068168811 8 2
1482068170716 7 1
1482068184500 R
1482068198014 6 1
1482068199244 2 1
1482068200636 10 1
1482068202948 7 1
1482068203748 8 1
1482068204500 9 2
1482068206638 10 -1
1482068207983 2 -2
1482068208750 6 -1
1482068209509 8 1
1482068210628 9 -2
1482068211486 7 -1
1482068212460 2 1
1482068216828 0 1
1482068218052 1 1
1482068220884 10 1
1482068221476 9 -1
1482068230613 R
1482068243276 0 1
1482068245245 6 1
1482068246252 2 1
1482068248244 1 1
1482068249044 1 -1
1482068249838 10 1
1482068253256 0 -1
1482068255108 7 1
1482068255907 8 1
1482068257140 9 2
1482068259191 10 -1
1482068260389 2 -2
1482068262182 6 -1
1482068263085 8 1
1482068264404 9 -2
1482068265357 7 -1
1482068268364 4 -1
1482068269086 6 -1
1482068273236 7 2
1482068274053 8 -2
1482068276828 9 1
1482068278096 9 -1
1482068279252 7 -2
1482068281597 6 2
1482068282788 4 1
1482068284901 2 2
1482068288004 0 1
1482068290596 10 1
1482068291692 1 1
1482068292620 10 -1
1482068294997 2 -2
1482068295703 6 -1
1482068297293 8 2
1482068301684 2 1
1482068302308 7 1
1482068305996 9 -1
1482068308548 2 -2
1482068311508 7 -1
1482068318812 2 2
1482068333723 7 1
1482068337507 8 -1
1482068338524 6 1
1482068339388 2 1
1482068346245 0 1
1482068357403 0 -1
1482068358355 2 -2
1482068359267 6 -1
1482068360195 8 1
1482068362163 9 3
1482068364044 1 -1
1482068367532 0 -1
1482068368390 4 -1
1482068369245 6 -1
1482068370051 7 1
1482068373019 9 -2
1482068374194 9 2
1482068376234 9 -2
1482068378970 2 1
1482068379675 10 3
1482068380571 4 -1
1482068381962 9 2
1482068382750 4 -1
1482068383827 10 -1
1482068385238 8 -1
1482068388134 12 1
1482068406880 R
1482068544310 4 -1
1482068544966 6 -1
1482068548012 6 2
1482068548780 4 1
1482068549412 0 1
1482068550196 2 1
1482068552236 1 1
1482068552861 9 -1
1482068554476 2 -3
1482068560958 6 -1
1482068563196 8 2
1482068564588 7 1
1482068565900 2 2
1482068568260 9 3
1482068569390 1 -1
1482068570848 0 -1
1482068572037 2 -1
1482068573133 4 -1
1482068573934 6 -1
1482068574932 7 1
1482068576924 2 1
1482068578165 9 -2
1482068579172 10 3
1482068580332 4 -1
1482068580981 9 2
1482068621376 4 -1
1482068622492 10 -1
1482068630510 12 1
1482068631740 0 1
1482068635060 1 4
1482068639941 1 -3
1482068640764 12 -1
1482068645302 1 -1
1482068645896 0 -1
1482068647038 12 1
1482068669372 4 1
1482068671204 4 -1
1482068671780 0 1
1482068672612 1 2
1482068673860 1 2
1482068674477 0 -1
1482068675428 4 1
1482068676204 9 -3
1482068678491 10 1
1482068679716 2 -2
1482068684004 2 2
1482068684836 9 3
1482068685783 4 -1
1482068686972 10 -1
1482068687758 8 -1
1482068689388 8 1
1482068702212 12 -1
1482068706100 8 -1
1482068712660 R
1482068721054 4 -1
1482068721879 6 -1
1482068723005 2 -1
1482068726542 6 2
1482068727620 4 1
1482068729124 6 -1
1482068730278 2 1
1482068731404 7 1
1482068732461 8 2
1482068735412 9 2
1482068738143 10 1
1482068739127 4 -1
1482068764988 R
1482068771544 4 -1
1482068772212 6 -1
1482068773190 2 -1
1482068776172 6 2
1482068779003 4 1
1482068779900 4 -1
1482068781020 4 1
1482068781947 0 1
1482068782868 1 1
1482068784949 9 -1
1482068786468 2 -1
1482068787183 0 1
1482068792764 6 -1
1482068793516 8 2
1482068795198 7 1
1482068796828 0 -1
1482068797804 2 1
1482068798684 2 1
1482068799836 9 3
1482068801030 1 -1
1482068802581 0 -1
1482068803783 2 -1
1482068805887 8 -1
1482068806556 6 1
1482068807509 2 2
1482068844516 9 -2
1482068845620 7 -1
1482068846428 10 1
1482068848409 4 -1
1482068850030 2 -1
1482068850788 6 -2
1482068858237 8 -1
1482068861436 6 2
1482068862468 2 1
1482068863228 4 1
1482068865292 7 1
1482068869342 9 1
1482068870836 0 2
1482068871508 10 -1
1482068888068 10 1
1482068891012 9 -1
1482068891972 7 -1
1482068905076 1 1
1482068908829 9 -1
1482068910420 10 -1
1482068911151 0 -1
1482068912609 2 -3
1482068914956 0 1
1482068916358 6 -1
1482068917236 8 2
1482068921806 7 1
1482068923141 0 -1
1482068923852 2 2
1482068925236 9 3
1482068929084 1 -1
1482068942876 1 1
1482068944412 9 -3
1482068947108 2 -2
1482068952716 8 -2
1482068954108 7 -1
1482068963320 6 1
1482068964093 2 3
1482068966228 10 1
1482068967356 9 1
1482068968375 1 -1
1482068968885 0 -1
1482068970148 10 -1
1482068971262 2 -2
1482068974077 6 -1
1482068974827 8 2
1482068976990 4 -1
1482068977732 6 -1
1482068978668 2 1
1482068979500 7 2
1482068981212 9 2
1482068982572 10 3
1482068983380 4 -2
1482068985852 10 -1
1482068986759 8 -1
1482068990660 4 2
1482068992164 9 -2
1482068993430 8 -1
1482068996871 4 -1
1482068997812 12 1
1482069061341 R
1482069070196 7 1
1482069073276 9 1
1482069077039 0 1
1482069077900 1 1
1482069078596 9 -2
1482069083076 2 -2
1482069086652 0 1
1482069087876 0 -1
1482069089260 2 2
1482069090028 9 2
1482069091765 1 -1
1482069092724 0 -1
1482069093660 10 1
1482069094660 9 -1
1482069099941 0 1
1482069100972 1 1
1482069102117 9 -1
1482069109147 10 -1
1482069110165 2 -2
1482069111484 7 -1
1482069112668 0 1
1482069114980 6 1
1482069116236 7 1
1482069120235 7 -1
1482069123419 6 -1
1482069124827 8 2
1482069125795 7 1
1482069134358 0 -1
1482069135643 0 1
1482069136379 0 -1
1482069140651 2 2
1482069141228 9 3
1482069144195 1 -1
1482069145541 2 -1
1482069146195 0 -1
1482069147663 4 -1
1482069148589 6 -1
1482069149435 2 1
1482069150707 7 1
1482069152867 10 3
1482069153828 4 -2
1482069157531 4 2
1482069158627 10 -3
1482069160179 2 -1
1482069176715 2 1
1482069180163 9 -2
1482069182996 2 -1
1482069185268 2 1
1482069186068 7 -2
1482069187064 8 -2
1482069187901 6 2
1482069188876 2 1
1482069189524 4 1
1482069190324 0 2
1482069191868 1 1
1482069192877 9 -1
1482069194613 7 1
1482069195516 10 1
1482069196150 0 -1
1482069196854 9 2
1482069198086 1 -1
1482069199460 8 1
1482069202710 0 1
1482069205276 9 -1
1482069206119 8 -1
1482069211380 1 1
1482069212836 9 -1
1482069214070 10 -1
1482069215116 0 -1
1482069215972 2 -3
1482069220604 0 1
1482069260460 0 -1
1482069262156 2 3
1482069263244 0 1
1482069267348 7 -1
1482069273388 9 1
1482069274165 1 -1
1482069277151 0 -2
1482069278068 2 -2
1482069279892 4 -1
1482069280565 2 2
1482069284268 4 1
1482069285220 0 2
1482069287020 8 1
1482069287820 7 1
1482069288503 9 2
1482069290524 1 1
1482069291476 10 1
1482069292333 9 -3
1482069293364 7 -1
1482069294284 8 -1
1482069297700 9 1
1482069298510 1 -1
1482069299508 10 -1
1482069306828 7 1
1482069307660 9 1
1482069311917 1 1
1482069312923 10 1
1482069314027 9 -2
1482069315323 7 -1
1482069326483 10 -1
1482069327580 7 1
1482069330099 9 2
1482069331123 1 -1
1482069333389 0 -2
1482069334851 2 -1
1482069335349 9 -1
1482069336499 9 1
1482069337211 8 1
1482069337796 9 1
1482069339387 2 -1
1482069341219 2 2
1482069345467 0 1
1482069349443 1 1
1482069350603 9 -3
1482069352054 2 -3
1482069353158 7 -1
1482069354027 6 -1
1482069354884 8 1
1482069355971 7 1
1482069359010 0 1
1482069363045 0 -1
1482069365059 2 2
1482069366607 10 1
1482069369579 9 1
1482069370502 1 -1
1482069371227 10 -1
1482069374365 7 -1
1482069375069 8 -2
1482069376204 6 1
1482069377204 2 1
1482069377932 0 1
1482069380076 10 1
1482069382260 1 1
1482069382908 10 -1
1482069384044 0 -1
1482069386652 0 1
1482069387508 7 1
1482069407677 9 -1
1482069408572 0 -1
1482069410133 2 -3
1482069410973 0 1
1482069411804 6 -1
1482069412653 8 2
1482069413777 7 -1
