1482066544386 10 1
1482066544386 10 1
1482066551771 0 1
1482066551771 0 1
1482066554522 7 1
1482066554522 7 1
1482066555339 8 2
1482066555339 8 2
1482066557321 9 2
1482066557321 9 2
1482066563770 1 1
1482066563770 1 1
1482066571971 8 -1
1482066571971 8 -1
1482066572999 6 1
1482066572999 6 1
1482066574538 2 1
1482066574538 2 1
1482066575706 0 1
1482066575706 0 1
1482066580458 9 -3
1482066580458 9 -3
1482066587987 10 -1
1482066587987 10 -1
1482066596266 9 3
1482066596266 9 3
1482066597146 10 1
1482066597146 10 1
1482066599506 1 -1
1482066599506 1 -1
1482066601986 0 -2
1482066601986 0 -2
1482066603146 4 -1
1482066603146 4 -1
1482066604043 2 -1
1482066604043 2 -1
1482066608954 6 -2
1482066608954 6 -2
1482066609930 8 1
1482066609930 8 1
1482066611202 7 1
1482066611202 7 1
1482066615082 10 2
1482066615082 10 2
1482066616155 2 -1
1482066616155 2 -1
1482066618170 4 -2
1482066618170 4 -2
1482066622370 12 2
1482066622370 12 2
1482066629242 12 -2
1482066629242 12 -2
1482066632051 2 1
1482066632051 2 1
1482066640386 4 2
1482066640386 4 2
1482066644514 9 -2
1482066644514 9 -2
1482066645619 2 -1
1482066645619 2 -1
1482066646554 4 -1
1482066646554 4 -1
1482066648955 12 2
1482066648955 12 2
1482066651442 3 -1
1482066651442 3 -1
1482066652746 9 2
1482066652746 9 2
1482066656994 3 1
1482066656994 3 1
1482066660603 12 -2
1482066660603 12 -2
1482066663370 12 2
1482066663370 12 2
1482066665011 4 -1
1482066665011 4 -1
1482066666803 4 1
1482066666803 4 1
1482066667738 9 -2
1482066667738 9 -2
1482066671675 9 2
1482066671675 9 2
1482066674923 12 -2
1482066674923 12 -2
1482066683714 4 -1
1482066683714 4 -1
1482066685866 2 1
1482066685866 2 1
1482066686946 10 -1
1482066686946 10 -1
1482066688498 8 -1
1482066688498 8 -1
1482066692995 8 1
1482066692995 8 1
1482066694130 10 1
1482066694130 10 1
1482066695738 2 -1
1482066695738 2 -1
1482066698675 4 2
1482066698675 4 2
1482066701129 4 -2
1482066701129 4 -2
1482066703003 0 1
1482066703003 0 1
1482066704994 12 2
1482066704994 12 2
1482066706762 1 4
1482066706762 1 4
1482066708746 0 -1
1482066708746 0 -1
1482066709538 12 -2
1482066709538 12 -2
1482066712615 4 2
1482066712615 4 2
1482066713506 9 -3
1482066713506 9 -3
1482066719207 2 1
1482066719207 2 1
1482066719864 9 3
1482066719864 9 3
1482066721138 4 -2
1482066721138 4 -2
1482066728155 0 1
1482066728155 0 1
1482066730282 0 -1
1482066730282 0 -1
1482066733895 4 2
1482066733895 4 2
1482066735331 10 -4
1482066735331 10 -4
1482066739315 4 -2
1482066739315 4 -2
1482066747507 4 2
1482066747507 4 2
1482066749715 10 4
1482066749715 10 4
1482066752354 4 -2
1482066752354 4 -2
1482066754139 2 -1
1482066754139 2 -1
1482066756600 4 2
1482066756600 4 2
1482066757459 9 -3
1482066757459 9 -3
1482066760619 2 1
1482066760619 2 1
1482066761946 10 -4
1482066761946 10 -4
1482066764370 4 -1
1482066764370 4 -1
1482066766043 2 -2
1482066766043 2 -2
1482066767915 7 -2
1482066767915 7 -2
1482066771491 8 -2
1482066771491 8 -2
1482066775531 4 1
1482066775531 4 1
1482066778043 2 2
1482066778043 2 2
1482066779523 7 2
1482066779523 7 2
1482066780931 8 2
1482066780931 8 2
1482066783587 10 4
1482066783587 10 4
1482066785907 9 3
1482066785907 9 3
1482066788539 4 -2
1482066788539 4 -2
1482066793283 2 -1
1482066793283 2 -1
1482066794267 0 1
1482066794267 0 1
1482066795298 12 2
1482066795298 12 2
1482066796842 0 -1
1482066796842 0 -1
1482066800579 4 1
1482066800579 4 1
1482066801747 9 -3
1482066801747 9 -3
1482066802899 2 -1
1482066802899 2 -1
1482066806107 2 1
1482066806107 2 1
1482066813266 2 -1
1482066813266 2 -1
1482066816747 2 1
1482066816747 2 1
1482066817330 9 3
1482066817330 9 3
1482066819251 4 -1
1482066819251 4 -1
1482066820646 0 1
1482066820646 0 1
1482066822166 1 -4
1482066822166 1 -4
1482066825339 0 -1
1482066825339 0 -1
1482066827971 4 1
1482066827971 4 1
1482066829059 9 -2
1482066829059 9 -2
1482066832362 3 -1
1482066832362 3 -1
1482066833190 3 1
1482066833190 3 1
1482066833955 12 -2
1482066833955 12 -2
1482066839531 9 2
1482066839531 9 2
1482066840531 4 -1
1482066840531 4 -1
1482066842570 0 1
1482066842570 0 1
1482066845195 1 1
1482066845195 1 1
1482066848315 1 -1
1482066848315 1 -1
1482066849515 0 -1
1482066849515 0 -1
1482066850835 2 1
1482066850835 2 1
1482066851658 4 2
1482066851658 4 2
1482066855275 10 -3
1482066855275 10 -3
1482066856147 9 -2
1482066856147 9 -2
1482066857387 2 -1
1482066857387 2 -1
1482066860215 7 -2
1482066860215 7 -2
1482066861122 8 -2
1482066861122 8 -2
1482066863587 6 2
1482066863587 6 2
1482066866491 6 -2
1482066866491 6 -2
1482066868162 6 2
1482066868162 6 2
1482066869405 2 2
1482066869405 2 2
1482066870378 4 1
1482066870378 4 1
1482066871779 0 2
1482066871779 0 2
1482066875811 7 1
1482066875811 7 1
1482066877480 8 1
1482066877480 8 1
1482066878655 9 2
1482066878655 9 2
1482066882229 0 -2
1482066882229 0 -2
1482066883484 4 -1
1482066883484 4 -1
1482066884300 2 -1
1482066884300 2 -1
1482066886323 6 -2
1482066886323 6 -2
1482066890274 8 1
1482066890274 8 1
1482066890775 7 1
1482066890775 7 1
1482066893900 9 -2
1482066893900 9 -2
1482066894799 2 -1
1482066894799 2 -1
1482066895891 7 -2
1482066895891 7 -2
1482066896684 8 -2
1482066896684 8 -2
1482066898999 6 2
1482066898999 6 2
1482066899831 4 1
1482066899831 4 1
1482066903186 0 1
1482066903186 0 1
1482066905564 2 2
1482066905564 2 2
1482066906374 0 1
1482066906374 0 1
1482066915295 8 1
1482066915295 8 1
1482066915954 7 1
1482066915954 7 1
1482066916674 9 2
1482066916674 9 2
1482066917742 10 1
1482066917742 10 1
1482066920883 1 1
1482066920883 1 1
1482066922482 9 -3
1482066922482 9 -3
1482066924469 9 3
1482066924469 9 3
1482066928731 9 -3
1482066928731 9 -3
1482066929674 10 -1
1482066929674 10 -1
1482066930483 0 -1
1482066930483 0 -1
1482066932363 2 -3
1482066932363 2 -3
1482066934371 7 -1
1482066934371 7 -1
1482066935051 8 -1
1482066935051 8 -1
1482066944435 2 1
1482066944435 2 1
1482066945372 9 1
1482066945372 9 1
1482066946395 1 -1
1482066946395 1 -1
1482066948546 0 -1
1482066948546 0 -1
1482066950260 4 -1
1482066950260 4 -1
1482066955827 6 -2
1482066955827 6 -2
1482066962435 6 2
1482066962435 6 2
1482066967683 6 -2
1482066967683 6 -2
1482066969747 8 2
1482066969747 8 2
1482066970518 7 2
1482066970518 7 2
1482066973612 2 1
1482066973612 2 1
1482066975091 10 3
1482066975091 10 3
1482066975675 9 2
1482066975675 9 2
1482066977363 2 -1
1482066977363 2 -1
1482066979659 4 -2
1482066979659 4 -2
1482066982651 12 2
1482066982651 12 2
1482066986803 0 1
1482066986803 0 1
1482066989642 3 -1
1482066989642 3 -1
1482066994219 5 -2
1482066994219 5 -2
1482066995500 11 -2
1482066995500 11 -2
1482066998892 8 1
1482066998892 8 1
1482066999735 7 1
1482066999735 7 1
1482067004211 0 -1
1482067004211 0 -1
1482067005219 4 1
1482067005219 4 1
1482067006227 9 -2
1482067006227 9 -2
1482067012412 9 2
1482067012412 9 2
1482067013671 4 -1
1482067013671 4 -1
1482067014747 0 1
1482067014747 0 1
1482067020931 0 -1
1482067020931 0 -1
1482067022627 7 -1
1482067022627 7 -1
1482067023259 8 -1
1482067023259 8 -1
1482067024114 11 2
1482067024114 11 2
1482067025451 5 2
1482067025451 5 2
1482067026835 3 1
1482067026835 3 1
1482067027955 12 -2
1482067027955 12 -2
1482067030587 0 1
1482067030587 0 1
1482067033043 0 -1
1482067033043 0 -1
1482067035979 12 2
1482067035979 12 2
1482067038043 4 1
1482067038043 4 1
1482067039355 4 -1
1482067039355 4 -1
1482067044635 3 -1
1482067044635 3 -1
1482067045883 3 1
1482067045883 3 1
1482067046726 12 -2
1482067046726 12 -2
1482067047872 12 2
1482067047872 12 2
1482067049251 3 -1
1482067049251 3 -1
1482067050091 0 1
1482067050091 0 1
1482067051523 1 4
1482067051523 1 4
1482067052600 3 1
1482067052600 3 1
1482067053410 12 -2
1482067053410 12 -2
1482067054938 0 -1
1482067054938 0 -1
1482067057219 4 2
1482067057219 4 2
1482067058067 2 1
1482067058067 2 1
1482067059244 9 -3
1482067059244 9 -3
1482067060149 10 -4
1482067060149 10 -4
1482067062888 4 -1
1482067062888 4 -1
1482067064675 2 -2
1482067064675 2 -2
1482067066379 7 -2
1482067066379 7 -2
1482067067684 8 -2
1482067067684 8 -2
1482067069676 6 2
1482067069676 6 2
1482067071835 4 2
1482067071835 4 2
1482067073555 0 2
1482067073555 0 2
1482067077617 7 1
1482067077617 7 1
1482067078425 8 1
1482067078425 8 1
1482067080515 8 -1
1482067080515 8 -1
1482067081275 7 -1
1482067081275 7 -1
1482067086911 0 -2
1482067086911 0 -2
1482067088292 4 -2
1482067088292 4 -2
1482067090996 2 1
1482067090996 2 1
1482067092296 9 1
1482067092296 9 1
1482067096051 4 2
1482067096051 4 2
1482067097459 2 2
1482067097459 2 2
1482067099604 10 2
1482067099604 10 2
1482067100867 0 2
1482067100867 0 2
1482067104220 0 -2
1482067104220 0 -2
1482067105237 10 -2
1482067105237 10 -2
1482067107372 9 -1
1482067107372 9 -1
1482067109443 2 -3
1482067109443 2 -3
1482067112595 6 -1
1482067112595 6 -1
1482067114397 8 2
1482067114397 8 2
1482067116332 8 -2
1482067116332 8 -2
1482067117555 7 1
1482067117555 7 1
1482067119819 8 2
1482067119819 8 2
1482067120920 2 2
1482067120920 2 2
1482067121858 9 3
1482067121858 9 3
1482067123187 8 -1
1482067123187 8 -1
1482067124107 2 -1
1482067124107 2 -1
1482067129019 4 -3
1482067129019 4 -3
1482067131035 0 1
1482067131035 0 1
1482067131938 0 -1
1482067131938 0 -1
1482067133268 4 3
1482067133268 4 3
1482067134227 2 1
1482067134227 2 1
1482067142851 6 1
1482067142851 6 1
1482067143995 6 -1
1482067143995 6 -1
1482067144827 8 1
1482067144827 8 1
1482067154932 0 1
1482067154932 0 1
1482067155819 10 2
1482067155819 10 2
1482067158219 0 -1
1482067158219 0 -1
1482067159251 4 -1
1482067159251 4 -1
1482067161324 6 -1
1482067161324 6 -1
1482067162476 7 1
1482067162476 7 1
1482067164347 10 2
1482067164347 10 2
1482067171867 9 -3
1482067171867 9 -3
1482067173323 10 -4
1482067173323 10 -4
1482067175811 4 -1
1482067175811 4 -1
1482067176979 2 -2
1482067176979 2 -2
1482067178108 7 -2
1482067178108 7 -2
1482067179491 8 -2
1482067179491 8 -2
1482067181964 12 4
1482067181964 12 4
1482067183011 6 2
1482067183011 6 2
1482067186224 4 2
1482067186224 4 2
1482067187184 2 3
1482067187184 2 3
1482067188331 0 2
1482067188331 0 2
1482067189796 3 -2
1482067189796 3 -2
1482067190894 1 -2
1482067190894 1 -2
1482067194688 5 -2
1482067194688 5 -2
1482067195548 11 -2
1482067195548 11 -2
1482067198848 3 1
1482067198848 3 1
1482067199459 1 1
1482067199459 1 1
1482067207822 1 -1
1482067207822 1 -1
1482067208656 3 -1
1482067208656 3 -1
1482067210347 3 1
1482067210347 3 1
1482067210971 1 1
1482067210971 1 1
1482067212547 0 -2
1482067212547 0 -2
1482067215455 2 -3
1482067215455 2 -3
1482067217435 4 -2
1482067217435 4 -2
1482067218579 12 -2
1482067218579 12 -2
1482067219947 6 -2
1482067219947 6 -2
1482067221797 8 3
1482067221797 8 3
1482067222524 7 3
1482067222524 7 3
1482067224640 2 1
1482067224640 2 1
1482067225603 9 3
1482067225603 9 3
1482067227243 4 -1
1482067227243 4 -1
1482067228283 0 1
1482067228283 0 1
1482067231316 1 -1
1482067231316 1 -1
1482067233691 1 1
1482067233691 1 1
1482067234768 7 -2
1482067234768 7 -2
1482067235792 8 -2
1482067235792 8 -2
1482067236904 6 2
1482067236904 6 2
1482067237980 11 2
1482067237980 11 2
1482067240167 5 2
1482067240167 5 2
1482067242876 3 1
1482067242876 3 1
1482067243531 1 1
1482067243531 1 1
1482067244420 0 -1
1482067244420 0 -1
1482067245726 4 1
1482067245726 4 1
1482067247003 9 -3
1482067247003 9 -3
1482067248299 2 -1
1482067248299 2 -1
1482067249276 7 -1
1482067249276 7 -1
1482067250068 12 1
1482067250068 12 1
1482067252183 8 -1
1482067252183 8 -1
1482067252811 12 1
1482067252811 12 1
1482067254556 2 3
1482067254556 2 3
1482067255772 4 2
1482067255772 4 2
1482067258128 0 2
1482067258128 0 2
1482067259386 3 -2
1482067259386 3 -2
1482067260246 1 -2
1482067260246 1 -2
1482067262275 5 -2
1482067262275 5 -2
1482067266895 9 1
1482067266895 9 1
1482067267575 10 2
1482067267575 10 2
1482067268257 1 -2
1482067268257 1 -2
1482067269257 3 -1
1482067269257 3 -1
1482067274483 1 3
1482067274483 1 3
1482067275323 3 2
1482067275323 3 2
1482067275907 0 -2
1482067275907 0 -2
1482067276870 10 -2
1482067276870 10 -2
1482067277427 9 -1
1482067277427 9 -1
1482067278926 2 -3
1482067278926 2 -3
1482067279695 4 -2
1482067279695 4 -2
1482067281366 6 -2
1482067281366 6 -2
1482067282075 12 -2
1482067282075 12 -2
1482067285096 11 -2
1482067285096 11 -2
1482067285915 7 3
1482067285915 7 3
1482067286651 8 3
1482067286651 8 3
1482067288744 2 1
1482067288744 2 1
1482067289443 9 3
1482067289443 9 3
1482067290287 4 -1
1482067290287 4 -1
1482067291783 0 1
1482067291783 0 1
1482067293903 1 -1
1482067293903 1 -1
1482067300220 8 -2
1482067300220 8 -2
1482067300816 7 -2
1482067300816 7 -2
1482067301611 11 2
1482067301611 11 2
1482067303800 5 2
1482067303800 5 2
1482067305052 3 1
1482067305052 3 1
1482067306115 1 2
1482067306115 1 2
1482067307267 12 -2
1482067307267 12 -2
1482067309072 0 -1
1482067309072 0 -1
1482067310367 4 2
1482067310367 4 2
1482067311680 2 1
1482067311680 2 1
1482067313363 9 -3
1482067313363 9 -3
1482067315573 7 -1
1482067315573 7 -1
1482067316181 8 -1
1482067316181 8 -1
1482067317227 8 2
1482067317227 8 2
1482067317777 7 2
1482067317777 7 2
1482067320956 10 4
1482067320956 10 4
1482067322204 9 3
1482067322204 9 3
1482067326235 4 -2
1482067326235 4 -2
1482067327233 4 2
1482067327233 4 2
1482067327839 4 -2
1482067327839 4 -2
1482067328648 0 1
1482067328648 0 1
1482067329907 0 -1
1482067329907 0 -1
1482067330863 2 -1
1482067330863 2 -1
1482067332220 2 1
1482067332220 2 1
1482067333390 4 2
1482067333390 4 2
1482067334099 9 -3
1482067334099 9 -3
1482067335680 2 -2
1482067335680 2 -2
1482067338344 2 2
1482067338344 2 2
1482067338983 9 3
1482067338983 9 3
1482067340290 4 -1
1482067340290 4 -1
1482067341271 4 -1
1482067341271 4 -1
1482067341931 0 1
1482067341931 0 1
1482067343879 0 -1
1482067343879 0 -1
1482067344548 4 2
1482067344548 4 2
1482067345547 9 -3
1482067345547 9 -3
1482067346639 2 -2
1482067346639 2 -2
1482067348511 2 2
1482067348511 2 2
1482067349283 10 -4
1482067349283 10 -4
1482067350123 2 -2
1482067350123 2 -2
1482067351555 7 -2
1482067351555 7 -2
1482067352184 8 -2
1482067352184 8 -2
1482067353899 6 2
1482067353899 6 2
1482067354682 4 1
1482067354682 4 1
1482067356275 0 2
1482067356275 0 2
1482067361508 7 1
1482067361508 7 1
1482067362246 8 1
1482067362246 8 1
1482067364412 0 -1
1482067364412 0 -1
1482067365492 2 3
1482067365492 2 3
1482067367051 9 3
1482067367051 9 3
1482067373884 0 1
1482067373884 0 1
1482067374620 0 -2
1482067374620 0 -2
1482067375615 4 -3
1482067375615 4 -3
1482067377068 2 -2
1482067377068 2 -2
1482067377852 0 1
1482067377852 0 1
1482067378826 2 2
1482067378826 2 2
1482067380056 2 -2
1482067380056 2 -2
1482067380860 6 -2
1482067380860 6 -2
1482067381565 2 1
1482067381565 2 1
1482067383979 7 1
1482067383979 7 1
1482067384659 8 1
1482067384659 8 1
1482067387087 7 -1
1482067387087 7 -1
1482067387575 8 -1
1482067387575 8 -1
1482067388119 2 -1
1482067388119 2 -1
1482067389492 0 -1
1482067389492 0 -1
1482067390467 4 2
1482067390467 4 2
1482067391383 10 1
1482067391383 10 1
1482067392655 10 -1
1482067392655 10 -1
1482067393537 10 1
1482067393537 10 1
1482067394192 10 -1
1482067394192 10 -1
1482067395858 4 -2
1482067395858 4 -2
1482067396840 0 1
1482067396840 0 1
1482067398384 0 -1
1482067398384 0 -1
1482067399015 4 2
1482067399015 4 2
1482067399944 2 1
1482067399944 2 1
1482067400824 10 2
1482067400824 10 2
1482067403931 10 -2
1482067403931 10 -2
1482067405736 9 -3
1482067405736 9 -3
1482067407065 7 -1
1482067407065 7 -1
1482067407679 8 -1
1482067407679 8 -1
1482067409040 8 2
1482067409040 8 2
1482067409569 7 2
1482067409569 7 2
1482067410731 9 3
1482067410731 9 3
1482067411531 10 4
1482067411531 10 4
1482067413263 4 -2
1482067413263 4 -2
1482067413888 2 -1
1482067413888 2 -1
1482067415057 0 1
1482067415057 0 1
1482067416327 12 2
1482067416327 12 2
1482067417665 3 -1
1482067417665 3 -1
1482067418463 1 -1
1482067418463 1 -1
1482067419332 0 -1
1482067419332 0 -1
1482067420833 4 1
1482067420833 4 1
1482067422694 9 -3
1482067422694 9 -3
1482067424391 2 -1
1482067424391 2 -1
1482067429859 5 -2
1482067429859 5 -2
1482067431659 11 -2
1482067431659 11 -2
1482067432264 7 1
1482067432264 7 1
1482067432819 8 1
1482067432819 8 1
1482067436719 2 1
1482067436719 2 1
1482067437355 9 3
1482067437355 9 3
1482067438382 4 -1
1482067438382 4 -1
1482067439551 0 1
1482067439551 0 1
1482067440826 1 -3
1482067440826 1 -3
1482067443780 0 -1
1482067443780 0 -1
1482067448116 4 1
1482067448116 4 1
1482067449096 9 -2
1482067449096 9 -2
1482067451767 8 -1
1482067451767 8 -1
1482067452304 7 -1
1482067452304 7 -1
1482067455063 11 2
1482067455063 11 2
1482067455839 5 2
1482067455839 5 2
1482067456680 3 1
1482067456680 3 1
1482067457969 12 -2
1482067457969 12 -2
1482067459726 4 1
1482067459726 4 1
1482067460253 2 1
1482067460253 2 1
1482067462857 10 -3
1482067462857 10 -3
1482067463935 7 -2
1482067463935 7 -2
1482067464601 8 -2
1482067464601 8 -2
1482067465768 6 2
1482067465768 6 2
1482067466907 2 1
1482067466907 2 1
1482067467471 4 1
1482067467471 4 1
1482067473252 0 2
1482067473252 0 2
1482067476030 1 1
1482067476030 1 1
1482067477135 9 -1
1482067477135 9 -1
1482067478369 0 -1
1482067478369 0 -1
1482067479294 2 -3
1482067479294 2 -3
1482067480196 0 1
1482067480196 0 1
1482067482990 6 -1
1482067482990 6 -1
1482067483988 7 1
1482067483988 7 1
1482067484646 8 2
1482067484646 8 2
1482067486988 7 -1
1482067486988 7 -1
1482067488309 8 -2
1482067488309 8 -2
1482067489667 6 1
1482067489667 6 1
1482067491196 0 -1
1482067491196 0 -1
1482067492120 2 3
1482067492120 2 3
1482067492948 0 1
1482067492948 0 1
1482067493775 9 1
1482067493775 9 1
1482067494382 10 1
1482067494382 10 1
1482067497039 1 -1
1482067497039 1 -1
1482067499419 0 -2
1482067499419 0 -2
1482067500433 4 -1
1482067500433 4 -1
1482067500962 2 -1
1482067500962 2 -1
1482067503585 6 -2
1482067503585 6 -2
1482067505129 7 2
1482067505129 7 2
1482067506400 8 2
1482067506400 8 2
1482067507259 10 2
1482067507259 10 2
1482067509156 9 2
1482067509156 9 2
1482067511128 4 -2
1482067511128 4 -2
1482067512544 0 1
1482067512544 0 1
1482067514432 12 1
1482067514432 12 1
1482067515867 1 4
1482067515867 1 4
1482067517036 0 -1
1482067517036 0 -1
1482067518496 0 1
1482067518496 0 1
1482067519504 1 -4
1482067519504 1 -4
1482067523780 1 4
1482067523780 1 4
1482067524635 0 -1
1482067524635 0 -1
