1479248406663 7 1
1479248407554 8 -3
1479248408915 3 -3
1479248409911 6 -1
1479248410426 9 -1
1479248411180 2 2
1479248412193 1 -1
1479248413455 5 1
1479248417299 1 1
1479248418243 3 1
1479248418891 8 3
1479248419965 7 -1
1479248420672 0 1
1479248421797 10 -3
1479248422531 5 -2
1479248424549 1 1
1479248426229 3 2
1479248427053 3 1
1479248428178 2 -2
1479248430563 3 -2
1479248431206 6 2
1479248431820 9 2
1479248432734 1 2
1479248433895 0 1
1479248434931 5 2
1479248436426 4 -4
1479248437118 10 3
1479248438022 0 -2
1479248443726 5 -1
1479248445546 1 -3
1479248446580 6 -3
1479248447612 9 -3
1479248448455 2 2
1479248449375 1 3
1479248450653 3 2
1479248452407 0 5
