1479420923649 3 1
1479420925354 9 -1
1479420925976 6 -1
1479420926743 2 2
1479420927879 1 1
1479420930029 7 1
1479420930848 8 -3
1479420932599 1 -2
1479420935864 5 1
1479420936586 5 -1
1479420937480 2 -3
1479420943437 5 3
1479420951747 6 1
1479420954748 7 2
1479420957047 5 -1
1479420960868 3 -4
1479420961935 6 1
1479420963672 5 1
1479420964383 9 2
1479420965376 7 1
1479420967369 5 -3
1479420969456 1 4
1479420980419 5 3
1479420983031 7 -3
1479420984683 1 -4
1479420985718 6 -2
1479420986667 9 -2
1479420987789 5 -3
1479420988624 2 3
1479420992335 3 4
1479420996839 1 2
1479420997521 8 3
1479420998616 7 -1
1479421004711 0 1
1479421005808 10 -3
1479421006504 5 -1
1479421010263 2 -2
1479421013312 6 1
1479421014336 6 -1
1479421015081 3 -3
1479421015808 6 2
1479421017119 1 1
1479421018607 9 2
1479421019667 1 1
1479421021971 0 1
1479421026192 5 2
1479421027067 10 3
1479421028436 5 -1
1479421030535 1 -1
1479421031762 9 -2
1479421036031 3 1
1479421038808 10 -3
1479421040057 5 -1
1479421042519 5 1
1479421043407 5 -1
1479421044328 9 2
1479421045224 1 1
1479421046679 5 2
1479421047472 4 -4
1479421049127 5 -2
1479421050905 0 -1
1479421051944 1 -3
1479421052836 6 -4
1479421053704 9 -4
1479421056096 1 3
1479421057495 2 2
1479421058511 3 2
1479421060186 0 4
