1482900668476 3 1
1482900670915 3 -3
1482900674483 6 1
1482900675715 1 2
1482900677249 1 -2
1482900680044 9 1
1482900683730 5 1
1482900685601 4 -1
1482900687299 9 -3
1482900688295 6 -2
1482900690159 2 2
1482900696820 R
1482900705268 9 1
1482900706481 3 -2
1482900707378 6 1
1482900708662 1 3
1482900710304 5 1
1482900711201 0 2
1482900712024 10 -3
1482900715161 4 -4
1482900717071 5 -2
1482900721150 1 -1
1482900722076 9 -4
1482900724550 0 -1
1482900725272 1 -2
1482900726702 6 -4
1482900727727 2 2
1482900728882 1 3
1482900732105 3 3
1482900732949 0 5
