1482715663040 0 1
1482715669614 0 -1
1482715673451 7 1
1482715673959 8 -3
1482715676042 8 3
1482715676650 7 -1
1482715679143 R
1482715684410 5 1
1482715685077 0 1
1482715685608 10 -3
1482715691937 5 -2
1482715705451 6 -1
1482715705929 9 -1
1482715717710 5 2
1482715718133 4 -1
1482715718604 9 -2
1482715719962 2 2
1482715748655 10 2
1482715750554 9 1
1482715751151 10 1
1482715751690 0 -1
1482715757162 7 1
1482715757648 8 -3
1482715762540 2 -2
1482715763685 2 -1
1482715764261 5 1
1482715765382 6 1
1482715766011 7 2
1482715766875 0 1
1482715774760 3 -3
1482715776772 5 1
1482715777199 6 1
1482715777719 1 3
1482715778218 0 1
1482715797358 0 -2
1482715798486 7 -2
1482715799098 5 -2
1482715802305 5 2
1482715802932 1 -4
1482715803738 6 -2
1482715804562 5 -2
1482715805273 2 3
1482715815786 1 1
1482715816359 8 2
1482715817777 2 -2
1482715822087 3 1
1482715823099 8 1
1482715823560 7 -1
1482715824085 0 1
1482715830661 R
1482715881153 0 1
1482715887318 10 -3
1482715895315 R
1482715918698 6 -1
1482715919121 9 -1
1482715919730 2 2
1482715937955 7 1
1482715938440 8 -3
1482715939006 1 -1
1482715955802 2 -3
1482715957649 5 2
1482715959647 6 1
1482715962085 7 2
1482715975967 0 2
1482715987775 4 -1
1482715988601 9 -1
1482715989965 10 -1
1482715990581 9 -1
1482715992432 7 1
1482715992858 5 -1
1482716000680 4 -2
1482716001108 5 -1
1482716044196 5 1
1482716045025 4 2
1482716068911 0 -1
1482716069741 1 1
1482716070158 2 1
1482716070817 8 3
1482716077408 10 -1
1482716081942 8 -3
1482716086179 1 -1
1482716086769 0 1
1482716095395 4 -2
1482716101946 5 -1
1482716105293 2 -1
1482716139506 U
1482716139646 U
1482716140162 U
1482716140302 U
1482716147448 U
1482716147916 U
1482716148034 U
1482716148870 U
1482716149310 U
1482716149842 U
1482716158566 U
1482716158692 U
1482716159783 U
1482716159903 U
1482716160630 U
1482716162542 U
1482716163766 U
1482716164132 U
1482716164271 U
1482716164411 U
1482716164829 U
1482716164990 U
1482716179244 4 -1
1482716179837 9 -1
1482716181353 7 -2
1482716182070 5 -1
1482716182536 6 -1
1482716183913 2 3
1482716192079 1 1
1482716192535 8 3
1482716193355 7 -1
1482716197806 0 1
1482716198570 10 -3
1482716207838 9 1
1482716208542 4 1
1482716217661 5 -2
1482716221466 5 2
1482716250095 10 3
1482716250891 0 -1
1482716257778 7 1
1482716258610 8 -3
1482716264067 1 -1
1482716265135 2 -3
1482716265710 3 -3
1482716266546 5 2
1482716268061 7 1
1482716269375 6 2
1482716270005 7 1
1482716270826 0 2
1482716271864 4 -3
1482716294822 10 -2
1482716296227 9 -2
1482716297375 7 1
1482716298614 5 -3
1482716317161 5 3
1482716318471 4 2
1482716318808 10 1
1482716319696 0 -1
1482716321314 1 1
1482716321671 8 1
1482716326105 7 -1
1482716326484 9 2
1482716327145 10 1
1482716327709 0 -1
1482716352994 9 -1
1482716356495 1 3
1482716364737 1 -1
1482716365894 9 2
1482716366559 7 1
1482716367022 4 1
1482716376479 8 -1
1482716377641 1 -3
1482716393711 5 -3
1482716394572 1 3
1482716395673 2 1
1482716396909 3 2
1482716403906 8 3
1482716413165 0 1
1482716414169 10 -3
1482716414987 5 -1
1482716416685 7 -1
1482716417241 9 -1
1482716420086 8 -2
1482716435785 2 -1
1482716436651 3 -2
1482716461551 2 1
1482716464614 2 -1
1482716465122 1 -2
1482716466598 6 -1
1482716471918 9 1
1482716475838 7 1
1482716480705 6 1
1482716481298 9 1
1482716487241 5 1
1482716487957 10 3
1482716488750 8 -1
1482716489943 1 -1
1482716508023 0 1
1482716510107 5 1
1482716511543 4 -3
1482716528257 10 -2
1482716529365 5 -1
1482716530198 6 -1
1482716530614 9 -1
1482716544573 10 2
1482716546262 R
1482716569998 7 1
1482716570471 8 -3
1482716573372 3 -3
1482716578381 1 -1
1482716578901 2 -1
1482716581750 5 2
1482716582556 7 3
1482716597024 5 -2
1482716597573 2 1
1482716598102 1 2
1482716607843 6 1
1482716608167 9 1
1482716609364 1 2
1482716622270 1 -4
1482716627204 0 1
1482716634143 0 1
1482716634723 10 -2
1482716638677 6 -1
1482716639005 9 -1
1482716639661 3 4
1482716646901 0 -1
1482716647310 1 2
1482716647818 8 3
1482716649341 10 -1
1482716655921 5 -1
1482716657949 1 -1
1482716658597 8 -2
1482716666917 7 -1
1482716667683 3 -2
1482716668098 6 1
1482716668745 1 2
1482716675473 8 2
1482716677676 8 -2
1482716681566 2 -1
1482716683209 3 -2
1482716686532 9 -1
1482716697803 1 -2
1482716707185 9 2
1482716708012 7 1
1482716710160 5 1
1482716711189 10 3
1482716713823 0 -1
1482716714365 5 3
1482716714938 7 -3
1482716717195 6 -2
1482716717768 9 -2
1482716718430 5 -3
1482716722943 1 1
1482716723618 2 3
1482716727006 3 4
1482716727505 8 2
1482716728345 7 -1
1482716729658 0 1
1482716815878 0 -1
1482716816222 7 1
1482716816660 8 -3
1482716817680 1 -2
1482716853476 1 2
1482716854100 8 3
1482716854966 7 -1
1482716855859 0 1
1482716856813 10 -3
1482716860509 1 -1
1482716862050 5 1
1482716862922 4 -1
1482716863722 9 -2
1482716870462 10 2
1482716882836 9 1
1482716883910 10 1
1482716884702 0 -1
1482716888056 7 1
1482716888475 8 -3
1482716901529 2 -3
1482716905821 3 -4
1482716906629 5 1
1482716907277 6 1
1482716908003 7 2
1482716908669 0 1
1482716911558 1 -1
1482716912096 0 1
1482716921322 10 -1
1482716921778 9 -1
1482716922453 7 1
1482716922869 5 -1
1482716925493 2 1
1482716925900 0 -1
1482716942918 2 -1
1482716943673 5 2
1482716944438 7 -1
1482716945133 0 1
1482716952100 6 1
1482716952681 0 -1
1482716953521 1 4
1482716954183 0 1
1482717008807 0 -1
1482717009452 1 -4
1482717022333 7 1
1482717023809 1 4
1482717025165 5 -2
1482717027533 2 1
1482717028609 3 1
1482717031221 8 3
1482717032158 0 1
1482717032727 10 -2
1482717037526 4 -3
1482717038226 5 -2
1482717041893 4 1
1482717042464 8 -2
1482717053981 8 2
1482717067769 8 -2
1482717068274 2 -1
1482717069617 3 -1
1482717076744 5 4
1482717077689 4 2
1482717078204 0 -1
1482717080943 10 2
1482717081579 8 -1
1482717093785 1 -4
1482717095697 5 -2
