1482488959047 0 1
1482488959594 10 -3
1482488967486 10 3
1482488971598 5 1
1482488972516 4 -1
1482488973332 9 -2
1482488973876 6 -1
1482488974398 2 2
1482488977361 0 -1
1482488977966 7 1
1482488978542 8 -3
1482488979162 1 -1
1482488980111 2 -3
1482488980733 3 -3
1482488982033 5 2
1482488982632 6 2
1482488983238 7 2
1482488983844 0 2
1482488984901 10 -2
1482488985608 4 -2
1482488986230 9 -1
1482488986907 7 1
1482488987638 5 -3
1482488996323 10 1
1482488998467 5 2
1482488998999 7 -1
1482488999384 9 1
1482488999759 10 1
1482489000614 4 1
1482489001229 4 1
1482489001740 0 -2
1482489007378 7 -2
1482489008536 6 -2
1482489008871 5 -1
1482489009414 2 2
1482489010068 2 1
1482489015566 9 1
1482489016132 4 1
1482489016738 5 -1
1482489021908 2 -3
1482489022664 5 3
1482489024514 7 1
1482489026293 6 1
1482489027477 9 1
1482489028075 7 2
1482489029047 0 2
1482489030748 0 -1
1482489031246 1 2
1482489032048 8 1
1482489032692 10 -3
1482489034191 1 -1
1482489035009 5 -4
1482489040809 3 1
1482489043089 3 3
1482489047137 2 1
1482489047775 8 2
1482489052797 5 1
1482489053809 5 -1
1482489054555 5 1
1482489055045 10 3
1482489055683 0 -1
1482489056188 5 1
1482489064298 8 -3
1482489065106 1 -1
1482489065719 2 -1
1482489066263 5 2
1482489067415 7 -2
1482489068092 1 1
1482489069015 7 -1
1482489070345 5 -2
1482489070889 2 1
1482489071644 8 3
1482489072422 7 -1
1482489075472 6 -1
1482489075780 9 -1
1482489076318 2 2
1482489080602 7 1
1482489081487 8 -3
1482489082769 1 -1
1482489086525 5 -1
1482489087131 1 2
1482489087956 8 3
1482489088510 7 -1
1482489089192 0 1
1482489089907 10 -3
1482489091719 5 -1
1482489092279 1 -1
1482489092902 1 1
1482489095551 2 -1
1482489096135 2 -1
1482489096632 6 1
1482489097519 3 -2
1482489097987 6 1
1482489098460 1 1
1482489099370 9 2
1482489099867 1 1
1482489101391 0 1
1482489102479 5 1
1482489103008 5 1
1482489103589 4 -4
1482489104129 5 -2
1482489105294 0 -1
1482489106357 1 -3
1482489106972 6 -4
1482489107703 9 -4
1482489108418 1 3
1482489108915 2 2
1482489109723 3 1
1482489110658 0 4
