1482716028272 6 -1
1482716028977 9 -1
1482716029968 2 2
1482716032159 1 1
1482716032664 7 1
1482716033477 8 -3
1482716035784 3 -3
1482716036379 2 -3
1482716037319 6 2
1482716037943 9 2
1482716039143 1 2
1482716039867 5 3
1482716040903 7 3
1482716041832 0 2
1482716043831 4 -3
1482716045632 7 -1
1482716046167 1 -1
1482716046871 9 -3
1482716047704 1 1
1482716049602 5 -1
1482716050883 5 1
1482716052285 1 -1
1482716053223 9 3
1482716054440 4 3
1482716055695 0 -2
1482716057031 1 -3
1482716060175 5 -1
1482716060680 6 -1
1482716061209 9 -1
1482716062026 3 4
1482716062570 9 -1
1482716063791 5 1
1482716064648 7 -2
1482716065511 6 -1
1482716066615 5 -3
1482716067615 2 3
1482716070696 1 2
1482716071367 8 3
1482716072167 7 -1
1482716073375 0 1
1482716074114 10 -3
1482716074959 5 -1
1482716079024 2 -2
1482716079825 6 1
1482716080255 9 1
1482716081832 5 1
1482716084752 10 3
1482716085335 0 -1
1482716085818 7 1
1482716086634 7 -1
1482716087300 7 1
1482716087823 8 -3
1482716088769 1 -2
1482716089903 5 1
1482716092105 2 -1
1482716092690 5 2
1482716093599 7 3
1482716094703 5 -3
1482716095681 0 2
1482716098207 5 3
1482716099831 4 -2
1482716100928 4 -1
1482716102288 7 -1
1482716105151 10 -2
1482716106194 4 3
1482716106983 0 -1
1482716107689 0 1
1482716108415 0 -1
1482716108983 1 2
1482716109867 8 1
1482716111119 10 -1
1482716112039 4 -1
1482716113095 9 -3
1482716114485 7 1
1482716118832 1 -1
1482716119591 5 -2
1482716120375 3 -4
1482716121471 6 1
1482716124823 5 2
1482716125991 7 -1
1482716127663 9 4
1482716128543 4 1
1482716129000 7 1
1482716129768 5 -4
1482716132051 1 3
1482716133712 1 -3
1482716134632 6 -1
1482716135153 9 -1
1482716136248 3 4
1482716137303 5 4
1482716138305 4 -1
1482716138719 7 -1
1482716139384 9 -3
1482716142239 10 2
1482716143367 8 -1
1482716144039 1 -1
1482716144712 0 1
1482716145415 4 -2
1482716146751 10 -1
1482716148191 9 3
1482716149200 7 1
1482716149896 5 -3
1482716151440 3 -4
1482716154055 5 3
1482716154688 7 -1
1482716155320 9 -3
1482716156359 7 1
1482716156947 7 -1
1482716157991 7 1
1482716159615 5 -3
1482716160745 3 4
1482716161671 5 3
1482716163273 4 2
1482716163775 0 -1
1482716164369 7 -1
1482716166207 1 2
1482716167287 1 -1
1482716168468 1 -1
1482716169255 9 3
1482716169791 7 1
1482716170418 4 1
1482716171232 5 -3
1482716172392 0 1
1482716173468 10 2
1482716176791 5 3
1482716178719 0 -1
1482716181303 0 -1
1482716182208 5 -3
1482716183415 2 1
1482716184223 1 2
1482716185007 0 1
1482716186095 10 -2
1482716187123 R
1482716190763 5 1
1482716191305 4 -1
1482716192152 9 -2
1482716193167 6 -1
1482716193791 3 1
1482716194327 6 1
1482716194833 9 2
1482716195632 4 1
1482716196303 5 -1
1482716197349 1 1
1482716198096 7 1
1482716198649 8 -3
1482716200280 1 -2
1482716201607 6 -1
1482716202042 9 -1
1482716202575 2 2
1482716204272 1 2
1482716205016 8 3
1482716205928 7 -1
1482716207553 0 1
1482716208840 10 -3
1482716209455 5 -1
1482716210951 1 -1
1482716212552 5 2
1482716213167 4 -1
1482716213655 9 -2
1482716216692 3 -3
1482716217729 2 -2
1482716218455 6 2
1482716219727 9 4
1482716221200 4 1
1482716221784 5 -2
1482716222729 1 3
1482716225047 0 1
1482716227423 5 2
1482716228256 4 -4
1482716229079 5 -2
1482716231128 1 -1
1482716232023 9 -4
1482716234592 1 1
1482716235689 0 -1
1482716236759 1 -3
1482716237607 6 -4
1482716238673 2 2
1482716239255 1 3
1482716239760 3 3
1482716240495 0 5
