1481417652136 3 -1
1481417662898 9 -1
1481417664189 10 -1
1481417666739 2 -1
1481417668093 6 -1
1481417670319 6 1
1481417672109 2 1
1481417673623 2 1
1481417683339 8 1
1481417697674 10 1
1481417698814 10 -1
1481417699598 10 1
1481417700808 9 1
1481417702036 3 1
1481417705068 7 -2
1481417706642 5 -1
1481417708750 4 1
1481417717346 4 -1
1481417723133 5 1
1481417724836 7 2
1481417734307 7 -2
1481417736164 4 1
1481417739363 2 -2
1481417740747 5 1
1481417742208 4 1
1481417745276 0 2
1481417748339 3 -1
1481417751613 9 -1
1481417752705 10 -1
1481417768652 0 -2
1481417781303 10 1
1481417782470 9 1
1481417789115 0 2
1481417804847 0 -2
1481417806099 4 -2
1481417807440 7 2
1481417812901 8 -1
1481417814196 1 -1
1481417817009 5 -2
1481417820415 2 2
1481417822465 7 -1
1481417828201 7 1
1481417829062 7 -1
1481417832013 2 -2
1481417832947 9 -1
1481417834475 10 -1
1481417835901 2 2
1481417853589 1 1
1481417854795 8 1
1481417855808 7 -1
1481417858031 5 1
1481417860405 2 -2
1481417861713 5 1
1481417863275 4 2
1481417865376 0 2
1481417874181 10 1
1481417875864 9 1
1481417877744 9 -1
1481417879658 10 -1
1481417881826 6 -1
1481417883097 1 2
1481417884371 4 1
1481417890142 0 -2
1481417893779 4 -3
1481417898290 4 3
1481417911149 7 2
1481417912162 0 2
1481417914094 8 -3
1481417917414 7 -2
1481417918869 4 -1
1481417920550 1 -3
1481417923285 6 1
1481417938847 6 -1
1481417940115 1 3
1481417941384 4 1
1481417944767 4 -1
1481417946266 1 -3
1481417950654 6 1
1481417952073 10 1
1481417953180 9 1
1481417955033 3 1
1481417956245 8 -1
1481417966643 1 2
1481417970838 1 -2
1481417976408 8 1
1481417977760 3 -1
1481417979738 9 -1
1481417980826 10 -1
1481417982909 6 -1
1481417985087 1 3
1481417986578 4 1
1481417991034 7 2
1481417994180 8 3
