1479293614772 3 -1
1479293617757 9 -1
1479293618631 10 -1
1479293619580 2 -1
1479293620732 6 -1
1479293621844 1 2
1479293622549 8 1
1479293623828 7 -2
1479293625236 5 -1
1479293634805 5 2
1479293635894 4 3
1479293638334 0 2
1479293639084 7 2
1479293640030 8 -3
1479293640716 7 -2
1479293641781 4 -1
1479293642717 1 -3
1479293643568 6 1
1479293644550 10 1
1479293650933 0 -1
1479293652110 9 1
1479293654365 1 2
1479293655525 9 -1
1479293659108 10 -1
1479293661231 1 -2
1479293664028 10 1
1479293664557 9 1
1479293665356 3 1
1479293666565 8 -1
1479293667220 0 -1
1479293669053 4 -2
1479293670069 5 -3
1479293671197 4 2
1479293671908 2 2
1479293677700 0 3
1479293678629 8 1
1479293679093 3 -1
1479293679965 9 -1
1479293681109 10 -1
1479293681797 0 3
