1482784492106 2 1
1482784493906 2 -1
1482784494835 1 1
1482784495794 8 1
1482784496731 7 -2
1482784497498 4 1
1482784498691 3 -1
1482784500274 2 -1
1482784500876 5 1
1482784501675 4 1
1482784503258 9 -1
1482784504181 10 -1
1482784505044 6 -1
1482784505694 1 1
1482784506420 4 1
1482784507325 0 2
1482784509515 4 -1
1482784510319 1 -2
1482784511117 6 1
1482784512959 0 -2
1482784513853 4 -2
1482784514588 10 1
1482784515280 9 1
1482784518358 9 -1
1482784519255 5 -2
1482784520112 2 2
1482784522711 9 1
1482784523716 4 1
1482784525991 9 -1
1482784526894 2 -2
1482784527576 10 -1
1482784530300 R
1482784546537 8 1
1482784549126 7 -2
1482784552199 2 -1
1482784552808 5 1
1482784554520 4 2
1482784555812 0 2
1482784559162 3 -1
1482784560089 9 -1
1482784560864 10 -1
1482784565177 0 -2
1482784568338 10 1
1482784569009 9 1
1482784570539 3 1
1482784571466 4 -2
1482784572492 4 2
1482784573274 1 1
1482784574671 3 -1
1482784575406 9 -1
1482784579702 10 -1
1482784580603 6 -1
1482784581479 1 1
1482784582417 4 1
1482784583466 0 2
1482784585578 7 2
1482784589171 8 -2
1482784590120 0 -1
1482784590841 7 -1
1482784592398 8 1
1482784593072 0 -1
1482784593916 7 1
1482784595924 0 2
1482784597437 0 -2
1482784598240 7 -1
1482784599028 8 1
1482784599604 7 -1
1482784600402 4 -3
1482784601206 7 2
1482784601991 8 -1
1482784602911 1 -3
1482784603786 5 -2
1482784604639 2 2
1482784607852 6 1
1482784609714 7 -1
1482784610927 1 1
1482784611773 8 1
1482784612335 7 -1
1482784612879 4 1
1482784614062 5 1
1482784614790 2 -2
1482784615528 5 1
1482784616031 4 1
1482784616735 0 2
1482784619942 10 1
1482784622903 R
1482784631128 3 -1
1482784634938 2 -1
1482784635625 9 -1
1482784637746 8 1
1482784638418 7 -2
1482784639735 5 1
1482784640425 4 2
1482784641253 0 2
1482784645522 0 -2
1482784647392 0 1
1482784650395 10 -1
1482784652938 6 -1
1482784654247 1 1
1482784655227 1 1
1482784656196 4 1
1482784658317 0 1
1482784658877 7 2
1482784659775 8 -3
1482784660535 7 -2
1482784661238 4 -1
1482784662229 1 -3
1482784664582 0 -1
1482784666390 6 1
1482784667078 10 1
1482784667552 9 1
1482784668118 3 1
1482784668810 8 -1
1482784669631 0 -1
1482784671628 4 -2
1482784672783 5 -3
1482784673778 2 2
1482784677270 4 2
1482784678231 0 3
1482784680000 8 1
1482784681437 3 -1
1482784682176 9 -1
1482784682977 10 -1
1482784683776 0 1
1482784684760 0 1
