1481421258033 2 1
1481421263136 3 -1
1481421270656 8 1
1481421273307 7 -2
1481421276020 5 -1
1481421283024 4 1
1481421287375 4 -1
1481421291753 9 -1
1481421294883 10 -1
1481421303774 10 1
1481421305326 9 1
1481421334684 9 -1
1481421336064 10 -1
1481421347123 2 -2
1481421351155 1 1
1481421352343 5 2
1481421356912 4 2
1481421379948 0 2
1481421388975 0 -2
1481421391894 4 -1
1481421393537 5 -2
1481421397978 1 -1
1481421399667 2 2
1481421420398 10 1
1481421423568 9 1
1481421430512 3 1
1481421435348 4 -1
1481421440378 7 2
1481421456442 R
1481421472016 3 -1
1481421473025 9 -1
1481421474615 10 -1
1481421481892 6 -1
1481421483766 1 2
1481421491033 8 1
1481421500938 R
1481421525858 3 -1
1481421530929 9 -1
1481421561297 1 -1
1481421563593 2 1
1481421575051 10 -1
1481421588775 2 -1
1481421601687 1 2
1481421603015 6 -1
1481421604372 1 1
1481421607826 5 -1
1481421609369 7 -1
1481421612774 8 1
1481421614894 7 -1
1481421620225 4 1
1481421631378 4 -1
1481421632834 7 2
1481421643591 R
1481421698739 1 -1
1481421700487 2 1
1481421714638 3 -1
1481421727370 9 -1
1481421729269 10 -1
1481421730935 2 -2
1481421732378 5 1
1481421749367 1 2
1481421750281 8 1
1481421753820 7 -2
1481421755055 4 2
1481421760544 0 2
1481421773872 10 1
1481421782447 9 1
1481421784224 9 -1
1481421786124 10 -1
1481421791838 1 -1
1481421803732 0 -2
1481421805348 4 -2
1481421811420 5 -2
1481421814876 2 2
1481421823759 R
1481421838433 3 -1
1481421840654 9 -1
1481421842000 10 -1
1481421866164 2 1
1481421867348 7 -1
1481421871963 5 -1
1481421876518 1 -1
1481421891227 R
