1479981740714 2 -1
1479981742545 5 1
1479981743408 1 1
1479981745248 8 1
1479981746872 7 -2
1479981750017 5 -1
1479981752672 5 1
1479981756336 4 2
1479981757631 3 -1
1479981759116 0 1
1479981759821 0 1
1479981761351 0 -2
1479981763104 9 -1
1479981764240 10 -1
1479981768064 4 -2
1479981773455 5 -2
1479981774569 1 -1
1479981776184 2 2
1479981778640 4 1
1479981782057 4 -1
1479981782864 4 1
1479981786386 10 1
1479981787384 9 1
1479981793794 4 -1
1479981794752 3 1
1479981796479 4 1
1479981798400 4 -1
1479981799376 5 1
1479981801033 7 2
1479981807896 8 -1
1479981808842 1 -1
1479981809792 5 -1
1479981810640 7 -1
1479981812783 3 -1
1479981816967 2 -2
1479981818999 1 2
1479981819911 5 2
1479981821136 8 1
1479981821991 7 -1
1479981825320 4 2
1479981826681 0 2
1479981834162 0 -2
1479981836488 9 -1
1479981837257 10 -1
1479981861841 6 -1
1479981863096 R
1479981869776 1 -1
1479981872911 5 -1
1479981880325 7 -1
1479981882872 2 1
1479981894377 3 -1
1479981895657 9 -1
1479981896760 10 -1
1479981900040 2 -2
1479981901433 6 -1
1479981904224 1 3
1479981907305 5 2
1479981909081 7 1
1479981910216 8 1
1479981923688 5 -2
1479981924785 1 -2
1479981926361 2 2
1479981929824 6 1
1479981932722 10 1
1479981933568 9 1
1479981934841 3 1
1479981937096 2 -2
1479981938465 2 2
1479981939355 5 1
1479981940146 7 -2
1479981942425 5 -1
1479981944618 2 -2
1479981945826 5 2
1479981946873 4 2
1479981951259 0 2
1479981952832 0 -2
1479981956072 4 -2
1479981958441 1 1
1479981961465 7 2
1479981965576 7 -2
1479981966857 4 2
1479981969002 0 2
1479981970608 3 -1
1479981971825 9 -1
1479981972890 10 -1
1479981974019 6 -1
1479981975458 1 -1
1479981979928 6 1
1479981982305 6 -1
1479981983603 1 2
1479981984641 4 1
1479981987976 4 -1
1479981989256 1 -2
1479981990609 1 2
1479981995569 4 1
1479981996377 7 2
1479981997432 8 -3
1479981999571 7 -2
1479982001170 4 -1
1479982002123 1 -3
1479982003897 6 1
1479982005979 10 1
1479982006849 9 1
1479982007752 3 1
1479982008688 8 -1
1479982016260 1 2
1479982017746 8 1
1479982018497 3 -1
1479982023617 0 -1
1479982025033 1 -2
1479982027160 9 -1
1479982028080 0 1
1479982030402 9 1
1479982034336 0 -1
1479982034960 0 1
1479982037616 3 1
1479982038416 8 -1
1479982039872 0 -2
1479982040873 4 -2
1479982043289 5 -3
1479982045169 2 2
1479982046528 2 -2
1479982047656 2 2
1479982050129 4 2
1479982051393 0 3
1479982053522 4 -2
1479982058218 8 1
1479982058921 3 -1
1479982060208 9 -1
1479982061064 10 -1
1479982061785 0 3
