1482784565869 3 -1
1482784569824 2 1
1482784572581 9 -1
1482784575478 10 -1
1482784580406 8 1
1482784586022 2 -1
1482784586589 6 -1
1482784587068 2 -1
1482784594052 7 -2
1482784595027 4 1
1482784597309 5 1
1482784598148 4 1
1482784598931 0 2
1482784601612 6 1
1482784604475 10 1
1482784610915 0 -2
1482784615214 R
1482784623955 8 1
1482784624843 7 -2
1482784627491 2 1
1482784631499 4 1
1482784634595 2 -2
1482784636276 5 1
1482784637075 4 1
1482784638251 0 2
1482784640796 3 -1
1482784642844 9 -1
1482784643811 10 -1
1482784648108 6 -1
1482784657859 6 1
1482784660443 10 1
1482784661780 9 1
1482784668446 0 -2
1482784672131 4 -2
1482784672987 7 2
1482784675651 8 -1
1482784676355 7 -1
1482784679043 7 1
1482784679661 8 1
1482784680241 7 -2
1482784681324 4 2
1482784682789 0 2
1482784684796 9 -1
1482784699731 10 -1
1482784701171 6 -1
1482784702819 6 1
1482784704229 R
1482784742253 R
1482784749460 2 1
1482784750254 3 -1
1482784753131 9 -1
1482784753879 10 -1
1482784755348 6 -1
1482784755867 2 -2
1482784757076 1 2
1482784758236 5 -1
1482784759590 8 1
1482784763124 2 1
1482784764939 7 -2
1482784767523 4 1
1482784769006 U
1482784769563 U
1482784769773 U
1482784769959 U
1482784770306 U
1482784778380 U
1482784778965 U
1482784779138 U
1482784779331 U
1482784779685 U
1482784780100 U
1482784780270 U
1482784788892 3 -1
1482784789503 9 -1
1482784790132 10 -1
1482784791404 2 1
1482784794332 10 1
1482784795196 9 1
1482784801004 1 -1
1482784802877 5 -1
1482784806372 9 -1
1482784807331 2 -2
1482784807803 10 -1
1482784808427 6 -1
1482784810564 5 2
1482784811387 7 -1
1482784813003 5 -2
1482784814148 2 2
1482784820548 2 -1
1482784824244 1 3
1482784825523 8 1
1482784826518 7 1
1482784827428 5 1
1482784831076 2 -1
1482784831988 1 -2
1482784832853 2 2
1482784833443 6 1
1482784835789 10 1
1482784836548 9 1
1482784838479 3 1
1482784846359 7 -2
1482784847223 5 -1
1482784847975 4 1
1482784850510 5 1
1482784851237 2 -2
1482784851854 5 1
1482784852828 4 1
1482784855173 0 2
1482784856916 0 -2
1482784858461 0 2
1482784860455 3 -1
1482784864196 0 -2
1482784865028 9 -1
1482784866413 10 -1
1482784884790 4 -2
1482784888860 7 2
1482784890461 5 -2
1482784891445 2 2
1482784892261 7 -2
1482784893694 4 1
1482784898396 5 1
