1481966148427 3 -1
1481966150741 3 1
1481966151979 2 -1
1481966155205 8 1
1481966157066 7 -2
1481966160220 5 1
1481966161488 4 2
1481966167506 3 -1
1481966170313 4 -2
1481966172092 4 2
1481966176008 4 -1
1481966177650 5 -2
1481966179467 2 2
1481966183901 3 1
1481966185201 5 1
1481966186758 2 -2
1481966188042 5 1
1481966189681 4 1
1481966193589 4 -2
1481966195831 7 2
1481966197234 8 -1
1481966198414 7 -1
1481966199419 1 -1
1481966200774 5 -2
1481966203184 2 2
1481966204247 3 -1
1481966208137 9 -1
1481966209454 10 -1
1481966211420 6 -1
1481966213153 2 -2
1481966214938 1 3
1481966217140 5 2
1481966218511 7 1
1481966219611 8 1
1481966220797 7 -2
1481966222858 4 3
1481966225453 0 2
1481966227363 7 2
1481966228842 8 -3
1481966229897 7 -2
1481966232417 4 -1
1481966233639 1 -3
1481966235772 6 1
1481966236962 10 1
1481966238243 9 1
1481966239287 3 1
1481966240357 8 -1
1481966242320 0 -2
1481966247718 4 -1
1481966248898 5 -3
1481966252306 2 2
1481966254045 4 1
1481966256609 0 3
1481966257914 8 1
1481966259173 3 -1
1481966260393 9 -1
1481966261600 10 -1
1481966262864 0 1
1481966264583 0 1
