1482588991324 3 -1
1482588992483 9 -1
1482588993468 10 -1
1482588995435 2 1
1482588996555 5 -1
1482588997755 7 -1
1482588998523 8 1
1482588999283 7 -1
1482589002931 2 -2
1482589004074 5 2
1482589005091 4 2
1482589005890 1 1
1482589009226 0 2
1482589017499 6 -1
1482589018428 1 1
1482589019475 4 1
1482589026186 7 2
1482589027075 8 -3
1482589028650 7 -2
1482589034363 4 -1
1482589035114 1 -3
1482589036922 6 1
1482589038522 10 1
1482589039331 9 1
1482589040323 3 1
1482589041330 8 -1
1482589042850 0 -2
1482589046362 4 -2
1482589047867 7 2
1482589049546 1 2
1482589051794 5 -3
1482589055330 2 1
1482589056594 7 -2
1482589057690 4 2
1482589059266 0 2
1482589060738 8 1
1482589061402 3 -1
1482589062074 9 -1
1482589063042 10 -1
1482589064466 6 -1
1482589065586 1 -2
1482589066690 2 1
1482589067371 6 1
1482589067883 0 3
