1481418024052 3 -1
1481418026425 2 -1
1481418033673 2 2
1481418038138 9 -1
1481418039041 10 -1
1481418041773 2 -2
1481418045559 8 1
1481418047272 1 1
1481418048820 5 -1
1481418050042 7 -2
1481418052159 5 2
1481418053748 4 2
1481418057803 0 2
1481418065347 1 -1
1481418068792 6 -1
1481418072523 6 1
1481418078164 10 1
1481418079044 9 1
1481418081249 3 1
1481418093113 3 -1
1481418096219 0 -2
1481418098384 9 -1
1481418099372 10 -1
1481418103955 10 1
1481418109118 9 1
1481418111346 4 -2
1481418119688 5 -2
1481418121260 2 2
1481418123602 4 1
1481418129009 9 -1
1481418130028 10 -1
1481418149016 2 -2
1481418150143 5 2
1481418151285 4 1
1481418156584 1 1
1481418160346 0 2
1481418168559 10 1
1481418183369 1 -1
1481418185758 10 -1
1481418187471 6 -1
1481418188639 1 2
1481418190030 4 1
1481418192181 7 2
1481418193673 8 -3
1481418197243 7 -2
1481418198807 4 -1
1481418200212 1 -3
1481418203281 6 1
1481418209762 0 -1
1481418212586 6 -1
1481418221290 0 1
1481418229143 1 3
1481418230291 4 1
1481418234549 0 -1
1481418238029 4 -1
1481418240679 1 -3
1481418242483 6 1
1481418246562 0 1
1481418259325 6 -1
1481418262424 1 2
1481418265103 1 1
1481418266768 4 1
1481418268771 7 2
1481418274021 8 1
1481418278054 0 -1
1481418279616 7 -1
1481418292129 0 1
1481418293277 7 1
1481418302325 8 2
1481418303986 7 -2
1481418305108 4 -1
1481418306234 1 -2
1481418307666 6 1
1481418312788 10 1
1481418313758 9 1
1481418315914 3 1
1481418319912 3 -1
1481418320964 9 -1
1481418321811 10 -1
1481418322760 6 -1
1481418323838 1 2
1481418328161 4 1
1481418330752 7 1
1481418332159 8 -1
1481418334511 8 -1
1481418341223 8 -1
1481418342237 7 -1
1481418344173 4 -1
1481418345857 1 -3
1481418350721 6 1
1481418356213 6 -1
1481418363756 6 1
1481418364895 10 1
1481418365962 9 1
1481418366786 3 1
1481418367814 8 -1
1481418373654 1 2
1481418379630 1 -2
