1482784549238 7 -1
1482784550542 5 -1
1482784552182 3 -1
1482784553350 7 1
1482784554094 5 1
1482784554718 2 -1
1482784555733 5 1
1482784556894 1 1
1482784558686 9 -1
1482784559455 10 -1
1482784560550 7 -1
1482784561158 5 -1
1482784561966 2 1
1482784563566 1 -2
1482784564191 2 1
1482784565070 7 1
1482784567326 7 -1
1482784567870 5 -1
1482784569910 10 1
1482784570398 9 1
1482784571286 3 1
1482784572702 7 1
1482784574222 2 -2
1482784575970 3 -1
1482784576599 9 -1
1482784578222 9 1
1482784579854 2 2
1482784581534 7 -1
1482784582582 5 1
1482784583830 1 1
1482784584518 8 1
1482784585604 7 -1
1482784586222 4 1
1482784587878 5 -1
1482784589406 3 1
1482784590878 2 -2
1482784592639 1 1
1482784594382 3 -1
1482784595136 9 -1
1482784595902 10 -1
1482784596869 2 1
1482784598030 5 1
1482784599590 1 -1
1482784600421 2 1
1482784602390 4 -1
1482784603206 10 1
1482784604646 9 1
1482784605942 5 -1
1482784607198 4 1
1482784608311 3 1
1482784609590 4 -1
1482784611158 7 2
1482784612695 5 1
1482784613958 8 -1
1482784614774 1 -1
1482784615390 5 -1
1482784615998 7 -1
1482784618022 3 -1
1482784619638 9 -1
1482784620934 10 -1
1482784622342 2 -2
1482784622942 6 -1
1482784624192 1 3
1482784625118 5 2
1482784626359 8 1
1482784626952 7 -1
1482784627974 4 3
1482784629317 0 2
1482784630558 7 2
1482784631567 8 -3
1482784633134 7 -2
1482784633966 4 -1
1482784635632 1 -3
1482784637079 0 -1
1482784640295 0 1
1482784642678 1 3
1482784643406 4 1
1482784644462 7 2
1482784645950 8 2
1482784647311 0 -2
1482784648239 7 -1
1482784650557 7 1
1482784651486 7 -1
1482784652366 8 1
1482784652870 7 -1
1482784653958 4 -3
1482784656737 5 -2
1482784657630 5 2
1482784658366 4 3
1482784659230 0 2
1482784662230 4 -1
1482784663158 1 -2
1482784664238 6 1
1482784665550 10 1
1482784666406 9 1
1482784667295 0 -2
1482784668399 4 -2
1482784669214 5 -2
1482784670238 2 2
1482784671310 4 1
1482784672614 5 1
1482784673814 3 1
1482784674950 4 -1
1482784676358 7 2
1482784677190 7 -2
1482784677838 4 1
1482784679103 3 -1
1482784680729 5 -1
1482784682374 2 -2
1482784682990 1 1
1482784683494 5 2
1482784684142 4 1
1482784685302 0 2
1482784686071 9 -1
1482784686670 10 -1
1482784689966 1 -1
1482784691047 6 -1
1482784691802 1 2
1482784692622 4 1
1482784694690 7 2
1482784697102 7 -2
1482784698606 4 -1
1482784702670 1 -2
1482784703558 6 1
1482784704222 10 1
1482784704918 9 1
1482784709735 0 -1
1482784714790 3 1
1482784715461 0 1
1482784716718 0 -2
1482784717319 4 -2
1482784717919 7 2
1482784719390 8 -1
1482784720142 7 -1
1482784721295 5 -2
1482784722670 1 1
1482784723318 5 2
1482784723878 7 1
1482784725007 7 -1
1482784726198 5 -2
1482784727046 2 1
1482784728870 7 1
1482784729486 5 1
1482784732286 1 -2
1482784732894 2 1
1482784734966 3 -1
1482784735806 9 -1
1482784736354 10 -1
1482784737526 2 -2
1482784738662 6 -1
1482784739270 1 3
1482784740422 5 1
1482784741321 8 1
1482784742190 7 -2
1482784742942 4 3
1482784743929 0 2
1482784744615 7 2
1482784745457 8 -3
1482784747391 7 -2
1482784749158 4 -1
1482784750352 1 -3
1482784751132 6 1
1482784752158 10 1
1482784752738 9 1
1482784754099 3 1
1482784754798 8 -1
1482784755774 0 -2
1482784756702 4 -2
1482784757398 5 -3
1482784758998 4 2
1482784760486 2 2
1482784761439 0 3
1482784762254 8 1
1482784762911 3 -1
1482784763452 9 -1
1482784764261 10 -1
1482784765174 0 2
