1481967407000 2 1
1481967408648 3 -1
1481967409656 9 -1
1481967411072 10 -1
1481967415688 8 1
1481967417615 7 -2
1481967419439 4 1
1481967420511 5 -1
1481967422187 4 -1
1481967461312 10 1
1481967462528 9 1
1481967463904 3 1
1481967471887 4 1
1481967477112 2 -2
1481967478288 1 1
1481967481472 5 2
1481967486296 4 1
1481967487991 3 -1
1481967489767 9 -1
1481967491369 10 -1
1481967498128 4 -2
1481967499384 7 2
1481967506648 R
1481967524856 2 1
1481967532161 1 -1
1481967548401 1 1
1481967550505 8 1
1481967551697 7 -2
1481967570673 5 -1
1481967588544 R
1481967642328 8 1
1481967659376 5 -1
1481967661344 7 -2
1481967663591 4 1
1481967668952 1 1
1481967676616 3 -1
1481967678823 4 -1
1481967680167 5 1
1481967682626 1 -1
1481967684017 2 1
1481967689360 4 1
1481967691816 5 -1
1481967700527 R
1481967763456 8 1
1481967764466 7 -2
1481967767601 2 -1
1481967769178 5 1
1481967770561 4 2
1481967785415 3 -1
1481967789856 9 -1
1481967791530 10 -1
1481967795698 6 -1
1481967796984 1 2
1481967799847 4 1
1481967821415 7 2
1481967826560 7 -2
1481967827824 0 2
1481967831896 7 2
1481967833544 8 -3
1481967837079 7 -2
1481967838479 4 -1
1481967839533 1 -3
1481967841114 6 1
1481967852807 10 1
1481967853680 9 1
1481967866073 1 2
1481967870839 1 -2
1481967874119 0 -1
1481967884216 9 -1
1481967885056 10 -1
1481967886176 6 -1
1481967887056 1 3
1481967888911 4 1
1481967908535 7 2
1481967909841 8 3
1481967913544 7 -2
1481967916002 4 -1
1481967917770 1 -2
1481967920536 6 1
1481967934280 10 1
1481967937768 9 1
1481967946688 0 -1
1481967947912 4 -2
1481967961265 4 2
1481967970920 R
