1479797966332 8 -1
1479797968108 6 1
1479797969661 12 -1
1479797971867 6 -1
1479797972731 12 -1
1479797973707 2 1
1479797975555 3 -1
1479797980910 2 -1
1479797981931 12 2
1479797982963 6 1
1479797984387 1 3
1479797985955 11 2
1479797986899 4 -1
1479797987874 7 -1
1479797988914 5 -1
1479797990259 0 1
1479797994450 6 -1
1479797995810 8 2
1479797996850 11 1
1479797998754 4 1
1479798001730 8 -1
1479798002355 12 -1
1479798003051 2 1
1479798004554 9 1
1479798007146 9 -1
1479798009690 R
1479798077258 R
1479798083135 5 1
1479798084383 8 -1
1479798086511 8 2
1479798089510 8 -2
1479798090550 12 -2
1479798091534 2 1
1479798092942 9 1
1479798093830 7 2
1479798095766 4 1
1479798099176 R
1479798102502 5 1
1479798103142 7 1
1479798104150 4 1
1479798107826 8 -1
1479798108846 6 1
1479798111502 12 -1
1479798112373 2 1
1479798113309 9 1
1479798115029 7 1
1479798116758 4 -1
1479798119368 5 -1
1479798120685 1 2
1479798121733 11 2
1479798122646 4 -1
1479798124253 7 -3
1479798125525 5 -1
1479798127605 0 1
1479798129365 1 -1
1479798136165 3 -1
1479798137653 9 -1
1479798148788 4 1
1479798149965 11 -1
1479798154029 3 1
1479798155276 9 1
1479798160452 1 1
1479798163035 1 -1
1479798163715 1 1
1479798164323 11 1
1479798165611 4 -1
1479798168708 R
1479798172691 3 -1
1479798176966 8 -1
1479798177787 6 1
1479798178940 1 3
1479798183595 11 2
1479798184726 7 -1
1479798186014 5 -1
1479798187234 0 1
1479798190522 6 -1
1479798191786 12 -2
1479798192819 2 1
1479798194683 9 1
1479798196006 11 -1
1479798204290 0 -1
1479798205257 5 1
1479798208690 9 -1
1479798210640 2 -1
1479798211722 12 2
1479798212780 6 1
1479798213593 1 -2
1479798217953 3 1
1479798218873 5 1
1479798220754 7 2
1479798221681 11 -1
1479798223692 1 -1
1479798225649 4 1
1479798228177 4 -1
1479798228921 7 -1
1479798230585 5 -1
1479798232253 6 -1
1479798236432 8 2
1479798238257 R
1479798239785 R
1479798243113 12 -1
1479798245240 2 1
1479798248888 3 -1
1479798252544 8 -1
1479798253792 6 1
1479798255216 1 3
1479798257696 11 2
1479798258623 4 -1
1479798259569 7 -1
1479798260879 5 -1
1479798262504 0 1
