1482710035597 8 -1
1482710048062 6 1
1482710053811 3 -1
1482710058116 12 -1
1482710065200 2 1
1482710087084 6 -1
1482710090266 12 -1
1482710098154 3 1
1482710101286 7 1
1482710117005 12 1
1482710120098 6 1
1482710126680 5 1
1482710130436 4 1
1482710134473 6 -1
1482710137346 12 -1
1482710162293 9 1
1482710167235 7 1
1482710171517 4 -1
1482710181010 12 1
1482710192022 6 1
1482710204177 1 1
1482710207175 11 2
1482710211335 4 -1
1482710219921 7 -3
1482710226635 5 -2
1482710230413 0 1
1482710243353 3 -1
1482710269799 1 2
1482710276760 6 -1
1482710284688 12 -1
1482710297536 9 -1
1482710303665 2 -1
1482710307262 12 2
1482710309780 6 1
1482710317732 1 -2
1482710322306 3 1
1482710330123 0 -1
1482710333964 5 2
1482710342038 7 2
1482710353771 12 -1
1482710356976 2 1
1482710369650 7 -2
1482710374092 5 -2
1482710377601 0 1
1482710387449 9 1
1482710389737 3 -1
1482710407696 1 2
1482710411182 6 -1
1482710415146 12 -1
1482710432471 9 -1
1482710440765 12 1
1482710444289 6 1
1482710449183 1 -2
1482710464400 9 1
1482710494579 R
1482710506418 8 -1
1482710518812 6 1
1482710521368 12 -1
1482710525664 2 1
1482710530507 3 -1
1482710562119 5 1
1482710566303 4 1
1482710571698 3 1
1482710575282 9 1
1482710577472 7 2
1482710581142 6 -1
1482710583955 12 -1
1482710596639 4 -1
1482710598607 5 -1
1482710601959 7 -2
1482710605042 3 -1
1482710621517 5 1
1482710624405 3 1
1482710627841 7 2
1482710634326 4 1
1482710639083 12 1
1482710641860 6 1
1482710650226 4 -1
1482710654408 6 -1
1482710656597 12 -1
1482710674187 5 -1
1482710682909 12 1
1482710686457 6 1
1482710697646 7 -2
1482710705990 3 -1
1482710709354 9 -1
1482710716730 1 3
1482710720632 11 2
1482710725732 1 -2
1482710728974 5 1
1482710733095 4 -1
1482710743091 3 1
1482710747690 7 -1
1482710763265 2 -1
1482710765308 12 1
1482710770791 5 -2
1482710776993 1 1
1482710781458 12 -1
1482710783574 2 1
1482710786965 0 1
1482710788995 3 -1
1482710792603 1 -1
1482710799478 3 1
1482710803919 9 1
1482710815905 1 1
1482710837396 R
1482710849705 5 1
1482710858672 8 -1
1482710861608 6 1
1482710865938 1 1
1482710868690 11 2
1482710873926 4 -1
1482710876216 7 -1
1482710887735 12 -1
1482710891259 2 1
1482710897632 3 -1
1482710900568 5 -2
1482710906732 0 1
1482710916677 4 1
1482710919147 11 -1
1482710928418 1 2
1482710930682 6 -1
1482710933850 12 -1
1482710962779 12 1
1482710965518 6 1
1482710969884 1 -2
1482710976757 3 1
1482710989965 2 -1
1482710991874 12 1
1482710997990 1 1
1482711007334 11 1
1482711009342 4 -1
1482711015248 1 -1
1482711021045 12 -1
1482711023908 2 1
1482711026551 3 -1
1482711041194 1 2
1482711044301 6 -1
1482711047177 12 -1
1482711056584 4 1
1482711058627 11 -1
1482711065796 12 1
1482711069272 6 1
1482711077675 1 -2
1482711079818 11 1
1482711090825 4 -1
1482711093810 1 2
1482711095962 6 -1
1482711097419 12 -1
1482711106899 4 1
1482711117698 12 1
1482711120390 6 1
1482711124548 1 -2
1482711129685 3 1
1482711132645 9 1
1482711134955 4 -1
1482711148742 0 -1
1482711151432 5 2
1482711161292 7 3
1482711163324 4 2
1482711166907 11 -2
1482711171447 1 -1
1482711185012 6 -1
1482711187629 12 -1
1482711196681 7 -2
1482711198539 3 -1
1482711207788 4 -1
1482711215470 5 -1
1482711220925 12 1
1482711223080 6 1
1482711229098 9 -1
1482711240427 1 3
1482711245529 11 2
1482711246692 4 -1
1482711249186 7 -1
1482711251523 5 -1
1482711253687 0 1
1482711259415 6 -1
1482711263440 8 1
1482711265484 11 1
1482711275859 4 1
1482711277608 11 -2
1482711278879 8 -1
1482711281534 12 -1
1482711290209 9 1
1482711294477 12 1
1482711296154 6 1
1482711298406 1 -2
1482711303543 9 -1
1482711319494 11 1
1482711321366 4 -1
1482711323959 4 1
1482711326332 1 2
1482711327614 6 -1
1482711329220 12 -1
1482711336729 4 -1
1482711343774 12 1
1482711345329 6 1
1482711347384 1 -2
1482711360521 1 2
1482711363164 6 -1
1482711364828 12 -1
1482711369050 4 1
1482711370483 11 -1
1482711379140 12 1
1482711381562 6 1
1482711383593 1 -2
1482711398969 0 -1
1482711404668 11 1
1482711406650 4 -1
1482711417011 5 2
1482711428421 3 1
1482711430785 9 1
1482711433951 7 3
1482711442223 5 -1
1482711447089 5 1
1482711449731 4 2
1482711451235 11 -2
1482711458317 1 -1
1482711463515 6 -1
1482711466989 12 -1
1482711475722 7 -1
1482711477373 7 -1
1482711480394 3 -1
1482711482032 9 -1
1482711491943 12 1
1482711494266 6 1
1482711501593 4 -1
1482711503782 5 -1
1482711515084 2 -1
1482711516711 12 1
1482711521325 6 -1
1482711523673 12 -2
1482711526548 2 1
1482711535429 12 1
1482711538011 6 1
1482711541730 3 1
1482711543797 9 1
1482711545351 7 2
1482711547125 5 1
1482711551602 6 -1
1482711553559 12 -1
1482711557339 4 1
1482711562111 R
1482711571261 12 -1
1482711573488 2 1
1482711584446 7 1
1482711591430 8 -1
1482711593718 6 1
1482711600398 7 -1
1482711601951 3 -1
1482711610282 5 1
1482711611860 6 -1
1482711618807 12 -1
1482711633023 3 1
1482711636963 5 -1
1482711642150 7 1
1482711645234 5 1
1482711646739 12 1
1482711648793 6 1
1482711653284 4 1
1482711656061 1 1
1482711659352 11 2
1482711663120 7 -2
1482711664894 3 -1
1482711671548 4 -2
1482711675364 5 -2
1482711678313 0 1
1482711694445 1 2
1482711696000 6 -1
1482711697786 12 -1
1482711704610 2 -1
1482711716990 4 1
1482711718970 11 -1
1482711730384 12 1
1482711732073 2 1
1482711736890 6 1
1482711740061 1 -2
1482711752452 11 1
1482711754322 4 -1
1482711761454 0 -1
1482711763399 1 2
1482711765271 6 -1
1482711767057 12 -1
1482711769356 0 1
1482711776240 2 -1
1482711785173 12 2
1482711787558 6 1
1482711791055 12 -1
1482711792597 1 -2
1482711796058 2 1
1482711806847 4 1
1482711831983 2 -1
1482711840239 12 1
1482711844009 1 2
1482711845045 0 -1
1482711850574 6 -1
1482711854025 12 -2
1482711858061 2 1
1482711868409 0 1
1482711872543 4 -1
1482711880666 12 1
1482711883223 6 1
1482711885511 1 -2
1482711897134 1 2
1482711899054 6 -1
1482711901000 12 -1
1482711916511 12 1
1482711918798 6 1
1482711925795 4 1
1482711927900 11 -1
1482711934235 1 -2
1482711941858 3 1
1482711944658 9 1
1482711954641 0 -1
1482711956316 5 2
1482711959288 7 3
1482711962874 11 -1
1482711971619 5 -1
1482711973819 1 -1
1482711982468 5 1
1482711988326 7 -2
1482711990993 3 -1
1482711993735 6 -1
1482711995118 12 -1
1482711997221 3 1
1482712001073 9 -1
1482712009025 12 1
1482712010666 8 1
1482712013847 8 -1
1482712015939 12 -1
1482712020208 3 -1
1482712022030 5 -1
1482712030499 R
1482712040236 8 -1
1482712041557 12 -2
1482712044739 2 1
1482712055653 3 -1
1482712057143 12 1
1482712058942 6 1
1482712063849 9 1
1482712070370 3 1
1482712072155 7 2
1482712078210 5 1
1482712079335 4 1
1482712081881 6 -1
1482712083117 12 -1
1482712089073 4 -1
1482712091116 5 -1
1482712094065 12 1
1482712096144 6 1
1482712101909 6 -1
1482712104050 12 -1
1482712107059 5 1
1482712109323 7 -2
1482712111036 3 -1
1482712112614 9 -1
1482712117313 2 -1
1482712119417 12 2
1482712121179 6 1
1482712125303 5 -1
1482712130489 1 2
1482712132449 1 1
1482712133930 6 -1
1482712136449 8 2
1482712143240 11 3
1482712145724 7 -1
1482712147033 4 -1
1482712154033 8 -1
1482712155684 12 -1
1482712157324 2 1
1482712159784 5 -1
1482712163796 0 1
1482712167405 11 -1
1482712168764 8 -1
1482712170084 12 -1
1482712171345 12 1
1482712172997 6 1
1482712175296 1 -2
1482712181647 3 1
1482712184606 3 -1
1482712189266 1 2
1482712191028 6 -1
1482712193046 12 -1
1482712208545 2 -1
1482712211969 12 2
1482712213669 6 1
1482712215823 1 -2
1482712217963 12 -1
1482712219811 2 1
1482712223456 4 1
1482712224802 11 -1
1482712230220 1 2
1482712232911 6 -1
1482712236407 12 -1
1482712245437 12 1
1482712248557 6 1
1482712260839 2 -1
1482712263198 12 1
1482712266553 12 -1
1482712268166 2 1
1482712269488 1 -2
1482712283068 11 1
1482712285195 4 -1
1482712290212 1 2
1482712299522 6 -1
1482712301065 12 -1
1482712305652 12 1
1482712313103 6 1
1482712315280 1 -2
1482712319341 4 1
1482712321163 11 -1
1482712326179 2 -1
1482712328652 12 1
1482712332174 1 2
1482712334167 6 -1
1482712338619 12 -2
1482712342485 0 -1
1482712347968 2 1
1482712353264 5 1
1482712354401 7 1
1482712356295 11 -1
1482712370390 12 1
1482712372163 6 1
1482712374217 1 -3
1482712378023 6 -1
1482712379968 12 -1
1482712386720 3 1
1482712388371 7 1
1482712394354 2 -1
1482712397019 12 2
1482712399984 6 1
1482712407724 6 -1
1482712409144 12 -2
1482712411517 2 1
1482712415506 5 1
1482712424989 9 1
1482712425747 7 1
1482712429932 5 -1
1482712434238 12 1
1482712436710 6 1
1482712443341 7 -2
1482712445801 5 1
1482712449740 9 -1
1482712456935 6 -1
1482712458696 12 -1
1482712461438 2 -1
1482712463640 12 2
1482712465304 6 1
1482712467752 5 -1
1482712481799 6 -1
1482712485114 12 -2
1482712488588 2 1
1482712491279 3 -1
1482712494803 3 1
1482712501752 5 1
1482712508108 4 1
1482712509128 7 1
1482712515270 9 1
1482712516470 7 1
1482712519897 4 -1
1482712521929 5 -1
1482712525806 12 1
1482712527960 6 1
1482712536759 5 1
1482712539205 4 1
1482712542179 1 1
1482712545029 11 2
1482712547720 4 -2
1482712556494 7 -3
1482712558193 5 -2
1482712567088 0 1
1482712568555 3 -1
1482712572619 4 1
1482712574380 11 -1
1482712581304 11 1
1482712584876 4 -1
1482712588975 1 2
1482712591018 6 -1
1482712592878 12 -1
1482712601209 4 1
1482712602433 11 -1
1482712605407 12 1
1482712607401 6 1
1482712614887 1 -2
1482712620428 9 -1
1482712635329 2 -1
1482712637763 12 1
1482712640345 1 2
1482712642400 6 -1
1482712644101 12 -2
1482712646950 2 1
1482712650656 11 1
1482712652209 4 -1
1482712659465 9 1
1482712660860 12 1
1482712662437 6 1
1482712670902 4 1
1482712674598 6 -1
1482712676128 8 1
1482712679137 11 1
1482712680933 4 -1
1482712691516 4 1
1482712695993 9 -1
1482712702806 2 -1
1482712705422 12 1
1482712707357 8 1
1482712710515 8 -1
1482712712093 11 -2
1482712715299 8 -1
1482712716876 6 1
1482712718540 1 -2
1482712721157 12 -1
1482712723189 2 1
1482712728721 11 1
1482712730091 4 -1
1482712741357 0 -1
1482712748467 5 2
1482712751477 3 1
1482712757570 9 1
1482712759283 7 2
1482712762134 4 2
1482712767211 11 -2
1482712770587 1 -1
1482712773549 6 -1
1482712775348 12 -1
1482712788913 12 1
1482712790053 6 1
1482712793123 1 1
1482712795581 11 2
1482712798190 7 1
1482712799413 4 -2
1482712803426 5 -1
1482712805310 4 1
1482712806815 11 -2
1482712807769 1 -1
1482712813999 7 -2
1482712815123 3 -1
1482712822109 9 -1
1482712837184 6 -1
1482712838736 12 -1
1482712854324 2 -1
1482712855534 12 2
1482712857064 6 1
1482712863060 6 -1
1482712868431 8 2
1482712879550 8 -2
1482712882182 6 1
1482712885706 1 3
1482712887088 12 -1
1482712889010 2 1
1482712891003 1 -3
1482712898370 6 -1
1482712899936 12 -1
1482712905982 5 1
1482712907840 3 1
1482712909590 9 1
1482712911340 7 2
1482712916063 5 -1
1482712918021 7 -2
1482712918853 3 -1
1482712928960 9 -1
1482712932778 12 1
1482712936536 6 1
1482712943424 1 1
1482712945957 11 2
1482712947057 4 -1
1482712949161 7 -1
1482712950910 5 -1
1482712953087 0 1
1482712956879 1 2
1482712958324 6 -1
1482712959743 12 -1
1482712963743 4 1
1482712965321 11 -1
1482712970740 9 1
1482712973458 12 1
1482712975133 6 1
1482712976859 1 -2
1482712981105 9 -1
1482712983575 3 1
1482712985043 2 -1
1482712986450 12 1
1482712989631 3 -1
1482712993474 1 2
1482712995591 6 -1
1482712997536 8 2
1482713001512 11 2
1482713002723 4 -1
1482713012172 0 -2
1482713016770 5 1
1482713017822 7 1
1482713022262 6 -2
1482713024358 1 -2
1482713026262 10 -2
1482713029137 5 2
1482713034691 3 2
1482713037897 7 -1
1482713043464 5 -3
1482713049543 8 -1
1482713054596 12 -1
1482713056015 2 1
1482713067787 1 1
1482713069095 10 1
1482713072276 1 -1
1482713073547 10 -1
1482713078601 5 3
1482713082993 2 -1
1482713085062 7 2
1482713091740 2 1
1482713094798 3 -1
1482713100975 3 1
1482713103129 7 -2
1482713113453 5 -3
1482713124267 1 1
1482713125809 10 1
1482713131987 1 -1
1482713143476 1 1
1482713145910 10 -1
1482713150340 5 1
1482713152114 7 2
1482713155306 3 -1
1482713160628 10 2
1482713162734 1 -1
1482713166087 10 -2
1482713175016 10 1
1482713180203 1 1
1482713185195 3 1
1482713188167 9 1
1482713189243 7 1
1482713192728 6 -1
1482713197917 1 -1
1482713199263 10 -1
1482713202872 0 1
1482713204168 11 -1
1482713205257 8 -1
1482713206542 12 -1
1482713208891 3 1
1482713216061 5 2
1482713227855 0 2
