1482899769624 8 -1
1482899771648 12 -2
1482899773248 2 1
1482899774472 9 1
1482899775400 7 2
1482899779352 12 1
1482899780776 6 1
1482899781760 1 2
1482899783256 11 2
1482899784848 4 -1
1482899787056 7 -1
1482899788272 7 -2
1482899789248 5 -1
1482899790048 0 1
1482899792281 3 -1
1482899794056 1 -1
1482899795504 9 -1
1482899796128 2 -1
1482899796888 12 1
1482899798320 1 2
1482899799600 6 -1
1482899800504 8 2
1482899802056 11 1
1482899808680 0 -1
1482899811288 5 1
1482899811905 7 1
1482899812888 4 1
1482899813864 11 -2
1482899817792 11 -1
1482899820144 8 -1
1482899821136 8 -1
1482899823712 12 -2
1482899825112 2 1
1482899829648 12 1
1482899830552 6 1
1482899831224 1 -3
1482899836528 3 1
1482899837208 7 1
1482899838240 9 1
1482899838767 7 1
1482899846008 5 1
1482899847376 4 1
1482899850080 6 -1
1482899850896 12 -1
1482899852503 7 -2
1482899853624 3 -1
1482899854192 9 -1
1482899857671 2 -1
1482899858592 12 2
1482899859664 6 1
1482899860560 1 1
1482899862247 11 2
1482899863759 7 -1
1482899864479 4 -2
1482899865640 5 -1
1482899865688 5 -1
1482899866591 0 1
1482899870039 1 2
1482899870983 6 -1
1482899871999 12 -2
1482899873248 2 1
1482899879512 4 1
1482899880335 11 -1
1482899881879 12 1
1482899882855 6 1
1482899883824 1 -2
1482899889111 1 2
1482899890135 6 -1
1482899891447 8 1
1482899892655 11 2
1482899893399 4 -1
1482899895816 0 -2
1482899896607 6 -2
1482899898080 6 2
1482899899232 5 1
1482899899951 7 1
1482899903527 6 -2
1482899905096 7 -1
1482899905895 6 2
1482899907111 0 1
1482899907759 5 -1
1482899908544 0 1
1482899915463 11 -1
1482899916055 8 -1
1482899916759 6 1
1482899917391 1 -2
1482899918648 2 -1
1482899919847 12 1
1482899921351 1 2
1482899922359 6 -1
1482899923119 12 -2
1482899923967 2 1
1482899926151 4 1
1482899927399 11 -1
1482899929455 9 1
1482899937015 11 1
1482899938519 12 1
1482899939488 8 1
1482899940759 11 1
1482899941935 4 -1
1482899944503 0 -2
1482899947391 9 -1
1482899948711 6 -2
1482899949367 1 -2
1482899949975 10 -2
1482899952735 3 2
1482899953439 5 3
1482899954919 7 2
1482899956863 7 -2
1482899957847 9 1
1482899958495 7 3
1482899959711 6 -1
1482899960486 0 2
1482899963391 11 -1
1482899965000 8 -1
1482899965663 12 -1
1482899966687 3 1
1482899968199 0 1
1482899969167 6 1
1482899970039 7 -3
1482899971207 9 -1
1482899971878 0 2
