1479982682746 8 -1
1479982688786 12 -2
1479982690922 2 1
1479982702089 3 -1
1479982709353 12 1
1479982710747 6 1
1479982738586 6 -1
1479982740185 12 -1
1479982752034 12 1
1479982753058 8 1
1479982761021 8 -1
1479982762538 6 1
1479982767421 5 1
1479982769009 4 1
1479982773140 1 1
1479982774778 11 2
1479982776137 4 -2
1479982778891 5 -1
1479982780138 7 -1
1479982781561 5 -1
1479982784089 0 1
1479982798101 1 2
1479982799969 6 -1
1479982801455 12 -1
1479982827593 0 -1
1479982850307 4 1
1479982852842 11 -1
1479982861924 R
1479982874218 8 -1
1479982906864 12 -2
1479982908440 2 1
1479982922305 7 1
1479982939961 9 1
1479982941283 7 1
1479982943977 7 -2
1479982944992 R
1479983000661 8 -1
1479983002861 12 -2
1479983004857 2 1
1479983012824 7 1
1479983016048 5 1
1479983017953 4 1
1479983026760 9 1
1479983028016 7 1
1479983029534 4 -1
1479983034608 5 -1
1479983042965 12 1
1479983044084 6 1
1479983049481 5 1
1479983050792 4 1
1479983059696 6 -1
1479983060898 12 -1
1479983066925 12 1
1479983073410 8 1
1479983076969 8 -1
1479983079474 6 1
1479983088201 1 1
1479983089554 11 2
1479983091156 4 -2
1479983092237 7 -3
1479983093980 9 -1
1479983095616 3 -1
1479983097024 5 -2
1479983132572 1 2
1479983133754 6 -1
1479983134969 12 -1
1479983148304 0 1
1479983156035 4 1
1479983157644 11 -1
1479983183205 11 1
1479983184687 4 -1
1479983204118 12 1
1479983205338 6 1
1479983209922 1 -2
1479983214243 3 1
1479983226825 3 -1
1479983237106 4 1
1479983238648 11 -1
1479983251051 1 2
1479983252449 6 -1
1479983254034 12 -1
1479983259816 12 1
1479983263175 6 1
1479983265439 1 -2
1479983279433 R
1479983313976 8 -1
1479983314975 6 1
1479983316544 1 2
1479983318145 11 2
1479983321432 4 -1
1479983322258 7 -1
1479983323593 5 -1
1479983325121 3 -1
1479983329602 1 -1
1479983338865 1 2
1479983340489 6 -1
1479983341749 12 -2
1479983343321 2 1
1479983349833 0 1
1479983366163 0 -1
1479983379904 2 -1
1479983386384 12 1
1479983387767 6 1
1479983389165 2 1
1479983397016 6 -1
1479983422562 5 1
1479983423740 9 1
1479983428848 9 -1
1479983429800 5 -1
1479983436577 4 1
1479983437763 11 -1
1479983447088 0 1
1479983452656 11 1
1479983454249 4 -1
1479983459500 6 1
1479983463513 1 -2
1479983483288 4 1
1479983484704 11 -1
1479983490178 1 2
1479983492385 6 -1
1479983493642 12 -1
1479983505880 11 1
1479983506993 4 -1
1479983512081 12 1
1479983513040 6 1
1479983514752 1 -2
1479983520162 3 1
1479983548146 3 -1
1479983563488 0 -1
1479983565064 4 1
1479983566201 11 -1
1479983574819 1 2
1479983575968 6 -1
1479983577489 12 -1
1479983585240 0 1
1479983587904 2 -1
1479983595818 12 2
1479983597003 6 1
1479983598632 1 -2
1479983607511 12 -1
1479983608777 3 1
1479983610048 2 1
1479983619936 1 1
1479983624441 3 -1
1479983627473 1 -1
1479983631778 1 2
1479983632880 6 -1
1479983634369 11 1
1479983637528 4 -1
1479983639517 6 1
1479983664145 6 -1
1479983665532 2 -1
1479983667364 12 -1
1479983668924 2 1
1479983685563 0 -1
1479983695156 0 1
1479983696435 4 1
1479983697777 11 -1
1479983707182 12 1
1479983708697 8 1
1479983710473 0 -1
1479983716280 0 1
1479983717753 8 -1
1479983726643 12 -1
1479983729080 12 1
1479983742273 0 -1
1479983744538 5 1
1479983745881 7 1
1479983747305 11 -1
1479983753281 6 1
1479983754649 1 -3
1479983757829 5 1
1479983759359 3 1
1479983769144 7 1
1479983772576 4 1
1479983775528 1 1
1479983778313 11 2
1479983781281 4 -2
1479983782442 7 -2
1479983784053 3 -1
1479983785665 5 -2
1479983792596 3 1
1479983799760 3 -1
1479983812311 1 2
1479983813608 6 -1
1479983814833 12 -1
1479983824337 4 1
1479983826320 11 -1
1479983840827 5 1
1479983842210 7 1
1479983843481 11 -1
1479983850700 12 1
1479983851384 6 1
1479983852516 1 -3
1479983858432 6 -1
1479983859542 12 -1
1479983882506 5 1
1479983883678 3 1
1479983885392 7 1
1479983886594 4 1
1479983892258 12 1
1479983893272 6 1
1479983895096 1 1
1479983897082 4 -1
1479983898686 7 -1
1479983901112 3 -1
1479983902336 5 -1
1479983904248 1 -1
1479983906525 5 1
1479983907762 3 1
1479983908848 7 1
1479983909922 4 1
1479983911442 6 -1
1479983912580 12 -1
1479983924168 4 -1
1479983925448 5 -1
1479983935522 9 1
1479983936157 7 1
1479983939907 5 1
1479983940875 4 1
1479983947915 12 1
1479983948861 6 1
1479983950232 1 1
1479983951533 11 2
1479983958091 4 -2
1479983959630 7 -3
1479983962032 5 -2
1479983963065 3 -1
1479983964058 9 -1
1479983971400 0 1
1479984021257 4 1
1479984022537 R
1479984073874 8 -1
1479984126480 7 1
