1481136664228 8 -1
1481136665895 12 -2
1481136673155 2 1
1481136677792 12 1
1481136679280 6 1
1481136683671 5 1
1481136685691 7 1
1481136692086 6 -1
1481136693640 12 -1
1481136704149 4 1
1481136710128 12 1
1481136711580 6 1
1481136715766 1 1
1481136717460 11 2
1481136722708 4 -2
1481136736238 5 -1
1481136754553 7 -2
1481136756829 5 -1
1481136758625 0 1
1481136766674 1 1
1481136767986 3 -1
1481136769915 1 1
1481136772759 6 -1
1481136774239 12 -1
1481136779181 4 1
1481136780979 11 -1
1481136799981 R
1481136804727 12 -1
1481136806445 2 1
1481136812456 5 1
1481136814902 4 1
1481136816843 3 -1
1481136823439 4 -1
1481136825021 5 -1
1481136829466 3 1
1481136830851 7 1
1481136838578 8 -1
1481136840257 6 1
1481136843467 1 2
1481136845036 11 2
1481136846837 4 -1
1481136848818 7 -2
1481136851156 5 -1
1481136852873 0 1
1481136856124 1 -1
1481136858601 3 -1
1481136862202 1 2
1481136863998 6 -1
1481136865525 12 -1
1481136867938 4 1
1481136869561 11 -1
1481136874179 0 -1
1481136878287 12 1
1481136879848 6 1
1481136882807 0 1
1481136887578 1 -2
1481136890131 3 1
1481136894225 2 -1
1481136896406 12 1
1481136898639 1 1
1481136903587 3 -1
1481136906213 1 1
1481136908257 6 -1
1481136909923 12 -2
1481136911672 2 1
1481136919622 11 1
1481136921150 4 -1
1481136925537 9 1
1481136928611 12 1
1481136930110 6 1
1481136932117 1 -2
1481136940460 3 1
1481136944214 0 -1
1481136945815 5 2
1481136948415 7 3
1481136951018 4 2
1481136953639 11 -2
1481136958017 4 -1
1481136960520 5 -1
1481136965384 1 -1
1481136966994 6 -1
1481136968400 12 -1
1481136975835 7 -2
1481136979036 3 -1
1481136983305 9 -1
1481136986550 12 1
1481136987952 6 1
1481136991341 5 1
1481136993797 4 1
1481136995738 3 1
1481136997518 9 1
1481136999159 7 2
1481137000638 4 -1
1481137013822 5 -1
1481137018391 6 -1
1481137019945 12 -1
1481137025802 5 1
1481137027368 4 1
1481137028961 7 -2
1481137034753 4 -1
1481137036476 5 -1
1481137038478 9 -1
1481137040226 3 -1
1481137048885 3 1
1481137051300 7 1
1481137054491 7 -1
1481137058674 7 1
1481137060736 5 1
1481137062729 12 1
1481137064110 6 1
1481137066407 4 1
1481137068757 1 1
1481137070169 11 2
1481137073850 4 -2
1481137079664 4 2
1481137081456 7 -2
1481137083140 3 -1
1481137086243 9 1
1481137089700 4 -2
1481137091987 5 -2
1481137093615 0 1
1481137097479 3 1
1481137100219 4 1
1481137102121 11 -1
1481137115464 9 -1
1481137117025 2 -1
1481137118471 12 1
1481137121881 1 1
1481137124837 11 1
1481137128601 1 -1
1481137131053 1 1
1481137136024 4 -1
1481137138893 1 -1
1481137140233 0 -1
1481137141810 5 2
1481137143755 7 2
1481137153761 5 -1
1481137155161 4 1
1481137156850 11 -2
1481137158451 1 -1
1481137160557 5 1
1481137162598 4 1
1481137167061 6 -1
1481137168606 12 -2
1481137170039 2 1
1481137173231 4 -1
1481137174838 5 -1
1481137179268 9 1
1481137180801 7 1
1481137190353 5 1
1481137191724 4 1
1481137202144 7 -2
1481137204702 3 -1
1481137215596 R
1481137220351 R
1481137229075 8 -1
1481137230721 12 -2
1481137232774 2 1
1481137235463 3 -1
1481137241934 5 1
1481137243396 4 1
1481137245170 3 1
1481137246911 9 1
1481137250562 7 2
1481137253297 4 -1
1481137260355 5 -1
1481137268892 12 1
1481137270257 6 1
1481137272763 1 2
1481137274472 11 2
1481137275897 4 -1
1481137278264 7 -3
1481137280149 5 -1
1481137281611 0 1
1481137285028 3 -1
1481137286438 9 -1
1481137289007 1 1
1481137290871 6 -1
1481137292607 12 -1
1481137298855 9 1
1481137305953 0 -1
1481137307299 5 1
1481137308604 7 1
1481137313568 12 1
1481137315246 6 1
1481137317224 1 -2
1481137320520 5 1
1481137323386 4 2
1481137325281 11 -2
1481137326775 1 -1
1481137328617 6 -1
1481137330126 12 -1
1481137333832 3 1
1481137335354 4 -1
1481137337023 5 -1
1481137339175 3 -1
1481137342426 9 -1
1481137343898 2 -1
1481137350852 12 2
1481137352562 6 1
1481137360817 3 1
1481137362075 7 1
1481137364295 5 1
1481137365964 4 1
1481137368870 4 -1
1481137370448 5 -1
1481137373861 6 -1
1481137378882 6 1
1481137380272 1 2
1481137382098 11 2
1481137383760 4 -1
1481137385433 7 -2
1481137387316 5 -1
1481137389037 0 1
1481137392471 12 -1
1481137393765 2 1
1481137396550 9 1
1481137399068 3 -1
1481137400619 1 1
1481137402670 6 -1
1481137404161 12 -1
1481137410564 4 1
1481137412272 11 -1
1481137417805 0 -1
1481137419046 5 1
1481137421072 7 1
1481137422421 11 -1
1481137437112 9 -1
1481137443231 11 2
1481137444805 4 -1
1481137446657 7 -1
1481137448277 5 -1
1481137449709 0 1
1481137455667 4 1
1481137458073 9 1
1481137462546 12 1
1481137464020 6 1
1481137465736 1 -2
1481137471333 11 -1
1481137474704 0 -1
1481137477038 5 2
1481137480357 3 1
1481137482497 7 3
1481137486531 11 -1
1481137487931 1 -1
1481137491583 4 1
1481137493840 7 -2
1481137495336 3 -1
1481137497785 9 -1
1481137500218 3 1
1481137501893 7 1
1481137506304 7 -1
1481137509134 3 -1
1481137510739 4 -1
1481137512045 5 -1
1481137515901 6 -1
1481137517233 12 -1
1481137524921 9 1
1481137526554 3 1
1481137527975 7 2
1481137531597 5 1
1481137533013 4 1
1481137540166 12 1
1481137541972 6 1
1481137543674 1 1
1481137545046 11 2
1481137548395 4 -2
1481137550477 7 -3
1481137552711 5 -2
1481137555127 0 1
1481137557316 3 -1
1481137561075 1 2
1481137563274 6 -1
1481137564554 12 -1
1481137566732 9 -1
1481137568546 4 1
1481137570040 11 -1
1481137577621 12 1
1481137579125 6 1
1481137580573 1 -2
1481137585305 3 1
1481137601295 11 1
1481137602604 4 -1
1481137611190 0 -1
1481137612474 5 2
1481137614587 7 2
1481137618950 4 2
1481137621909 4 -2
1481137623709 9 1
1481137627688 7 -2
1481137629350 5 -2
1481137633069 0 1
1481137634619 3 -1
1481137638883 1 2
1481137641139 6 -1
1481137642432 12 -1
1481137645482 4 1
1481137647015 11 -1
1481137654870 9 -1
1481137657085 2 -1
1481137661112 12 2
1481137662606 6 1
1481137664072 1 -2
1481137666268 3 1
1481137670387 3 -1
1481137676828 1 1
1481137679590 11 1
1481137682086 4 -1
1481137684269 1 -1
1481137688279 3 1
1481137691617 0 -1
1481137693276 5 2
1481137694988 7 2
1481137701010 12 -1
1481137702350 2 1
1481137705650 7 -2
1481137707456 3 -1
1481137709234 5 -2
1481137710782 0 1
1481137715965 9 1
1481137717209 3 1
1481137719784 4 1
1481137722648 11 -1
1481137727422 0 -1
1481137728903 5 2
1481137730473 7 3
1481137732555 11 -1
1481137734068 4 1
1481137737740 1 -1
1481137739010 6 -1
1481137740366 12 -1
1481137748362 7 -1
1481137750020 9 -1
1481137754233 4 -1
1481137756111 5 -1
1481137761169 12 1
1481137762329 6 1
1481137767557 9 1
1481137769045 7 1
1481137771595 1 2
1481137773333 11 2
1481137774650 4 -1
1481137776821 7 -3
1481137778463 5 -1
1481137779876 0 1
1481137781771 3 -1
1481137783411 9 -1
1481137785421 1 -1
1481137786934 3 1
1481137790535 4 1
1481137793010 11 -1
1481137796207 0 -1
1481137797428 5 2
1481137798803 7 2
1481137800519 11 -1
1481137802170 4 1
1481137804235 1 -1
1481137806211 6 -1
1481137807624 12 -1
1481137810967 4 -1
1481137812581 7 -1
1481137813947 3 -1
1481137818219 9 1
1481137819835 3 1
1481137822210 4 1
1481137826185 7 2
1481137828348 4 -1
1481137830075 5 -1
1481137835761 12 1
1481137837046 6 1
1481137839448 5 1
1481137841537 4 1
1481137843572 7 -2
1481137844861 3 -1
1481137846427 9 -1
1481137847940 2 -1
1481137852678 6 -1
1481137854064 12 -1
1481137855772 2 1
1481137869431 4 -1
1481137870824 5 -1
1481137873920 12 1
1481137875237 6 1
1481137877045 1 3
1481137880678 6 -1
1481137883394 12 -1
1481137889810 11 2
1481137891076 4 -1
1481137893059 7 -1
1481137894379 5 -1
1481137895829 0 1
1481137905299 9 1
1481137908733 4 1
1481137910106 11 -1
1481137919058 12 1
1481137920521 6 1
1481137922147 1 -2
1481137931916 9 -1
1481137933650 2 -1
1481137935080 12 1
1481137938530 3 1
1481137941461 1 1
1481137943418 11 1
1481137945161 4 -1
1481137946568 3 -1
1481137954908 R
1481137969443 8 -1
1481137971306 6 1
1481137972800 1 2
1481137974850 12 -1
1481137976230 2 1
1481137982718 11 2
1481137985389 4 -1
1481137987491 7 -1
1481137989210 3 -1
1481137990668 5 -1
1481137992236 0 1
1481137997538 3 1
1481137999052 9 1
1481138002130 4 1
1481138003960 11 -1
1481138006624 1 -1
1481138010479 0 -1
1481138011859 5 2
1481138014054 7 3
1481138016112 4 1
1481138018128 11 1
1481138019746 4 -2
1481138022518 7 -3
1481138024315 5 -2
1481138028683 0 1
1481138033513 4 1
1481138035012 11 -1
1481138040341 9 -1
1481138042440 3 -1
1481138047788 11 1
1481138049310 4 -1
1481138058241 9 1
1481138061920 1 2
1481138064130 4 1
1481138065710 11 -1
1481138067816 1 -2
1481138070018 3 1
1481138073501 0 -1
1481138074666 5 2
1481138076468 7 3
1481138078317 4 1
1481138079897 11 -1
1481138081412 1 -1
1481138084914 4 -1
1481138087214 5 -1
1481138098377 5 1
1481138099994 4 1
1481138101629 7 -2
1481138105063 3 -1
1481138110605 1 1
1481138111854 11 2
1481138114609 7 -1
1481138116972 4 -2
1481138118417 5 -2
1481138119826 0 1
1481138126147 1 2
1481138127429 6 -1
1481138128840 12 -1
1481138132801 4 1
1481138136197 9 -1
1481138139826 12 1
1481138141065 6 1
1481138142598 1 -2
1481138145547 3 1
1481138150551 11 -1
1481138155311 9 1
1481138158161 0 -1
1481138159414 5 2
1481138161088 7 3
1481138162684 4 1
1481138164908 11 1
1481138168476 4 -2
1481138170057 5 -1
1481138171524 1 1
1481138180137 7 -3
1481138181751 5 -1
1481138183131 0 1
1481138186259 3 -1
1481138187516 9 -1
1481138191602 1 1
1481138193393 6 -1
1481138194678 12 -1
1481138199443 9 1
1481138203895 0 -1
1481138205096 5 1
1481138206520 7 1
1481138207817 4 1
1481138209546 11 -2
1481138211839 12 1
1481138213049 6 1
1481138215000 1 -3
1481138219928 6 -1
1481138221214 12 -1
1481138223554 5 1
1481138225870 9 -1
1481138227853 4 1
1481138229157 3 1
1481138230946 7 1
1481138235201 12 1
1481138236472 6 1
1481138239002 1 1
1481138240691 11 2
1481138242921 4 -2
1481138248306 7 -2
1481138249824 5 -2
1481138251381 0 1
1481138255634 1 1
1481138258167 3 -1
1481138260257 1 -1
1481138264459 9 1
1481138267050 1 2
1481138269599 6 -1
1481138272867 8 1
1481138274064 11 1
1481138277771 0 -2
1481138279213 6 -2
1481138280551 10 -2
1481138281952 1 -2
1481138283701 3 2
1481138285541 5 3
1481138291619 7 3
1481138293234 6 -1
1481138294996 0 2
1481138311391 11 -1
1481138312651 8 -1
1481138314697 12 -1
1481138316023 3 1
1481138317675 0 1
1481138319372 6 1
1481138320969 7 -3
1481138322511 9 -1
1481138323803 0 2
