1480104890120 8 -1
1480104892040 12 -2
1480104893303 2 1
1480104895001 12 1
1480104896456 6 1
1480104901903 6 -1
1480104904423 12 -1
1480104908080 9 1
1480104908648 7 2
1480104910490 7 -2
1480104911647 5 1
1480104912448 7 2
1480104915032 7 -2
1480104916336 9 -1
1480104917264 2 -1
1480104918184 12 2
1480104919199 6 1
1480104921271 5 -1
1480104923096 3 -1
1480104925031 1 3
1480104926033 11 2
1480104927279 7 -1
1480104929215 4 -1
1480104930135 5 -1
1480104932032 1 -2
1480104937576 1 2
1480104939191 0 1
1480104940392 6 -1
1480104941192 12 -2
1480104942191 2 1
1480104948832 2 -1
1480104950721 12 2
1480104951608 6 1
1480104952801 1 -2
1480104956783 1 2
1480104963385 1 -2
1480104968903 0 -1
1480104971279 5 2
1480104975271 12 -1
1480104979207 2 1
1480104983904 R
1480104989384 3 -1
1480104995776 8 -1
1480104997239 6 1
1480104999592 12 -1
1480105000519 2 1
1480105001919 1 3
1480105003151 11 2
1480105005647 7 -1
1480105006129 4 -1
1480105007711 5 -1
1480105012711 1 -2
1480105022575 1 2
1480105023711 6 -1
1480105030311 12 -1
1480105032073 0 1
1480105034919 0 -1
1480105035927 2 -1
1480105036585 12 2
1480105037631 6 1
1480105039233 1 -2
1480105047527 1 2
1480105048383 6 -1
1480105049296 8 2
1480105050463 11 1
1480105054864 0 -1
1480105056559 6 -2
1480105057824 10 -2
1480105058711 1 -2
1480105069943 8 -1
1480105072055 12 -1
1480105073047 2 1
1480105091887 5 3
1480105094287 7 1
1480105095151 5 -2
1480105096095 1 2
1480105097095 6 1
1480105099328 10 2
1480105100128 6 1
1480105101071 4 1
1480105102368 0 1
1480105103559 11 -3
1480105105351 8 -1
1480105109151 6 1
1480105110495 1 -3
1480105115575 6 -1
1480105116479 12 -1
1480105118367 5 1
1480105119239 4 1
1480105120472 3 1
1480105121439 7 1
1480105122207 9 1
1480105123072 7 1
1480105124551 4 -1
1480105125647 5 -1
1480105129632 12 1
1480105130520 6 1
1480105133047 5 1
1480105134680 7 -2
1480105136105 3 -1
1480105137383 5 -1
1480105138064 1 3
1480105139215 11 2
1480105140031 4 -1
1480105140936 7 -1
1480105142007 5 -1
1480105142680 0 1
1480105144336 1 -2
1480105146711 3 1
1480105148231 4 1
1480105149912 11 -1
1480105152967 3 -1
1480105154847 1 2
1480105155647 6 -1
1480105158800 8 1
1480105159543 11 2
1480105161271 4 -1
1480105167031 9 -1
1480105167888 2 -1
1480105168975 12 1
1480105170015 8 1
1480105171103 8 -1
1480105177687 12 -1
1480105178432 2 1
1480105179550 9 1
1480105181960 0 -2
1480105182743 5 1
1480105185062 6 -2
1480105186055 1 -2
1480105187264 10 -2
1480105188120 5 2
1480105191263 9 -1
1480105192574 3 2
1480105197679 2 -1
1480105198336 12 1
1480105199551 5 1
1480105202919 1 1
1480105207351 1 -1
1480105209391 7 2
1480105210168 3 -1
