1479247770042 8 -1
1479247770691 6 1
1479247775888 3 -1
1479247777579 1 1
1479247778169 11 1
1479247778705 7 -1
1479247779244 5 -1
1479247782939 1 2
1479247783805 6 -1
1479247784622 8 2
1479247785152 11 2
1479247785578 0 -1
1479247785880 4 -1
1479247786428 6 -1
1479247787187 6 -1
1479247787630 1 -2
1479247788142 10 -2
1479247788672 5 1
1479247789133 3 1
1479247789924 8 -1
1479247790262 12 -1
1479247790600 2 1
1479247791009 9 1
1479247791513 7 3
1479247792143 6 -1
1479247794713 0 1
1479247796071 5 2
1479247796678 0 1
1479247797118 11 -1
1479247798303 8 -1
1479247798953 12 -1
1479247799535 3 2
1479247800022 0 1
1479247800382 6 1
1479247800732 7 -1
1479247801057 9 -1
1479247801409 0 2
