1482899670330 7 1
1482899673492 7 -1
1482899688361 3 -1
1482899695427 8 -1
1482899697373 6 1
1482899698798 12 -1
1482899700316 2 1
1482899704912 1 3
1482899709016 11 2
1482899713674 7 -1
1482899715560 5 -1
1482899721863 1 -2
1482899733975 1 2
1482899736039 6 -1
1482899737861 12 -1
1482899741835 2 -1
1482899747115 2 1
1482899751492 0 1
1482899758084 11 -1
1482899767172 12 1
1482899768348 6 1
1482899770154 1 -2
1482899792913 1 2
1482899794361 6 -1
1482899796705 12 -1
1482899800413 11 1
1482899802431 11 -1
1482899803739 12 1
1482899804758 8 1
1482899806276 11 2
1482899807934 0 -2
1482899813754 6 -1
1482899815326 10 -2
1482899821854 4 -1
1482899823318 6 -1
1482899825024 1 -2
1482899841597 1 1
1482899843841 3 2
1482899858754 1 -1
1482899860624 5 3
1482899866652 7 2
1482899867766 9 1
1482899869034 7 1
1482899871114 6 -1
1482899876980 3 -1
1482899883226 6 1
1482899911679 6 -1
1482899913049 0 2
1482899916678 11 -1
1482899919086 8 -1
1482899920620 12 -1
1482899922202 3 2
1482899924102 0 1
1482899926010 6 1
1482899927708 7 -3
1482899929094 9 -1
1482899930502 0 3
