1482710515045 8 -1
1482710515837 6 1
1482710517789 1 2
1482710518485 11 2
1482710519165 4 -1
1482710519837 7 -1
1482710520493 5 -1
1482710521094 0 1
1482710521748 4 1
1482710522350 11 -1
1482710524254 3 -1
1482710525101 1 -1
1482710526220 1 2
1482710526805 6 -1
1482710527420 8 2
1482710528038 11 2
1482710528765 4 -1
1482710529364 0 -2
1482710530068 6 -2
1482710530677 1 -2
1482710531278 10 -2
1482710532004 5 3
1482710532580 3 2
1482710533333 7 2
1482710534551 7 -2
1482710535997 8 -1
1482710536597 5 1
1482710539340 3 -2
1482710540316 1 2
1482710542300 6 1
1482710542869 7 1
1482710543420 4 2
1482710545677 R
1482710551556 3 -1
1482710552479 8 -1
1482710553236 6 1
1482710553892 1 3
1482710554548 6 -1
1482710555965 8 2
1482710556932 11 3
1482710558381 7 -1
1482710559068 4 -1
1482710559909 0 -1
1482710561429 5 -1
1482710562093 6 -2
1482710563052 1 -2
1482710563605 10 -2
1482710564069 8 -1
1482710565125 5 4
1482710566237 3 2
1482710568860 3 -2
1482710570533 5 -1
1482710571229 12 -1
1482710571852 2 1
1482710572445 9 1
1482710572972 3 2
1482710573654 7 3
1482710574389 6 -1
1482710575669 0 2
1482710577389 0 -2
1482710578893 5 -2
1482710579351 3 -1
1482710580487 10 2
1482710582789 1 1
1482710583965 0 1
1482710584535 11 -1
1482710585087 8 -1
1482710586245 12 -1
1482710586677 10 -2
1482710587589 3 2
1482710588309 1 -1
1482710588887 5 2
1482710589534 0 2
1482710590229 6 1
1482710591166 7 -3
1482710592102 9 -1
1482710594205 0 3
