1482282868929 8 -1
1482282869890 6 1
1482282874792 12 -1
1482282876410 2 1
1482282880232 1 2
1482282881512 11 2
1482282882154 7 -1
1482282882858 4 -1
1482282883740 5 -1
1482282885624 1 -1
1482282887482 3 -1
1482282890228 0 1
1482282891086 1 2
1482282892768 4 1
1482282893570 11 -1
1482282894354 6 -1
1482282895428 12 -1
1482282902894 12 1
1482282903566 8 1
1482282905056 11 2
1482282906018 0 -1
1482282907916 0 -1
1482282908542 6 -1
1482282909280 10 -2
1482282912210 2 -1
1482282913756 12 1
1482282936496 10 2
1482282938807 8 1
1482282940043 6 1
1482282941113 0 1
1482282941946 11 -2
1482282942795 8 -2
1482282943756 6 1
1482282944589 1 -2
1482282945295 3 1
1482282947882 12 -1
1482282948716 2 1
1482282951471 3 -1
1482282956302 11 1
1482282957216 4 -1
1482282958289 0 1
1482282959332 1 1
1482282962150 1 1
1482282963032 6 -1
1482282965602 12 -1
1482282973390 12 1
1482282974153 6 1
1482282976110 1 -2
1482282976966 3 1
1482282977684 0 -1
1482282978310 5 2
1482282979135 7 2
1482282979624 9 1
1482282980305 7 1
1482282982133 4 1
1482282983076 11 -2
1482282983780 1 -1
1482282984550 6 -1
1482282986049 12 -1
1482282992108 12 1
1482282992732 6 1
1482282997972 5 -1
1482283033735 7 -2
1482283041002 1 1
1482283041980 3 -1
1482283042694 1 2
1482283043960 11 2
1482283044816 6 -1
1482283045394 8 1
1482283046019 11 1
1482283046852 0 -1
1482283047412 4 -1
1482283048276 6 -2
1482283049269 10 -2
1482283049928 1 -2
1482283050903 5 2
1482283052844 9 -1
1482283054831 2 -1
1482283055646 12 1
1482283056568 3 2
1482283059459 7 -1
1482283060405 12 -1
1482283060948 2 1
1482283061621 9 1
1482283062332 7 3
1482283063480 6 -1
1482283064233 0 2
1482283074254 11 -1
1482283074880 8 -1
1482283075843 12 -1
1482283076931 3 1
1482283077806 0 1
1482283078621 6 1
1482283079311 7 -3
1482283080305 9 -1
1482283081060 0 2
