1482080132774 8 -1
1482080133217 6 1
1482080133733 1 2
1482080134401 11 2
1482080135483 7 -1
1482080136426 5 -1
1482080137199 3 -1
1482080137953 1 1
1482080138479 6 -1
1482080139234 8 2
1482080139659 11 1
1482080140236 0 -1
1482080140533 4 -1
1482080140948 6 -2
1482080141620 1 -2
1482080142024 10 -2
1482080142796 8 -1
1482080143565 5 4
1482080144067 3 2
1482080144974 7 2
1482080146716 5 -1
1482080147048 12 -1
1482080147335 2 1
1482080147691 9 1
1482080148118 7 1
1482080148606 6 -1
1482080149412 0 1
1482080150063 11 -1
1482080151203 8 -1
1482080151957 12 -1
1482080152306 3 1
1482080153064 0 2
1482080153489 6 1
1482080154388 7 -3
1482080154776 9 -1
1482080155056 0 3
