1480534919935 8 -1
1480534921207 12 -2
1480534922287 2 1
1480534923275 9 1
1480534924399 7 2
1480534929414 7 -2
1480534930782 9 -1
1480534931935 R
1480534951626 8 -1
1480534953126 6 1
1480534954282 1 2
1480534955946 11 2
1480534957398 7 -1
1480534958990 5 -1
1480534965773 1 -1
1480534967589 3 -1
1480534970829 12 -1
1480534971925 2 1
1480534974250 R
1480534983649 8 -1
1480534984497 6 1
1480534985941 1 2
1480534987817 11 2
1480534989357 7 -1
1480534990661 4 -1
1480534997297 5 -1
1480534998373 0 1
1480534999425 1 -1
1480535000869 12 -1
1480535001725 2 1
1480535002544 3 -1
1480535004224 1 2
1480535005392 6 -1
1480535007108 12 -1
1480535009517 R
1480535015800 8 -1
1480535017904 6 1
1480535023012 12 -1
1480535024081 R
1480535032648 8 -1
1480535033684 6 1
1480535036836 1 1
1480535039016 11 2
1480535041891 4 -1
1480535042895 7 -1
1480535044303 5 -1
1480535045559 0 1
1480535046775 1 1
1480535048331 4 1
1480535049195 11 -1
1480535055799 1 -1
1480535058663 1 1
1480535059871 11 1
1480535060851 1 -1
1480535062855 R
1480535073671 3 -1
1480535074971 8 -1
1480535075979 6 1
1480535077427 1 3
1480535080355 6 -1
1480535081535 12 -2
1480535092790 11 2
1480535093934 4 -1
1480535094838 7 -1
1480535096102 5 -1
1480535106346 R
1480535117258 8 -1
1480535118238 6 1
1480535121233 1 1
1480535123338 11 2
1480535125786 R
1480535128805 8 1
1480535135133 8 -2
1480535136401 R
1480535137429 8 -1
1480535138037 6 1
1480535139025 1 2
1480535141621 11 2
1480535144805 1 -1
1480535146597 7 -1
1480535148445 5 -1
1480535149841 3 -1
1480535151845 1 2
1480535153073 6 -1
1480535156325 6 1
1480535166692 1 -2
1480535169772 1 2
1480535170512 0 1
1480535171328 6 -1
1480535172676 R
1480535188444 8 -1
1480535191912 6 1
1480535194324 1 1
1480535202779 11 1
1480535204155 7 -1
1480535205304 5 -1
1480535206455 0 1
1480535212495 1 1
1480535216835 11 1
1480535218027 4 -1
1480535221887 0 -1
1480535222755 R
1480535227643 8 -1
1480535231699 12 -2
1480535232631 2 1
1480535234791 9 1
1480535236055 7 2
1480535242075 R
1480535247594 8 1
1480535248838 8 -2
1480535249874 6 1
1480535251906 1 2
1480535254838 11 2
1480535257294 4 -1
1480535258686 7 -1
1480535262874 5 -1
1480535263754 4 1
1480535264546 11 -1
1480535266542 3 -1
1480535267506 0 1
1480535268450 1 -1
1480535271022 12 -1
1480535272014 2 1
1480535274725 3 1
1480535277842 R
1480535282265 8 -1
1480535283405 6 1
1480535284813 1 2
1480535291133 11 2
1480535302949 11 -2
1480535304193 1 -2
1480535307801 7 1
1480535308661 7 -1
1480535310085 1 2
1480535311129 11 1
1480535312033 7 -1
1480535314189 5 -1
1480535321045 1 -1
1480535322884 3 -1
1480535324373 12 -1
1480535334860 0 1
1480535335800 1 2
1480535336804 6 -1
1480535338112 12 1
1480535339552 8 2
1480535340636 11 2
1480535342108 4 -1
1480535346792 8 -1
1480535348148 8 1
1480535349332 0 -2
1480535351700 6 -2
1480535352964 10 -2
1480535353928 1 -2
1480535355344 8 -1
1480535356628 5 4
1480535358811 1 2
1480535360923 6 1
1480535365559 6 -1
1480535366399 1 -2
1480535367531 3 2
1480535368841 5 -4
1480535370275 12 -1
1480535371063 2 1
1480535373960 R
1480535385259 8 -1
1480535386471 6 1
1480535389479 1 1
1480535391895 11 1
1480535393243 7 -1
1480535395307 5 -1
1480535400486 12 -1
1480535410898 11 1
1480535412634 4 -1
1480535416042 4 1
1480535417126 11 -1
1480535423498 0 1
1480535425454 1 1
1480535426518 2 1
1480535427350 9 1
1480535428214 3 -1
1480535429266 1 1
1480535430398 6 -1
1480535431302 12 -1
1480535438025 12 1
1480535438866 6 1
1480535439737 0 -1
1480535441025 1 -2
1480535443146 3 1
1480535443805 0 1
1480535444537 1 1
1480535448321 11 1
1480535449525 4 -1
1480535451653 1 -1
1480535453005 1 1
1480535454009 R
1480535461853 8 -1
1480535463049 6 1
1480535466029 1 1
1480535467833 11 2
1480535468869 4 -1
1480535469873 7 -1
1480535471609 4 1
1480535472445 5 -1
1480535484476 0 1
1480535487800 0 -1
1480535490432 3 -1
1480535494504 12 -1
1480535495420 2 1
1480535496908 1 2
1480535498396 0 1
1480535499552 6 -1
1480535502508 12 -1
1480535503604 4 -1
1480535504364 0 -1
1480535505968 R
1480535513904 5 1
1480535514968 4 1
1480535517588 3 -1
1480535520248 R
1480535523019 3 -1
1480535524711 8 -1
1480535525487 6 1
1480535526739 1 3
1480535527919 6 -1
1480535529271 12 -2
1480535532035 11 2
1480535533743 7 -1
1480535534583 4 -1
1480535535843 5 -1
1480535537411 0 1
1480535539519 0 -1
1480535540655 2 1
1480535541563 12 1
1480535542427 6 1
1480535543451 1 -2
1480535550399 5 2
1480535551787 3 1
1480535554063 9 1
1480535554959 7 3
1480535556223 4 2
1480535557203 11 -2
1480535559518 1 -1
1480535560410 6 -1
1480535561263 12 -1
1480535562142 12 1
1480535562934 8 1
1480535565142 8 -1
1480535565982 6 1
1480535566614 1 1
1480535567491 R
1480535570370 12 -1
1480535571442 2 1
1480535573430 3 -1
1480535575282 8 -1
1480535576202 6 1
1480535577302 1 3
1480535582986 9 1
1480535585686 1 -1
1480535586694 3 1
1480535587738 7 2
1480535595630 11 2
1480535598637 7 -3
1480535600453 5 -1
1480535601281 3 -1
1480535602049 9 -1
1480535604193 1 1
1480535605165 6 -1
1480535605965 12 -1
1480535607297 12 1
1480535608537 11 -1
1480535610526 R
1480535614433 8 -1
1480535617109 6 1
1480535621229 1 1
1480535622725 11 1
1480535623977 7 -1
1480535626301 5 -1
1480535627857 0 1
1480535631533 3 -1
1480535633049 1 2
1480535634129 6 -1
1480535636096 12 -2
1480535644824 11 1
1480535645844 4 -1
1480535648040 0 -1
1480535650328 0 1
1480535653660 2 1
