1479412989564 7 1
1479412991488 0 3
1479412994341 4 -1
1479412996530 5 -1
1479412997476 10 -1
1479413001120 4 1
1479413005954 0 -2
1479413007031 7 -1
1479413007853 2 -1
1479413008838 9 2
1479413019678 0 -1
1479413020320 4 -1
1479413021274 2 -2
1479413022253 7 1
1479413024409 3 1
1479413026242 3 -1
1479413027212 3 1
1479413030199 7 -1
1479413030874 2 2
1479413031890 4 1
1479413033424 0 1
1479413043077 3 -1
1479413043866 1 -1
1479413045208 9 -3
1479413047017 2 1
1479413048279 7 1
1479413049025 0 2
1479413051972 4 -1
1479413058845 10 1
1479413060139 7 1
1479413071116 4 1
1479413072049 0 -3
1479413073304 7 -2
1479413074249 4 -1
1479413075467 2 -3
1479413077103 7 2
1479413086148 9 2
1479413088317 7 -2
1479413089317 10 -1
1479413090123 9 1
1479413092754 7 1
1479413093694 7 -1
1479413094522 2 2
1479413095492 4 1
1479413096166 0 1
1479413100951 3 1
1479413120197 R
1479413140268 1 -1
1479413141175 9 -1
1479413146625 7 1
1479413148881 0 3
1479413155156 5 -1
1479413158414 10 -1
1479413160539 10 1
1479413166290 7 1
1479413175535 9 1
1479413177289 1 1
1479413178838 6 1
1479413180168 6 -1
1479413181068 1 -1
1479413182075 9 -1
1479413191392 4 -1
1479413199953 4 1
1479413203351 0 -1
1479413204547 7 -1
1479413209194 7 1
1479413210924 0 1
1479413212349 4 -1
1479413212977 4 1
1479413217058 9 1
1479413218122 1 1
1479413219728 6 1
1479413224231 4 -1
1479413225389 7 -1
1479413226707 10 -1
1479413230165 R
1479413267918 4 -1
1479413270198 2 -3
1479413272014 5 -1
1479413276511 10 -1
1479413277193 2 3
1479413278684 4 1
1479413280250 7 1
1479413281303 0 3
1479413282352 4 -1
1479413292813 1 -1
1479413294042 9 -1
1479413300402 10 1
1479413301648 7 1
1479413302812 7 -1
1479413309554 R
1479413326924 5 -1
1479413327640 10 -1
1479413328221 2 -1
1479413329035 9 2
1479413332462 3 1
1479413334294 3 -1
1479413343231 3 1
1479413350606 4 -2
1479413352165 2 -2
1479413353035 7 1
1479413368905 R
1479413382371 0 1
1479413383177 0 -1
1479413404409 7 1
1479413409405 0 3
1479413418680 5 -1
1479413419603 10 -1
1479413425856 1 -1
1479413427328 9 -1
1479413430106 4 -1
1479413433913 R
