1481997559504 7 1
1481997563431 0 3
1481997567799 0 -1
1481997569263 5 -1
1481997574985 5 1
1481997578327 1 -1
1481997580583 9 -1
1481997581600 0 1
1481997582602 4 -1
1481997583735 5 -1
1481997586400 7 1
1481997588638 4 1
1481997594929 4 -1
1481997596856 7 -1
1481997597943 10 -1
1481997601440 4 1
1481997606944 9 1
1481997608401 0 -1
1481997609376 10 1
1481997611576 0 1
1481997612672 4 -1
1481997614752 4 1
1481997615608 0 -3
1481997619905 1 1
1481997620993 6 1
1481997624745 0 3
1481997634834 10 -1
1481997637514 4 -1
1481997640505 6 -1
1481997642354 1 -1
1481997644354 10 1
1481997645216 7 1
1481997648282 4 1
1481997652090 4 -1
1481997653538 4 1
1481997656266 4 -1
1481997657314 7 -1
1481997659290 5 1
1481997664130 5 -1
1481997665017 10 -1
1481997666371 9 -1
1481997670617 U
1481997671601 U
1481997672101 U
1481997672419 U
1481997672637 U
1481997672689 U
1481997672935 U
1481997673417 U
1481997673984 U
1481997674437 U
1481997674654 U
1481997674917 U
1481997675102 U
1481997675367 U
1481997675833 U
1481997676466 U
1481997682650 7 -1
1481997683747 4 -1
1481997685378 2 -3
1481997686546 10 -1
1481997687754 9 2
1481997696507 7 1
1481997698634 7 -1
1481997699426 2 2
1481997700163 4 1
1481997701156 0 1
1481997702642 9 -2
1481997703426 2 1
1481997704155 7 1
1481997706180 0 2
1481997707154 10 1
1481997707906 7 1
1481997709987 4 -1
1481997711403 7 -1
1481997712403 10 -1
1481997713748 10 1
1481997714916 5 1
1481997716140 4 1
1481997719117 4 -1
1481997721426 5 -1
1481997722091 7 1
1481997723363 4 1
1481997724490 4 -1
1481997725500 7 -1
1481997725979 7 1
1481997729250 4 1
1481997730511 0 -3
1481997732268 7 -2
1481997738244 6 -1
1481997738971 1 -1
1481997741308 9 -1
1481997743987 5 1
1481997744779 5 -1
1481997746042 7 2
1481997747268 0 3
1481997748716 4 -1
1481997754559 4 1
1481997755659 0 -3
1481997756963 4 -1
1481997757997 7 -2
1481997759348 2 -3
1481997760861 7 2
1481997765988 7 -2
1481997767813 2 2
1481997768827 5 1
1481997774779 U
1481997775495 U
1481997775992 U
1481997776710 U
1481997777259 U
1481997777980 U
1481997778611 U
1481997782469 0 3
1481997785037 4 -1
1481997786805 7 -1
1481997787857 10 -1
1481997791180 R
1481997793557 R
1481997799391 2 -1
1481997800116 9 1
1481997801926 3 1
1481997805117 1 -1
1481997807582 5 -1
1481997808469 10 -1
1481997809445 9 1
1481997812725 1 1
1481997816287 4 -2
1481997817365 2 -2
1481997818301 7 1
1481997821950 9 -1
1481997822629 10 1
1481997823487 7 1
1481997824277 4 1
1481997825414 4 -1
1481997826647 4 1
1481997827455 12 1
1481997828224 12 -1
1481997831342 4 -1
1481997832205 11 3
1481997833654 4 1
1481997834707 4 -1
1481997836262 8 -1
1481997836973 5 -1
1481997840502 11 -2
1481997841438 7 -2
1481997842418 10 -2
1481997843559 9 1
1481997844744 7 1
1481997848224 7 -1
1481997849248 2 2
1481997853440 10 1
1481997855168 5 1
1481997855961 8 1
1481997856927 11 -1
1481997857739 4 2
1481997861417 3 -1
1481997862793 0 1
1481997864361 0 -1
1481997866145 4 -1
1481997867175 2 -2
1481997868236 7 1
1481997869505 3 1
1481997870594 4 -1
1481997871288 11 1
1481997873090 7 -1
1481997873953 2 2
1481997875800 9 -1
1481997876743 10 1
1481997877737 5 1
1481997878370 2 -2
1481997879224 7 1
1481997880371 11 -1
1481997881096 4 1
1481997881944 12 1
1481997885402 5 -1
1481997886226 10 -1
1481997887304 9 1
1481997890594 7 -1
1481997895426 2 2
1481997899794 4 1
1481997904506 12 -1
1481997906171 4 -2
1481997907355 2 -2
1481997911330 7 1
1481997914946 1 -1
1481997917114 4 1
1481997922145 7 -1
1481997935987 2 2
1481997939475 4 1
1481997940803 0 1
1481997947460 1 1
1481997948772 3 -1
1481997950698 9 -2
1481997954458 2 1
1481997958622 10 1
1481997960616 7 2
1481997961902 0 2
1481997963259 4 -1
1481997964522 7 -1
1481997966027 10 -1
1481997974315 1 -1
1481997975979 9 -1
1481997977962 10 1
1481997979483 7 1
1481997981924 4 1
1481997983402 0 -3
1481997991908 0 2
1481997994124 7 -1
1481998006428 10 -1
1481998008580 0 1
1481998010135 4 -1
1481998026703 R
1481998040750 2 -1
1481998043863 9 1
1481998050407 4 -1
1481998052424 2 -2
1481998058894 5 -1
1481998060071 7 2
1481998063662 9 -1
1481998065799 7 -2
1481998067008 2 3
1481998068950 5 1
1481998069630 7 1
1481998070374 4 1
1481998071672 0 3
1481998072839 4 -1
1481998074143 5 -1
1481998075166 10 -1
1481998076694 4 1
1481998078584 0 -2
1481998082144 7 -1
1481998083071 2 -1
1481998083799 9 2
1481998091113 3 1
1481998095705 12 1
1481998097960 0 -1
1481998101288 4 -1
1481998102649 2 -2
1481998103463 7 1
1481998104362 7 -1
1481998108137 2 2
1481998112333 R
1481998116153 5 -1
1481998116960 5 1
1481998119233 2 -1
1481998121144 2 1
1481998129647 1 -1
1481998131786 9 -1
1481998140658 4 -1
1481998144694 2 -3
1481998145946 5 -1
1481998150276 7 2
1481998151385 7 -2
1481998152770 10 -1
1481998154778 9 3
1481998163351 3 1
1481998164835 4 -1
1481998166162 11 1
1481998170237 7 1
1481998173712 1 1
1481998175499 6 1
1481998178651 9 -1
1481998180223 10 1
1481998181939 7 1
1481998183178 11 2
1481998185106 4 1
1481998187598 6 -1
