1480141970474 7 1
1480141974458 0 2
1480141975437 1 -1
1480141976288 9 -1
1480141979199 5 -1
1480141979949 10 -1
1480141982686 0 1
1480141983334 4 -1
1480141986061 10 1
1480141986905 7 1
1480141990353 4 1
1480141991585 0 -3
1480141993420 9 1
1480141996654 1 1
1480141997553 6 1
1480141998114 6 -1
1480141998548 1 -1
1480141999984 9 -1
1480142001347 7 -2
1480142001947 10 -1
1480142002455 2 -1
1480142003393 9 3
1480142005816 3 1
1480142008081 3 -1
1480142010821 4 -1
1480142013479 9 -3
1480142014456 2 1
1480142015395 7 1
1480142015828 4 1
1480142016759 0 3
1480142018079 4 -1
1480142019358 10 1
1480142019878 7 1
1480142023956 9 1
1480142035531 9 -1
1480142038179 4 1
1480142040697 0 -3
1480142042479 7 -2
1480142043001 4 -1
1480142044467 5 1
1480142047089 7 1
1480142047671 4 1
1480142049558 4 -1
1480142049992 7 -1
1480142050600 5 -1
1480142052202 2 -3
1480142053030 10 -1
1480142054040 9 3
1480142055626 7 1
1480142056675 3 1
1480142057582 4 -1
1480142059523 7 -1
1480142061464 2 2
1480142062474 4 2
1480142063704 0 1
1480142065220 3 -1
1480142067729 3 1
1480142076708 1 1
1480142077653 9 -1
1480142078458 10 1
1480142080417 1 -1
1480142081639 10 -1
1480142082111 9 1
1480142083113 3 -1
1480142085834 9 -3
1480142086865 2 1
1480142087411 7 1
1480142088042 0 2
1480142090647 4 -1
1480142093258 10 1
1480142094381 7 1
1480142096547 4 1
1480142097999 9 1
1480142099190 1 1
1480142100548 1 -1
1480142109098 9 -1
1480142110164 4 -1
1480142111103 7 -1
1480142112491 5 1
1480142116530 4 1
1480142118036 0 -3
1480142118724 9 1
1480142119674 1 1
1480142120565 6 1
1480142122781 6 -1
1480142123278 1 -1
1480142123901 9 -1
1480142124951 7 -1
1480142125424 4 -1
1480142127177 2 -3
1480142127814 5 -1
1480142128784 10 -1
1480142129873 9 3
1480142132610 9 -2
1480142133256 10 1
1480142133975 2 3
1480142135347 4 1
1480142136183 7 2
1480142138620 9 -1
1480142143006 7 -2
1480142144275 2 -1
1480142145395 10 -1
1480142146091 9 3
1480142150594 3 1
1480142152719 0 1
1480142154774 9 -1
1480142155429 10 1
1480142157088 1 1
1480142158737 3 -1
1480142160018 9 -1
1480142160741 2 1
1480142161459 7 2
1480142162140 0 2
1480142162982 4 -1
1480142164126 7 -1
1480142165103 10 -1
1480142166870 10 1
1480142167431 7 1
1480142170011 1 -1
1480142170775 9 -1
1480142172985 7 -1
1480142173799 10 -1
1480142174973 10 1
1480142175777 7 1
1480142177165 4 1
1480142178056 4 -1
1480142178782 9 1
1480142180164 9 -1
1480142183467 4 1
1480142184169 0 -3
1480142185945 9 1
1480142187389 4 -1
1480142188787 7 -2
1480142190001 2 -3
1480142191523 10 -1
1480142192832 9 2
1480142193866 7 1
1480142195168 3 1
1480142196144 4 -1
1480142197950 7 -1
1480142198835 2 2
1480142201858 11 1
1480142202867 8 -1
1480142203523 5 -1
1480142204382 10 -1
1480142206267 2 -2
1480142206969 7 1
1480142211760 7 -1
1480142212714 2 2
1480142214772 10 1
1480142216003 5 1
1480142216793 8 1
1480142217574 11 -1
1480142218584 4 2
1480142220337 0 1
1480142221987 3 -1
1480142223990 3 1
1480142226438 9 -1
1480142227131 10 1
1480142228772 10 -1
1480142229252 9 1
1480142229963 1 1
1480142230932 6 1
1480142231399 12 1
1480142232972 9 -1
1480142233656 10 1
1480142234421 5 1
1480142239447 0 -1
1480142240213 4 -1
1480142243345 2 -2
1480142244718 5 -1
1480142246160 10 -1
1480142246888 9 1
1480142247755 7 1
1480142249351 12 -1
1480142250154 4 -1
1480142251416 4 1
1480142252142 6 -1
1480142252751 6 1
1480142253872 6 -1
1480142254843 1 -1
1480142255552 3 -1
1480142256318 3 1
1480142256806 1 1
1480142257453 4 -1
1480142258416 7 -1
1480142259293 2 2
1480142260081 4 2
1480142261344 0 1
1480142263318 3 -1
1480142264400 9 -2
1480142265631 2 1
1480142266205 7 1
1480142267088 0 2
1480142268784 4 -1
1480142270512 10 1
1480142271072 7 1
1480142273461 1 -1
1480142274131 9 -1
1480142276378 7 -1
1480142277104 10 -1
1480142287652 10 1
1480142288158 7 1
1480142290082 4 1
1480142292337 4 -1
1480142293086 4 1
1480142296328 9 1
1480142297471 1 1
1480142298166 6 1
1480142299916 0 -3
1480142302204 4 -1
1480142303686 7 -2
1480142304625 2 -3
1480142305375 10 -1
1480142306171 9 2
1480142308150 7 1
1480142309420 7 -1
1480142310146 2 2
1480142310809 4 1
1480142311583 0 1
1480142313895 9 -2
1480142314976 2 1
1480142316152 7 1
1480142316916 0 2
1480142317891 4 -1
1480142323042 10 1
1480142324044 7 1
1480142344636 4 1
1480142346725 4 -1
1480142347427 7 -1
1480142348224 10 -1
1480142350346 4 1
1480142350979 0 -3
1480142353307 7 -1
1480142353844 2 -1
1480142354553 9 2
1480142355674 3 1
1480142356664 4 -2
1480142357311 2 -2
1480142357958 7 1
1480142360412 6 -1
1480142363984 1 -1
1480142366138 7 -1
1480142367298 2 2
1480142368939 11 1
1480142369798 8 -1
1480142370398 5 -1
1480142371092 10 -1
1480142372015 2 -2
1480142373277 7 1
1480142377705 7 -1
1480142378306 10 1
1480142379069 2 1
1480142379645 2 1
1480142380504 5 1
1480142381395 8 1
1480142382011 11 -1
1480142382753 4 2
1480142383746 0 1
1480142385096 3 -1
1480142386942 9 -3
1480142389159 2 1
1480142389718 7 1
1480142390422 0 2
1480142391398 4 -1
1480142394522 10 1
1480142395249 7 1
1480142397522 7 -1
1480142398831 5 1
1480142402782 9 1
1480142403720 1 1
1480142404367 6 1
1480142405669 4 1
1480142408580 5 -1
1480142410101 7 1
1480142411829 7 -1
1480142412468 10 -1
1480142414763 4 -1
1480142416295 10 1
1480142416729 7 1
1480142499614 4 1
1480142502284 7 -1
1480142502953 5 1
1480142505454 4 -1
1480142510101 5 -1
1480142510693 7 1
1480142512050 4 1
1480142512680 0 -3
1480142514136 7 -2
1480142514790 2 -1
1480142515272 10 -1
1480142515974 9 2
1480142516881 3 1
1480142518247 4 -2
1480142518996 2 -2
1480142519500 7 1
1480142522893 7 -1
1480142523705 11 1
1480142524573 8 -1
1480142525315 5 -1
1480142526253 10 -1
1480142528429 7 1
1480142530511 6 -1
1480142536336 7 -1
1480142537251 10 1
1480142538213 5 1
1480142538813 8 1
1480142539436 11 -1
1480142540485 4 1
1480142542370 7 1
1480142544405 12 1
1480142548364 6 1
1480142551681 9 -1
1480142552198 10 1
1480142552742 7 1
1480142555241 7 -2
1480142555698 2 2
1480142556494 5 1
1480142557772 4 1
1480142558474 0 1
1480142560477 5 -1
1480142560990 10 -1
1480142561604 9 1
1480142566534 9 -1
1480142566991 10 1
1480142567544 5 1
1480142575323 12 -1
1480142576710 6 -1
1480142578280 3 -1
1480142579596 9 -1
1480142580125 2 1
1480142580638 7 1
1480142581293 0 2
1480142581964 4 -1
1480142582792 5 -1
1480142583312 7 1
1480142585088 1 -1
1480142585603 9 -1
1480142587315 4 1
1480142587929 4 -1
1480142589404 9 1
1480142590343 1 1
1480142593238 7 -1
1480142594241 10 -1
1480142596094 10 1
1480142596568 7 1
1480142598136 4 1
1480142601340 6 1
1480142605482 7 -1
1480142606002 10 -1
1480142607831 4 -1
1480142609237 10 1
1480142609623 7 1
1480142613567 4 1
1480142614081 0 -3
1480142615130 4 -1
1480142615988 7 -2
1480142616793 5 1
1480142618158 2 -3
1480142619917 5 -1
1480142620319 10 -1
1480142621045 9 2
1480142621921 7 1
1480142622734 3 1
1480142623570 4 -1
1480142625543 7 -1
1480142626079 2 2
1480142626742 4 2
1480142627388 0 1
1480142629510 3 -1
1480142630235 6 -1
1480142630732 1 -1
1480142632152 9 -3
1480142633406 2 1
1480142633904 7 1
1480142634505 0 2
1480142635837 4 -1
1480142637170 4 1
1480142638132 4 -1
1480142638978 10 1
1480142639680 7 1
1480142641984 4 1
1480142646354 4 -1
1480142647465 7 -1
1480142648072 5 1
1480142649184 4 1
1480142651354 4 -1
1480142652758 5 -1
1480142653216 10 -1
1480142654793 10 1
1480142655354 7 1
1480142655898 9 1
1480142656796 4 1
1480142658493 0 -3
1480142659478 9 -1
1480142660851 4 -1
1480142661555 7 -2
1480142662510 2 -3
1480142665436 10 -1
1480142666894 10 1
1480142667376 7 2
1480142668842 9 2
1480142670980 1 1
1480142671327 3 1
1480142671989 4 -1
1480142672739 11 3
1480142674238 11 -3
1480142674884 7 -2
1480142675602 2 2
1480142676512 11 1
1480142677261 8 -1
1480142677789 5 -1
1480142679137 2 -2
1480142679895 7 2
1480142680826 11 2
1480142682640 4 1
1480142683886 6 1
1480142684942 12 1
1480142693129 12 -1
1480142693508 6 -1
1480142693958 1 -1
1480142694328 3 -1
1480142695607 9 -2
1480142696609 11 1
1480142697469 7 -2
1480142698360 2 3
1480142699298 4 2
1480142699882 0 1
1480142701372 7 2
1480142702398 0 2
1480142703250 4 -2
1480142703747 7 -1
1480142705411 8 -1
1480142708283 5 2
1480142712234 5 -2
1480142713049 7 1
1480142714096 11 -1
1480142717316 9 1
1480142718043 1 1
1480142718713 6 1
1480142721552 4 2
1480142722578 11 -2
1480142723769 7 -1
1480142724361 10 -1
1480142726872 10 1
1480142727377 7 1
1480142728260 11 2
1480142729814 6 -1
1480142730232 1 -1
1480142731454 9 -1
1480142732179 11 1
1480142732930 4 -2
1480142733599 7 -1
1480142735524 7 1
1480142736164 4 2
1480142736881 0 -2
1480142737496 7 -2
1480142738593 4 -1
1480142739256 5 2
1480142740652 8 2
1480142741368 0 -1
1480142741961 4 -1
1480142746277 2 -3
1480142747211 5 -1
1480142747846 10 -1
1480142748906 7 1
1480142751159 7 -1
1480142751908 10 1
1480142752696 7 2
1480142753401 11 -1
1480142754298 9 2
1480142755317 3 1
1480142755789 1 1
1480142756823 6 1
1480142757177 12 1
1480142760901 12 -1
1480142761200 6 -1
1480142761555 1 -1
1480142761878 3 -1
1480142762998 9 -2
1480142763581 11 1
1480142764314 7 -2
1480142764842 10 -1
1480142766474 2 3
1480142767933 10 1
1480142768344 5 1
1480142769242 8 -1
1480142770055 5 -2
1480142772517 4 2
1480142773076 7 2
1480142774299 0 3
1480142775111 4 -2
1480142775908 7 -1
1480142776581 10 -2
1480142778262 4 1
1480142779365 4 -1
1480142780691 8 -1
1480142783174 4 1
1480142784885 10 2
1480142785485 4 1
1480142786203 7 1
1480142787118 11 -3
1480142789856 7 -1
1480142790401 10 -1
1480142791347 10 1
1480142792759 7 1
1480142793327 11 3
1480142793910 4 -2
1480142795369 7 -1
1480142795906 10 -2
1480142800402 10 2
1480142800978 7 1
1480142801979 11 -1
1480142802981 9 1
1480142804125 1 1
1480142804624 6 1
1480142806485 8 1
1480142807282 4 2
1480142808363 11 -2
1480142809262 7 -1
1480142809908 10 -1
1480142811273 10 1
1480142812410 7 1
1480142813560 0 -3
1480142814704 6 -1
1480142815090 1 -1
1480142815776 9 -1
1480142816549 7 -2
1480142818040 2 -1
1480142818561 10 -1
1480142819457 9 3
1480142823597 3 1
1480142824554 1 1
1480142826666 0 1
1480142827504 8 -1
1480142830107 3 -1
1480142830549 1 -1
1480142832694 9 -3
1480142833326 2 1
1480142833973 7 1
1480142834667 0 2
1480142837830 8 1
1480142842289 0 -2
1480142843473 7 -1
1480142844435 2 -1
1480142845129 9 3
1480142849151 8 -1
1480142859724 9 -3
1480142860372 2 1
1480142860916 10 1
1480142861728 7 2
1480142865113 0 2
1480142866329 11 3
1480142867212 4 -2
1480142867858 7 -1
1480142870146 5 2
1480142871116 4 1
1480142871889 8 2
1480142873277 4 -1
1480142874003 5 -1
1480142874720 7 1
1480142875627 11 -1
1480142876795 4 1
1480142878198 8 -2
1480142878703 5 -1
1480142879304 4 1
1480142879983 11 -2
1480142882087 7 -1
1480142882624 10 -1
1480142883642 10 1
1480142884202 7 1
1480142886576 0 -2
1480142887470 7 -2
1480142888022 2 -1
1480142888471 10 -1
1480142889103 9 3
1480142891564 3 1
1480142895445 1 1
1480142896975 3 -1
1480142898386 3 1
1480142901494 12 1
1480142902244 8 -1
1480142902622 11 -1
1480142903719 4 -1
1480142904485 5 1
1480142906694 5 -1
1480142907112 4 1
1480142910108 1 -1
1480142911465 1 1
1480142912151 6 1
1480142912775 8 -1
1480142913547 0 -1
1480142915016 4 -2
1480142915537 2 -3
1480142916098 10 -1
1480142918582 7 1
1480142919718 4 1
1480142921381 0 6
