1479426781867 7 1
1479426784150 1 -1
1479426784712 9 -1
1479426788068 0 3
1479426791791 5 -1
1479426793402 7 1
1479426800103 0 -3
1479426800921 9 1
1479426801814 1 1
1479426802445 6 1
1479426805864 7 -2
1479426806426 2 -1
1479426806841 10 -1
1479426807609 9 2
1479426808967 3 1
1479426810237 12 1
1479426812678 0 1
1479426814762 12 -1
1479426816229 3 -1
1479426817071 6 -1
1479426817902 1 -1
1479426819243 9 -3
1479426819929 2 1
1479426820454 10 1
1479426821051 7 2
1479426821967 0 2
1479426822884 7 -1
1479426823491 10 -1
1479426825116 4 -1
1479426827962 9 1
1479426828705 1 1
1479426829352 6 1
1479426833551 4 1
1479426834406 0 -1
1479426836591 0 -2
1479426837324 4 -1
1479426839167 7 -1
1479426839839 2 -3
1479426841022 7 1
1479426841779 9 2
1479426842805 3 1
1479426844172 6 -1
1479426845650 4 -1
1479426846454 11 1
1479426849947 9 -1
1479426850582 10 1
1479426851730 7 1
1479426854757 11 2
1479426855599 4 1
1479426856309 3 -1
1479426856991 9 -1
1479426858773 1 -1
1479426859250 9 -1
1479426859982 11 1
1479426860860 7 -2
1479426861800 10 -1
1479426865157 2 2
1479426865718 4 1
1479426866366 0 1
1479426867599 8 -2
1479426868137 5 -1
1479426868843 4 1
1479426870226 2 1
1479426870726 10 1
1479426871396 7 2
1479426872140 0 2
1479426872946 4 -2
1479426873814 7 -1
1479426874388 10 -2
1479426875522 4 1
1479426889219 4 -1
1479426890760 10 2
1479426891430 7 1
1479426892919 11 -1
1479426894018 4 2
1479426894837 11 -2
1479426899159 7 -1
1479426901281 10 -1
1479426904861 0 -2
1479426905458 7 -1
1479426905898 2 -1
1479426906568 9 3
1479426909075 3 1
1479426911613 8 1
1479426912711 0 -1
1479426914177 3 -1
1479426914921 1 1
1479426915396 3 1
1479426917716 3 -1
1479426918412 1 -1
1479426919265 9 -3
1479426920110 2 1
1479426920596 7 1
1479426921572 0 3
1479426926519 0 -2
1479426927192 7 -1
1479426927680 2 -1
1479426928277 9 3
1479426939633 9 -3
1479426941095 2 1
1479426943344 10 1
1479426943917 7 2
1479426944932 11 3
1479426946737 4 -1
1479426947385 0 2
1479426949253 4 -1
1479426950096 7 -1
1479426950707 10 -2
1479426952586 8 -1
1479426954564 4 1
1479426955602 0 -2
1479426956397 7 -1
1479426956909 2 -1
1479426959118 8 1
1479426959792 0 -1
1479426960329 4 -1
1479426960912 2 -2
1479426961963 7 1
1479426963989 10 2
1479426964429 7 1
1479426968142 11 -1
1479426968680 9 2
1479426971095 9 -2
1479426971732 11 1
1479426972207 7 -2
1479426972793 10 -2
1479426974417 7 1
1479426981731 R
1479426985406 5 -1
1479426986895 7 2
1479426990643 4 -1
1479426991828 1 -1
1479426992414 9 -1
1479426993598 7 -2
1479426994476 2 -3
1479426995258 7 2
1479426997322 9 2
1479426998043 3 1
1479426999068 1 1
1479426999753 6 1
1479427002096 4 -1
1479427003208 11 3
1479427004344 4 1
1479427005210 3 -1
1479427005967 9 -1
1479427008717 8 -1
1479427009264 5 -1
1479427012305 9 1
1479427012940 3 1
1479427014015 4 -1
1479427014893 11 -2
1479427015553 7 -2
1479427018665 2 2
1479427023772 6 -1
1479427028728 2 -2
1479427029645 7 2
1479427030499 11 2
1479427031475 4 1
1479427032563 3 -1
1479427033234 9 -1
1479427036397 1 -1
1479427036957 9 -1
1479427037568 11 1
1479427038289 7 -2
1479427038949 10 -2
1479427039937 7 1
1479427043516 7 -1
1479427044870 2 3
1479427046385 7 1
1479427047642 4 1
1479427049315 0 3
1479427052002 4 -1
1479427054383 8 -1
1479427059280 4 1
1479427060612 0 -1
1479427061564 0 -1
1479427062419 7 -1
1479427065667 8 1
1479427066241 0 -1
1479427066974 4 -1
1479427068231 2 -3
1479427070342 10 2
1479427071284 7 2
1479427073116 11 -1
1479427074581 9 2
1479427077890 9 -2
1479427078527 11 1
1479427079136 7 -2
1479427080150 10 -1
1479427080591 10 -1
1479427082531 7 1
1479427083702 10 2
1479427084411 7 1
1479427086170 11 -1
1479427087110 9 2
1479427088184 3 1
1479427089041 4 -1
1479427095914 1 1
1479427099368 11 -2
1479427100591 7 -2
1479427102605 10 -2
1479427103972 9 1
1479427107747 2 2
1479427112435 9 -1
1479427113326 10 2
1479427114619 2 -2
1479427116025 7 2
1479427117136 11 2
1479427117966 4 1
1479427120640 3 -1
1479427121300 9 -1
1479427131374 5 1
1479427133230 5 -1
1479427140997 R
1479427358264 1 -1
1479427359302 9 -1
1479427362782 7 1
1479427364895 7 -1
1479427365614 2 -1
1479427366811 9 2
1479427370098 3 1
1479427370952 3 -1
1479427374335 4 -1
1479427374884 2 -1
1479427375310 2 -1
1479427376043 5 -1
1479427377983 7 2
1479427379082 3 1
1479427379682 4 -1
1479427381416 1 1
1479427382611 7 -2
1479427383259 10 -1
1479427383943 9 1
1479427384724 7 1
1479427386286 1 -1
1479427387080 4 1
1479427387753 3 -1
1479427390158 7 -1
1479427391182 2 2
1479427391744 4 1
1479427392563 0 1
1479427410375 0 -1
1479427410983 4 -1
1479427411485 2 -1
1479427412291 2 -1
1479427413279 7 1
1479427415024 3 1
1479427415671 4 -1
1479427417917 11 1
1479427419114 8 -1
1479427419639 5 -1
1479427421530 10 -1
1479427422642 7 -1
1479427423616 2 2
1479427426010 1 1
1479427428464 2 -1
1479427429442 9 -1
1479427430246 10 2
1479427431223 2 1
1479427433447 1 -1
1479427435900 2 -1
1479427436561 2 -1
1479427437389 7 2
1479427438048 11 1
1479427438538 11 1
1479427439197 4 1
1479427439758 3 -1
1479427440369 9 -2
1479427441467 11 1
1479427442102 7 -2
1479427443297 10 -2
1479427444689 2 3
1479427446559 10 2
1479427447889 7 2
1479427448596 4 2
1479427449281 11 -2
1479427450001 11 -1
1479427451271 9 1
1479427452368 1 1
1479427453932 1 -1
1479427455066 0 3
1479427455922 8 -1
1479427457435 11 2
1479427458239 4 -2
1479427459717 5 1
1479427460841 8 2
1479427462333 9 -1
1479427463038 11 1
1479427463907 7 -1
1479427464712 10 -1
1479427465774 4 1
1479427468483 8 -2
1479427469035 5 -1
1479427470034 4 1
1479427472413 10 1
1479427473453 7 1
1479427474965 11 -3
1479427476235 8 1
1479427478408 9 1
1479427479176 1 1
1479427480082 6 1
1479427481777 11 2
1479427482815 8 -1
1479427484341 4 -2
1479427485500 4 2
1479427486637 11 -2
1479427495315 8 1
1479427498930 11 2
1479427499673 4 -2
1479427500541 5 1
1479427501211 8 1
1479427502127 4 1
1479427503286 0 -2
1479427505972 8 -2
1479427506680 5 -1
1479427507571 4 1
1479427508584 11 -2
1479427509770 7 -2
1479427512356 2 -1
1479427512942 10 -1
1479427513698 9 2
1479427514894 3 1
1479427516423 6 -1
1479427519484 8 1
1479427520574 0 -1
1479427524648 3 -1
1479427526675 9 -2
1479427527320 2 1
1479427527897 10 1
1479427528761 7 2
1479427530580 1 -1
1479427531348 11 2
1479427532265 4 -2
1479427533557 5 1
1479427534304 8 1
1479427536049 4 1
1479427536830 0 3
1479427537525 4 -1
1479427538539 8 -2
1479427539125 5 -1
1479427540382 4 2
1479427541165 11 -1
1479427541811 11 -1
1479427543837 7 -1
1479427544836 10 -1
1479427546056 8 1
1479427548916 0 -2
1479427549574 7 -1
1479427551381 2 -1
1479427552284 9 2
1479427554249 0 -1
1479427559142 9 -2
1479427559693 2 1
1479427560340 10 1
1479427561363 7 2
1479427563026 0 3
1479427563865 11 2
1479427564709 4 -2
1479427566235 5 1
1479427567041 8 1
