1481478786131 5 -1
1481478786650 5 1
1481478787546 4 -1
1481478789043 5 -1
1481478789771 7 2
1481478790987 4 1
1481478792011 0 3
1481478793313 4 -1
1481478794114 7 -1
1481478794706 5 1
1481478799522 4 1
1481478800609 0 -3
1481478802154 4 -1
1481478802954 5 -1
1481478803538 7 1
1481478805562 4 1
1481478807074 1 -1
1481478808053 9 -1
1481478809553 7 -2
1481478810137 2 -1
1481478810690 10 -1
1481478811325 9 3
1481478814697 3 1
1481478815433 1 1
1481478816329 4 -2
1481478817169 2 -2
1481478818418 7 1
1481478822026 4 1
1481478823033 6 1
1481478823625 12 1
1481478826449 7 -1
1481478828153 7 1
1481478829546 R
1481478837370 4 -1
1481478838298 2 -3
1481478840258 2 3
1481478841482 R
1481478843257 1 -1
1481478843970 9 -1
1481478844978 7 1
1481478845825 0 3
1481478847003 4 -1
1481478847705 5 -1
1481478848721 7 1
1481478850642 9 1
1481478851065 1 1
1481478851602 6 1
1481478853433 7 -1
1481478854163 10 -1
1481478855179 10 1
1481478856247 5 1
1481478857074 4 1
1481478860323 4 -1
1481478861921 5 -1
1481478862931 7 1
1481478864547 4 1
1481478867329 6 -1
1481478867914 1 -1
1481478868634 9 -1
1481478872178 4 -1
1481478872882 4 1
1481478874410 4 -1
1481478875434 4 1
1481478876963 4 -1
1481478878404 7 -1
1481478879411 10 -1
1481478880338 10 1
1481478880802 7 1
1481478881265 4 1
1481478882489 9 1
1481478883289 1 1
1481478883970 6 1
1481478884460 6 -1
1481478884865 1 -1
1481478887321 9 -1
1481478890383 7 -1
1481478892010 10 -1
1481478894065 4 -1
1481478900126 4 1
1481478900697 0 -3
1481478901601 4 -1
1481478902097 7 -1
1481478903090 2 -3
1481478906852 9 3
1481478907570 7 1
1481478908714 3 1
1481478909858 4 -1
1481478910698 7 -1
1481478911651 2 2
1481478912467 4 2
1481478913697 0 1
1481478915442 U
1481478915857 R
1481478921642 7 1
1481478922809 0 3
1481478940857 5 -1
1481478942586 5 1
1481478943626 0 -3
1481478945554 1 -1
1481478946219 9 -1
1481478947633 7 -1
1481478948239 4 -1
1481478955321 2 -2
1481478957211 9 2
1481478959450 3 1
1481478960165 1 1
1481478964770 4 -1
1481478965266 11 1
1481478965969 8 -1
1481478966761 5 -2
1481478967353 2 -1
1481478968266 7 2
1481478968769 11 2
1481478970369 11 -2
1481478971306 7 -2
1481478971721 2 2
1481478972877 2 -2
1481478974089 7 2
1481478975434 11 2
1481478976058 1 -1
1481478977098 4 1
1481478977826 3 -1
1481478978458 9 -2
1481478979498 11 1
1481478981434 7 -2
1481478982043 10 -2
1481478983233 7 1
1481478986107 7 -1
1481478989377 10 2
1481478990489 2 3
1481478992921 5 2
1481478993483 8 1
1481478994499 4 1
1481478994930 7 1
1481478996562 0 3
1481478997299 8 -2
1481478997923 4 -1
1481478998715 5 -2
1481478999514 10 -2
1481479000842 4 1
1481479002249 0 -1
1481479006393 0 -1
1481479007465 7 -1
1481479010593 U
1481479010946 R
1481479012994 1 -1
1481479015443 9 -1
1481479016921 7 1
1481479018561 0 3
1481479028145 5 -1
1481479029650 4 -1
1481479031794 4 1
1481479033323 7 1
1481479033914 4 -1
1481479035065 4 1
1481479036010 R
1481479039891 5 -1
1481479040563 7 2
1481479044825 0 3
1481479048170 7 -1
1481479048858 10 -1
1481479049762 4 -1
1481479052683 4 1
1481479053033 0 -3
1481479053780 4 -1
1481479054219 7 -1
1481479056851 10 1
1481479057378 5 1
1481479058963 5 -1
1481479059609 4 1
1481479060915 7 2
1481479063177 0 3
1481479066825 1 -1
1481479067594 9 -1
1481479071187 7 -1
1481479071602 10 -1
1481479073897 9 1
1481479075009 9 -1
1481479081226 10 1
1481479082546 7 1
1481479083330 0 -3
1481479085314 9 1
1481479087450 7 -2
1481479087939 10 -1
1481479088466 2 -1
1481479088866 9 2
1481479089633 3 1
1481479090298 4 -2
1481479091026 2 -2
1481479092011 4 1
1481479092554 3 -1
1481479093369 9 -3
1481479095325 7 1
1481479096793 10 1
1481479097378 7 -1
1481479097818 5 1
1481479098500 2 3
1481479099541 4 1
1481479100263 7 1
1481479100714 0 3
1481479101531 4 -1
1481479102210 5 -1
1481479102890 10 -1
1481479103872 4 1
1481479104337 0 -3
1481479107025 4 -1
1481479107441 7 -1
1481479109001 2 -3
1481479109875 7 1
1481479110494 9 3
1481479111012 3 1
1481479111953 1 1
1481479113314 4 -1
1481479114674 7 -1
1481479117124 4 1
1481479118506 2 2
1481479119116 4 1
1481479120627 0 1
1481479121770 3 -1
1481479122315 1 -1
1481479125793 0 -1
1481479132737 R
1481479137603 4 -1
1481479139049 2 -3
1481479139885 5 -1
1481479141667 5 1
1481479142099 2 2
1481479142770 4 1
1481479145481 R
1481479148170 1 -1
1481479148882 9 -1
1481479151578 7 1
1481479152251 0 3
1481479157971 5 -1
1481479158657 7 1
1481479159714 4 -1
1481479162107 4 1
1481479164785 R
1481479175716 1 -1
1481479176241 9 -1
1481479178995 7 1
1481479196141 7 -1
1481479197665 4 -1
1481479198401 2 -3
1481479199409 5 -1
1481479200561 7 2
1481479205091 9 2
1481479206180 3 1
1481479206746 4 -1
1481479207595 11 3
1481479211060 4 1
1481479213643 1 1
1481479220180 4 -1
1481479220922 11 -3
1481479222458 4 1
1481479224106 3 -1
1481479224619 1 -1
1481479225243 9 -2
1481479226754 7 -2
1481479227445 10 -1
1481479228010 9 3
1481479230274 7 1
1481479231297 3 1
1481479232001 1 1
1481479234298 4 -1
1481479234809 7 -1
1481479235355 2 2
1481479237897 11 1
1481479238554 8 -1
1481479239074 5 -1
1481479239691 2 -2
1481479240379 10 -1
1481479241115 7 1
1481479242315 1 -1
1481479246986 1 1
1481479248435 7 -1
1481479248890 2 2
1481479250553 10 1
1481479250914 5 1
1481479251348 8 1
1481479251705 11 -1
1481479252329 4 2
1481479253833 3 -1
1481479254562 3 1
1481479255173 0 1
1481479256203 0 -1
1481479257289 1 -1
1481479257738 1 1
1481479258354 3 -1
1481479258931 3 1
1481479259504 1 -1
1481479260171 3 -1
1481479261514 3 1
1481479262321 4 -2
1481479263066 2 -2
1481479263905 7 1
1481479264364 4 1
1481479267473 1 1
1481479271309 12 1
1481479271857 6 1
1481479274515 7 -1
1481479275594 2 2
1481479276625 4 1
1481479277602 0 1
1481479278313 0 -1
1481479279633 4 -1
1481479280106 2 -2
1481479281177 12 -1
1481479281706 4 -1
1481479283435 6 -1
1481479284097 1 -1
1481479284649 7 1
1481479285241 11 1
1481479288089 8 -1
1481479289097 5 -1
1481479289876 10 -1
1481479291106 7 -1
1481479291609 2 2
1481479293057 1 1
1481479295001 2 -2
1481479295648 7 1
1481479298016 1 -1
1481479323017 1 1
1481479325153 7 -1
1481479327387 2 2
1481479328858 2 -2
1481479331129 7 1
1481479333817 1 -1
1481479348587 1 1
1481479349202 7 -1
1481479349826 2 2
1481479350905 10 1
1481479351363 5 1
1481479353475 8 1
1481479354003 11 -1
1481479356009 4 2
1481479359489 4 -2
1481479360706 2 -2
1481479363858 2 2
1481479364570 11 1
1481479365314 8 -1
1481479365907 2 -2
1481479366961 5 -1
1481479367522 10 -1
1481479368378 7 1
1481479372834 1 -1
1481479373737 9 -1
1481479374561 10 2
1481479375018 5 2
1481479375906 8 1
1481479377037 7 -1
1481479377458 2 2
1481479378106 11 -1
1481479378610 4 2
1481479380309 0 1
1481479382426 1 1
1481479383139 3 -1
1481479383811 9 -1
1481479384331 9 1
1481479384827 5 -1
1481479385201 10 -1
1481479385762 9 1
1481479386418 3 1
1481479389170 R
1481479390894 7 1
1481479391338 0 3
1481479392801 0 -1
1481479394635 5 -1
1481479395170 10 -1
1481479396522 0 1
1481479397666 0 -3
1481479398250 7 -1
1481479399090 4 -1
1481479400883 7 1
1481479401843 4 1
1481479402184 0 3
1481479402825 0 -3
1481479403411 4 -1
1481479403747 7 -1
1481479404682 2 -3
1481479405338 9 2
1481479407291 3 1
1481479408171 4 -1
1481479408722 2 2
1481479409571 11 1
1481479410099 8 -1
1481479410586 5 -1
1481479411202 2 -2
1481479411698 10 -1
1481479412563 2 2
1481479414914 R
1481479426002 7 1
1481479427665 0 3
1481479428987 4 -1
1481479429741 5 -1
1481479430211 10 -1
1481479431806 4 1
1481479432586 0 -1
1481479436147 1 -1
1481479437106 9 -1
1481479438313 9 1
1481479438770 1 1
1481479443281 0 -2
1481479444193 10 1
1481479446569 7 1
