1483906839816 4 -1
1483906841503 2 -2
1483906844791 5 -1
1483906845836 2 -1
1483906846996 7 2
1483906850899 7 -1
1483906852269 10 -1
1483906853932 9 2
1483906855615 3 1
1483906858660 1 -1
1483906859982 1 1
1483906861046 6 1
1483906863608 4 -1
1483906864884 11 1
1483906867735 6 -1
1483906870780 7 -1
1483906872751 11 -1
1483906873871 2 2
1483906875095 4 2
1483906881885 1 -1
1483906883240 3 -1
1483906885169 4 -1
1483906888256 4 1
1483906889778 0 1
1483906891745 3 1
1483906892977 1 1
1483906894530 6 1
1483906896060 12 1
1483906899137 9 -1
1483906900415 10 1
1483906901904 5 1
1483906904049 0 -1
1483906905083 6 -1
1483906906236 12 -1
1483906908551 4 -2
1483906910419 4 2
1483906911502 3 -1
1483906913521 4 -1
1483906914669 2 -2
1483906916131 5 -1
1483906918229 10 -1
1483906919538 9 1
1483906920716 7 1
1483906923947 3 1
1483906927034 4 -1
1483906929121 7 -1
1483906930223 2 2
1483906931367 4 2
1483906933052 0 1
1483906946118 0 -1
1483906947305 4 -2
1483906948596 2 -2
1483906950222 7 1
1483906953514 6 1
1483906958396 11 1
1483906959563 8 -1
1483906960659 5 -1
1483906962322 7 -1
1483906963861 2 2
1483906966032 10 -1
1483906968507 2 -2
1483906969588 2 2
1483906971696 2 -2
1483906973266 9 -1
1483906974366 10 2
1483906975265 7 2
1483906979651 7 -2
1483906981070 2 2
1483906983130 5 2
1483906984240 8 1
1483906985173 11 -1
1483906986537 2 -2
1483906987694 5 -1
1483906988821 7 2
1483906991919 6 -1
1483906993784 4 1
1483906995597 3 -1
1483906998708 9 -1
1483907002103 7 -2
1483907003301 10 -1
1483907004479 9 2
1483907005959 7 1
1483907007243 3 1
1483907008929 4 -1
1483907010688 7 -1
1483907012328 2 2
1483907014015 4 2
1483907015739 3 -1
1483907019606 4 -1
1483907021259 2 -2
1483907023525 7 1
1483907025168 9 -2
1483907026611 1 -1
1483907027659 9 -1
1483907030088 10 1
1483907032023 7 -1
1483907033074 5 1
1483907034511 2 2
1483907037864 4 1
1483907039251 0 1
1483907040421 2 1
1483907041607 7 1
1483907042805 0 2
1483907043930 4 -1
1483907045074 5 -1
1483907048158 10 -1
1483907052257 4 1
1483907053292 0 -3
1483907058097 0 2
1483907060857 0 1
1483907062103 4 -1
1483907064166 10 1
1483907065830 5 1
1483907067631 4 1
1483907069691 9 1
1483907070919 1 1
1483907072003 6 1
1483907074821 4 -1
1483907076712 5 -1
1483907078647 7 1
1483907080144 4 1
1483907087574 6 -1
1483907088745 1 -1
1483907089723 9 -1
1483907093671 4 -1
1483907096286 4 1
1483907097453 0 -3
1483907098642 4 -1
1483907099713 7 -2
1483907101031 2 -3
1483907102305 7 2
1483907117032 7 -2
1483907118915 2 3
1483907123897 9 1
1483907125135 1 1
1483907126223 6 1
1483907127825 2 -2
1483907129504 10 -1
1483907132392 2 1
1483907133309 9 2
1483907135231 3 1
1483907137191 4 -1
1483907138219 11 1
1483907140434 8 -1
1483907141463 5 -1
1483907142850 10 -1
1483907145504 2 -2
1483907146859 7 1
1483907149674 6 -1
1483907151757 6 1
1483907154653 9 -1
1483907158462 10 1
1483907160117 5 1
1483907161396 8 1
1483907162472 11 -1
1483907164516 4 1
1483907165791 12 1
1483907167619 7 -1
1483907169397 2 2
1483907172057 10 1
1483907173722 5 1
1483907174927 4 1
1483907176807 0 1
1483907184676 5 -1
1483907186253 10 -1
1483907187275 9 1
1483907190623 12 -1
1483907191854 0 -1
1483907194595 4 -2
1483907196074 11 1
1483907197254 8 -1
1483907198278 5 -1
1483907202004 9 -1
1483907203951 10 1
1483907207678 2 -2
1483907208710 7 2
1483907210106 11 2
1483907212235 4 1
1483907215222 6 -1
1483907218753 4 -1
1483907220171 11 -2
1483907221272 7 -2
1483907222376 2 2
1483907224008 5 1
1483907227083 5 1
1483907228364 2 -2
1483907230291 5 -1
1483907231810 7 2
1483907233097 11 2
1483907236599 4 1
1483907237963 12 1
1483907239675 6 1
1483907249303 8 1
1483907251407 12 -1
1483907252433 4 -1
1483907253652 11 -2
1483907255064 11 -1
1483907256627 7 -2
1483907257741 2 2
1483907260550 4 2
1483907261807 0 1
1483907263061 6 -1
1483907264265 1 -1
1483907265283 3 -1
1483907268053 10 -1
1483907271022 9 1
1483907276835 3 1
1483907278626 0 -1
1483907279699 4 -2
1483907280792 1 1
1483907281952 6 1
1483907283508 6 -1
1483907285655 2 -2
1483907288349 9 -1
1483907289359 10 1
1483907290878 2 2
1483907292680 5 1
1483907294064 4 2
1483907295524 0 1
1483907302917 12 1
1483907304084 6 1
1483907306629 5 -1
1483907308136 10 -1
1483907309083 9 1
1483907313483 0 -1
1483907314630 4 -1
1483907317650 2 -2
1483907318547 7 1
1483907320756 12 -1
1483907321821 6 -1
1483907322891 4 -1
1483907325519 1 -1
1483907327260 7 -1
1483907328559 9 -1
1483907329729 10 1
1483907330890 7 2
1483907332477 4 1
1483907333500 3 -1
1483907334613 9 -2
1483907336031 7 -2
1483907340167 2 3
1483907341734 5 1
1483907344298 4 1
1483907347279 7 1
1483907348698 0 3
1483907350227 4 -1
1483907351509 5 -1
1483907352979 7 1
1483907357092 4 1
1483907358757 7 -1
1483907361366 5 1
1483907362820 4 -1
1483907365540 5 -1
1483907367170 7 1
1483907368414 9 1
1483907369520 1 1
1483907370705 6 1
1483907372512 4 1
1483907374933 7 -1
1483907375975 10 -1
1483907380629 6 -1
1483907381695 1 -1
1483907382898 9 -1
1483907385374 4 -1
1483907388496 10 1
1483907389818 7 1
1483907392188 4 1
1483907394281 9 1
1483907395656 1 1
1483907397240 6 1
1483907399285 4 -1
1483907401202 7 -1
1483907402781 10 -1
1483907405093 4 1
1483907406836 0 -2
1483907408089 0 -1
1483907409562 4 -1
1483907410561 7 -1
1483907411973 2 -3
1483907414395 7 1
1483907417072 10 1
1483907418279 7 1
1483907421698 9 1
1483907423003 3 1
1483907429463 12 1
1483907431300 7 -2
1483907432716 2 2
1483907434918 4 1
1483907436058 0 1
1483907439127 12 -1
1483907441437 6 -1
1483907442871 1 -1
1483907443886 3 -1
1483907446072 9 -2
1483907447345 2 1
1483907448278 7 2
1483907449806 0 2
1483907451392 4 -1
1483907462060 7 -1
1483907463626 5 1
1483907466892 4 1
1483907469117 0 -3
1483907472557 7 -1
1483907473549 4 -1
1483907474889 2 -2
1483907476406 2 -1
1483907477532 5 -1
1483907479921 7 2
1483907482845 9 2
1483907484355 3 1
1483907485534 1 1
1483907487074 4 -1
1483907488648 11 3
1483907492035 4 1
1483907493196 12 1
1483907494822 6 1
1483907497536 8 -1
1483907498710 5 -1
1483907502686 12 -1
1483907503643 6 -1
1483907507688 3 -1
1483907509030 1 -1
1483907510273 9 -2
1483907511302 11 1
1483907513064 7 -2
1483907514823 2 3
1483907516367 5 2
1483907519264 4 1
1483907520181 7 1
1483907521900 0 3
1483907523352 8 -1
1483907526413 5 -2
1483907527468 4 1
1483907528581 7 1
1483907530098 11 -3
1483907532118 11 3
1483907534719 0 -2
1483907535946 7 -2
1483907544161 10 -1
1483907545196 2 -1
1483907546489 4 -1
1483907549151 5 1
1483907550995 8 2
1483907553358 0 -1
1483907554435 4 -1
1483907555660 2 -1
1483907557137 2 -1
1483907560297 10 1
1483907562178 7 2
1483907564345 11 -1
1483907566666 9 2
1483907568542 3 1
1483907569682 1 1
1483907571167 6 1
1483907572445 12 1
1483907574709 8 -1
1483907575835 5 -1
1483907580555 6 -1
1483907581459 12 -1
1483907582741 3 -1
1483907584026 1 -1
1483907585946 9 -2
1483907587083 11 1
1483907588303 7 -2
1483907589675 10 -2
1483907592556 2 3
1483907593743 7 1
1483907594794 4 1
1483907595990 0 3
1483907597338 4 -1
1483907599061 8 -1
1483907604219 4 1
1483907605401 0 -2
1483907608851 10 2
1483907610245 5 2
1483907611798 8 2
1483907613107 0 -1
1483907615798 4 -1
1483907617028 7 -1
1483907619138 5 -1
1483907620325 2 -2
1483907621676 10 -1
1483907623544 2 -1
1483907624563 7 1
1483907626915 8 -1
1483907627935 5 -1
1483907629066 10 -1
1483907631830 7 -1
1483907633957 2 3
1483907635429 10 2
1483907636541 7 2
1483907637488 4 2
1483907638778 11 -3
1483907641451 0 3
1483907644042 8 -1
1483907645312 9 1
1483907646628 1 1
1483907648257 6 1
1483907652008 7 -1
1483907653125 10 -1
1483907657482 8 1
1483907659761 0 -2
1483907660879 7 -1
1483907662519 2 -1
1483907663925 9 2
1483907665732 3 1
1483907667382 6 -1
1483907668482 0 -1
1483907671419 1 -1
1483907672912 3 -1
1483907680246 3 1
1483907681415 1 1
1483907682912 6 1
1483907684428 12 1
1483907685752 0 1
1483907687324 8 -3
1483907689273 11 -1
1483907693733 4 -1
1483907695467 10 -1
1483907697394 9 -1
1483907700103 10 2
1483907703271 0 -1
1483907704302 4 -1
1483907705542 2 -3
1483907713934 10 -1
1483907715353 4 2
1483907716470 7 1
1483907718231 9 1
1483907720711 0 2
1483907722269 0 1
1483907723830 0 1
1483907725640 0 1
