1480140144217 5 -1
1480140146242 7 2
1480140150019 0 3
1480140153168 4 -1
1480140157857 7 -1
1480140158854 10 -1
1480140160797 10 1
1480140161729 5 1
1480140162823 4 1
1480140166696 0 -2
1480140168085 5 -1
1480140171029 0 2
1480140173886 4 -1
1480140176448 7 1
1480140177771 7 -1
1480140178830 10 -1
1480140184400 1 -1
1480140185977 9 -1
1480140187712 10 1
1480140189242 7 1
1480140192075 4 1
1480140197537 4 -1
1480140203337 7 -1
1480140204787 10 -1
1480140209101 4 1
1480140217263 0 -2
1480140219752 7 -1
1480140220743 2 -1
1480140224683 10 1
1480140227422 10 -1
1480140229045 9 3
1480140234635 3 1
1480140236219 1 1
1480140237213 6 1
1480140238164 12 1
1480140240899 9 -1
1480140242361 10 1
1480140245285 5 1
1480140247990 0 -1
1480140249465 4 -1
1480140250532 2 -2
1480140251998 7 1
1480140255660 5 -1
1480140256583 7 1
1480140261913 12 -1
1480140264556 6 -1
1480140267743 3 -1
1480140268704 1 -1
1480140269736 9 -2
1480140273309 7 -2
1480140281145 5 1
1480140282459 2 3
1480140283618 4 1
1480140285643 7 1
1480140286909 0 3
1480140287865 4 -1
1480140289289 5 -1
1480140290845 7 1
1480140298488 9 1
1480140300196 7 -1
1480140301698 10 -1
1480140303889 10 1
1480140305126 7 1
1480140308273 4 1
1480140309227 0 -3
1480140310164 7 -2
1480140311615 2 -1
1480140313564 4 -1
1480140317540 2 -2
1480140320042 2 3
1480140321281 2 -1
1480140325403 2 -1
1480140326417 9 1
1480140329139 10 -1
1480140330054 9 1
1480140331281 2 1
1480140337482 2 -2
1480140364673 7 1
1480140366216 3 1
1480140367547 4 -1
1480140369930 7 -1
1480140370858 2 2
1480140372135 4 2
1480140376299 0 1
1480140378286 0 -1
1480140380126 0 1
1480140381128 0 -1
1480140382868 4 -2
1480140384253 11 1
1480140385312 8 -1
1480140387023 5 -1
1480140389187 10 -1
1480140390114 2 -2
1480140392047 7 1
1480140395592 1 1
1480140399753 1 -1
1480140402498 7 -1
1480140404335 2 2
1480140408255 2 -2
1480140410535 R
1480140418870 5 -1
1480140419915 10 -1
1480140421079 2 -1
1480140422329 9 2
1480140426086 3 1
1480140428305 4 -2
1480140429279 2 -2
1480140430471 7 1
1480140437301 7 -1
1480140438509 2 2
1480140439533 4 2
1480140440605 0 1
1480140447139 0 -1
1480140449315 3 -1
1480140452314 4 -1
1480140453243 2 -2
1480140454418 7 1
1480140457281 3 1
1480140458359 4 -1
1480140459949 11 1
1480140460927 8 -1
1480140462337 5 -1
1480140463440 10 -1
1480140466456 7 -1
1480140467516 2 2
1480140475957 2 -2
1480140476912 7 1
1480140482159 1 -1
1480140483418 1 1
1480140486724 10 1
1480140487711 5 1
1480140488610 7 -1
1480140489575 2 2
1480140493675 8 1
1480140494969 11 -1
1480140495960 4 2
1480140497676 3 -1
1480140501173 3 1
1480140502495 3 -1
1480140504682 0 1
1480140507701 3 1
1480140508594 12 1
1480140522121 12 -1
1480140523551 3 -1
1480140527214 9 -1
1480140530267 10 1
1480140531344 5 1
1480140535444 5 -1
1480140537893 10 -1
1480140539822 R
1480140542100 7 1
1480140543833 0 3
1480140558004 6 1
1480140562818 6 -1
1480140566826 5 -1
1480140568503 10 -1
1480140571862 4 -1
1480140578682 4 1
1480140580108 10 1
1480140581385 7 1
1480140585673 4 -1
1480140588457 7 -1
1480140591526 R
1480140600636 4 -1
1480140601606 2 -3
1480140602984 5 -1
1480140604676 7 2
1480140609900 9 1
1480140611332 1 -1
1480140612299 9 -2
1480140614511 7 -2
1480140618441 10 -1
1480140619799 9 3
1480140622778 3 1
1480140624109 4 -1
1480140626612 2 2
1480140627526 11 1
1480140628475 8 -1
1480140630197 5 -1
1480140631385 10 -1
1480140633123 2 -2
1480140635021 7 1
1480140637945 7 -1
1480140638874 2 2
1480140646068 2 -2
1480140647121 10 1
1480140648261 7 1
1480140651196 10 -1
1480140652211 9 -1
1480140653436 10 2
1480140654450 5 2
1480140656024 7 -1
1480140657387 2 2
1480140659308 5 -1
1480140662719 10 -1
1480140664225 9 1
1480140669463 R
1480140682952 R
1480140695075 1 -1
1480140695968 9 -1
1480140699352 7 1
1480140701928 0 3
1480140704510 4 -1
1480140706388 5 -1
1480140707384 7 1
1480140712102 4 1
1480140717128 0 -2
1480140720279 0 -1
1480140723031 9 1
1480140724155 0 3
1480140726611 4 -1
1480140728504 7 -1
1480140729940 10 -1
1480140733311 4 1
1480140736247 4 -1
1480140738129 10 1
1480140739139 5 1
1480140740576 4 1
1480140747439 4 -1
1480140750038 5 -1
1480140753218 4 1
1480140755281 7 1
1480140758866 4 -1
1480140763925 4 1
1480140765778 1 1
1480140766759 6 1
1480140771271 4 -1
1480140772304 7 -1
1480140773529 10 -1
1480140775607 10 1
1480140779355 4 1
1480140780430 0 -1
1480140782968 7 1
1480140789277 R
1480140797444 2 -1
1480140798912 9 1
1480140801001 1 -1
1480140802338 9 -2
1480140805082 4 -1
1480140808558 2 -1
1480140814262 5 -1
1480140815435 2 -1
1480140817384 7 2
1480140822593 9 2
1480140823765 3 1
1480140825074 4 -1
1480140827045 11 2
1480140830315 8 -1
1480140832117 11 -1
1480140833523 5 -1
1480140835541 7 -1
1480140837076 7 -1
1480140838554 2 2
1480140841491 10 -2
1480140842452 2 -2
1480140845097 9 1
1480140847830 1 1
1480140849871 2 1
1480140852060 2 1
1480140855627 10 1
1480140859005 10 -1
1480140859890 2 -2
1480140860857 7 1
1480140865506 6 1
1480140866623 6 -1
1480140868510 6 1
1480140873354 9 -1
1480140874784 10 2
1480140877738 7 -1
1480140878629 2 2
1480140880708 5 2
1480140882894 8 1
1480140884214 11 -1
1480140885662 4 2
1480140887166 0 1
1480140888654 12 1
1480140891600 5 -1
1480140893424 10 -1
1480140894870 9 1
1480140901786 12 -1
1480140902895 3 -1
1480140904789 9 -2
1480140906035 2 1
1480140907013 7 1
1480140908107 0 2
1480140909989 4 -1
1480140914050 10 1
1480140914888 7 1
1480140919365 4 1
1480140921956 6 -1
1480140925524 7 -1
1480140926565 10 -1
1480140928508 4 -1
1480140931698 1 -1
1480140933115 9 -1
1480140938143 4 1
1480140941673 10 1
1480140942837 7 1
1480140944217 4 -1
1480140950076 7 -1
1480140952610 7 1
1480140954807 4 1
1480140956374 0 -3
1480140959229 4 -1
1480140960214 7 -2
1480140961245 2 -3
1480140964100 2 3
1480140973841 7 2
1480140975816 4 1
1480140977751 0 3
1480140979408 7 -1
1480140981371 10 -1
1480140989147 4 -1
1480140990834 10 1
1480140991883 7 1
1480140994741 7 -1
1480140996884 10 -1
1480140999099 9 1
1480141000426 1 1
1480141002641 6 1
1480141004551 4 1
1480141007956 10 1
1480141009366 7 1
1480141012884 4 -1
1480141016135 4 1
1480141017636 4 -1
1480141019150 4 1
1480141020069 0 -3
1480141022618 4 -1
1480141024047 7 -2
1480141025089 2 -3
1480141027762 10 -1
1480141028704 9 2
1480141031838 6 -1
1480141032714 1 -1
1480141033938 9 -3
1480141036390 9 2
1480141037278 9 1
1480141039575 2 2
1480141041538 4 1
1480141043558 3 1
1480141045268 4 -2
1480141047105 11 1
1480141048386 8 -1
1480141050105 5 -1
1480141051432 10 -1
1480141052957 2 -2
1480141054079 7 1
1480141056787 7 -1
1480141058077 10 1
1480141061028 2 2
1480141065374 1 1
1480141066536 6 1
1480141072963 5 1
1480141073836 8 1
1480141074688 11 -1
1480141075733 4 2
1480141077341 12 1
1480141082139 12 -1
1480141087295 0 1
1480141091734 6 -1
1480141092724 0 -1
1480141094047 4 -2
1480141096121 11 1
1480141097520 11 -1
1480141098472 4 2
1480141101145 3 -1
1480141102589 9 -2
1480141103588 2 1
1480141104440 7 1
1480141106033 0 2
1480141114968 10 1
1480141116006 7 1
1480141118090 0 1
1480141121115 4 -1
1480141123023 7 -1
1480141124520 5 1
1480141126031 4 1
1480141129595 5 -1
1480141130458 10 -1
1480141132234 4 -1
1480141134393 R
1480141141836 4 -1
1480141144335 2 -3
1480141146562 9 1
1480141150357 3 1
1480141151671 4 -1
1480141153427 11 1
1480141154313 8 -1
1480141155785 5 -2
1480141157846 7 2
1480141159924 11 2
1480141163264 4 1
1480141165714 4 -1
1480141168255 6 1
1480141171308 4 1
1480141172230 12 1
1480141178873 12 -1
1480141180124 4 -1
1480141182939 11 -2
1480141184299 7 -2
1480141185258 2 2
1480141188361 5 2
1480141191502 2 -2
1480141193540 7 1
1480141195947 6 -1
1480141199567 5 -2
1480141200415 10 -2
1480141201285 9 1
1480141204713 7 -1
1480141205676 2 2
1480141210456 10 1
1480141211907 5 1
1480141216685 R
1480141618232 7 1
1480141620577 5 -1
1480141621638 7 1
1480141623668 4 -1
1480141628065 R
1480141633585 1 -1
1480141634497 9 -1
1480141635445 7 1
1480141636525 0 3
1480141640410 4 -1
1480141642998 5 -1
1480141643965 7 1
1480141646056 9 1
1480141648414 4 1
1480141650481 1 1
1480141651741 6 1
1480141654823 6 -1
1480141656156 1 -1
1480141656969 9 -1
1480141658375 4 -1
1480141659365 7 -1
1480141661269 10 -1
1480141664011 10 1
1480141665889 4 1
1480141666774 0 -3
1480141667664 4 -1
1480141669520 7 -1
1480141672571 2 -2
1480141674806 10 -1
1480141676503 2 -1
1480141677471 7 1
1480141678787 9 3
1480141681460 1 1
1480141684494 3 1
1480141686144 4 -1
1480141688880 7 -1
1480141689826 2 2
1480141694371 4 2
1480141698982 4 -2
1480141699872 11 1
1480141701468 8 -1
1480141703028 5 -1
1480141703978 10 -1
1480141706349 2 -2
1480141707679 7 1
1480141711205 6 1
1480141712272 6 -1
1480141713808 1 -1
1480141715937 1 1
1480141717438 7 -1
1480141718294 2 2
1480141727541 R
1480141732474 0 1
1480141735000 7 1
1480141736055 0 1
1480141740635 5 -1
1480141743497 10 -1
1480141761332 0 -2
1480141762417 7 -1
1480141763373 4 -1
1480141765691 2 -2
1480141767809 9 2
1480141769541 1 -1
1480141770561 3 1
1480141771558 4 -1
1480141779320 2 -1
1480141780237 7 1
1480141781288 11 1
1480141782222 8 -1
1480141784352 5 -1
1480141785862 7 -1
1480141786793 2 2
1480141791554 2 -2
1480141792923 10 -1
1480141794768 7 1
1480141797743 7 -1
1480141798671 2 2
1480141803811 2 -2
1480141805360 7 1
1480141810557 1 1
1480141811996 6 1
1480141820869 R
1480141880357 7 1
1480141881354 0 3
1480141885257 4 -1
1480141886894 4 1
1480141891323 4 -1
1480141893709 4 1
1480141897302 6 1
1480141898780 6 -1
1480141903521 0 -3
1480141906047 7 -1
1480141906928 4 -1
1480141908806 2 -2
1480141910033 9 1
1480141911002 3 1
1480141912358 4 -1
1480141917715 2 1
1480141919518 2 -2
1480141920576 7 1
1480141921692 11 1
1480141922772 8 -1
1480141924588 5 -2
1480141926510 7 1
1480141927787 11 2
1480141930258 4 1
1480141934065 12 1
1480141935788 12 -1
1480141936858 4 -1
1480141938120 11 -2
1480141939968 7 -1
1480141942833 1 -1
1480141944128 1 1
1480141946335 10 -2
1480141948208 9 1
1480141950662 10 1
1480141952283 5 1
1480141954995 7 -1
1480141956711 2 2
1480141961305 2 -2
1480141962157 7 1
1480141964560 5 -1
1480141966654 10 -1
1480141969231 10 1
1480141972318 1 -1
1480141974865 7 -1
1480141976154 2 2
1480141978168 5 1
1480141980777 8 1
1480141981745 11 -1
1480141982720 4 2
1480141986347 0 1
1480141987702 1 1
1480141990682 6 1
1480141991557 12 1
1480141995336 0 -1
1480141996306 4 -1
1480142001619 9 -1
1480142003197 10 1
1480142004928 5 1
1480142008331 4 1
1480142009383 0 1
1480142019891 5 -1
1480142022045 10 -1
1480142024530 9 1
1480142026974 0 -1
1480142027914 4 -1
1480142029539 2 -2
1480142031331 7 1
1480142032460 7 -1
1480142033432 9 -1
1480142041610 R
1480142044677 4 -1
1480142048438 4 1
1480142053565 2 -1
1480142055035 9 1
1480142057544 3 1
1480142058741 4 -2
1480142059761 11 1
1480142060647 8 -1
1480142063192 2 -2
1480142064979 7 1
1480142067731 5 -1
1480142073468 7 -1
1480142075278 2 1
1480142077144 8 1
1480142078705 8 -1
1480142094280 5 1
1480142095166 2 -1
1480142096003 5 -1
1480142096948 7 2
1480142099047 11 1
1480142100003 11 1
1480142100944 4 1
1480142106447 4 -1
1480142111146 8 1
1480142114178 11 -2
1480142115665 8 -1
1480142117367 7 -1
1480142118895 10 -1
1480142119799 9 1
1480142124162 8 1
1480142126263 11 -1
1480142127262 4 1
1480142128351 3 -1
1480142130149 1 -1
1480142131165 9 -3
1480142136395 10 1
1480142139176 7 1
1480142140973 7 -1
1480142142233 7 -1
1480142143517 2 3
1480142144838 5 1
1480142145944 7 1
1480142147225 4 1
1480142149737 4 -1
1480142150687 7 -1
1480142153133 5 -1
1480142154563 7 2
1480142158335 7 -2
1480142161101 9 1
1480142162953 1 1
1480142164784 6 1
1480142166896 R
1480142168739 4 -1
1480142172511 1 -1
1480142173520 9 -1
1480142179859 2 -2
1480142181248 9 2
1480142186433 2 -1
1480142187390 7 1
1480142188643 5 -1
1480142189967 7 1
1480142193313 9 -2
1480142196117 9 2
1480142197913 7 -2
1480142198988 2 2
1480142199912 5 1
1480142201405 4 1
1480142202422 0 1
1480142203494 5 -1
1480142209715 3 1
1480142211182 0 -1
1480142212083 4 -2
1480142217693 11 1
1480142220030 11 -1
1480142222555 2 -2
1480142224158 7 2
1480142225319 11 3
1480142228077 4 1
1480142229238 8 -1
1480142232846 4 -1
1480142234115 5 -1
1480142236001 11 -2
1480142237691 7 -2
1480142246016 7 2
1480142247158 11 2
1480142249741 11 -2
1480142250852 7 -2
1480142252608 2 2
1480142253779 2 -2
1480142259401 2 1
1480142265146 10 -2
1480142267552 10 2
1480142268453 2 1
1480142270444 2 -2
1480142271652 7 2
1480142273908 11 2
1480142278604 4 1
1480142281345 1 1
1480142283206 1 -1
1480142284025 3 -1
1480142285381 9 -2
1480142286243 11 1
1480142291900 7 -2
1480142292912 2 3
1480142293935 4 2
1480142294922 7 2
1480142296588 0 3
1480142297782 11 -3
1480142299938 7 -1
1480142305605 8 -1
1480142310347 7 1
1480142321376 8 1
1480142323830 11 1
1480142326130 8 -1
1480142327675 11 -1
1480142329311 7 -1
1480142330264 10 -1
1480142339278 8 1
1480142340518 10 1
1480142341465 7 1
1480142343133 11 3
1480142345264 4 -1
1480142346714 7 -1
1480142347856 10 -2
1480142353661 8 -1
1480142355920 4 -1
1480142358168 10 2
1480142359482 7 1
1480142361298 5 1
1480142365315 8 2
1480142370481 4 1
1480142371979 11 -1
1480142374162 4 -1
1480142375345 11 1
1480142376808 7 -1
1480142377785 10 -1
1480142380827 4 1
1480142383691 0 -2
1480142384731 7 -1
1480142387168 2 -1
1480142389867 2 1
1480142391032 10 1
1480142393151 10 -1
1480142394765 2 -1
1480142395961 2 1
1480142396775 10 1
1480142399022 5 1
1480142400417 7 1
1480142402558 0 2
1480142568510 8 -1
1480142569433 8 -1
1480142570435 4 -1
1480142572070 5 -2
1480142575400 10 -2
1480142579183 8 1
1480142580573 4 1
1480142582005 0 -2
1480142582989 7 -1
1480142588732 0 -1
1480142589571 4 -1
1480142590469 2 -3
1480142602917 10 2
1480142603806 7 2
1480142608151 7 -2
1480142609978 2 3
1480142612853 4 1
1480142613976 7 2
1480142614871 4 1
1480142615802 11 -3
1480142619388 0 3
1480142620536 7 -1
1480142621969 10 -1
1480142626757 9 1
1480142628425 9 -1
1480142630663 8 -1
1480142635404 0 -2
1480142636330 7 -1
1480142637237 2 -1
1480142638572 9 3
1480142642246 1 1
1480142643040 3 1
1480142645890 6 1
1480142646867 12 1
1480142648352 8 -2
1480142651115 11 -1
1480142652517 4 -1
1480142654226 10 -1
1480142656246 0 -1
1480142669113 4 -1
1480142670028 2 -3
1480142671191 4 1
1480142671983 7 1
1480142672895 0 4
1480142674905 0 1
