1482686334011 2 -1
1482686339932 2 1
1482686341346 7 1
1482686348570 4 -1
1482686350164 7 -1
1482686353786 2 -3
1482686360666 R
1482686363842 1 -1
1482686365526 9 -1
1482686368412 4 -1
1482686374541 2 -3
1482686376397 5 -1
1482686378597 10 -1
1482686380868 9 3
1482686392104 7 1
1482686393785 3 1
1482686396007 12 1
1482686397735 7 -1
1482686400225 2 2
1482686402057 4 1
1482686405316 R
1482686482667 7 1
1482686488301 0 3
1482686492354 5 -1
1482686495538 7 1
1482686502909 0 -3
1482686504885 7 -2
1482686507207 2 -1
1482686510673 10 -1
1482686512745 9 2
1482686514597 1 -1
1482686522009 3 1
1482686525479 4 -2
1482686527492 11 1
1482686529122 8 -1
1482686530535 5 -1
1482686532506 2 -2
1482686534048 10 -1
1482686536309 7 1
1482686543233 1 1
1482686545681 6 1
1482686555082 7 -1
1482686556508 10 1
1482686559011 2 2
1482686562018 5 1
1482686563770 8 1
1482686567111 11 -1
1482686568849 2 -2
1482686570288 7 1
1482686574175 6 -1
1482686576434 1 -1
1482686582953 7 -1
1482686584111 4 1
1482686588119 1 1
1482686590534 7 1
1482686601878 4 -1
1482686604671 R
1482686610291 6 1
1482686612254 6 -1
1482686619397 4 -1
1482686621799 5 -1
1482686624853 2 -3
1482686632671 7 2
1482686638491 9 1
1482686639715 3 1
1482686641924 4 -1
1482686650020 7 -2
1482686651972 4 1
1482686656788 12 1
1482686666153 2 2
1482686668458 5 1
1482686670173 4 1
1482686672742 1 -1
1482686674303 12 -1
1482686676000 3 -1
1482686677530 9 -2
1482686680937 2 1
1482686682285 7 1
1482686686659 0 3
1482686691926 4 -1
1482686693556 5 -1
1482686695756 4 1
1482686701108 9 1
1482686706960 4 -1
1482686711144 10 -1
1482686716332 R
1482686728964 5 -1
1482686743773 7 2
1482686748251 1 -1
1482686749723 9 -1
1482686753298 0 3
1482686757816 4 -1
1482686764658 R
1482686776802 7 1
1482686778278 0 3
1482686782349 4 -1
1482686785100 5 -1
1482686787075 10 -1
1482686790973 1 -1
1482686792146 9 -1
1482686802495 R
1482686813373 1 -1
1482686814751 9 -1
1482686825119 5 -1
1482686827478 4 -1
1482686829831 2 -3
1482686834388 7 2
1482686838929 9 2
1482686842447 1 1
1482686844896 7 -2
1482686846243 10 -1
1482686847615 9 1
1482686851903 7 1
1482686858485 7 -1
1482686861161 7 1
1482686862501 9 -2
1482686864287 10 1
1482686865586 7 1
1482686871929 R
1482686888231 4 -1
1482686891303 2 -3
1482686893807 5 -1
1482686899114 1 -1
1482686902520 9 -1
1482686904192 10 -1
1482686906810 9 3
1482686911304 3 1
1482686913159 4 -1
1482686915302 7 1
1482686918687 1 1
1482686920677 4 1
1482686929265 R
1482686941481 2 -1
1482686943110 9 1
1482686945691 3 1
1482686948715 4 -2
1482686950810 5 -1
1482686952746 2 -2
1482686956309 7 2
1482686961463 4 1
1482686963457 3 -1
1482686964931 1 -1
1482686966651 9 -2
1482686981978 9 2
1482686985061 3 1
1482686986995 4 -1
1482686989455 7 -2
1482686991210 10 -1
1482686992878 9 1
1482686997519 7 1
1482687001430 11 1
1482687004145 R
1482687008930 7 1
1482687011503 0 1
1482687018035 5 -1
1482687025639 7 -1
1482687027055 2 -1
1482687028715 10 -1
1482687031092 9 2
1482687033215 3 1
1482687036045 12 1
1482687040207 R
1482687043291 0 1
1482687057622 0 -1
1482687059493 0 1
1482687061937 7 1
1482687064017 0 2
1482687072972 5 -1
1482687074335 7 1
1482687075678 4 -1
1482687082281 1 -1
1482687083528 9 -1
1482687086218 7 -1
1482687087940 4 1
1482687095359 0 -1
1482687101447 R
1482687119309 5 -1
1482687120800 10 -1
1482687122148 2 -1
1482687124358 9 2
1482687130283 R
1482687133805 7 1
1482687137937 0 2
1482687142245 5 -1
1482687143812 10 -1
1482687149494 R
1482687164128 6 1
1482687167472 7 1
1482687171552 R
1482687176966 5 -1
1482687178212 10 -1
1482687179896 2 -1
1482687181629 9 2
1482687191431 4 -1
1482687195526 2 -2
1482687198424 7 1
1482687202441 3 1
1482687204390 4 -1
1482687211437 11 1
1482687212994 8 -1
1482687214444 5 -1
1482687215727 10 -1
1482687225122 R
1482687231198 0 1
1482687234544 7 1
1482687235879 0 2
1482687242184 5 -1
1482687243431 10 -1
1482687245237 4 -1
1482687251450 1 -1
1482687252979 9 -1
1482687256037 10 1
1482687257598 7 1
1482687265452 9 1
1482687267795 R
1482687276670 4 -1
1482687279478 5 -1
1482687283612 2 -3
1482687295665 10 -1
1482687308299 9 2
1482687310263 3 1
1482687312136 4 -1
1482687314816 7 1
1482687318613 1 -1
1482687321435 4 1
1482687325024 9 -1
1482687326872 7 -1
1482687328477 1 1
1482687330124 12 1
1482687331601 R
1482687336311 2 -1
