1482278765535 5 -1
1482278767429 7 2
1482278768428 4 -1
1482278771461 7 -2
1482278772536 2 -1
1482278773317 10 -1
1482278774581 9 2
1482278782172 3 1
1482278784269 4 -1
1482278789054 2 -2
1482278790523 7 1
1482278793324 11 1
1482278795307 8 -1
1482278797207 5 -1
1482278798820 10 -1
1482278800053 1 -1
1482278806334 9 -1
1482278807630 10 2
1482278808791 7 1
1482278810363 11 2
1482278817437 4 1
1482278818580 3 -1
1482278820035 9 -2
1482278821742 11 1
1482278824611 7 -2
1482278828964 2 3
1482278831134 4 2
1482278832331 0 1
1482278833619 8 -1
1482278836100 4 -1
1482278838939 10 -2
1482278841235 2 -1
1482278848104 10 1
1482278848939 4 1
1482278852187 10 1
1482278852819 2 1
1482278853652 7 2
1482278855284 11 -3
1482278860308 7 -2
1482278862420 2 -1
1482278863180 10 -1
1482278864396 9 3
1482278865780 3 1
1482278866750 1 1
1482278884868 12 1
1482278888268 6 1
1482278890243 8 -2
1482278892628 11 -1
1482278893956 4 -1
1482278895957 10 -1
1482278901585 10 1
1482278902498 4 1
1482278903342 0 -1
1482278904438 4 -2
1482278906252 2 -3
1482278908428 4 2
1482278910660 0 1
1482278911828 7 1
1482278912916 0 4
