1480141885936 7 1
1480141887338 1 -1
1480141904435 4 -1
1480141905777 7 -1
1480141907444 5 -1
1480141909938 2 -3
1480141911407 10 -1
1480141913199 9 2
1480141914464 7 1
1480141915438 7 -1
1480141928120 2 2
1480141929031 4 1
1480141930254 0 1
1480141932960 R
1480141948098 5 -1
1480141977471 7 2
1480141979149 0 3
1480141984795 4 -1
1480141985822 7 -1
1480141986801 10 -1
1480141989078 R
1480142016359 7 1
1480142017603 0 3
1480142035247 U
1480142036736 U
1480142038993 R
1480142046804 5 -1
1480142048588 7 2
1480142050351 0 3
1480142053095 4 -1
1480142063548 4 1
1480142066304 0 -3
1480142067657 7 -2
1480142068906 2 -1
1480142070193 10 -1
1480142070942 9 2
1480142086954 R
1480142144302 5 -1
1480142154498 7 1
1480142160476 0 3
1480142182748 0 -2
1480142184191 7 -1
1480142193107 2 -1
1480142193786 10 -1
1480142194598 9 2
1480142195554 3 1
1480142206292 3 -1
1480142207265 1 -1
1480142208869 9 -3
1480142212915 2 1
1480142214149 7 1
1480142216681 0 2
1480142221435 10 1
1480142222948 7 1
1480142233346 0 -2
1480142234596 7 -2
1480142236050 2 -1
1480142236901 10 -1
1480142238075 9 3
1480142251850 3 1
1480142252642 1 1
1480142254972 12 1
1480142261393 0 -1
1480142263826 12 -1
1480142264890 4 -2
1480142268306 11 1
1480142270999 8 -1
1480142273782 5 -1
1480142275913 2 -2
1480142277073 10 -1
1480142279297 7 1
1480142297921 6 1
1480142304463 R
1480142348666 5 -1
1480142372338 2 -1
1480142373136 10 -1
1480142374214 9 2
1480142375171 3 1
1480142376086 6 1
1480142376954 12 1
1480142378496 0 1
1480142385922 12 -1
1480142386766 3 -1
1480142389964 9 -2
1480142390962 6 -1
1480142394562 2 1
1480142395498 10 1
1480142396208 7 2
1480142397002 0 2
1480142400646 4 -1
1480142402860 7 -1
1480142404101 5 1
1480142410402 5 -1
1480142411180 10 -1
1480142415658 4 1
1480142417401 0 -2
1480142419374 7 -1
1480142420754 2 -1
1480142421721 9 2
1480142425341 1 -1
1480142426674 9 -3
1480142427593 2 1
1480142428489 10 1
1480142429480 7 2
1480142440002 0 2
1480142443934 4 -1
1480142447323 7 -1
1480142449403 10 -1
1480142450282 10 1
1480142556469 10 -1
1480142574526 4 1
1480142576205 0 -3
1480142577498 4 -1
1480142578268 7 -1
1480142579095 2 -3
1480142580880 10 1
1480142581694 7 2
1480142585899 R
1480142627469 5 -1
1480142628528 7 2
1480142640648 0 1
1480142643685 7 -2
1480142644794 5 1
1480142647723 5 -1
1480142649276 7 2
1480142650534 0 -1
1480142651863 4 -1
1480142656101 1 -1
1480142657126 9 -1
1480142659208 9 1
1480142660471 1 1
1480142663911 4 1
1480142665254 7 -2
1480142667574 5 1
1480142669231 5 -1
1480142673638 7 1
1480142675444 0 1
1480142679421 0 1
1480142683176 0 1
1480142687158 4 -1
1480142689852 10 -1
1480142695814 1 -1
1480142696851 9 -1
1480142700668 4 1
1480142703766 0 -2
1480142705087 10 1
1480142706365 7 1
1480142713197 0 2
1480142714753 7 -1
1480142727612 0 -2
1480142728785 7 -1
1480142730564 2 -1
1480142735820 0 -1
1480142736861 4 -1
1480142748572 4 1
1480142750550 4 -1
1480142753613 5 1
1480142757086 5 -1
1480142814636 10 -1
1480142817877 9 3
1480142821627 1 1
1480142822820 3 1
1480142824204 4 -1
1480142826203 11 1
1480142827168 11 -1
1480142833295 R
1480142865333 1 -1
1480142869205 5 -1
1480142870170 10 -1
1480142871045 2 -1
1480142872150 9 2
1480142876116 0 1
1480142877732 1 1
1480142878726 3 1
1480142909656 R
1480142914597 1 -1
1480142915425 9 -1
1480142916483 7 1
1480142917813 0 3
1480142919990 4 -1
1480142924851 5 -1
1480142925611 7 1
1480142931586 9 1
1480142933557 7 -1
1480142934602 5 1
1480142936098 4 1
1480142939109 0 -2
1480142948599 7 -1
1480142949521 2 -1
1480142950988 9 1
1480142952106 5 -1
1480142953355 10 -1
1480142954316 9 1
1480142956491 3 1
1480142958908 1 1
1480142961129 0 -1
1480142963443 4 -2
1480142965132 2 -2
1480142966437 7 1
1480142970516 4 1
1480142971432 3 -1
1480142972843 1 -1
1480142973997 9 -3
1480142974965 10 1
1480142976098 7 1
1480142981112 U
1480142983682 U
1480142989232 9 2
1480142990827 3 1
1480142999043 4 -1
1480143000081 11 1
1480143001214 8 -1
1480143002709 5 -1
1480143003814 10 -1
1480143009967 7 -1
1480143020146 10 2
1480143021562 7 2
1480143023283 11 2
1480143028923 11 -2
1480143030247 7 -2
1480143035658 7 2
1480143037904 11 2
1480143045267 11 -2
1480143046705 7 -2
1480143049932 10 -1
1480143051155 9 1
1480143053321 7 1
1480143055219 5 1
1480143056035 8 1
1480143057121 11 -1
1480143058536 7 -1
1480143059588 2 2
1480143061060 4 2
1480143066851 0 1
1480143068137 3 -1
1480143072183 9 -3
1480143073416 2 1
1480143074713 10 1
1480143078507 7 1
1480143086147 0 2
1480143087913 4 -1
1480143090080 7 1
1480143091310 7 -1
1480143099393 4 1
1480143103000 0 -2
1480143104245 10 -1
1480143105223 7 -1
1480143106025 2 -1
1480143108775 9 3
1480143110626 0 -1
1480143111584 4 -1
1480143112519 2 -2
1480143113599 7 1
1480143115914 3 1
1480143117856 4 -1
1480143118713 7 -1
1480143119778 2 2
1480143123288 4 2
1480143127013 0 1
1480143130947 9 -1
1480143132558 3 -1
1480143133951 9 -1
1480143135507 9 -1
1480143137241 2 1
1480143142705 7 1
1480143150626 0 2
1480143155727 10 1
1480143157599 7 1
1480143158701 4 -1
1480143161679 7 -1
1480143164511 4 1
1480143167522 7 1
1480143171362 7 -1
1480143172617 5 1
1480143173901 5 -1
1480143178762 0 -3
1480143180254 7 -1
1480143182663 5 1
1480143191451 5 -1
1480143192671 7 2
1480143195574 4 -1
1480143196406 7 -2
1480143197399 2 -3
1480143198481 7 2
1480143202381 R
1480143218514 0 1
1480143223872 5 -1
1480143234528 7 1
1480143236673 0 2
1480143237827 4 -1
1480143248199 10 -1
1480143250792 10 1
1480143252023 10 -1
1480143257896 6 1
1480143258691 6 -1
1480143259376 1 -1
1480143260308 9 -1
1480143262758 10 1
1480143263705 7 1
1480143265782 4 1
1480143268693 0 -3
1480143271160 9 1
1480143274079 7 -2
1480143274890 2 -1
1480143275688 10 -1
1480143276985 9 2
1480143278607 3 1
1480143280149 4 -2
1480143281376 11 1
1480143282620 8 -1
1480143284999 5 -1
1480143286023 2 -2
1480143287098 10 -1
1480143289572 10 1
1480143290223 10 -1
1480143291410 9 -1
1480143292270 10 2
1480143295677 7 2
1480143300078 11 2
1480143304463 11 -2
1480143311469 7 -2
1480143326032 7 1
1480143327338 7 -1
1480143329256 10 -2
1480143330030 9 1
1480143332087 2 2
1480143335072 2 -2
1480143339998 7 1
1480143341529 1 1
1480143344711 10 1
1480143346763 1 -1
1480143348908 7 -1
1480143349736 2 2
1480143351967 5 1
1480143352752 8 1
1480143353688 11 -1
1480143354980 4 2
1480143362453 4 -1
1480143363806 2 -2
1480143366516 7 1
1480143374868 7 -1
1480143378292 3 -1
1480143381686 7 1
1480143386798 9 -3
1480143387773 10 1
1480143388599 7 1
1480143389862 7 -2
1480143390631 2 3
1480143397383 5 1
1480143398845 5 -1
1480143402254 9 1
1480143403282 2 -3
1480143404580 10 -1
1480143407549 9 1
1480143411774 3 1
1480143418260 12 1
1480143419759 7 1
1480143424088 12 -1
1480143424844 4 -1
1480143425837 11 1
1480143428040 8 -1
1480143431077 5 -1
1480143439260 7 -1
1480143441389 7 1
1480143444239 7 -1
1480143445572 2 2
1480143446920 10 -1
1480143448701 9 1
1480143450003 2 -2
1480143451348 7 1
1480143462901 7 -1
1480143470388 10 1
1480143471477 7 1
1480143472962 7 -1
1480143473983 10 -1
1480143476149 10 1
1480143478462 10 -1
1480143483870 7 1
1480143491242 7 -1
1480143492605 2 2
1480143498509 2 -2
1480143500364 10 1
1480143501198 5 1
1480143504091 8 1
1480143505227 11 -1
1480143506667 2 2
1480143508707 4 2
1480143519678 3 -1
1480143525965 9 -3
1480143527725 2 1
1480143528491 10 1
1480143530893 7 1
1480143538305 0 1
1480143539622 7 1
1480143542734 0 2
1480143544045 4 -1
1480143549781 4 1
1480143555134 4 -1
1480143557853 4 1
1480143559756 0 -3
1480143561308 7 -2
1480143562216 4 -1
1480143564141 7 2
1480143570972 4 1
1480143573279 7 -1
1480143574437 10 -1
1480143578554 9 1
1480143581147 0 3
1480143582355 4 -1
1480143583969 9 -1
1480143586597 10 1
1480143587884 7 1
1480143592777 7 -1
1480143594980 5 1
