1480343840826 10 -2
1480343842378 0 1
1480343843394 0 1
1480343849874 4 2
1480343850770 0 1
1480343855034 9 -1
1480343856954 R
1480343862881 10 -2
1480343867705 6 1
1480343868809 3 1
1480343872721 R
1480343876433 10 -2
1480343877817 0 1
1480343880945 0 -1
1480343882233 2 1
1480343882793 10 1
1480343884449 5 -3
1480343885521 4 -1
1480343887601 9 -2
1480343890297 4 1
1480343891130 7 -2
1480343891594 6 1
1480343892026 6 1
1480343892753 3 2
1480343894041 10 3
1480343895921 4 -1
1480343902906 10 -1
1480343903601 10 -1
1480343904457 6 -2
1480343905122 3 -2
1480343906578 7 2
1480343907658 4 3
1480343908298 10 -2
1480343910882 4 -1
1480343911873 4 -2
1480343916913 1 2
1480343918737 6 1
1480343919353 3 1
1480343919953 1 1
1480343920826 2 3
1480343921234 0 1
1480343921498 0 1
1480343922297 11 -2
1480343923649 8 -2
1480343925017 8 2
1480343925882 11 2
1480343928266 1 -3
1480343929202 4 1
1480343933138 7 -1
1480343933417 7 -1
1480343939233 4 -1
1480343942410 7 2
1480343943553 1 2
1480343944489 1 1
1480343945497 0 -2
1480343946809 10 1
1480343950297 1 -3
1480343951153 4 1
1480343952338 9 1
1480343953545 5 3
1480343954698 10 -1
1480343956081 0 2
1480343957993 0 -1
1480343959241 10 1
1480343974658 5 -3
1480343982394 12 1
1480343982818 5 -1
1480343986457 10 -1
1480343987241 0 1
1480343988433 4 -1
1480343993457 0 -1
1480343994401 5 1
1480343995785 12 -1
1480344000642 10 1
1480344001459 4 1
1480344002905 5 3
1480344004065 0 -1
1480344004890 5 -1
1480344006121 5 -2
1480344007897 0 1
1480344008937 12 1
1480344009481 5 -1
1480344013105 10 -1
1480344013994 4 -1
1480344015153 1 3
1480344016658 0 1
1480344017617 5 1
1480344018097 12 -1
1480344018506 0 -1
1480344020521 0 -1
1480344021769 2 -3
1480344024249 6 -1
1480344024730 3 -1
1480344025441 1 -3
1480344029721 4 3
1480344031577 10 1
1480344032585 5 3
1480344033841 2 -1
1480344036259 10 -1
1480344041554 10 1
1480344042042 5 -1
1480344046081 5 1
1480344051313 10 -1
1480344053361 1 1
1480344054442 4 -2
1480344055321 4 2
1480344056322 2 1
1480344056897 10 1
1480344057450 5 -1
1480344058162 5 -1
1480344059785 4 -3
1480344060418 1 1
1480344061265 1 1
1480344086010 R
1480344091777 10 -2
1480344093426 4 2
1480344094338 0 1
1480344094825 0 2
1480344095777 9 -1
1480344100545 1 1
1480344101393 11 -2
1480344103657 2 1
1480344104057 2 -1
1480344105386 0 -2
1480344106106 10 1
1480344106809 5 -1
1480344107265 9 -1
1480344109601 9 2
1480344110105 5 1
1480344110561 10 -1
1480344114082 0 2
1480344115386 11 2
1480344140242 1 -1
1480344144385 9 -1
1480344148793 9 1
1480344149273 9 -1
1480344157873 0 -1
1480344158673 4 -2
1480344160129 1 1
1480344168617 R
1480344175937 10 -1
1480344177650 2 1
1480344180161 5 -2
1480344181297 4 -1
1480344182530 9 -1
1480344184945 1 3
1480344199217 6 1
1480344199721 3 1
1480344202801 2 2
1480344203313 8 -1
1480344204290 11 -1
1480344205714 3 -3
1480344206849 2 -1
1480344207497 6 -1
1480344208105 6 1
1480344209426 3 2
1480344209833 3 1
1480344211433 2 1
1480344213105 0 1
1480344214281 5 -1
1480344215041 10 -1
1480344215649 0 1
1480344216353 8 -2
1480344217249 11 -1
1480344220513 3 -3
1480344221273 2 1
1480344221977 1 -2
1480344222649 7 -1
1480344224145 7 1
1480344224738 9 -1
1480344227769 1 2
1480344228530 2 -1
1480344229258 3 3
1480344230010 11 2
1480344230658 8 3
1480344232553 12 2
1480344234026 2 1
1480344234794 1 -2
1480344235818 5 -1
1480344239465 9 1
1480344241241 1 2
1480344242099 12 -1
1480344243519 11 -1
1480344244025 8 -1
1480344244586 2 -1
1480344245177 3 -3
1480344246618 2 1
1480344247137 1 -1
1480344248489 9 -1
1480344249889 R
1480344255761 10 -2
1480344257529 0 2
1480344261866 0 -1
1480344262530 R
1480344270857 5 -1
1480344272121 9 -2
1480344274849 7 -2
1480344276234 6 2
1480344276769 3 2
1480344287665 10 1
1480344288634 10 -1
1480344289473 3 -2
1480344290281 6 -2
1480344291377 4 2
1480344292273 7 2
1480344293353 9 2
1480344294089 5 1
1480344299354 10 -2
1480344306866 0 2
1480344309697 0 1
1480344311266 0 -2
1480344311978 10 1
1480344313105 0 -1
1480344313554 2 1
1480344314545 5 -3
1480344316394 5 3
1480344316905 2 -1
1480344317386 10 -1
1480344318513 0 3
1480344320241 1 1
1480344321257 11 -2
1480344322402 11 2
1480344323001 2 1
1480344324169 1 -1
1480344325233 9 -1
1480344325961 7 -1
1480344326793 7 1
1480344329050 R
1480344330705 10 -2
1480344338753 0 2
1480344340362 4 2
1480344342009 1 1
1480344342873 11 -2
1480344344809 4 -2
1480344345753 9 -1
1480344350961 4 2
1480344352250 0 1
1480344352945 9 1
1480344353914 2 1
1480344355634 2 -1
1480344356378 0 -2
1480344356930 10 1
1480344357441 5 -1
1480344357994 9 -2
1480344358970 4 -2
1480344359586 7 -2
1480344360362 6 2
1480344360986 3 2
1480344365418 6 -2
1480344366665 3 -2
1480344368601 4 2
1480344369465 7 2
1480344372009 9 2
1480344372569 5 1
1480344373058 10 -1
1480344373745 0 2
1480344376322 11 2
1480344395834 2 1
1480344397409 12 1
1480344403481 1 -1
1480344405706 2 -1
1480344406481 0 -1
1480344407306 0 -1
1480344407987 10 2
1480344409177 5 -1
1480344409834 9 -2
1480344411113 10 -1
1480344411897 4 -2
1480344413634 4 2
1480344416866 10 1
1480344418225 9 2
1480344419225 5 1
1480344421217 R
1480344428818 4 2
1480344436041 2 1
1480344436946 10 -1
1480344449977 5 -2
1480344473073 1 1
1480344476329 4 -3
1480344483473 9 -2
1480344488537 4 3
1480344491777 5 -1
1480344496642 10 -1
1480344498457 1 -1
1480344499393 4 -3
1480344500545 1 3
1480344502345 6 1
1480344502874 3 1
1480344504305 2 3
1480344505657 0 1
1480344507817 12 2
1480344509217 5 -1
1480344514681 1 -2
1480344520481 0 1
1480344522593 1 2
1480344523578 8 -2
1480344524753 8 -1
1480344525874 12 -1
1480344530265 1 -3
1480344532857 1 3
1480344534321 1 -3
1480344537241 9 2
1480344538490 4 1
1480344538961 4 -1
1480344540073 1 2
1480344541905 8 1
1480344542553 12 1
1480344544810 8 1
1480344545401 0 -1
1480344546721 10 1
1480344547874 10 -1
1480344548657 0 1
1480344550010 8 -2
1480344550561 12 -1
1480344551634 1 -1
1480344551921 1 -1
1480344552369 1 2
1480344556666 8 3
1480344559321 5 1
1480344559849 12 -1
1480344562898 11 -2
1480344563923 8 -2
1480344566985 9 -1
1480344568625 1 1
1480344569097 9 -1
1480344570985 8 1
1480344571569 8 1
1480344572154 11 2
1480344572642 1 -2
1480344572753 1 -1
1480344574657 12 1
1480344575225 5 -1
1480344577601 0 -1
1480344579009 7 -2
1480344580561 6 1
1480344581081 3 1
1480344585153 10 4
1480344586401 0 1
1480344587122 1 1
1480344588129 1 1
1480344588938 5 2
1480344590017 8 -4
1480344592009 12 -1
1480344593769 11 -2
1480344596153 1 -1
1480344596817 1 1
1480344598321 8 2
1480344599553 5 -1
1480344602801 8 -1
1480344603905 5 1
1480344604410 8 -1
1480344605681 0 -1
1480344607673 11 2
1480344608194 0 -1
1480344609201 1 -2
1480344612953 10 -3
1480344614945 6 -1
1480344615474 3 -1
1480344616106 7 2
1480344620682 1 2
1480344620905 1 1
1480344621769 2 -3
1480344622537 6 -2
1480344623041 3 -2
1480344623937 1 -3
1480344625049 4 3
1480344625786 10 3
1480344626562 5 1
1480344627170 2 -1
1480344631346 0 6
