1481789259039 4 2
1481789259039 4 2
1481789259039 4 2
1481789261402 10 -2
1481789261402 10 -2
1481789261402 10 -2
1481789263315 9 -1
1481789263315 9 -1
1481789263315 9 -1
1481789264206 9 1
1481789264206 9 1
1481789264206 9 1
1481789265098 10 2
1481789265098 10 2
1481789265098 10 2
1481789266319 2 1
1481789266319 2 1
1481789266319 2 1
1481789267067 5 -3
1481789267067 5 -3
1481789267067 5 -3
1481789268385 10 -2
1481789268385 10 -2
1481789268385 10 -2
1481789273345 9 -2
1481789273345 9 -2
1481789273345 9 -2
1481789874945 4 -3
1481789874945 4 -3
1481789874945 4 -3
1481789876430 1 3
1481789876430 1 3
1481789876430 1 3
1481789881650 1 -3
1481789881650 1 -3
1481789881650 1 -3
1481789891925 R
1481789891925 R
1481789891925 R
1481789896827 10 -2
1481789896827 10 -2
1481789896827 10 -2
1481789898642 4 2
1481789898642 4 2
1481789898642 4 2
1481789907496 10 2
1481789907496 10 2
1481789907496 10 2
1481789908233 2 1
1481789908233 2 1
1481789908233 2 1
1481789909149 5 -3
1481789909149 5 -3
1481789909149 5 -3
1481789910135 10 -2
1481789910135 10 -2
1481789910135 10 -2
1481789916240 4 -3
1481789916240 4 -3
1481789916240 4 -3
1481789916856 9 -2
1481789916856 9 -2
1481789916856 9 -2
1481789917647 7 -2
1481789917647 7 -2
1481789917647 7 -2
1481789918615 6 2
1481789918615 6 2
1481789918615 6 2
1481789919276 3 2
1481789919276 3 2
1481789919276 3 2
1481789921064 1 2
1481789921064 1 2
1481789921064 1 2
1481789925861 1 -2
1481789925861 1 -2
1481789925861 1 -2
1481789930327 6 -2
1481789930327 6 -2
1481789930327 6 -2
1481789931680 3 -2
1481789931680 3 -2
1481789931680 3 -2
1481789932405 7 2
1481789932405 7 2
1481789932405 7 2
1481789932987 1 3
1481789932987 1 3
1481789932987 1 3
1481789934230 6 1
1481789934230 6 1
1481789934230 6 1
1481789934704 3 1
1481789934704 3 1
1481789934704 3 1
1481789935803 2 3
1481789935803 2 3
1481789935803 2 3
1481789936683 1 -3
1481789936683 1 -3
1481789936683 1 -3
1481789944413 7 -2
1481789944413 7 -2
1481789944413 7 -2
1481789945048 3 1
1481789945048 3 1
1481789945048 3 1
1481789945653 6 1
1481789945653 6 1
1481789945653 6 1
1481789947281 10 4
1481789947281 10 4
1481789947281 10 4
1481789951570 4 1
1481789951570 4 1
1481789951570 4 1
1481789953133 0 2
1481789953133 0 2
1481789953133 0 2
1481789953849 1 1
1481789953849 1 1
1481789953849 1 1
1481789954928 12 2
1481789954928 12 2
1481789954928 12 2
1481789955708 5 -1
1481789955708 5 -1
1481789955708 5 -1
1481789956708 0 -1
1481789956708 0 -1
1481789956708 0 -1
1481789957567 4 -1
1481789957567 4 -1
1481789957567 4 -1
1481789959349 1 1
1481789959349 1 1
1481789959349 1 1
1481789961537 8 -1
1481789961537 8 -1
1481789961537 8 -1
1481789962627 0 1
1481789962627 0 1
1481789962627 0 1
1481789964376 8 -2
1481789964376 8 -2
1481789964376 8 -2
1481789966565 12 -1
1481789966565 12 -1
1481789966565 12 -1
1481789967214 1 -2
1481789967214 1 -2
1481789967214 1 -2
1481789970825 4 1
1481789970825 4 1
1481789970825 4 1
1481789971409 4 -1
1481789971409 4 -1
1481789971409 4 -1
1481789973611 R
1481789973611 R
1481789973611 R
1481789987847 10 -2
1481789987847 10 -2
1481789987847 10 -2
1481789988936 4 2
1481789988936 4 2
1481789988936 4 2
1481789992741 9 -1
1481789992741 9 -1
1481789992741 9 -1
1481789993885 4 -2
1481789993885 4 -2
1481789993885 4 -2
1481789997481 6 1
1481789997481 6 1
1481789997481 6 1
1481789998406 6 -1
1481789998406 6 -1
1481789998406 6 -1
1481790005625 R
1481790005625 R
1481790005625 R
1481790012486 10 -2
1481790012486 10 -2
1481790012486 10 -2
1481790013795 4 2
1481790013795 4 2
1481790013795 4 2
1481790019502 2 1
1481790019502 2 1
1481790019502 2 1
1481790020107 10 2
1481790020107 10 2
1481790020107 10 2
1481790022241 5 -3
1481790022241 5 -3
1481790022241 5 -3
1481790023419 10 -2
1481790023419 10 -2
1481790023419 10 -2
1481790028698 4 -3
1481790028698 4 -3
1481790028698 4 -3
1481790029567 9 -2
1481790029567 9 -2
1481790029567 9 -2
1481790030535 4 3
1481790030535 4 3
1481790030535 4 3
1481790034969 4 -2
1481790034969 4 -2
1481790034969 4 -2
1481790035596 6 1
1481790035596 6 1
1481790035596 6 1
1481790036169 3 1
1481790036169 3 1
1481790036169 3 1
1481790038094 1 1
1481790038094 1 1
1481790038094 1 1
1481790039458 11 -1
1481790039458 11 -1
1481790039458 11 -1
1481790040206 11 1
1481790040206 11 1
1481790040206 11 1
1481790042352 1 -1
1481790042352 1 -1
1481790042352 1 -1
1481790043506 4 -1
1481790043506 4 -1
1481790043506 4 -1
1481790044066 1 3
1481790044066 1 3
1481790044066 1 3
1481790045278 2 3
1481790045278 2 3
1481790045278 2 3
1481790046663 1 -3
1481790046663 1 -3
1481790046663 1 -3
1481790058388 7 -2
1481790058388 7 -2
1481790058388 7 -2
1481790059025 3 1
1481790059025 3 1
1481790059025 3 1
1481790059629 6 1
1481790059629 6 1
1481790059629 6 1
1481790061291 10 4
1481790061291 10 4
1481790061291 10 4
1481790067891 R
1481790067891 R
1481790067891 R
1481790088147 10 -2
1481790088147 10 -2
1481790088147 10 -2
1481790091997 0 2
1481790091997 0 2
1481790091997 0 2
1481790093250 12 1
1481790093250 12 1
1481790093250 12 1
1481790094932 1 1
1481790094932 1 1
1481790094932 1 1
1481790096044 12 1
1481790096044 12 1
1481790096044 12 1
1481790096912 0 -1
1481790096912 0 -1
1481790096912 0 -1
1481790100067 4 2
1481790100067 4 2
1481790100067 4 2
1481790106009 9 -1
1481790106009 9 -1
1481790106009 9 -1
1481790108504 4 -2
1481790108504 4 -2
1481790108504 4 -2
1481790112202 R
1481790112202 R
1481790112202 R
1481790115622 2 1
1481790115622 2 1
1481790115622 2 1
1481790116270 5 -3
1481790116270 5 -3
1481790116270 5 -3
1481790117855 10 -2
1481790117855 10 -2
1481790117855 10 -2
1481790121219 4 -1
1481790121219 4 -1
1481790121219 4 -1
1481790121956 9 -2
1481790121956 9 -2
1481790121956 9 -2
1481790123651 6 1
1481790123651 6 1
1481790123651 6 1
1481790124190 1 3
1481790124190 1 3
1481790124190 1 3
1481790127479 2 2
1481790127479 2 2
1481790127479 2 2
1481790129414 0 2
1481790129414 0 2
1481790129414 0 2
1481790130285 12 2
1481790130285 12 2
1481790130285 12 2
1481790131096 5 -1
1481790131096 5 -1
1481790131096 5 -1
1481790132768 8 -3
1481790132768 8 -3
1481790132768 8 -3
1481790134549 3 -1
1481790134549 3 -1
1481790134549 3 -1
1481790138574 12 -1
1481790138574 12 -1
1481790138574 12 -1
1481790139256 11 -1
1481790139256 11 -1
1481790139256 11 -1
1481790139894 3 -1
1481790139894 3 -1
1481790139894 3 -1
1481790140883 2 1
1481790140883 2 1
1481790140883 2 1
1481790146507 1 -2
1481790146507 1 -2
1481790146507 1 -2
1481790148575 7 -2
1481790148575 7 -2
1481790148575 7 -2
1481790149114 6 1
1481790149114 6 1
1481790149114 6 1
1481790150909 4 1
1481790150909 4 1
1481790150909 4 1
1481790157345 R
1481790157345 R
1481790157345 R
1481790178161 4 2
1481790178161 4 2
1481790178161 4 2
1481790189798 10 -2
1481790189798 10 -2
1481790189798 10 -2
1481790190458 0 3
1481790190458 0 3
1481790190458 0 3
1481790192691 0 -3
1481790192691 0 -3
1481790192691 0 -3
1481790195825 2 1
1481790195825 2 1
1481790195825 2 1
1481790196440 10 1
1481790196440 10 1
1481790196440 10 1
1481790197188 5 -3
1481790197188 5 -3
1481790197188 5 -3
1481790198464 4 -3
1481790198464 4 -3
1481790198464 4 -3
1481790199355 9 -2
1481790199355 9 -2
1481790199355 9 -2
1481790202181 1 3
1481790202181 1 3
1481790202181 1 3
1481790207634 6 1
1481790207634 6 1
1481790207634 6 1
1481790211273 2 2
1481790211273 2 2
1481790211273 2 2
1481790212406 10 -1
1481790212406 10 -1
1481790212406 10 -1
1481790214153 3 1
1481790214153 3 1
1481790214153 3 1
1481790215452 2 1
1481790215452 2 1
1481790215452 2 1
1481790216165 1 -3
1481790216165 1 -3
1481790216165 1 -3
1481790222225 7 -2
1481790222225 7 -2
1481790222225 7 -2
1481790222841 3 1
1481790222841 3 1
1481790222841 3 1
1481790223547 6 1
1481790223547 6 1
1481790223547 6 1
1481790224667 10 4
1481790224667 10 4
1481790224667 10 4
1481790229263 5 1
1481790229263 5 1
1481790229263 5 1
1481790230793 0 2
1481790230793 0 2
1481790230793 0 2
1481790231763 12 1
1481790231763 12 1
1481790231763 12 1
1481790232346 5 -2
1481790232346 5 -2
1481790232346 5 -2
1481790234996 1 2
1481790234996 1 2
1481790234996 1 2
1481790236031 12 1
1481790236031 12 1
1481790236031 12 1
1481790238221 1 -1
1481790238221 1 -1
1481790238221 1 -1
1481790239266 4 1
1481790239266 4 1
1481790239266 4 1
1481790243458 R
1481790243458 R
1481790243458 R
1481790254084 3 1
1481790254084 3 1
1481790254084 3 1
1481790254908 6 1
1481790254908 6 1
1481790254908 6 1
1481790257405 6 -1
1481790257405 6 -1
1481790257405 6 -1
1481790258055 3 -1
1481790258055 3 -1
1481790258055 3 -1
1481790264267 10 -2
1481790264267 10 -2
1481790264267 10 -2
1481790266850 4 2
1481790266850 4 2
1481790266850 4 2
1481790269630 2 1
1481790269630 2 1
1481790269630 2 1
1481790270213 10 1
1481790270213 10 1
1481790270213 10 1
1481790271257 5 -3
1481790271257 5 -3
1481790271257 5 -3
1481790272226 10 -1
1481790272226 10 -1
1481790272226 10 -1
1481790274359 4 -3
1481790274359 4 -3
1481790274359 4 -3
1481790275283 9 -2
1481790275283 9 -2
1481790275283 9 -2
1481790276493 7 -2
1481790276493 7 -2
1481790276493 7 -2
1481790277417 6 2
1481790277417 6 2
1481790277417 6 2
1481790278484 3 2
1481790278484 3 2
1481790278484 3 2
1481790279595 1 2
1481790279595 1 2
1481790279595 1 2
1481790282578 1 -2
1481790282578 1 -2
1481790282578 1 -2
1481790284007 1 2
1481790284007 1 2
1481790284007 1 2
1481790285536 1 -2
1481790285536 1 -2
1481790285536 1 -2
1481790286471 10 4
1481790286471 10 4
1481790286471 10 4
1481790291654 R
1481790291654 R
1481790291654 R
1481790295195 10 -2
1481790295195 10 -2
1481790295195 10 -2
1481790296745 4 2
1481790296745 4 2
1481790296745 4 2
1481790299232 0 3
1481790299232 0 3
1481790299232 0 3
1481790300408 1 1
1481790300408 1 1
1481790300408 1 1
1481790301664 1 -1
1481790301664 1 -1
1481790301664 1 -1
1481790303588 1 1
1481790303588 1 1
1481790303588 1 1
1481790305832 1 -1
1481790305832 1 -1
1481790305832 1 -1
1481790306659 R
1481790306659 R
1481790306659 R
1481790327934 4 2
1481790327934 4 2
1481790327934 4 2
1481790329069 2 1
1481790329069 2 1
1481790329069 2 1
1481790329938 5 -3
1481790329938 5 -3
1481790329938 5 -3
1481790331060 4 -3
1481790331060 4 -3
1481790331060 4 -3
1481790338607 10 -2
1481790338607 10 -2
1481790338607 10 -2
1481790341515 9 -2
1481790341515 9 -2
1481790341515 9 -2
1481790344767 1 3
1481790344767 1 3
1481790344767 1 3
1481790347606 6 1
1481790347606 6 1
1481790347606 6 1
1481790350788 3 1
1481790350788 3 1
1481790350788 3 1
1481790355293 2 3
1481790355293 2 3
1481790355293 2 3
1481790359665 0 2
1481790359665 0 2
1481790359665 0 2
1481790364113 12 2
1481790364113 12 2
1481790364113 12 2
1481790368109 5 -1
1481790368109 5 -1
1481790368109 5 -1
1481790371127 8 -3
1481790371127 8 -3
1481790371127 8 -3
1481790373083 1 -2
1481790373083 1 -2
1481790373083 1 -2
1481790374464 7 -2
1481790374464 7 -2
1481790374464 7 -2
1481790375189 6 1
1481790375189 6 1
1481790375189 6 1
1481790375883 3 1
1481790375883 3 1
1481790375883 3 1
1481790379327 4 1
1481790379327 4 1
1481790379327 4 1
1481790380650 R
1481790380650 R
1481790380650 R
1481790389549 2 1
1481790389549 2 1
1481790389549 2 1
1481790390353 5 -3
1481790390353 5 -3
1481790390353 5 -3
1481790395958 10 -2
1481790395958 10 -2
1481790395958 10 -2
1481790397280 4 -1
1481790397280 4 -1
1481790397280 4 -1
1481790398700 9 -2
1481790398700 9 -2
1481790398700 9 -2
1481790399768 6 1
1481790399768 6 1
1481790399768 6 1
1481790400440 3 1
1481790400440 3 1
1481790400440 3 1
1481790401387 1 3
1481790401387 1 3
1481790401387 1 3
1481790402806 2 3
1481790402806 2 3
1481790402806 2 3
1481790406549 1 -3
1481790406549 1 -3
1481790406549 1 -3
1481790410930 0 2
1481790410930 0 2
1481790410930 0 2
1481790411920 12 1
1481790411920 12 1
1481790411920 12 1
1481790412546 5 -1
1481790412546 5 -1
1481790412546 5 -1
1481790413746 0 -1
1481790413746 0 -1
1481790413746 0 -1
1481790428194 1 3
1481790428194 1 3
1481790428194 1 3
1481790429130 0 1
1481790429130 0 1
1481790429130 0 1
1481790430165 8 -3
1481790430165 8 -3
1481790430165 8 -3
1481790431473 1 -3
1481790431473 1 -3
1481790431473 1 -3
1481790433895 1 3
1481790433895 1 3
1481790433895 1 3
1481790434885 2 -1
1481790434885 2 -1
1481790434885 2 -1
1481790435634 3 -2
1481790435634 3 -2
1481790435634 3 -2
1481790440584 3 2
1481790440584 3 2
1481790440584 3 2
1481790441254 2 1
1481790441254 2 1
1481790441254 2 1
1481790441957 1 -3
1481790441957 1 -3
1481790441957 1 -3
1481790444763 7 -2
1481790444763 7 -2
1481790444763 7 -2
1481790445841 3 1
1481790445841 3 1
1481790445841 3 1
1481790446281 6 1
1481790446281 6 1
1481790446281 6 1
1481790456080 R
1481790456080 R
1481790456080 R
1481790462041 10 -2
1481790462041 10 -2
1481790462041 10 -2
1481790469844 4 2
1481790469844 4 2
1481790469844 4 2
1481790472350 9 -1
1481790472350 9 -1
1481790472350 9 -1
1481790476276 0 3
1481790476276 0 3
1481790476276 0 3
1481790477376 12 1
1481790477376 12 1
1481790477376 12 1
1481790478904 2 1
1481790478904 2 1
1481790478904 2 1
1481790480257 2 -1
1481790480257 2 -1
1481790480257 2 -1
1481790481434 9 1
1481790481434 9 1
1481790481434 9 1
1481790482885 2 1
1481790482885 2 1
1481790482885 2 1
1481790484051 2 -1
1481790484051 2 -1
1481790484051 2 -1
1481790494673 0 -2
1481790494673 0 -2
1481790494673 0 -2
1481790495784 10 2
1481790495784 10 2
1481790495784 10 2
1481790497806 10 -1
1481790497806 10 -1
1481790497806 10 -1
1481790498676 10 -1
1481790498676 10 -1
1481790498676 10 -1
1481790499477 12 -1
1481790499477 12 -1
1481790499477 12 -1
1481790500479 0 2
1481790500479 0 2
1481790500479 0 2
1481790502645 1 1
1481790502645 1 1
1481790502645 1 1
1481790504349 12 2
1481790504349 12 2
1481790504349 12 2
1481790505273 2 1
1481790505273 2 1
1481790505273 2 1
1481790506186 2 -1
1481790506186 2 -1
1481790506186 2 -1
1481790506757 0 -2
1481790506757 0 -2
1481790506757 0 -2
1481790507925 10 1
1481790507925 10 1
1481790507925 10 1
1481790509770 12 -2
1481790509770 12 -2
1481790509770 12 -2
1481790510354 0 -1
1481790510354 0 -1
1481790510354 0 -1
1481790511343 1 -1
1481790511343 1 -1
1481790511343 1 -1
1481790512443 2 1
1481790512443 2 1
1481790512443 2 1
1481790513234 10 1
1481790513234 10 1
1481790513234 10 1
1481790516214 5 -3
1481790516214 5 -3
1481790516214 5 -3
1481790517150 10 -2
1481790517150 10 -2
1481790517150 10 -2
1481790519140 9 -2
1481790519140 9 -2
1481790519140 9 -2
1481790522351 4 -3
1481790522351 4 -3
1481790522351 4 -3
1481790523450 6 1
1481790523450 6 1
1481790523450 6 1
1481790524242 1 3
1481790524242 1 3
1481790524242 1 3
1481790525441 3 1
1481790525441 3 1
1481790525441 3 1
1481790526772 2 3
1481790526772 2 3
1481790526772 2 3
1481790528663 1 -3
1481790528663 1 -3
1481790528663 1 -3
1481790531149 7 -2
1481790531149 7 -2
1481790531149 7 -2
1481790531743 6 1
1481790531743 6 1
1481790531743 6 1
1481790532381 3 1
1481790532381 3 1
1481790532381 3 1
1481790533437 10 4
1481790533437 10 4
1481790533437 10 4
1481790536120 4 1
1481790536120 4 1
1481790536120 4 1
1481790538528 4 -1
1481790538528 4 -1
1481790538528 4 -1
1481790544542 1 2
1481790544542 1 2
1481790544542 1 2
1481790545498 0 2
1481790545498 0 2
1481790545498 0 2
1481790546191 12 2
1481790546191 12 2
1481790546191 12 2
1481790546773 5 -1
1481790546773 5 -1
1481790546773 5 -1
1481790547664 1 -1
1481790547664 1 -1
1481790547664 1 -1
1481790548610 1 1
1481790548610 1 1
1481790548610 1 1
1481790549447 8 -3
1481790549447 8 -3
1481790549447 8 -3
1481790550249 1 -1
1481790550249 1 -1
1481790550249 1 -1
1481790554328 1 1
1481790554328 1 1
1481790554328 1 1
1481790555725 8 3
1481790555725 8 3
1481790555725 8 3
1481790557408 1 -1
1481790557408 1 -1
1481790557408 1 -1
1481790560003 4 1
1481790560003 4 1
1481790560003 4 1
1481790561248 0 -1
1481790561248 0 -1
1481790561248 0 -1
1481790563906 4 -1
1481790563906 4 -1
1481790563906 4 -1
1481790565811 R
1481790565811 R
1481790565811 R
1481790586174 4 2
1481790586174 4 2
1481790586174 4 2
1481790590487 2 1
1481790590487 2 1
1481790590487 2 1
1481790594788 2 -1
1481790594788 2 -1
1481790594788 2 -1
1481790595581 0 1
1481790595581 0 1
1481790595581 0 1
1481790596407 12 1
1481790596407 12 1
1481790596407 12 1
1481790598594 10 -2
1481790598594 10 -2
1481790598594 10 -2
1481790599452 0 2
1481790599452 0 2
1481790599452 0 2
1481790601145 2 1
1481790601145 2 1
1481790601145 2 1
1481790603126 9 -1
1481790603126 9 -1
1481790603126 9 -1
1481790607250 1 1
1481790607250 1 1
1481790607250 1 1
1481790608185 12 1
1481790608185 12 1
1481790608185 12 1
1481790609789 2 -1
1481790609789 2 -1
1481790609789 2 -1
1481790610626 0 -2
1481790610626 0 -2
1481790610626 0 -2
1481790611660 10 1
1481790611660 10 1
1481790611660 10 1
1481790612792 5 -1
1481790612792 5 -1
1481790612792 5 -1
1481790613539 9 -1
1481790613539 9 -1
1481790613539 9 -1
1481790616564 4 -2
1481790616564 4 -2
1481790616564 4 -2
1481790617686 6 1
1481790617686 6 1
1481790617686 6 1
1481790618336 3 1
1481790618336 3 1
1481790618336 3 1
1481790619183 6 -1
1481790619183 6 -1
1481790619183 6 -1
1481790619701 3 -1
1481790619701 3 -1
1481790619701 3 -1
1481790620658 4 2
1481790620658 4 2
1481790620658 4 2
1481790626385 9 2
1481790626385 9 2
1481790626385 9 2
1481790627187 5 1
1481790627187 5 1
1481790627187 5 1
1481790628177 10 -1
1481790628177 10 -1
1481790628177 10 -1
1481790629046 0 2
1481790629046 0 2
1481790629046 0 2
1481790629838 2 1
1481790629838 2 1
1481790629838 2 1
1481790631642 9 -1
1481790631642 9 -1
1481790631642 9 -1
1481790636348 12 -2
1481790636348 12 -2
1481790636348 12 -2
1481790637040 1 -1
1481790637040 1 -1
1481790637040 1 -1
1481790639878 2 -1
1481790639878 2 -1
1481790639878 2 -1
1481790640638 0 -2
1481790640638 0 -2
1481790640638 0 -2
1481790641494 10 2
1481790641494 10 2
1481790641494 10 2
1481790642715 5 -1
1481790642715 5 -1
1481790642715 5 -1
1481790643661 9 -1
1481790643661 9 -1
1481790643661 9 -1
1481790648553 10 -1
1481790648553 10 -1
1481790648553 10 -1
1481790653863 1 1
1481790653863 1 1
1481790653863 1 1
1481790656349 1 -1
1481790656349 1 -1
1481790656349 1 -1
1481790660539 9 2
1481790660539 9 2
1481790660539 9 2
1481790661374 5 1
1481790661374 5 1
1481790661374 5 1
1481790662067 10 -1
1481790662067 10 -1
1481790662067 10 -1
1481790663276 9 -1
1481790663276 9 -1
1481790663276 9 -1
1481790666752 7 -1
1481790666752 7 -1
1481790666752 7 -1
1481790668992 10 2
1481790668992 10 2
1481790668992 10 2
1481790672501 0 -1
1481790672501 0 -1
1481790672501 0 -1
1481790673876 10 -2
1481790673876 10 -2
1481790673876 10 -2
1481790675184 4 -2
1481790675184 4 -2
1481790675184 4 -2
1481790676613 4 2
1481790676613 4 2
1481790676613 4 2
1481790677592 10 2
1481790677592 10 2
1481790677592 10 2
1481790678484 2 1
1481790678484 2 1
1481790678484 2 1
1481790679197 5 -3
1481790679197 5 -3
1481790679197 5 -3
1481790681287 4 -3
1481790681287 4 -3
1481790681287 4 -3
1481790682519 10 -2
1481790682519 10 -2
1481790682519 10 -2
1481790683651 1 2
1481790683651 1 2
1481790683651 1 2
1481790686413 7 1
1481790686413 7 1
1481790686413 7 1
1481790686908 1 1
1481790686908 1 1
1481790686908 1 1
1481790688337 2 1
1481790688337 2 1
1481790688337 2 1
1481790692967 6 1
1481790692967 6 1
1481790692967 6 1
1481790693495 3 1
1481790693495 3 1
1481790693495 3 1
1481790694452 2 2
1481790694452 2 2
1481790694452 2 2
1481790695662 1 -3
1481790695662 1 -3
1481790695662 1 -3
1481790701821 10 2
1481790701821 10 2
1481790701821 10 2
1481790703723 5 1
1481790703723 5 1
1481790703723 5 1
1481790704504 0 1
1481790704504 0 1
1481790704504 0 1
1481790705242 12 1
1481790705242 12 1
1481790705242 12 1
1481790705790 5 -2
1481790705790 5 -2
1481790705790 5 -2
1481790707011 10 -2
1481790707011 10 -2
1481790707011 10 -2
1481790708683 9 -1
1481790708683 9 -1
1481790708683 9 -1
1481790712826 7 -2
1481790712826 7 -2
1481790712826 7 -2
1481790713366 6 1
1481790713366 6 1
1481790713366 6 1
1481790714004 3 1
1481790714004 3 1
1481790714004 3 1
1481790715292 10 4
1481790715292 10 4
1481790715292 10 4
1481790717402 4 1
1481790717402 4 1
1481790717402 4 1
1481790719548 0 1
1481790719548 0 1
1481790719548 0 1
1481790724322 4 -1
1481790724322 4 -1
1481790724322 4 -1
1481790730190 R
1481790730190 R
1481790730190 R
1481790740578 5 -1
1481790740578 5 -1
1481790740578 5 -1
1481790741755 9 -2
1481790741755 9 -2
1481790741755 9 -2
1481790745537 4 2
1481790745537 4 2
1481790745537 4 2
1481790747077 2 1
1481790747077 2 1
1481790747077 2 1
1481790748057 5 -2
1481790748057 5 -2
1481790748057 5 -2
1481790749353 10 -2
1481790749353 10 -2
1481790749353 10 -2
1481790757369 1 1
1481790757369 1 1
1481790757369 1 1
1481790758392 11 -1
1481790758392 11 -1
1481790758392 11 -1
1481790759251 11 1
1481790759251 11 1
1481790759251 11 1
1481790760010 1 -1
1481790760010 1 -1
1481790760010 1 -1
1481790764256 10 2
1481790764256 10 2
1481790764256 10 2
1481790765136 5 2
1481790765136 5 2
1481790765136 5 2
1481790765939 2 -1
1481790765939 2 -1
1481790765939 2 -1
1481790769933 9 2
1481790769933 9 2
1481790769933 9 2
1481790770602 5 1
1481790770602 5 1
1481790770602 5 1
1481790771537 10 -2
1481790771537 10 -2
1481790771537 10 -2
1481790783647 0 3
1481790783647 0 3
1481790783647 0 3
1481790787178 0 -3
1481790787178 0 -3
1481790787178 0 -3
1481790788509 10 2
1481790788509 10 2
1481790788509 10 2
1481790789333 5 -1
1481790789333 5 -1
1481790789333 5 -1
1481790790323 9 -2
1481790790323 9 -2
1481790790323 9 -2
1481790793072 10 -1
1481790793072 10 -1
1481790793072 10 -1
1481790794877 1 1
1481790794877 1 1
1481790794877 1 1
1481790797406 2 1
1481790797406 2 1
1481790797406 2 1
1481790798209 5 -2
1481790798209 5 -2
1481790798209 5 -2
1481790799287 10 -1
1481790799287 10 -1
1481790799287 10 -1
1481790801146 4 -3
1481790801146 4 -3
1481790801146 4 -3
1481790801894 1 2
1481790801894 1 2
1481790801894 1 2
1481790803182 6 1
1481790803182 6 1
1481790803182 6 1
1481790803835 3 1
1481790803835 3 1
1481790803835 3 1
1481790805228 2 3
1481790805228 2 3
1481790805228 2 3
1481790807119 1 -3
1481790807119 1 -3
1481790807119 1 -3
1481790815558 7 -2
1481790815558 7 -2
1481790815558 7 -2
1481790816119 6 1
1481790816119 6 1
1481790816119 6 1
1481790816746 3 1
1481790816746 3 1
1481790816746 3 1
1481790818167 10 4
1481790818167 10 4
1481790818167 10 4
1481790819273 4 1
1481790819273 4 1
1481790819273 4 1
1481790819960 4 -1
1481790819960 4 -1
1481790819960 4 -1
1481790823810 R
1481790823810 R
1481790823810 R
1481790832751 6 1
1481790832751 6 1
1481790832751 6 1
1481790833390 3 1
1481790833390 3 1
1481790833390 3 1
1481790836225 10 -2
1481790836225 10 -2
1481790836225 10 -2
1481790837259 1 1
1481790837259 1 1
1481790837259 1 1
1481790838624 0 2
1481790838624 0 2
1481790838624 0 2
1481790840142 12 2
1481790840142 12 2
1481790840142 12 2
1481790842473 0 -1
1481790842473 0 -1
1481790842473 0 -1
1481790844530 10 1
1481790844530 10 1
1481790844530 10 1
1481790846235 12 -2
1481790846235 12 -2
1481790846235 12 -2
1481790846901 0 -1
1481790846901 0 -1
1481790846901 0 -1
1481790847797 2 1
1481790847797 2 1
1481790847797 2 1
1481790851164 5 -3
1481790851164 5 -3
1481790851164 5 -3
1481790852802 10 -1
1481790852802 10 -1
1481790852802 10 -1
1481790853550 1 -1
1481790853550 1 -1
1481790853550 1 -1
1481790855530 4 -1
1481790855530 4 -1
1481790855530 4 -1
1481790857093 9 -2
1481790857093 9 -2
1481790857093 9 -2
1481790857698 1 3
1481790857698 1 3
1481790857698 1 3
1481790862125 2 3
1481790862125 2 3
1481790862125 2 3
1481790865612 1 -3
1481790865612 1 -3
1481790865612 1 -3
1481790869436 7 -2
1481790869436 7 -2
1481790869436 7 -2
1481790870041 6 1
1481790870041 6 1
1481790870041 6 1
1481790870591 3 1
1481790870591 3 1
1481790870591 3 1
1481790873399 10 4
1481790873399 10 4
1481790873399 10 4
1481790879517 R
1481790879517 R
1481790879517 R
1481790891361 5 -1
1481790891361 5 -1
1481790891361 5 -1
1481790893154 9 -2
1481790893154 9 -2
1481790893154 9 -2
1481790898825 2 1
1481790898825 2 1
1481790898825 2 1
1481790900002 5 -2
1481790900002 5 -2
1481790900002 5 -2
1481790901310 10 -2
1481790901310 10 -2
1481790901310 10 -2
1481790904707 4 -1
1481790904707 4 -1
1481790904707 4 -1
1481790905663 1 3
1481790905663 1 3
1481790905663 1 3
1481790907580 6 1
1481790907580 6 1
1481790907580 6 1
1481790912296 2 2
1481790912296 2 2
1481790912296 2 2
1481790913890 0 2
1481790913890 0 2
1481790913890 0 2
1481790914748 12 2
1481790914748 12 2
1481790914748 12 2
1481790915605 5 -1
1481790915605 5 -1
1481790915605 5 -1
1481790917870 8 -3
1481790917870 8 -3
1481790917870 8 -3
1481790919039 3 -1
1481790919039 3 -1
1481790919039 3 -1
1481790920004 3 2
1481790920004 3 2
1481790920004 3 2
1481790920728 2 1
1481790920728 2 1
1481790920728 2 1
1481790922169 1 -2
1481790922169 1 -2
1481790922169 1 -2
1481790927177 7 -2
1481790927177 7 -2
1481790927177 7 -2
1481790928475 7 2
1481790928475 7 2
1481790928475 7 2
1481790931180 1 2
1481790931180 1 2
1481790931180 1 2
1481790932852 8 3
1481790932852 8 3
1481790932852 8 3
1481790934040 0 -1
1481790934040 0 -1
1481790934040 0 -1
1481790944478 5 1
1481790944478 5 1
1481790944478 5 1
1481790945137 12 -2
1481790945137 12 -2
1481790945137 12 -2
1481790946490 0 -1
1481790946490 0 -1
1481790946490 0 -1
1481790948591 2 -3
1481790948591 2 -3
1481790948591 2 -3
1481790956498 2 3
1481790956498 2 3
1481790956498 2 3
1481790957236 0 2
1481790957236 0 2
1481790957236 0 2
1481790957962 12 2
1481790957962 12 2
1481790957962 12 2
1481790958786 5 -1
1481790958786 5 -1
1481790958786 5 -1
1481790959666 0 -1
1481790959666 0 -1
1481790959666 0 -1
1481790960788 1 -2
1481790960788 1 -2
1481790960788 1 -2
1481790963544 7 -2
1481790963544 7 -2
1481790963544 7 -2
1481790964184 6 1
1481790964184 6 1
1481790964184 6 1
1481790964713 3 1
1481790964713 3 1
1481790964713 3 1
1481790966660 1 1
1481790966660 1 1
1481790966660 1 1
1481790967827 8 -1
1481790967827 8 -1
1481790967827 8 -1
1481790975249 12 -1
1481790975249 12 -1
1481790975249 12 -1
1481790976173 11 -1
1481790976173 11 -1
1481790976173 11 -1
1481790985193 0 1
1481790985193 0 1
1481790985193 0 1
1481790986104 8 -2
1481790986104 8 -2
1481790986104 8 -2
1481790987368 1 -1
1481790987368 1 -1
1481790987368 1 -1
1481790989790 6 -1
1481790989790 6 -1
1481790989790 6 -1
1481790990439 3 -1
1481790990439 3 -1
1481790990439 3 -1
1481790991098 7 2
1481790991098 7 2
1481790991098 7 2
1481790993870 1 2
1481790993870 1 2
1481790993870 1 2
1481790995214 11 1
1481790995214 11 1
1481790995214 11 1
1481790996323 8 3
1481790996323 8 3
1481790996323 8 3
1481790997423 12 1
1481790997423 12 1
1481790997423 12 1
1481790999291 0 -1
1481790999291 0 -1
1481790999291 0 -1
1481791000380 1 -2
1481791000380 1 -2
1481791000380 1 -2
1481791003317 10 1
1481791003317 10 1
1481791003317 10 1
1481791009584 7 -2
1481791009584 7 -2
1481791009584 7 -2
1481791010221 6 1
1481791010221 6 1
1481791010221 6 1
1481791010936 3 1
1481791010936 3 1
1481791010936 3 1
1481791013058 1 1
1481791013058 1 1
1481791013058 1 1
1481791014487 12 -1
1481791014487 12 -1
1481791014487 12 -1
1481791015410 12 1
1481791015410 12 1
1481791015410 12 1
1481791016487 5 2
1481791016487 5 2
1481791016487 5 2
1481791017037 5 -2
1481791017037 5 -2
1481791017037 5 -2
1481791018664 10 -1
1481791018664 10 -1
1481791018664 10 -1
1481791021282 R
1481791021282 R
1481791021282 R
1481791037433 2 1
1481791037433 2 1
1481791037433 2 1
1481791038110 5 -3
1481791038110 5 -3
1481791038110 5 -3
1481791041573 5 2
1481791041573 5 2
1481791041573 5 2
1481791042717 2 -1
1481791042717 2 -1
1481791042717 2 -1
1481791043343 0 1
1481791043343 0 1
1481791043343 0 1
1481791044147 12 1
1481791044147 12 1
1481791044147 12 1
1481791046718 10 -1
1481791046718 10 -1
1481791046718 10 -1
1481791048257 4 2
1481791048257 4 2
1481791048257 4 2
1481791050829 5 1
1481791050829 5 1
1481791050829 5 1
1481791051764 10 -1
1481791051764 10 -1
1481791051764 10 -1
1481791052479 0 2
1481791052479 0 2
1481791052479 0 2
1481791054623 2 1
1481791054623 2 1
1481791054623 2 1
1481791055908 9 -1
1481791055908 9 -1
1481791055908 9 -1
1481791057437 7 -1
1481791057437 7 -1
1481791057437 7 -1
1481791062977 2 -1
1481791062977 2 -1
1481791062977 2 -1
1481791064165 0 -2
1481791064165 0 -2
1481791064165 0 -2
1481791065054 10 2
1481791065054 10 2
1481791065054 10 2
1481791068120 5 -1
1481791068120 5 -1
1481791068120 5 -1
1481791068901 9 -1
1481791068901 9 -1
1481791068901 9 -1
1481791070935 10 -1
1481791070935 10 -1
1481791070935 10 -1
1481791076045 4 -2
1481791076045 4 -2
1481791076045 4 -2
1481791076562 7 -1
1481791076562 7 -1
1481791076562 7 -1
1481791077121 6 2
1481791077121 6 2
1481791077121 6 2
1481791077814 3 2
1481791077814 3 2
1481791077814 3 2
1481791080838 1 1
1481791080838 1 1
1481791080838 1 1
1481791081961 12 1
1481791081961 12 1
1481791081961 12 1
1481791087370 6 -2
1481791087370 6 -2
1481791087370 6 -2
1481791088138 3 -2
1481791088138 3 -2
1481791088138 3 -2
1481791089293 4 2
1481791089293 4 2
1481791089293 4 2
1481791090611 7 2
1481791090611 7 2
1481791090611 7 2
1481791098789 R
1481791098789 R
1481791098789 R
1481791105513 2 1
1481791105513 2 1
1481791105513 2 1
1481791106117 5 -3
1481791106117 5 -3
1481791106117 5 -3
1481791107723 10 -2
1481791107723 10 -2
1481791107723 10 -2
1481791108656 4 -1
1481791108656 4 -1
1481791108656 4 -1
1481791109570 9 -2
1481791109570 9 -2
1481791109570 9 -2
1481791113196 1 3
1481791113196 1 3
1481791113196 1 3
1481791115440 11 -1
1481791115440 11 -1
1481791115440 11 -1
1481791116101 8 -1
1481791116101 8 -1
1481791116101 8 -1
1481791117036 3 -2
1481791117036 3 -2
1481791117036 3 -2
1481791119652 6 1
1481791119652 6 1
1481791119652 6 1
1481791120465 2 3
1481791120465 2 3
1481791120465 2 3
1481791122830 1 -1
1481791122830 1 -1
1481791122830 1 -1
1481791124436 7 -2
1481791124436 7 -2
1481791124436 7 -2
1481791130063 6 1
1481791130063 6 1
1481791130063 6 1
1481791133417 0 2
1481791133417 0 2
1481791133417 0 2
1481791134111 12 1
1481791134111 12 1
1481791134111 12 1
1481791134726 5 -1
1481791134726 5 -1
1481791134726 5 -1
1481791137100 0 -1
1481791137100 0 -1
1481791137100 0 -1
1481791138442 6 -1
1481791138442 6 -1
1481791138442 6 -1
1481791139234 7 2
1481791139234 7 2
1481791139234 7 2
1481791148351 1 1
1481791148351 1 1
1481791148351 1 1
1481791149198 2 -1
1481791149198 2 -1
1481791149198 2 -1
1481791151145 3 3
1481791151145 3 3
1481791151145 3 3
1481791152014 11 1
1481791152014 11 1
1481791152014 11 1
1481791152553 8 1
1481791152553 8 1
1481791152553 8 1
1481791153081 2 1
1481791153081 2 1
1481791153081 2 1
1481791153661 1 -3
1481791153661 1 -3
1481791153661 1 -3
1481791157817 7 -2
1481791157817 7 -2
1481791157817 7 -2
1481791158718 6 1
1481791158718 6 1
1481791158718 6 1
1481791159435 3 1
1481791159435 3 1
1481791159435 3 1
1481791160874 10 4
1481791160874 10 4
1481791160874 10 4
1481791166580 0 1
1481791166580 0 1
1481791166580 0 1
1481791168803 1 2
1481791168803 1 2
1481791168803 1 2
1481791169549 12 1
1481791169549 12 1
1481791169549 12 1
1481791172067 8 -3
1481791172067 8 -3
1481791172067 8 -3
1481791173112 1 -1
1481791173112 1 -1
1481791173112 1 -1
1481791177267 1 1
1481791177267 1 1
1481791177267 1 1
1481791181182 12 -1
1481791181182 12 -1
1481791181182 12 -1
1481791181899 11 -1
1481791181899 11 -1
1481791181899 11 -1
1481791184207 1 -1
1481791184207 1 -1
1481791184207 1 -1
1481791187692 1 1
1481791187692 1 1
1481791187692 1 1
1481791189300 11 1
1481791189300 11 1
1481791189300 11 1
1481791189814 1 -2
1481791189814 1 -2
1481791189814 1 -2
1481791190661 10 -1
1481791190661 10 -1
1481791190661 10 -1
1481791197214 R
1481791197214 R
1481791197214 R
1481791206007 2 1
1481791206007 2 1
1481791206007 2 1
1481791209785 2 -1
1481791209785 2 -1
1481791209785 2 -1
1481791210721 0 1
1481791210721 0 1
1481791210721 0 1
1481791211677 12 1
1481791211677 12 1
1481791211677 12 1
1481791213513 10 -2
1481791213513 10 -2
1481791213513 10 -2
1481791214646 1 1
1481791214646 1 1
1481791214646 1 1
1481791215514 12 1
1481791215514 12 1
1481791215514 12 1
1481791216261 0 1
1481791216261 0 1
1481791216261 0 1
1481791218901 0 -1
1481791218901 0 -1
1481791218901 0 -1
1481791222297 4 2
1481791222297 4 2
1481791222297 4 2
1481791223704 9 -1
1481791223704 9 -1
1481791223704 9 -1
1481791224529 7 -1
1481791224529 7 -1
1481791224529 7 -1
1481791226376 0 2
1481791226376 0 2
1481791226376 0 2
1481791227309 2 1
1481791227309 2 1
1481791227309 2 1
1481791229277 7 1
1481791229277 7 1
1481791229277 7 1
1481791232575 12 -2
1481791232575 12 -2
1481791232575 12 -2
1481791233236 1 -1
1481791233236 1 -1
1481791233236 1 -1
1481791235038 2 -1
1481791235038 2 -1
1481791235038 2 -1
1481791236084 0 -3
1481791236084 0 -3
1481791236084 0 -3
1481791237801 10 2
1481791237801 10 2
1481791237801 10 2
1481791238429 2 1
1481791238429 2 1
1481791238429 2 1
1481791239157 5 -3
1481791239157 5 -3
1481791239157 5 -3
1481791240234 9 -1
1481791240234 9 -1
1481791240234 9 -1
1481791241091 10 -2
1481791241091 10 -2
1481791241091 10 -2
1481791244202 10 2
1481791244202 10 2
1481791244202 10 2
1481791246391 5 2
1481791246391 5 2
1481791246391 5 2
1481791247753 2 -1
1481791247753 2 -1
1481791247753 2 -1
1481791249271 10 -1
1481791249271 10 -1
1481791249271 10 -1
1481791250094 10 1
1481791250094 10 1
1481791250094 10 1
1481791250886 4 -2
1481791250886 4 -2
1481791250886 4 -2
1481791251941 6 1
1481791251941 6 1
1481791251941 6 1
1481791252689 3 1
1481791252689 3 1
1481791252689 3 1
1481791253745 6 -1
1481791253745 6 -1
1481791253745 6 -1
1481791254351 3 -1
1481791254351 3 -1
1481791254351 3 -1
1481791256273 4 2
1481791256273 4 2
1481791256273 4 2
1481791264978 2 1
1481791264978 2 1
1481791264978 2 1
1481791265901 5 -2
1481791265901 5 -2
1481791265901 5 -2
1481791266780 10 -2
1481791266780 10 -2
1481791266780 10 -2
1481791269155 1 1
1481791269155 1 1
1481791269155 1 1
1481791273179 10 1
1481791273179 10 1
1481791273179 10 1
1481791274268 5 2
1481791274268 5 2
1481791274268 5 2
1481791275300 2 -1
1481791275300 2 -1
1481791275300 2 -1
1481791277644 0 1
1481791277644 0 1
1481791277644 0 1
1481791279357 12 2
1481791279357 12 2
1481791279357 12 2
1481791281908 4 -2
1481791281908 4 -2
1481791281908 4 -2
1481791285809 6 1
1481791285809 6 1
1481791285809 6 1
1481791286502 3 1
1481791286502 3 1
1481791286502 3 1
1481791291615 R
1481791291615 R
1481791291615 R
1481791293988 10 -2
1481791293988 10 -2
1481791293988 10 -2
1481791295406 4 2
1481791295406 4 2
1481791295406 4 2
1481791299475 10 2
1481791299475 10 2
1481791299475 10 2
1481791300224 2 1
1481791300224 2 1
1481791300224 2 1
1481791300960 5 -3
1481791300960 5 -3
1481791300960 5 -3
1481791302016 10 -2
1481791302016 10 -2
1481791302016 10 -2
1481791302862 9 -2
1481791302862 9 -2
1481791302862 9 -2
1481791307429 4 -3
1481791307429 4 -3
1481791307429 4 -3
1481791313737 1 3
1481791313737 1 3
1481791313737 1 3
1481791321689 2 1
1481791321689 2 1
1481791321689 2 1
1481791336808 2 -1
1481791336808 2 -1
1481791336808 2 -1
1481791339604 1 -3
1481791339604 1 -3
1481791339604 1 -3
1481791341152 4 3
1481791341152 4 3
1481791341152 4 3
1481791344472 10 2
1481791344472 10 2
1481791344472 10 2
1481791345176 5 2
1481791345176 5 2
1481791345176 5 2
1481791346220 2 -1
1481791346220 2 -1
1481791346220 2 -1
1481791348969 9 2
1481791348969 9 2
1481791348969 9 2
1481791349507 5 1
1481791349507 5 1
1481791349507 5 1
1481791351320 10 -2
1481791351320 10 -2
1481791351320 10 -2
1481791355026 0 3
1481791355026 0 3
1481791355026 0 3
1481791356212 1 1
1481791356212 1 1
1481791356212 1 1
1481791357105 12 2
1481791357105 12 2
1481791357105 12 2
1481791358380 2 1
1481791358380 2 1
1481791358380 2 1
1481791359687 2 -1
1481791359687 2 -1
1481791359687 2 -1
1481791360690 0 -2
1481791360690 0 -2
1481791360690 0 -2
1481791361600 10 1
1481791361600 10 1
1481791361600 10 1
1481791365513 12 -2
1481791365513 12 -2
1481791365513 12 -2
1481791366128 0 -1
1481791366128 0 -1
1481791366128 0 -1
1481791367370 2 1
1481791367370 2 1
1481791367370 2 1
1481791368899 5 -3
1481791368899 5 -3
1481791368899 5 -3
1481791369931 10 -1
1481791369931 10 -1
1481791369931 10 -1
1481791373680 4 -3
1481791373680 4 -3
1481791373680 4 -3
1481791375648 1 -1
1481791375648 1 -1
1481791375648 1 -1
1481791376339 6 1
1481791376339 6 1
1481791376339 6 1
1481791377220 6 -1
1481791377220 6 -1
1481791377220 6 -1
1481791378725 6 1
1481791378725 6 1
1481791378725 6 1
1481791379792 3 1
1481791379792 3 1
1481791379792 3 1
1481791382387 1 2
1481791382387 1 2
1481791382387 1 2
1481791383666 8 -1
1481791383666 8 -1
1481791383666 8 -1
1481791384269 11 -1
1481791384269 11 -1
1481791384269 11 -1
1481791384960 3 -3
1481791384960 3 -3
1481791384960 3 -3
1481791385906 6 -1
1481791385906 6 -1
1481791385906 6 -1
1481791391933 9 -2
1481791391933 9 -2
1481791391933 9 -2
1481791392438 1 1
1481791392438 1 1
1481791392438 1 1
1481791393351 6 1
1481791393351 6 1
1481791393351 6 1
1481791394407 2 3
1481791394407 2 3
1481791394407 2 3
1481791395858 1 -1
1481791395858 1 -1
1481791395858 1 -1
1481791396960 7 -2
1481791396960 7 -2
1481791396960 7 -2
1481791397606 6 1
1481791397606 6 1
1481791397606 6 1
1481791404468 6 -1
1481791404468 6 -1
1481791404468 6 -1
1481791405050 7 2
1481791405050 7 2
1481791405050 7 2
1481791405611 1 1
1481791405611 1 1
1481791405611 1 1
1481791406976 2 -3
1481791406976 2 -3
1481791406976 2 -3
1481791408502 1 -1
1481791408502 1 -1
1481791408502 1 -1
1481791409538 6 -1
1481791409538 6 -1
1481791409538 6 -1
1481791411562 1 1
1481791411562 1 1
1481791411562 1 1
1481791412661 6 1
1481791412661 6 1
1481791412661 6 1
1481791414266 3 3
1481791414266 3 3
1481791414266 3 3
1481791415069 11 1
1481791415069 11 1
1481791415069 11 1
1481791415631 8 1
1481791415631 8 1
1481791415631 8 1
1481791416190 1 -3
1481791416190 1 -3
1481791416190 1 -3
1481791417402 6 -1
1481791417402 6 -1
1481791417402 6 -1
1481791418141 3 -1
1481791418141 3 -1
1481791418141 3 -1
1481791419108 4 3
1481791419108 4 3
1481791419108 4 3
1481791422189 10 2
1481791422189 10 2
1481791422189 10 2
1481791424488 5 2
1481791424488 5 2
1481791424488 5 2
1481791425378 2 -1
1481791425378 2 -1
1481791425378 2 -1
1481791427314 9 2
1481791427314 9 2
1481791427314 9 2
1481791427917 5 1
1481791427917 5 1
1481791427917 5 1
1481791428907 10 -2
1481791428907 10 -2
1481791428907 10 -2
1481791435985 0 3
1481791435985 0 3
1481791435985 0 3
1481791438874 9 -1
1481791438874 9 -1
1481791438874 9 -1
1481791441987 1 1
1481791441987 1 1
1481791441987 1 1
1481791442821 12 2
1481791442821 12 2
1481791442821 12 2
1481791443634 2 1
1481791443634 2 1
1481791443634 2 1
1481791444723 2 -1
1481791444723 2 -1
1481791444723 2 -1
1481791445549 0 -2
1481791445549 0 -2
1481791445549 0 -2
1481791446263 10 1
1481791446263 10 1
1481791446263 10 1
1481791447602 12 -2
1481791447602 12 -2
1481791447602 12 -2
1481791448119 0 -1
1481791448119 0 -1
1481791448119 0 -1
1481791448978 2 1
1481791448978 2 1
1481791448978 2 1
1481791449703 5 -3
1481791449703 5 -3
1481791449703 5 -3
1481791450813 10 -1
1481791450813 10 -1
1481791450813 10 -1
1481791452946 1 -1
1481791452946 1 -1
1481791452946 1 -1
1481791453980 4 -3
1481791453980 4 -3
1481791453980 4 -3
1481791454869 1 3
1481791454869 1 3
1481791454869 1 3
1481791458829 6 1
1481791458829 6 1
1481791458829 6 1
1481791459357 3 1
1481791459357 3 1
1481791459357 3 1
1481791460048 2 3
1481791460048 2 3
1481791460048 2 3
1481791460922 1 -3
1481791460922 1 -3
1481791460922 1 -3
1481791466931 7 -1
1481791466931 7 -1
1481791466931 7 -1
1481791467624 3 1
1481791467624 3 1
1481791467624 3 1
1481791471208 9 -1
1481791471208 9 -1
1481791471208 9 -1
1481791471867 7 -1
1481791471867 7 -1
1481791471867 7 -1
1481791472439 6 1
1481791472439 6 1
1481791472439 6 1
1481791473769 10 4
1481791473769 10 4
1481791473769 10 4
1481791476771 4 1
1481791476771 4 1
1481791476771 4 1
1481791477662 4 -1
1481791477662 4 -1
1481791477662 4 -1
1481791482236 1 2
1481791482236 1 2
1481791482236 1 2
1481791483063 0 2
1481791483063 0 2
1481791483063 0 2
1481791483810 12 2
1481791483810 12 2
1481791483810 12 2
1481791484481 5 -1
1481791484481 5 -1
1481791484481 5 -1
1481791485305 0 -1
1481791485305 0 -1
1481791485305 0 -1
1481791486165 1 -1
1481791486165 1 -1
1481791486165 1 -1
1481791487407 4 1
1481791487407 4 1
1481791487407 4 1
1481791493385 R
1481791493385 R
1481791493385 R
1481791501097 4 2
1481791501097 4 2
1481791501097 4 2
1481791506444 0 1
1481791506444 0 1
1481791506444 0 1
1481791507951 12 1
1481791507951 12 1
1481791507951 12 1
1481791509050 10 -2
1481791509050 10 -2
1481791509050 10 -2
1481791509964 0 2
1481791509964 0 2
1481791509964 0 2
1481791511527 2 1
1481791511527 2 1
1481791511527 2 1
1481791513397 9 -1
1481791513397 9 -1
1481791513397 9 -1
1481791515122 2 -1
1481791515122 2 -1
1481791515122 2 -1
1481791516233 0 -2
1481791516233 0 -2
1481791516233 0 -2
1481791517452 10 2
1481791517452 10 2
1481791517452 10 2
1481791520324 10 -1
1481791520324 10 -1
1481791520324 10 -1
1481791522191 1 1
1481791522191 1 1
1481791522191 1 1
1481791523290 12 -1
1481791523290 12 -1
1481791523290 12 -1
1481791523905 0 -1
1481791523905 0 -1
1481791523905 0 -1
1481791524796 2 1
1481791524796 2 1
1481791524796 2 1
1481791525787 5 -3
1481791525787 5 -3
1481791525787 5 -3
1481791526633 10 -1
1481791526633 10 -1
1481791526633 10 -1
1481791529052 4 -3
1481791529052 4 -3
1481791529052 4 -3
1481791529791 9 -1
1481791529791 9 -1
1481791529791 9 -1
1481791531416 1 2
1481791531416 1 2
1481791531416 1 2
1481791532890 6 1
1481791532890 6 1
1481791532890 6 1
1481791533747 3 1
1481791533747 3 1
1481791533747 3 1
1481791535418 2 3
1481791535418 2 3
1481791535418 2 3
1481791536902 0 2
1481791536902 0 2
1481791536902 0 2
1481791537652 12 2
1481791537652 12 2
1481791537652 12 2
1481791538177 5 -1
1481791538177 5 -1
1481791538177 5 -1
1481791539029 0 -1
1481791539029 0 -1
1481791539029 0 -1
1481791540311 1 -2
1481791540311 1 -2
1481791540311 1 -2
1481791544846 7 -2
1481791544846 7 -2
1481791544846 7 -2
1481791545538 6 1
1481791545538 6 1
1481791545538 6 1
1481791546198 3 1
1481791546198 3 1
1481791546198 3 1
1481791549903 1 1
1481791549903 1 1
1481791549903 1 1
1481791551246 R
1481791551246 R
1481791551246 R
1481791577293 4 2
1481791577293 4 2
1481791577293 4 2
1481791585759 0 1
1481791585759 0 1
1481791585759 0 1
1481791587156 12 1
1481791587156 12 1
1481791587156 12 1
1481791588805 10 -2
1481791588805 10 -2
1481791588805 10 -2
1481791589409 0 2
1481791589409 0 2
1481791589409 0 2
1481791590763 2 1
1481791590763 2 1
1481791590763 2 1
1481791592061 2 -1
1481791592061 2 -1
1481791592061 2 -1
1481791597378 0 -2
1481791597378 0 -2
1481791597378 0 -2
1481791598852 10 2
1481791598852 10 2
1481791598852 10 2
1481791601826 12 -1
1481791601826 12 -1
1481791601826 12 -1
1481791602388 0 -1
1481791602388 0 -1
1481791602388 0 -1
1481791603146 2 1
1481791603146 2 1
1481791603146 2 1
1481791605235 5 -3
1481791605235 5 -3
1481791605235 5 -3
1481791607181 10 -2
1481791607181 10 -2
1481791607181 10 -2
1481791618255 9 -2
1481791618255 9 -2
1481791618255 9 -2
1481791620322 10 2
1481791620322 10 2
1481791620322 10 2
1481791621168 5 2
1481791621168 5 2
1481791621168 5 2
1481791622048 2 -1
1481791622048 2 -1
1481791622048 2 -1
1481791622808 0 1
1481791622808 0 1
1481791622808 0 1
1481791623718 12 1
1481791623718 12 1
1481791623718 12 1
1481791626467 10 -1
1481791626467 10 -1
1481791626467 10 -1
1481791628622 4 -2
1481791628622 4 -2
1481791628622 4 -2
1481791629381 1 1
1481791629381 1 1
1481791629381 1 1
1481791630216 12 1
1481791630216 12 1
1481791630216 12 1
1481791632238 7 -2
1481791632238 7 -2
1481791632238 7 -2
1481791632964 6 2
1481791632964 6 2
1481791632964 6 2
1481791633591 3 2
1481791633591 3 2
1481791633591 3 2
1481791636550 R
1481791636550 R
1481791636550 R
1481791654359 5 -1
1481791654359 5 -1
1481791654359 5 -1
1481791656405 4 2
1481791656405 4 2
1481791656405 4 2
1481791657592 9 -2
1481791657592 9 -2
1481791657592 9 -2
1481791659119 10 -1
1481791659119 10 -1
1481791659119 10 -1
1481791684325 2 1
1481791684325 2 1
1481791684325 2 1
1481791685083 5 -2
1481791685083 5 -2
1481791685083 5 -2
1481791685930 10 -1
1481791685930 10 -1
1481791685930 10 -1
1481791689139 4 -3
1481791689139 4 -3
1481791689139 4 -3
1481791691637 7 -2
1481791691637 7 -2
1481791691637 7 -2
1481791695322 6 1
1481791695322 6 1
1481791695322 6 1
1481791696530 1 2
1481791696530 1 2
1481791696530 1 2
1481791697465 6 1
1481791697465 6 1
1481791697465 6 1
1481791697968 3 2
1481791697968 3 2
1481791697968 3 2
1481791699336 11 -1
1481791699336 11 -1
1481791699336 11 -1
1481791699918 8 -1
1481791699918 8 -1
1481791699918 8 -1
1481791700731 3 -4
1481791700731 3 -4
1481791700731 3 -4
1481791701930 6 -2
1481791701930 6 -2
1481791701930 6 -2
1481791703140 7 2
1481791703140 7 2
1481791703140 7 2
1481791704956 1 1
1481791704956 1 1
1481791704956 1 1
1481791706351 2 1
1481791706351 2 1
1481791706351 2 1
1481791706978 6 1
1481791706978 6 1
1481791706978 6 1
1481791707749 2 2
1481791707749 2 2
1481791707749 2 2
1481791709066 1 -1
1481791709066 1 -1
1481791709066 1 -1
1481791710660 7 -2
1481791710660 7 -2
1481791710660 7 -2
1481791711155 6 1
1481791711155 6 1
1481791711155 6 1
1481791721712 6 -1
1481791721712 6 -1
1481791721712 6 -1
1481791722371 7 2
1481791722371 7 2
1481791722371 7 2
1481791722876 1 1
1481791722876 1 1
1481791722876 1 1
1481791725405 0 2
1481791725405 0 2
1481791725405 0 2
1481791726153 12 1
1481791726153 12 1
1481791726153 12 1
1481791726736 5 -1
1481791726736 5 -1
1481791726736 5 -1
1481791728967 8 -2
1481791728967 8 -2
1481791728967 8 -2
1481791731890 1 -2
1481791731890 1 -2
1481791731890 1 -2
1481791733397 7 -2
1481791733397 7 -2
1481791733397 7 -2
1481791733946 6 1
1481791733946 6 1
1481791733946 6 1
1481791737806 6 -1
1481791737806 6 -1
1481791737806 6 -1
1481791739211 7 2
1481791739211 7 2
1481791739211 7 2
1481791748981 7 -2
1481791748981 7 -2
1481791748981 7 -2
1481791749531 6 1
1481791749531 6 1
1481791749531 6 1
1481791750763 1 1
1481791750763 1 1
1481791750763 1 1
1481791756207 8 2
1481791756207 8 2
1481791756207 8 2
1481791757317 0 -1
1481791757317 0 -1
1481791757317 0 -1
1481791763220 6 -1
1481791763220 6 -1
1481791763220 6 -1
1481791763934 7 2
1481791763934 7 2
1481791763934 7 2
1481791764485 1 1
1481791764485 1 1
1481791764485 1 1
1481791777049 R
1481791777049 R
1481791777049 R
1481791788259 0 1
1481791788259 0 1
1481791788259 0 1
1481791791273 12 1
1481791791273 12 1
1481791791273 12 1
1481791793351 10 -2
1481791793351 10 -2
1481791793351 10 -2
1481791794616 4 2
1481791794616 4 2
1481791794616 4 2
1481791795857 0 2
1481791795857 0 2
1481791795857 0 2
1481791798981 2 1
1481791798981 2 1
1481791798981 2 1
1481791800431 2 -1
1481791800431 2 -1
1481791800431 2 -1
1481791802048 0 -2
1481791802048 0 -2
1481791802048 0 -2
1481791804093 10 2
1481791804093 10 2
1481791804093 10 2
1481791806015 5 -1
1481791806015 5 -1
1481791806015 5 -1
1481791807301 9 -2
1481791807301 9 -2
1481791807301 9 -2
1481791810829 10 -1
1481791810829 10 -1
1481791810829 10 -1
1481791813402 1 1
1481791813402 1 1
1481791813402 1 1
1481791814567 12 1
1481791814567 12 1
1481791814567 12 1
1481791818153 9 2
1481791818153 9 2
1481791818153 9 2
1481791818790 5 1
1481791818790 5 1
1481791818790 5 1
1481791819659 10 -1
1481791819659 10 -1
1481791819659 10 -1
1481791821033 0 2
1481791821033 0 2
1481791821033 0 2
1481791821923 2 1
1481791821923 2 1
1481791821923 2 1
1481791824859 9 -1
1481791824859 9 -1
1481791824859 9 -1
1481791828674 12 -2
1481791828674 12 -2
1481791828674 12 -2
1481791829245 1 -1
1481791829245 1 -1
1481791829245 1 -1
1481791831971 1 1
1481791831971 1 1
1481791831971 1 1
1481791833193 11 -2
1481791833193 11 -2
1481791833193 11 -2
1481791835424 2 -1
1481791835424 2 -1
1481791835424 2 -1
1481791836272 0 -2
1481791836272 0 -2
1481791836272 0 -2
1481791837438 10 1
1481791837438 10 1
1481791837438 10 1
1481791838271 5 -1
1481791838271 5 -1
1481791838271 5 -1
1481791838921 9 -1
1481791838921 9 -1
1481791838921 9 -1
1481791847953 4 -2
1481791847953 4 -2
1481791847953 4 -2
1481791857121 11 2
1481791857121 11 2
1481791857121 11 2
1481791857703 1 -1
1481791857703 1 -1
1481791857703 1 -1
1481791862442 4 2
1481791862442 4 2
1481791862442 4 2
1481791863631 10 1
1481791863631 10 1
1481791863631 10 1
1481791867710 9 2
1481791867710 9 2
1481791867710 9 2
1481791868378 5 1
1481791868378 5 1
1481791868378 5 1
1481791870028 10 -2
1481791870028 10 -2
1481791870028 10 -2
1481791871226 9 -1
1481791871226 9 -1
1481791871226 9 -1
1481791873668 0 2
1481791873668 0 2
1481791873668 0 2
1481791877090 0 -2
1481791877090 0 -2
1481791877090 0 -2
1481791878966 10 2
1481791878966 10 2
1481791878966 10 2
1481791880099 10 -2
1481791880099 10 -2
1481791880099 10 -2
1481791881980 0 -1
1481791881980 0 -1
1481791881980 0 -1
1481791883002 10 1
1481791883002 10 1
1481791883002 10 1
1481791883794 2 1
1481791883794 2 1
1481791883794 2 1
1481791884970 5 -3
1481791884970 5 -3
1481791884970 5 -3
1481791886158 10 -1
1481791886158 10 -1
1481791886158 10 -1
1481791890589 9 -1
1481791890589 9 -1
1481791890589 9 -1
1481791894261 1 1
1481791894261 1 1
1481791894261 1 1
1481791896550 10 1
1481791896550 10 1
1481791896550 10 1
1481791897615 5 2
1481791897615 5 2
1481791897615 5 2
1481791899199 2 -1
1481791899199 2 -1
1481791899199 2 -1
1481791900463 0 1
1481791900463 0 1
1481791900463 0 1
1481791901320 12 2
1481791901320 12 2
1481791901320 12 2
1481791905577 R
1481791905577 R
1481791905577 R
1481791914669 2 1
1481791914669 2 1
1481791914669 2 1
1481791915892 5 -3
1481791915892 5 -3
1481791915892 5 -3
1481791921446 5 3
1481791921446 5 3
1481791921446 5 3
1481791925846 6 1
1481791925846 6 1
1481791925846 6 1
1481791926880 3 1
1481791926880 3 1
1481791926880 3 1
1481791928530 10 -2
1481791928530 10 -2
1481791928530 10 -2
1481791929365 1 1
1481791929365 1 1
1481791929365 1 1
1481791930168 2 -1
1481791930168 2 -1
1481791930168 2 -1
1481791930861 0 2
1481791930861 0 2
1481791930861 0 2
1481791932434 12 2
1481791932434 12 2
1481791932434 12 2
1481791933357 0 -1
1481791933357 0 -1
1481791933357 0 -1
1481791935689 0 1
1481791935689 0 1
1481791935689 0 1
1481791942243 6 -1
1481791942243 6 -1
1481791942243 6 -1
1481791942815 3 -1
1481791942815 3 -1
1481791942815 3 -1
1481791943762 4 2
1481791943762 4 2
1481791943762 4 2
1481791947284 0 -1
1481791947284 0 -1
1481791947284 0 -1
1481791948460 10 1
1481791948460 10 1
1481791948460 10 1
1481791950605 5 -1
1481791950605 5 -1
1481791950605 5 -1
1481791952146 9 -2
1481791952146 9 -2
1481791952146 9 -2
1481791957807 9 2
1481791957807 9 2
1481791957807 9 2
1481791958421 5 1
1481791958421 5 1
1481791958421 5 1
1481791961984 10 -1
1481791961984 10 -1
1481791961984 10 -1
1481791963610 0 2
1481791963610 0 2
1481791963610 0 2
1481791964841 9 -1
1481791964841 9 -1
1481791964841 9 -1
1481791971185 12 -2
1481791971185 12 -2
1481791971185 12 -2
1481791972611 0 -3
1481791972611 0 -3
1481791972611 0 -3
1481791973967 10 1
1481791973967 10 1
1481791973967 10 1
1481791974538 2 1
1481791974538 2 1
1481791974538 2 1
1481791975462 5 -3
1481791975462 5 -3
1481791975462 5 -3
1481791977484 5 1
1481791977484 5 1
1481791977484 5 1
1481791980276 5 1
1481791980276 5 1
1481791980276 5 1
1481791980892 5 1
1481791980892 5 1
1481791980892 5 1
1481791981663 10 -1
1481791981663 10 -1
1481791981663 10 -1
1481791982191 2 -1
1481791982191 2 -1
1481791982191 2 -1
1481791982851 0 3
1481791982851 0 3
1481791982851 0 3
1481791983784 12 2
1481791983784 12 2
1481791983784 12 2
1481791987292 9 1
1481791987292 9 1
1481791987292 9 1
1481791988633 2 1
1481791988633 2 1
1481791988633 2 1
1481791990581 2 -1
1481791990581 2 -1
1481791990581 2 -1
