1482857072108 10 -2
1482857073508 4 2
1482857077284 2 1
1482857077868 10 2
1482857078759 5 -3
1482857080036 9 -2
1482857082916 5 2
1482857084124 2 -1
1482857086756 4 -1
1482857087620 3 1
1482857091388 10 -1
1482857095188 3 -1
1482857095941 4 -1
1482857097636 4 2
1482857102948 10 1
1482857108172 0 1
1482857109035 12 1
1482857111188 10 -1
1482857112196 4 -2
1482857113052 1 1
1482857113868 12 1
1482857114732 6 1
1482857115372 3 1
1482857120692 9 2
1482857121627 5 1
1482857122564 10 -1
1482857123388 0 1
1482857125308 12 -2
1482857126156 1 -1
1482857127340 6 -1
1482857128124 4 1
1482857129764 3 -1
1482857130532 4 1
1482857131468 0 1
1482857132212 2 1
1482857133444 2 -1
1482857135149 1 1
1482857136644 1 -1
1482857138916 9 -1
1482857139820 7 -1
1482857141692 2 1
1482857143900 2 -1
1482857144788 1 1
1482857146044 11 -2
1482857148692 2 1
1482857150260 7 1
1482857151284 9 1
1482857152982 R
1482857159796 0 1
1482857162203 12 1
1482857163612 10 -2
1482857164428 4 2
1482857165268 0 2
1482857166156 2 1
1482857167520 12 -1
1482857168628 2 -1
1482857169637 1 1
1482857170501 11 -2
1482857171891 11 2
1482857173284 1 -1
1482857174699 2 1
1482857175868 2 -1
1482857177499 1 1
1482857178732 2 1
1482857180380 9 -1
1482857181283 7 -1
1482857182516 7 1
1482857185276 11 -2
1482857188228 R
1482857195012 4 2
1482857200124 5 -1
1482857202204 9 -2
1482857207653 2 1
1482857208628 5 -2
1482857210348 10 -2
1482857212531 4 -3
1482857213508 1 3
1482857216436 6 1
1482857217459 2 2
1482857226124 3 1
1482857226948 2 1
1482857227964 1 -3
1482857234564 7 -2
1482857235412 6 1
1482857235956 3 1
1482857237348 10 4
1482857242299 10 -4
1482857243171 6 -1
1482857244275 3 -1
1482857248396 7 2
1482857255844 R
1482857257180 4 2
1482857258924 10 -2
1482857265996 2 1
1482857267651 10 2
1482857270179 5 -3
1482857271500 10 -2
1482857272339 4 -3
1482857274091 9 -2
1482857275027 1 3
1482857277891 6 1
1482857278955 2 2
1482857285908 11 -1
1482857286484 8 -1
1482857287107 3 -2
1482857295020 2 1
1482857297964 2 -3
1482857298788 6 -1
1482857300484 1 -1
1482857301467 7 -2
1482857302283 6 2
1482857304188 3 4
1482857305300 8 1
1482857305988 11 1
1482857307044 1 -2
1482857308101 10 4
1482857312732 10 -3
1482857313588 6 -2
1482857314532 3 -2
1482857315644 4 3
1482857316659 10 -1
1482857319140 7 2
1482857334908 R
1482857345700 4 2
1482857346932 10 -2
1482857349316 2 1
1482857351500 10 1
1482857352139 2 -1
1482857352780 10 -1
1482857354531 0 3
1482857355715 12 1
1482857358724 2 1
1482857360323 2 -1
1482857361571 0 -2
1482857362284 10 2
1482857363492 5 -1
1482857365091 9 -2
1482857366411 10 -1
1482857368675 1 1
1482857369460 12 1
