1480342489931 10 -2
1480342491418 4 2
1480342495004 2 1
1480342495691 10 1
1480342498314 5 -3
1480342499698 5 3
1480342500875 2 -1
1480342502066 10 -1
1480342503266 0 3
1480342504154 2 1
1480342505826 2 -1
1480342506690 0 -3
1480342508012 10 2
1480342509010 2 1
1480342510058 5 -3
1480342511594 10 -2
1480342514906 4 -3
1480342516394 6 1
1480342518066 6 -1
1480342519194 4 3
1480342521386 9 -2
1480342523123 10 2
1480342524093 5 2
1480342525570 2 -1
1480342526538 10 -1
1480342528274 0 1
1480342529058 12 1
1480342532090 10 1
1480342534906 4 -1
1480342537354 3 1
1480342538762 4 -1
1480342539850 6 1
1480342541714 7 -2
1480342542714 6 1
1480342543690 10 1
1480342544698 0 1
1480342547066 3 -1
1480342550604 R
1480342556562 10 -2
1480342559010 0 2
1480342561370 1 1
1480342562498 11 -2
1480342564594 11 2
1480342565691 12 2
1480342567178 0 -1
1480342568378 10 1
1480342570242 4 2
1480342571579 9 -1
1480342572691 7 -1
1480342573506 4 -2
1480342574218 3 2
1480342576514 3 -2
1480342577379 4 2
1480342579146 5 -1
1480342580084 9 -1
1480342581598 4 -2
1480342582826 6 1
1480342583874 3 2
1480342585290 12 -2
1480342586274 1 -1
1480342590643 1 1
1480342591690 11 -2
1480342592938 11 2
1480342593626 1 -1
1480342594715 6 -1
1480342595874 3 -2
1480342598322 7 -1
1480342598945 6 2
1480342600786 3 2
1480342601770 10 3
1480342606106 0 1
1480342609924 R
1480342642978 10 -2
1480342643922 4 2
1480342694786 0 3
1480342708610 1 1
1480342709962 11 -2
1480342713194 0 -2
1480342715274 9 -1
1480342716538 4 -2
1480342717818 3 1
1480342718954 6 1
1480342723066 11 2
1480342727842 R
1480342745578 10 -2
1480342747569 4 2
1480342749058 0 3
1480342757154 1 1
1480342758594 12 2
1480342760954 0 -2
1480342767738 10 1
1480342768898 5 -1
1480342771186 9 -2
1480342775834 7 -2
1480342777586 4 -2
1480342778529 6 2
1480342780138 3 2
1480342783954 R
1480342788802 10 -2
1480342793570 U
1480342794674 R
1480342806906 5 -1
1480342809314 9 -2
1480342811097 4 2
1480342823394 2 1
1480342824682 5 -2
1480342826266 10 -2
1480342831770 4 -3
1480342840277 10 2
1480342841738 5 1
1480342846898 5 -1
1480342848410 10 -2
1480342849706 1 3
1480342852714 6 1
1480342853962 2 2
1480342857322 0 2
1480342862018 8 -2
1480342863473 3 -1
1480342864354 11 -2
1480342865217 3 -1
1480342866337 2 1
1480342868738 8 -1
1480342873538 2 -1
1480342874969 3 3
1480342875761 2 1
1480342877097 11 2
1480342878153 1 -3
1480342882673 1 3
1480342887650 11 -2
1480342890162 2 -1
1480342891049 3 -3
1480342892578 2 1
1480342893650 8 2
1480342894841 0 -1
1480342897146 1 -1
1480342898737 7 -2
1480342901978 6 1
1480342903146 10 1
1480342904075 5 1
1480342906153 5 -1
1480342907705 10 -1
1480342908715 6 -1
1480342909609 7 2
1480342910810 9 2
1480342913418 0 1
1480342914753 8 -2
1480342916434 1 -1
1480342923010 R
1480342942418 10 -2
1480342943709 4 2
1480342944497 0 3
1480342959491 0 -1
1480342965665 4 -2
1480342966857 6 1
1480342968241 3 1
1480342971450 R
1480342988785 2 1
1480342990089 5 -3
1480342991577 10 -2
1480342992290 4 -1
1480342993201 9 -2
1480342994003 4 3
1480343002681 10 1
1480343006241 5 2
1480343008561 2 -1
1480343011985 0 1
1480343016033 12 1
1480343036265 1 1
1480343041834 R
1480343046329 10 -2
1480343048017 1 1
1480343050801 0 2
1480343053985 4 2
1480343056921 0 1
1480343067689 0 -3
1480343071001 0 1
1480343073289 12 2
1480343076833 10 1
1480343078577 5 -1
1480343080289 9 -2
1480343084865 4 -2
1480343086153 7 -2
1480343087586 6 2
1480343088865 3 2
1480343093305 12 -1
1480343094057 1 -1
1480343097177 10 2
1480343103578 3 -2
1480343106177 0 1
1480343108249 12 -1
1480343109434 0 -2
1480343111545 10 -2
1480343112521 6 -2
1480343113481 7 2
1480343114946 9 2
1480343116257 5 1
1480343117409 10 -1
1480343119097 0 2
1480343120562 R
1480343128081 R
1480343155265 4 2
1480343158441 4 -2
1480343159753 4 2
1480343160698 2 1
1480343161489 5 -3
1480343162353 10 -2
1480343163113 4 -3
1480343164201 9 -2
1480343165257 1 3
1480343169161 6 1
1480343170243 2 2
1480343175185 0 2
1480343178193 12 2
1480343180161 5 -1
1480343182345 8 -3
1480343185284 3 1
1480343186242 2 1
1480343187361 1 -2
1480343189369 1 2
1480343191713 5 1
1480343193073 12 -2
1480343193776 8 3
1480343197601 12 1
1480343198345 5 -1
1480343212424 1 -3
1480343214201 7 -2
1480343224369 7 2
1480343225425 5 1
1480343226465 12 -1
1480343228753 12 1
1480343229553 5 -1
1480343231009 0 -1
1480343234545 7 -2
1480343235304 6 1
1480343236185 3 1
1480343236904 10 4
1480343240609 4 1
1480343243449 5 3
1480343249529 0 1
1480343250154 1 1
1480343250873 12 -1
1480343251865 11 -2
1480343254704 5 -2
1480343256185 0 -1
1480343257729 4 -1
1480343258657 1 1
1480343259401 8 -1
1480343260721 11 2
1480343262033 R
