1482354107016 10 -2
1482354108023 6 1
1482354108695 3 1
1482354109551 1 1
1482354110383 0 2
1482354115434 12 2
1482354116378 0 -1
1482354117298 10 1
1482354118242 5 -1
1482354119330 9 -2
1482354120467 6 -1
1482354121147 3 -1
1482354122066 4 2
1482354129434 9 2
1482354130059 5 1
1482354130770 10 -1
1482354131738 0 2
1482354138675 12 -2
1482354139795 0 -3
1482354140506 2 1
1482354141114 10 1
1482354142866 5 -3
1482354149106 10 -1
1482354151018 4 -3
1482354152434 1 -1
1482354153378 9 -2
1482354154066 1 3
1482354155147 2 1
1482354158795 6 1
1482354159842 2 1
1482354160434 0 2
1482354161106 12 2
1482354161826 5 -1
1482354162635 0 -1
1482354169282 0 1
1482354171202 8 -3
1482354173235 3 1
1482354174227 2 1
1482354178804 12 -1
1482354179652 11 -1
1482354180860 2 -1
1482354181548 3 -3
1482354185924 8 2
1482354188652 5 1
1482354189333 12 -1
1482354190405 0 -2
1482354191869 2 -2
1482354192669 6 -1
1482354195284 1 -1
1482354196164 3 3
1482354197004 8 1
1482354197540 11 1
1482354198492 1 -2
1482354199582 3 -1
1482354200772 4 3
1482354203244 4 -3
1482354203932 6 1
1482354204540 3 1
1482354205172 1 3
1482354206284 2 3
1482354210460 0 2
1482354213508 1 -3
1482354218900 7 -2
1482354219444 6 1
1482354220060 3 1
1482354221524 1 2
1482354222700 11 -2
1482354223452 8 -3
1482354224965 11 2
1482354225645 1 -2
1482354227094 1 2
1482354228124 8 3
1482354228749 1 -2
1482354229845 0 -2
1482354235996 6 -1
1482354236584 3 -1
1482354237287 7 2
1482354240871 0 2
1482354242120 12 1
1482354242808 5 -1
1482354244655 1 3
1482354245363 5 1
1482354246064 12 -1
1482354247785 8 -3
1482354252015 11 -2
1482354253440 2 -1
1482354254431 R
1482354258695 4 2
1482354259672 10 -2
1482354265593 2 1
1482354267207 10 1
1482354269528 5 -3
1482354274007 9 -2
1482354274882 4 -3
1482354276111 1 3
1482354279336 10 -1
1482354281167 6 1
1482354282047 2 2
1482354283039 0 2
1482354287367 8 -3
1482354291103 11 -2
1482354292864 3 -2
1482354294320 2 1
1482354296609 1 -2
1482354301025 1 2
1482354302097 2 -1
1482354303465 8 2
1482354304609 0 -1
1482354310409 0 1
1482354311393 11 1
1482354314609 8 -2
1482354318106 R
1482354331642 5 -1
1482354333289 2 1
1482354334961 5 -2
1482354336465 4 2
1482354337417 10 -2
1482354341777 10 2
1482354344601 5 3
1482354346393 2 -1
1482354347306 0 1
1482354349986 10 -2
1482354351921 0 2
1482354353897 0 -1
1482354354881 9 -1
1482354356601 0 1
1482354361452 12 1
1482354364325 0 -2
1482354365966 10 2
1482354367501 10 -2
1482354368644 0 2
1482354371789 1 1
1482354373404 12 1
1482354374308 2 1
1482354378901 9 1
1482354379852 12 -2
1482354380773 1 -1
1482354381436 2 -1
1482354382381 0 -3
1482354383824 10 1
1482354384565 2 1
1482354386364 5 -3
1482354392220 R
1482354401956 9 -1
1482354403572 7 -1
1482354404396 6 1
1482354405164 3 2
1482354406940 6 -1
1482354407684 3 -2
1482354408916 4 2
1482354410692 10 -2
1482354413596 0 3
1482354416228 12 1
1482354417325 2 1
1482354420007 1 1
1482354421503 12 -1
1482354422502 1 -1
1482354423182 2 -1
1482354424070 0 -3
1482354425230 10 2
1482354426054 5 -1
1482354428078 9 -1
1482354429342 2 1
1482354434175 10 -1
1482354435143 7 1
1482354437158 9 2
1482354438176 5 -2
1482354440142 10 1
1482354441142 5 3
1482354442174 2 -1
1482354443014 10 -2
1482354452271 0 2
1482354458366 1 1
1482354462742 12 2
1482354464606 0 1
1482354470967 0 -2
1482354476424 0 1
1482354477546 0 1
1482354479727 12 -2
1482354485358 0 -3
1482354486345 2 1
1482354486970 10 1
1482354489666 5 -3
1482354491665 1 -1
