1481267672283 10 -2
1481267673702 4 2
1481267681128 10 2
1481267682130 2 1
1481267683412 5 -3
1481267684998 10 -2
1481267687643 4 -3
1481267689501 6 1
1481267693865 3 1
1481267698996 3 -1
1481267699781 6 -1
1481267701159 4 3
1481267702602 9 -2
1481267703851 10 2
1481267705982 5 2
1481267709139 2 -1
1481267712159 9 2
1481267713058 5 1
1481267714250 10 -2
1481267716518 0 3
1481267725668 2 1
1481267726677 2 -1
1481267728769 0 -2
1481267729874 0 -1
1481267763815 0 3
1481267774108 U
1481267786275 10 2
1481267787613 5 -1
1481267790546 5 1
1481267791868 10 -2
1481267798182 1 1
1481267799577 1 -1
1481267855326 4 -2
1481267858371 9 -1
1481267859277 4 2
1481267860351 10 2
1481267861136 5 -1
1481267862050 9 -1
1481267862843 7 -2
1481267863644 4 -2
1481267864544 3 2
1481267865271 6 2
1481267869349 10 2
1481267871248 2 1
1481267872081 5 -2
1481267879048 4 -1
1481267883736 5 1
1481267889833 4 1
1481267892301 10 -3
1481267893174 1 1
1481267894392 11 -1
1481267895875 6 -2
1481267896724 3 -2
1481267897597 7 2
1481267898647 4 2
1481267900826 9 2
1481267901564 5 2
1481267903022 10 -1
1481267903750 2 -1
1481267909291 0 2
1481267910661 12 1
1481267912271 12 -1
1481267915027 12 1
1481267918529 11 1
1481267919242 12 1
1481267920332 0 -1
1481267922030 9 -1
1481267922880 7 -1
1481267923841 4 -2
1481267924667 6 1
1481267925356 3 2
1481267928064 U
1481267928993 U
1481267929659 U
1481267929899 U
1481267930115 U
1481267930324 U
1481267930524 U
1481267930741 U
1481267930949 U
1481267931221 U
1481267931534 U
1481267931862 U
1481267932079 U
1481267932327 U
1481267932623 U
1481267932935 U
1481267933280 U
1481267933544 U
1481267933825 U
1481267934098 U
1481267934386 U
1481267934723 U
1481267935197 R
1481267967455 9 -1
1481267969626 4 2
1481267976822 5 -1
1481267977775 9 -1
1481267985063 9 2
1481267986993 2 1
1481267989839 5 -2
1481267990456 10 -2
1481267994750 10 1
1481267996456 5 2
1481267997490 2 -1
1481267998869 0 1
1481267999806 12 1
1481268002410 10 1
1481268003195 5 1
1481268004012 10 -2
1481268012906 4 -2
1481268015967 1 1
1481268016796 12 1
1481268019784 4 2
1481268020801 4 -2
1481268021795 9 -1
1481268024504 6 1
1481268025353 3 1
