1479332419141 0 1
1479332423820 12 1
1479332427465 12 -1
1479332429872 0 -1
1479332431504 10 -2
1479332433034 4 2
1479332434249 9 -1
1479332439075 9 1
1479332442349 10 2
1479332444138 2 1
1479332446332 2 -1
1479332447243 10 -1
1479332447997 10 -1
1479332450730 1 1
1479332453757 1 -1
1479332456221 10 2
1479332457603 5 -1
1479332458740 9 -2
1479332462678 7 -2
1479332463690 4 -2
1479332464398 6 2
1479332465186 3 2
1479332472443 10 2
1479332474715 10 -2
1479332475817 10 2
1479332477652 0 2
1479332479755 10 -1
1479332481274 0 -2
1479332483884 10 -2
1479332484875 6 -2
1479332485504 3 -2
1479332486325 4 2
1479332487169 7 2
1479332492389 10 1
1479332495483 9 2
1479332496585 5 1
1479332498160 10 -2
1479332509478 0 3
1479332511065 12 1
1479332512281 2 1
1479332513697 2 -1
1479332514394 12 -1
1479332517747 1 1
1479332522191 9 -1
1479332523248 9 1
1479332524025 1 -1
1479332528164 12 1
1479332528918 2 1
1479332531326 2 -1
1479332533407 0 -2
1479332540540 10 2
1479332541137 R
1479332547683 4 2
1479332549169 5 -1
1479332551700 5 1
1479332552971 9 -1
1479332561880 10 -2
1479332575831 4 -2
1479332581681 0 1
1479332582704 10 2
1479332584910 5 -1
1479332586294 5 1
1479332587497 0 -1
1479332588768 2 1
1479332590480 5 -3
1479332592121 5 2
1479332594472 2 -1
1479332597780 10 -1
1479332601447 5 1
1479332602460 10 -1
1479332604440 4 2
1479332608355 0 3
1479332609254 2 1
1479332612608 2 -1
1479332616725 0 -2
1479332617996 0 -1
1479332618682 10 2
1479332619301 2 1
1479332620190 5 -3
1479332621878 5 3
1479332624341 5 -1
1479332628211 5 -2
1479332630810 10 -2
1479332631788 9 -1
1479332636739 1 1
1479332641328 10 1
1479332642634 5 2
1479332643523 2 -1
1479332645401 1 -1
1479332646661 10 1
1479332647743 0 1
1479332651218 12 1
1479332654198 9 2
1479332654963 5 1
1479332655751 10 -2
1479332660487 0 2
1479332661537 9 -1
1479332662468 9 1
1479332663256 0 -2
1479332664729 0 2
1479332669578 2 1
1479332671378 2 -1
1479332672390 0 -2
1479332674223 10 2
1479332675315 5 -1
1479332676699 5 1
1479332677148 10 -2
1479332681424 0 2
1479332682393 12 -1
1479332686689 1 1
1479332688703 2 1
1479332690953 12 2
1479332693395 12 -2
1479332694203 1 -1
1479332695712 1 1
1479332696713 11 -2
1479332698659 2 -1
1479332702225 2 1
1479332706354 11 2
1479332707265 12 2
1479332708446 2 -1
1479332709775 0 -2
1479332711699 R
1479332717773 5 -1
1479332718831 9 -2
1479332723150 2 1
1479332726345 2 -1
1479332728404 0 1
1479332729676 12 1
1479332731947 10 -1
1479332733636 4 2
1479332740195 1 1
1479332742174 12 1
1479332746427 4 -2
1479332747608 3 1
1479332748283 6 1
1479332750680 7 -2
1479332753762 6 1
1479332754481 3 1
1479332757609 12 -2
1479332758397 11 -2
1479332768129 R
1479332771065 10 -2
1479332779952 4 2
1479332784981 10 2
1479332787962 5 -1
1479332789986 0 1
1479332792417 10 -1
1479332795106 10 1
1479332795849 5 1
1479332796703 10 -2
1479332800371 0 1
1479332806649 0 1
1479332808932 0 -3
1479332809821 2 1
1479332810608 10 2
1479332811598 5 -3
1479332814355 5 2
1479332815479 2 -1
1479332816358 0 1
1479332818248 10 -1
1479332822219 12 1
1479332824546 12 -1
1479332826876 9 -2
1479332831657 4 -2
1479332834223 3 1
1479332838802 3 -1
1479332840027 6 1
1479332840657 3 1
1479332841569 7 -2
1479332842368 6 1
1479332843008 3 1
1479332844449 10 3
1479332847824 0 -1
1479332848814 0 2
1479332853505 1 1
