1481800466474 4 2
1481800476082 10 -2
1481800530481 10 1
1481800531377 10 1
1481800532265 10 -1
1481800537753 10 -1
1481800559441 10 1
1481800562961 4 -2
1481800565865 4 2
1481800567097 2 1
1481800577665 2 -1
1481800578122 10 -1
1481800583625 10 1
1481800584202 5 -1
1481800584881 9 -2
1481800591017 2 1
1481800591625 5 -2
1481800593081 4 -3
1481800599346 4 3
1481800600803 R
1481800602849 10 -2
1481800603705 4 2
1481800620537 1 1
1481800637689 1 -1
1481800641545 1 1
1481800642545 4 -2
1481800650305 4 2
1481800654744 4 -2
1481800657456 4 2
1481800658576 10 1
1481800659144 2 1
1481800661112 5 -2
1481800661992 4 -3
1481800662800 1 1
1481800665872 9 -2
1481800668552 9 2
1481800672136 8 -1
1481800675024 9 -1
1481800676096 1 1
1481800678096 5 -1
1481800684000 11 -1
1481800689089 3 -2
1481800690000 6 1
1481800691736 2 2
1481800694968 0 1
1481800699448 2 1
1481800701505 10 -1
1481800702072 0 1
1481800702592 8 -2
1481800703865 1 -2
1481800704800 4 1
1481800711183 9 -1
1481800713295 7 -2
1481800718408 6 1
1481800720657 6 -1
1481800721920 7 2
1481800723601 4 -1
1481800727727 1 2
1481800729624 8 2
1481800733823 12 1
1481800734408 5 -1
1481800735113 8 -2
1481800737304 2 -1
1481800741072 2 1
1481800741608 2 -1
1481800742231 3 3
1481800746343 2 1
1481800746952 11 1
1481800747527 1 -3
1481800751504 1 3
1481800756080 1 -3
1481800756993 7 -2
1481800757544 1 2
1481800758087 6 1
1481800758495 3 1
1481800762695 1 -1
1481800763287 4 1
1481800764031 4 -1
1481800770824 5 1
1481800772408 1 1
1481800773087 8 3
1481800773823 8 -1
1481800774503 12 -1
1481800775879 12 2
1481800776783 8 -2
1481800780271 8 2
1481800781335 0 -1
1481800781744 10 1
1481800782143 5 1
1481800783335 5 -2
1481800783816 10 -1
1481800785055 0 1
1481800785686 0 -1
1481800786585 6 -1
1481800787031 3 -1
1481800787567 7 1
1481800788263 7 1
1481800788888 1 1
1481800790463 0 1
1481800791264 8 -2
1481800794008 1 -1
1481800804600 5 1
1481800805503 12 -2
1481800807359 11 -2
1481800809560 1 1
1481800810119 2 -1
1481800810640 3 -3
1481800811879 2 1
1481800812503 1 -2
1481800819454 9 2
1481800820214 4 1
1481800822007 4 -1
1481800822551 9 -2
1481800824591 9 1
1481800827015 9 -1
1481800835735 1 1
1481800836918 8 2
1481800837479 0 -1
1481800838030 10 1
1481800838590 5 1
1481800843215 11 1
1481800843791 0 -1
1481800845784 1 1
1481800847687 2 -3
1481800853302 2 2
1481800853903 0 1
1481800883038 0 -1
1481800891880 3 3
1481800892583 2 1
1481800893024 8 1
1481800893463 11 1
1481800894135 1 -3
1481800896374 0 1
1481800904782 1 1
1481800905614 1 -1
1481800915398 4 1
1481800917054 9 1
1481800918294 5 2
1481800919134 10 -1
1481800919839 0 1
1481800927135 1 1
1481800930342 1 -1
1481800933982 0 -1
1481800934638 10 2
1481800935630 5 -3
1481800937694 10 -1
1481800939462 4 -1
1481800945606 9 -1
1481800949182 4 1
1481800953830 5 2
1481800956159 5 -2
1481800970094 10 1
1481800973302 10 -1
1481800974390 5 2
1481800976485 9 1
1481800977445 5 1
1481800979278 10 -1
1481800981790 0 1
1481800984199 7 -1
1481800985022 3 1
1481800990781 1 1
1481800991509 11 -2
1481800994709 11 1
1481800995589 11 1
1481800997342 0 -1
1481800997950 10 1
1481800999414 5 -2
1481801000414 4 -1
1481801001406 1 1
1481801008597 9 -1
1481801009613 7 -1
1481801010638 3 -1
1481801011118 7 2
1481801011653 1 1
1481801013646 2 -1
1481801015078 2 1
1481801016246 0 -1
1481801023053 2 -3
1481801027293 6 -1
1481801028549 3 -1
1481801029541 1 -3
1481801031270 4 3
1481801035878 5 1
1481801040533 5 -1
1481801048822 9 2
1481801057805 5 2
1481801058981 2 -1
1481801059981 0 1
1481801060821 12 1
1481801064877 12 -1
1481801065461 0 -1
1481801065933 2 1
1481801067470 5 -2
1481801085053 10 1
1481801087573 10 -1
1481801091429 9 -2
1481801109709 9 2
1481801110653 5 2
1481801111421 2 -1
1481801111861 10 -1
1481801113005 0 3
1481801123469 0 -1
1481801124942 4 -2
1481801125693 6 1
1481801126134 3 1
1481801131708 1 1
1481801132740 11 -2
1481801137365 11 2
1481801143069 1 -1
1481801143685 6 -1
1481801144213 3 -1
1481801146669 4 2
1481801149004 0 -1
1481801150612 10 1
1481801151244 5 -1
1481801151780 9 -2
1481801155205 4 -2
1481801155909 6 1
1481801157806 6 -1
1481801158509 7 -2
1481801159109 6 2
1481801159790 10 2
1481801160909 0 1
1481801163524 3 2
1481801164180 10 1
1481801168044 0 -2
1481801168596 2 1
1481801169692 5 -1
1481801170949 4 -1
1481801171573 1 2
1481801172486 1 -2
1481801174109 4 1
1481801176925 4 -1
1481801178782 10 -3
1481801180484 6 -1
1481801181380 3 -1
1481801182037 7 2
1481801182612 1 3
1481801197332 2 3
1481801201876 0 1
1481801203276 12 2
1481801206733 5 -1
1481801207222 10 -1
1481801207868 0 1
1481801209812 8 -3
1481801211420 2 -1
1481801214829 12 -2
1481801215772 11 -2
1481801217189 3 -3
1481801219004 2 1
1481801219540 1 -2
1481801220244 4 1
1481801221300 7 -2
1481801221756 6 1
1481801223917 11 1
1481801224428 11 -1
1481801228781 6 -1
1481801230125 7 2
1481801230725 4 -1
1481801232036 9 2
1481801232756 4 1
1481801233245 9 -2
1481801233836 4 -1
1481801234436 1 2
1481801235436 8 2
1481801236421 2 -1
1481801238595 11 1
1481801244516 12 1
1481801245028 5 -1
1481801245653 0 -1
1481801246013 10 1
1481801246436 5 2
1481801248477 12 -1
1481801249036 0 -1
1481801250020 2 -2
1481801261308 6 -1
1481801262661 1 -1
1481801263701 9 2
1481801265861 5 -1
1481801266508 10 -1
1481801268211 10 1
1481801268764 10 -1
1481801269827 10 1
1481801270339 5 1
1481801272251 9 -2
1481801278716 3 2
1481801279676 8 1
1481801280052 11 1
1481801280548 1 -2
1481801281772 4 3
1481801308963 5 1
1481801311204 5 -1
1481801323459 9 2
1481801326131 9 -1
1481801327715 5 2
1481801334043 2 -1
1481801334539 0 1
1481801335020 12 1
1481801336803 5 -1
1481801341763 9 -1
1481801342380 7 -1
1481801343227 9 1
1481801345307 4 -1
1481801346109 3 2
1481801350163 10 1
1481801352003 12 -1
1481801352427 0 -1
1481801352851 2 1
1481801356419 5 -1
1481801357699 10 -1
1481801359291 4 -2
1481801361691 1 2
1481801381387 1 -2
1481801387995 9 -1
1481801389147 7 -1
1481801390084 3 -2
1481801390779 7 2
1481801391435 1 3
1481801392715 2 1
1481801395579 5 -1
1481801396346 10 -1
1481801397899 6 1
1481801398251 3 1
1481801398988 2 2
1481801402043 0 2
1481801405515 12 1
1481801406259 5 -1
1481801418275 8 -3
1481801425331 2 -1
1481801427114 3 -2
1481801427730 8 2
1481801443570 3 2
1481801444339 2 1
1481801444755 8 1
1481801447675 0 -1
1481801448186 1 -3
1481801521770 0 1
1481801525258 4 1
1481801541866 4 -1
1481801544186 1 3
1481801553450 9 1
1481801558674 9 -1
1481801563586 5 1
1481801564466 0 -1
1481801579675 5 -1
1481801588010 0 1
1481801589130 2 -1
1481801596315 5 1
1481801597043 12 -1
1481801599090 11 -2
1481801602122 11 1
1481801602682 11 1
1481801605538 12 2
1481801608259 5 -1
1481801612482 5 1
1481801613106 12 -2
1481801614434 0 -2
1481801615602 2 -2
1481801626059 1 -3
1481801627675 10 1
1481801628394 5 1
1481801630714 4 1
1481801631458 5 1
1481801633242 2 -1
1481801634026 0 1
1481801639250 6 -1
1481801643891 3 -1
1481801652553 4 2
1481801661169 9 1
1481801661769 5 1
1481801663218 10 -1
1481801666705 0 2
1481801671337 0 -1
1481801673417 0 1
1481801677032 0 -1
1481801687417 0 -1
1481801726064 10 1
1481801728960 5 -1
1481801731193 9 -1
1481801740960 4 -2
1481801743560 7 -2
1481801749545 6 2
1481801757232 6 -2
1481801758544 4 2
1481801760664 7 2
1481801761400 9 2
1481801770201 1 1
1481801801904 0 -1
1481801802417 5 1
1481801802832 10 -1
1481801803537 0 3
1481801809384 1 -1
1481801820104 1 1
1481801824376 1 -1
1481801828512 0 -3
1481801831975 10 1
1481801833615 2 1
1481801837616 5 -2
1481801838729 4 -3
1481801842520 1 2
1481801843960 9 -1
1481801848591 1 1
1481801850767 6 1
1481801851217 3 1
1481801852408 2 3
1481801853016 0 1
1481801854232 0 -1
1481801859368 1 -3
1481801861920 4 1
1481801862848 5 2
1481801863968 10 -1
1481801866663 0 2
1481801867959 1 1
1481801872880 0 -1
1481801873360 10 1
1481801873848 5 -1
1481801874368 9 -1
1481801876272 7 -2
1481801876839 6 1
1481801877240 3 1
1481801878551 1 -1
1481801879168 10 3
1481801887864 5 -1
1481801888432 4 -1
1481801889512 1 2
1481801890544 0 1
1481801891416 8 -4
1481801897919 0 -2
1481801899751 1 -2
1481801901039 4 1
1481801901552 5 1
1481801904487 10 -3
1481801906416 6 -1
1481801909488 3 -1
1481801910103 7 2
1481801911671 9 1
1481801912495 5 1
1481801913607 10 -1
1481801920319 10 1
1481801921855 0 1
1481801923151 0 -1
1481801927151 5 -2
1481801927696 4 -1
1481801928663 1 3
1481801930679 2 -3
1481801933775 6 -2
1481801934463 3 -2
1481801936319 1 -3
1481801938311 10 3
1481801939126 4 3
1481801940472 5 1
1481801940960 2 -1
1481801942079 9 -1
1481801942991 0 5
