1480633393883 10 -2
1480633394466 0 2
1480633395058 1 1
1480633397737 4 2
1480633398330 9 -1
1480633399954 0 1
1480633400802 2 1
1480633401474 1 -1
1480633402002 1 1
1480633403298 11 -2
1480633403882 2 -1
1480633404442 0 -2
1480633405442 4 -2
1480633406010 6 1
1480633406594 3 1
1480633408210 7 -1
1480633408954 3 1
1480633409602 6 -1
1480633410419 4 1
1480633411530 10 1
1480633412011 5 -1
1480633412514 9 -1
1480633413922 4 -1
1480633414594 7 -1
1480633415482 6 2
1480633418579 6 -2
1480633419108 3 -2
1480633419977 4 2
1480633421051 7 2
1480633422873 11 2
1480633423473 1 -1
1480633424498 10 1
1480633425458 0 -1
1480633426202 2 1
1480633426770 5 -2
1480633427813 9 2
1480633428570 10 -2
1480633429466 1 1
1480633430074 4 -3
1480633430753 1 1
1480633431585 9 -2
1480633432356 1 1
1480633433066 2 1
1480633433961 6 1
1480633434387 3 1
1480633434881 2 2
1480633436458 0 2
1480633436922 1 -3
1480633437810 4 1
1480633440141 0 -2
1480633440963 10 2
1480633441723 5 2
1480633443189 9 2
1480633443834 5 1
1480633444939 10 -2
1480633445707 0 2
1480633446251 1 1
1480633447467 11 -2
1480633449003 11 2
1480633449771 1 -1
1480633450579 0 -2
1480633451115 10 2
1480633451883 5 -3
1480633452531 4 -1
1480633452988 10 -2
1480633453931 9 -2
1480633454515 1 3
1480633455891 2 -3
1480633456403 10 1
1480633457003 5 1
1480633457579 1 -3
1480633458603 4 1
1480633459491 5 1
1480633460123 2 -1
1480633461371 6 -1
1480633462076 3 -1
1480633463003 4 2
1480633464554 10 1
1480633466451 0 1
1480633467035 12 1
1480633469603 12 -1
1480633470203 0 -1
1480633471989 9 2
1480633472748 5 1
1480633473587 10 -2
1480633474547 0 3
1480633475067 2 1
1480633475563 12 1
1480633476987 1 1
1480633477699 12 1
1480633478227 2 -1
1480633478877 0 -2
1480633479780 10 1
1480633480331 5 -1
1480633481572 12 -2
1480633482291 0 -1
1480633482821 2 1
1480633483331 5 -2
1480633485307 4 -3
1480633485987 4 3
1480633486779 9 -2
1480633487483 10 -1
1480633489195 1 -1
1480633490131 4 -3
1480633490915 6 1
1480633491467 3 1
1480633491986 1 3
1480633492795 2 3
1480633493412 1 -3
1480633494123 0 2
1480633496586 12 1
1480633497164 5 -1
1480633498619 0 -1
1480633501067 1 3
1480633503107 0 1
1480633504027 12 1
1480633505731 0 -1
1480633506723 12 -1
1480633507189 5 1
1480633507691 12 -1
1480633508083 0 -1
1480633509276 2 -3
1480633511588 10 1
1480633512267 5 1
1480633512845 1 -3
1480633513867 4 1
1480633514571 1 1
1480633515259 5 1
1480633516043 2 -1
1480633516572 0 1
1480633517163 1 -1
1480633517708 12 1
1480633519101 10 1
1480633520578 10 -1
1480633521499 6 -1
1480633522013 3 -1
1480633522467 4 2
1480633523227 10 1
1480633524587 12 -1
1480633525060 0 -1
1480633525581 2 1
1480633527003 9 2
1480633528444 5 1
1480633529364 10 -2
1480633529907 2 -1
1480633530683 0 3
1480633532507 1 1
1480633533308 12 2
1480633538644 12 -2
1480633539331 1 -1
1480633540788 2 1
1480633546277 2 -1
1480633547459 0 -3
1480633548219 2 1
1480633549539 10 1
1480633550811 5 -3
1480633552203 10 -1
1480633552980 1 1
1480633553987 4 -3
1480633554691 9 -2
1480633555467 1 2
1480633556067 2 1
1480633557075 6 1
1480633557531 3 1
1480633558659 2 2
1480633559875 2 -1
1480633560428 3 -1
1480633561235 0 2
1480633562363 12 2
1480633563092 5 -1
1480633564411 0 -1
1480633565931 10 1
1480633566547 10 -1
1480633568123 3 1
1480633568691 2 1
1480633569459 1 -2
1480633570347 12 -1
1480633570755 1 -1
1480633571540 0 1
1480633573027 7 -2
1480633573547 6 1
1480633574155 3 1
1480633575019 4 1
1480633575597 0 -1
1480633576371 10 4
1480633577067 0 1
1480633577668 4 -1
1480633578291 5 2
1480633579179 12 -1
1480633579891 0 -2
1480633580635 1 2
1480633583612 5 -1
1480633584443 1 -2
1480633585243 10 -4
1480633585915 0 2
1480633587747 1 2
1480633589171 11 -2
1480633590027 8 -3
1480633590859 1 -1
1480633591827 1 1
1480633592708 6 -1
1480633593132 3 -1
1480633593747 7 2
1480633594539 1 1
1480633595187 2 -1
1480633596067 8 2
1480633597130 11 1
1480633598074 0 -2
1480633602940 0 2
1480633603628 12 1
1480633604467 0 -1
1480633604981 12 -1
1480633605500 0 -1
1480633606651 2 -2
1480633607227 1 -1
1480633607787 6 -1
1480633608643 3 -3
1480633610252 7 -2
1480633611003 6 2
1480633612893 3 2
1480633613477 8 1
1480633614468 11 1
1480633614955 1 -2
1480633615723 6 -2
1480633616627 4 3
1480633618051 10 2
1480633620587 10 -2
1480633622027 7 2
1480633622698 1 1
1480633628250 10 1
1480633628987 9 1
1480633630002 5 3
1480633630556 10 -1
1480633631050 2 -1
1480633631850 0 3
1480633635514 1 -1
1480633637147 0 -1
1480633637924 4 -2
1480633638699 7 -1
1480633639363 7 1
1480633639810 9 1
1480633640778 4 2
1480633641332 0 1
1480633642635 1 1
1480633643395 11 -2
1480633644114 2 1
1480633645650 2 -1
1480633646713 11 2
1480633647370 1 -1
1480633648498 0 -3
1480633652322 4 -2
1480633652979 10 2
1480633653538 2 1
1480633654369 5 -3
1480633656107 10 -2
1480633656579 4 -1
1480633657122 9 -2
1480633657890 6 1
1480633658386 3 1
1480633659282 1 3
1480633660226 2 3
1480633660826 0 1
1480633661810 12 2
1480633662330 5 -1
1480633663146 10 1
1480633664666 10 -1
1480633665506 0 1
1480633666531 8 -3
1480633667227 5 1
1480633668329 5 -1
1480633670571 1 -2
1480633671138 12 -1
1480633671978 1 -1
1480633676586 1 3
1480633677634 8 3
1480633682403 0 -1
1480633683860 10 1
1480633684779 1 -3
1480633685731 4 1
1480633686347 9 2
1480633687523 5 4
1480633688131 10 -1
1480633689611 1 1
1480633690389 0 1
1480633691107 12 -1
1480633691811 11 -2
1480633693891 11 2
1480633694580 12 2
1480633695116 12 -2
1480633695859 0 -2
1480633696398 1 -1
1480633697107 10 2
1480633697804 5 -3
1480633698611 10 -2
1480633699227 4 -1
1480633699971 9 -2
1480633701155 1 3
1480633702203 2 -3
1480633702875 8 -1
1480633703555 11 -1
1480633704972 2 2
1480633705771 0 2
1480633706476 12 1
1480633707003 5 -1
1480633708587 8 -2
1480633710685 3 -2
1480633711339 3 -1
1480633712324 2 1
1480633713051 1 -2
1480633714187 7 -2
1480633714971 6 1
1480633716155 1 1
1480633717404 1 -1
1480633718181 4 1
1480633719531 5 1
1480633720171 12 -1
1480633720931 11 -1
1480633722739 6 -1
1480633723691 7 2
1480633724275 4 -1
1480633725147 1 2
1480633725948 8 2
1480633726437 0 -1
1480633726987 2 -1
1480633728162 3 3
1480633728869 2 1
1480633729883 8 1
1480633730477 11 2
1480633731259 1 -3
1480633732373 4 1
1480633734932 0 1
1480633735555 4 -1
1480633741387 0 -2
1480633742779 10 1
1480633743379 5 1
1480633744995 1 3
1480633747147 1 -3
1480633748180 4 1
1480633749340 9 1
1480633750203 9 -1
1480633750715 4 -1
1480633751459 1 3
1480633752323 2 -3
1480633752939 8 -1
1480633753372 11 -1
1480633754019 6 -1
1480633754547 3 -2
1480633755564 3 1
1480633756268 8 1
1480633756821 11 1
1480633757411 1 -3
1480633758237 4 3
1480633759043 10 1
1480633759931 5 -1
1480633762045 9 2
1480633763507 10 -2
1480633764972 4 -3
1480633765932 9 -2
1480633767195 1 3
1480633768107 2 1
1480633768627 6 1
1480633769085 3 1
1480633769661 2 2
1480633770291 0 2
1480633771053 2 -1
1480633772348 8 -1
1480633773651 11 -1
1480633774203 3 -3
1480633774899 0 -2
1480633775892 10 1
1480633776629 9 1
1480633777299 5 1
1480633778355 0 1
1480633779995 3 3
1480633780731 0 -1
1480633781379 5 -1
1480633781964 10 -1
1480633782827 0 2
1480633783612 11 -1
1480633784197 8 -2
1480633786467 3 -3
1480633787291 2 1
1480633787821 1 -2
1480633788611 11 1
1480633789788 7 -1
1480633790307 9 -1
1480633791467 4 1
1480633792972 7 1
1480633794475 11 -1
1480633796515 9 2
1480633797013 4 -1
1480633797971 9 -2
1480633799091 7 -2
1480633799891 6 1
1480633800435 1 1
1480633801723 8 2
1480633802220 11 1
1480633803019 0 -2
1480633803660 10 1
1480633804939 5 1
1480633806259 5 -1
1480633807003 10 -1
1480633808651 6 -1
1480633809139 7 2
1480633812963 0 2
1480633814075 12 1
1480633814587 5 -1
1480633815411 0 -1
1480633816651 7 -2
1480633817347 6 1
1480633818972 10 1
1480633819955 5 2
1480633820620 12 -1
1480633821483 0 -1
1480633838851 5 -1
1480633839699 10 -1
1480633840611 0 2
1480633841764 8 -2
1480633842476 11 -1
1480633843443 1 -1
1480633844115 6 -1
1480633844747 7 2
1480633845581 4 1
1480633846043 9 2
1480633848755 11 1
1480633849419 12 1
1480633849987 5 -1
1480633853261 R
