1481282077114 9 -1
1481282078299 4 2
1481282079597 10 -2
1481282081395 1 1
1481282082909 0 3
1481282084599 12 2
1481282086279 2 1
1481282087786 12 -2
1481282089269 1 -1
1481282089934 1 1
1481282095757 1 -1
1481282097068 2 -1
1481282098070 0 -3
1481282099365 4 -2
1481282100469 6 1
1481282101130 3 1
1481282102016 1 1
1481282102774 0 2
1481282103709 11 -2
1481282105564 11 2
1481282106281 1 -1
1481282107573 0 -2
1481282109094 6 -1
1481282109941 3 -1
1481282111175 4 2
1481282113320 4 -2
1481282114493 2 1
1481282114988 10 2
1481282115788 5 -3
1481282116717 10 -2
1481282118325 1 1
1481282120645 10 1
1481282122124 4 -1
1481282122797 9 -1
1481282124559 7 -2
1481282125244 3 2
1481282126174 6 2
1481282127511 1 1
1481282129536 11 -1
1481282130237 8 -1
1481282131480 3 -4
1481282132596 6 -2
1481282134193 7 2
1481282134997 1 1
1481282136111 10 -1
1481282137259 2 1
1481282139425 6 1
1481282140413 2 2
1481282141901 1 -1
1481282142901 9 2
1481282144613 9 -2
1481282145482 1 1
1481282150508 2 -2
1481282151343 6 -1
1481282153724 2 -1
1481282156108 6 1
1481282157285 3 3
1481282158189 8 1
1481282159448 11 1
1481282160746 1 -3
1481282163366 6 -1
1481282164236 3 -1
1481282165736 4 3
1481282171236 10 2
1481282172412 5 2
1481282175291 2 -1
1481282176608 0 1
1481282178432 4 -2
1481282180841 4 2
1481282182760 10 -1
1481282184182 1 1
1481282185773 12 2
1481282187956 U
1481282188824 R
1481282192556 10 -2
1481282199831 4 1
1481282200892 4 1
1481282201932 2 1
1481282202681 10 2
1481282207336 5 -2
1481282209399 4 -3
1481282210899 10 -1
1481282213810 9 -2
1481282214747 1 3
1481282221492 8 -1
1481282222156 11 -1
1481282222944 3 -2
1481282223954 6 1
1481282225028 2 3
1481282226986 5 -1
1481282228316 10 -1
1481282232538 0 2
1481282234875 8 -2
1481282240420 2 -1
1481282244049 11 -1
1481282246942 2 1
1481282250078 11 1
1481282252796 8 1
1481282256951 2 -1
1481282258819 3 3
1481282259804 2 1
1481282260620 8 2
1481282261365 11 1
1481282262592 1 -3
1481282265724 7 -2
1481282266573 6 1
1481282267644 3 1
1481282271401 1 2
1481282272580 8 -3
1481282273516 11 -2
1481282274804 1 -1
1481282275975 4 1
1481282277861 R
1481282282501 2 1
1481282283156 5 -3
1481282284566 10 -2
1481282287276 4 -1
1481282288212 9 -2
1481282289956 1 3
1481282292196 8 -1
1481282292870 11 -1
1481282293698 3 -2
1481282294724 6 1
1481282295692 2 3
1481282297180 1 -1
1481282298468 0 2
1481282299340 8 -2
1481282300228 1 -1
1481282302460 11 -1
1481282307724 1 1
1481282308540 8 2
1481282310092 11 1
1481282310824 12 1
1481282311580 5 -1
1481282313388 8 -2
1481282317892 1 -1
1481282320172 7 -2
1481282321045 6 1
1481282321772 1 1
1481282325159 U
1481282325572 U
1481282326581 U
1481282328260 U
1481282331564 7 -1
1481282335402 8 2
1481282336643 0 -1
1481282337916 5 1
1481282338884 12 -1
1481282339659 0 -1
1481282342638 10 1
1481282343523 5 1
1481282344547 5 -1
1481282345220 10 -1
1481282347951 7 -1
1481282348681 6 1
1481282352164 6 -1
1481282353500 7 2
1481282354356 1 1
1481282355228 2 -3
1481282356912 6 -1
1481282359204 3 3
1481282359857 8 1
1481282360348 11 1
1481282361133 1 -3
1481282363292 3 -1
1481282364428 4 3
1481282367316 10 2
1481282369211 9 2
1481282370109 5 3
1481282371232 2 -1
1481282372636 0 1
1481282373532 12 1
1481282374462 10 -2
1481282377916 0 2
1481282378899 2 1
1481282379887 2 -1
1481282380804 0 -2
1481282381588 10 2
1481282382156 10 -2
1481282384180 1 1
1481282384932 12 1
1481282388725 9 -1
1481282389827 7 -1
1481282390644 4 -2
1481282391844 6 1
1481282392581 3 2
1481282394140 0 1
1481282396164 12 -1
1481282397051 1 -1
1481282397971 0 -1
1481282401188 6 -1
1481282402339 4 1
1481282403180 10 2
1481282404768 5 -1
1481282405539 9 -1
1481282406939 4 -1
1481282408073 3 -2
1481282408855 7 1
1481282409555 4 2
1481282410870 10 -1
1481282412764 1 1
1481282413795 12 1
1481282416308 12 -2
1481282417307 1 -1
1481282418499 10 1
1481282419675 0 -1
1481282420347 2 1
1481282421036 5 -2
1481282421961 10 -2
1481282424354 4 -3
1481282426380 1 3
1481282427335 2 1
1481282429161 10 1
1481282430184 5 1
1481282432122 5 -1
1481282432932 10 -1
1481282434003 9 1
1481282434644 10 1
1481282435453 2 -1
1481282436095 1 -3
1481282436879 4 3
1481282438062 10 -1
1481282438738 9 -1
1481282445725 4 -3
1481282448172 6 1
1481282448362 3 1
1481282450829 1 2
1481282460513 1 1
1481282464437 11 -1
1481282467610 8 -1
1481282468693 3 -3
1481282469971 2 3
1481282471067 1 -1
1481282478707 0 1
1481282479454 12 1
1481282480587 5 -1
1481282482099 10 1
1481282483307 5 2
1481282484103 12 -1
1481282484981 0 -1
1481282486737 1 1
1481282488507 5 -1
1481282491133 2 -3
1481282493835 6 -1
1481282494662 1 -1
1481282496077 7 -2
1481282496923 6 2
1481282498340 3 3
1481282498932 8 1
1481282499359 11 1
1481282500075 1 -2
1481282501604 3 1
1481282502787 10 3
1481282505875 4 1
1481282506755 5 2
1481282507683 2 -1
1481282509059 0 2
1481282510083 12 1
1481282513259 0 -1
1481282514592 10 -3
1481282515588 1 1
1481282516317 12 1
1481282518508 12 -2
1481282519567 0 -1
1481282520736 1 -1
1481282522819 10 2
1481282525917 3 -2
1481282526966 10 -2
1481282528169 6 -2
1481282529443 4 2
1481282531418 7 2
1481282533695 2 1
1481282534381 5 -2
1481282535361 10 -1
1481282539219 4 -3
1481282541534 1 3
1481282542969 2 1
1481282544064 8 -1
1481282545646 11 -1
1481282547123 3 -2
1481282548697 6 1
1481282550308 2 2
1481282557264 0 1
1481282559384 12 1
1481282559694 5 -1
1481282564555 2 -1
1481282565995 3 3
1481282566782 8 1
1481282567395 11 1
1481282568309 12 1
1481282570979 12 -1
1481282572704 2 1
1481282573203 1 -3
1481282578098 10 2
