1482758427211 2 1
1482758429106 5 -3
1482758431858 10 -1
1482758434098 10 -1
1482758435011 4 -1
1482758437114 4 3
1482758438498 9 -2
1482758444906 9 2
1482758448570 R
1482758454050 0 1
1482758457515 10 -2
1482758458402 0 1
1482758459842 4 2
1482758460746 0 1
1482758463906 2 1
1482758465298 2 -1
1482758466450 1 1
1482758467851 12 2
1482758470146 2 1
1482758473034 9 -1
1482758475866 12 -2
1482758476819 11 -2
1482758478786 2 -1
1482758480642 11 2
1482758481396 1 -1
1482758483170 1 1
1482758485881 9 1
1482758495258 0 -3
1482758496394 10 1
1482758497217 5 -1
1482758498585 9 -2
1482758499449 2 1
1482758500554 5 -2
1482758501809 10 -1
1482758509330 10 1
1482758510177 5 2
1482758511257 2 -1
1482758511993 0 1
1482758512986 12 2
1482758517617 9 2
1482758518769 5 1
1482758519594 10 -1
1482758520737 0 2
1482758526337 12 -1
1482758527289 1 -1
1482758532281 1 1
1482758533241 11 -1
1482758538953 2 1
1482758551666 9 -1
1482758558866 11 1
1482758559665 12 -1
1482758560834 1 -1
1482758562393 2 -1
1482758564850 0 -3
1482758568170 10 2
1482758569130 5 -1
1482758570193 4 -2
1482758570993 9 -1
1482758573570 4 2
1482758576530 0 1
1482758588529 4 -2
1482758590545 0 -1
1482758591202 2 1
1482758591945 5 -2
1482758593026 10 -2
1482758593786 4 -1
1482758597329 1 3
1482758598282 2 1
1482758599913 6 1
1482758600721 3 1
1482758601595 2 2
1482758602369 0 2
1482758604466 1 -3
1482758605859 4 1
1482758608289 7 -2
1482758609337 6 1
1482758609970 3 1
1482758612522 6 -1
1482758614441 3 -1
1482758616042 7 2
1482758617306 4 -1
1482758621417 1 3
1482758623042 11 -2
1482758624442 8 -3
1482758625570 1 -2
1482758628745 4 1
1482758629642 9 2
1482758631978 4 -1
1482758633274 1 1
1482758634594 1 -1
1482758637241 9 -2
1482758642561 11 2
1482758643411 1 -1
1482758649146 7 -2
1482758649857 6 1
1482758650533 3 1
1482758653745 1 2
1482758655905 8 3
1482758657027 1 -2
1482758664386 6 -1
1482758665193 6 1
1482758666690 1 2
1482758667689 8 -3
1482758668402 1 -2
1482758670257 6 -1
1482758671385 3 -1
1482758674011 6 1
1482758675209 3 1
1482758677026 4 1
1482758682138 1 1
1482758683170 1 -1
1482758685393 6 -1
1482758686322 7 1
1482758687867 4 -1
1482758692817 12 1
1482758693729 5 -1
1482758701018 R
1482758704906 10 -2
1482758706001 0 2
1482758707890 4 2
1482758710418 0 1
1482758711369 2 1
1482758712842 2 -1
1482758714889 1 1
1482758734626 0 -3
1482758735818 10 1
1482758736529 5 -1
1482758738073 2 1
1482758738865 5 -2
1482758740257 10 -1
1482758743649 10 1
1482758745218 5 2
1482758746338 2 -1
1482758747057 0 1
1482758747833 12 2
1482758753202 12 -2
1482758754825 11 -1
1482758756033 0 -1
1482758756954 2 1
1482758757882 5 -2
1482758759058 10 -1
