1481921066255 4 2
1481921066903 10 -2
1481921067815 0 3
1481921068734 2 1
1481921069319 12 1
1481921070662 9 -1
1481921071334 7 -1
1481921072350 2 -1
1481921072926 12 -1
1481921073806 0 -3
1481921075606 4 -2
1481921076407 6 1
1481921076862 3 2
1481921078334 1 1
1481921079622 11 -1
1481921080974 0 2
1481921083014 11 1
1481921085182 6 -1
1481921085742 3 -2
1481921086294 4 2
1481921086966 0 1
1481921088406 7 1
1481921089630 2 1
1481921092045 12 2
1481921093326 2 -1
1481921094037 0 -2
1481921094717 10 1
1481921095190 5 -1
1481921095693 9 -1
1481921097766 7 -2
1481921098261 4 -2
1481921098981 6 2
1481921099701 3 2
1481921101077 12 -2
1481921101917 0 -1
1481921104246 2 1
1481921104821 5 -2
1481921105407 10 -1
1481921105877 4 -1
1481921107693 1 1
1481921109445 8 -1
1481921109893 11 -1
1481921110813 6 -2
1481921111557 3 -4
1481921112613 7 2
1481921117332 9 1
1481921118028 1 1
1481921119352 6 1
1481921120124 2 3
1481921121188 0 2
1481921122068 12 1
1481921122684 5 -1
1481921123524 9 -1
1481921125516 1 -1
1481921126420 7 -2
1481921127076 6 1
1481921128220 8 -2
1481921128996 1 -1
1481921130868 4 1
1481921133180 6 -1
1481921133716 7 2
1481921135092 9 2
1481921136212 4 -1
1481921136804 9 -2
1481921138526 1 2
1481921139435 2 -1
1481921143999 3 3
1481921144931 8 3
1481921145603 2 1
1481921146421 11 1
1481921147235 1 -3
1481921148819 4 1
1481921150875 9 2
1481921151923 9 -2
1481921152620 7 -2
1481921153284 6 1
1481921153867 3 1
1481921154523 0 -1
1481921155307 10 4
1481921156779 4 -1
1481921159507 5 2
1481921160203 12 -1
1481921162610 0 1
1481921163251 1 2
1481921164130 8 -4
1481921164882 11 -2
1481921166194 11 2
1481921166676 1 -2
1481921168299 10 -1
1481921168962 3 -1
1481921169802 0 -2
1481921170474 10 -2
1481921171946 6 -1
1481921172650 7 2
1481921174434 1 3
1481921177839 1 -3
1481921178834 10 1
1481921179586 4 1
1481921180274 5 1
1481921181426 9 2
1481921182562 5 1
1481921183258 10 -2
1481921184506 0 2
1481921186138 1 1
1481921187145 12 2
1481921187730 8 1
1481921189058 9 -1
1481921189521 7 -1
1481921190841 3 1
1481921191586 8 -1
1481921192146 0 -1
1481921192610 10 1
1481921193201 5 -2
1481921193802 4 -1
1481921194265 9 -1
1481921194913 7 -1
1481921195546 6 1
1481921196273 1 1
1481921197306 12 -2
1481921198265 0 -1
1481921199297 1 -2
1481921202457 10 3
1481921203529 0 2
1481921205124 8 1
1481921205521 12 1
1481921206193 5 -2
1481921208089 1 2
1481921209017 8 3
1481921209969 12 1
1481921211353 0 -1
1481921213344 1 -1
1481921216776 4 1
1481921217736 5 3
1481921218512 12 -2
1481921221312 0 1
1481921222457 11 -2
1481921223746 11 2
1481921224344 1 -1
1481921225176 0 -2
1481921226416 10 -3
1481921228072 6 -1
1481921228656 3 -1
1481921229448 7 2
1481921232088 1 1
1481921233296 0 1
1481921234296 11 -2
1481921235680 11 2
1481921236392 12 2
1481921237335 5 -3
1481921238367 10 -1
1481921240503 4 -1
1481921241271 0 1
1481921243071 1 2
1481921244047 8 -3
1481921245671 12 -1
1481921246271 1 -3
1481921249047 7 -2
1481921249672 6 1
1481921250199 3 1
1481921251423 4 1
1481921253664 5 1
1481921254479 12 -1
1481921255495 4 -1
1481921256447 1 2
1481921257159 8 3
1481921257982 1 -2
1481921265742 1 2
1481921266479 8 -3
1481921267182 11 -2
1481921269238 11 2
1481921270214 1 -2
1481921272110 6 -1
1481921272627 3 -1
1481921273231 7 2
1481921273974 9 2
1481921281278 9 -2
1481921281925 1 3
1481921282822 2 -1
1481921283661 11 -2
1481921284382 3 -3
1481921285309 2 1
1481921286989 1 -2
1481921288693 7 -2
1481921289349 6 1
1481921290501 1 1
1481921291672 11 1
1481921292949 8 2
1481921294834 12 1
1481921295405 5 -1
1481921296477 0 -1
1481921297157 10 1
1481921298629 10 -1
1481921299309 0 1
1481921299925 8 -2
1481921300845 1 -1
1481921302149 4 1
1481921303013 6 -1
1481921304181 7 2
1481921304909 9 2
1481921307068 4 -1
1481921307781 1 1
1481921308508 8 2
1481921309340 0 -1
1481921310004 10 1
1481921310644 5 2
1481921311468 12 -1
1481921312284 0 -1
1481921313965 5 -1
1481921314452 10 -1
1481921315340 9 -2
1481921316024 1 1
1481921316676 2 -3
1481921318485 3 3
1481921319045 8 1
1481921319510 11 1
1481921320388 1 -3
1481921321548 1 3
1481921322477 2 3
1481921323332 1 -3
1481921325980 7 -2
1481921326615 6 1
1481921327124 3 1
1481921327980 10 4
1481921330876 0 2
1481921331988 12 1
1481921332516 5 -1
1481921333563 0 -1
1481921334683 10 -4
1481921337923 1 2
1481921340084 8 -1
1481921340523 11 -1
1481921341446 5 1
1481921341995 12 -1
1481921342963 11 -1
1481921344356 0 1
1481921344907 8 -2
1481921346838 11 2
1481921347507 1 -2
1481921348972 6 -1
1481921349595 3 -1
1481921350291 7 2
1481921351075 9 2
1481921351659 4 1
1481921353013 12 1
1481921353531 5 -1
1481921354691 1 1
1481921355323 12 1
1481921356650 4 -1
1481921357307 9 -2
1481921358187 1 2
1481921359427 8 3
1481921361770 0 -1
1481921362858 10 1
1481921364139 R
1481921367050 10 -2
1481921369482 4 2
1481921373858 0 3
1481921376010 2 1
1481921377074 12 1
1481921378274 9 -1
1481921379114 7 -1
1481921380146 2 -1
1481921380978 0 -2
1481921381873 10 2
1481921383466 5 -1
1481921384017 9 -1
1481921387281 7 1
1481921387977 9 2
1481921388497 5 1
1481921389473 10 -2
1481921390625 0 2
1481921392217 9 -1
1481921394243 7 -1
1481921395355 2 1
1481921396187 2 -1
1481921396690 12 -1
1481921397570 0 -3
1481921399466 4 -2
1481921400818 7 1
1481921401478 7 -1
1481921402154 3 2
1481921402890 6 1
1481921405378 1 1
1481921406474 1 -1
1481921408010 6 -1
1481921408626 3 -2
1481921409458 4 2
1481921410042 7 1
1481921412458 0 3
1481921416202 0 -2
1481921417946 10 2
1481921418994 5 -1
1481921419554 9 -1
1481921422338 4 -2
1481921422961 7 -2
1481921423634 6 2
1481921424274 3 2
1481921424945 10 2
1481921428585 0 1
1481921430433 0 -2
1481921431793 2 1
1481921432489 5 -2
1481921433563 4 -1
1481921434641 10 -4
1481921436169 1 2
1481921438098 8 -1
1481921438538 11 -1
1481921439297 6 -2
1481921440001 3 -4
1481921440857 7 2
1481921441529 1 1
1481921442081 6 1
1481921442888 2 3
1481921444712 0 2
1481921446032 12 1
1481921446816 5 -1
1481921448232 8 -2
1481921450577 1 -2
1481921452457 7 -2
1481921453552 6 1
1481921455528 1 1
1481921456552 1 -1
1481921457240 6 -1
1481921457864 7 2
1481921458451 4 1
1481921459000 9 2
1481921460658 5 1
1481921461616 12 -1
1481921462440 11 -1
1481921464408 R
1481921478959 10 -2
1481921479767 0 2
1481921484623 0 -2
1481921486583 6 1
1481921487103 9 -1
1481921488615 7 -1
1481921489383 7 1
1481921490479 2 1
1481921491647 10 1
1481921492471 5 -3
1481921493998 9 -1
1481921495630 6 -1
1481921498830 7 -2
1481921499734 6 2
1481921500478 3 2
1481921502078 10 3
1481921507510 5 2
1481921508278 2 -1
1481921509886 0 2
1481921511054 1 1
1481921513206 12 2
1481921516317 12 -2
1481921516958 11 -2
1481921518565 11 2
1481921519197 0 -2
1481921519757 2 1
1481921520869 5 -2
1481921521566 4 -1
1481921522861 1 1
1481921525877 5 1
1481921526886 8 -1
1481921527349 11 -1
1481921528973 R
1481921532941 4 2
1481921538285 10 -1
1481921539133 5 -1
1481921540197 9 -2
1481921546636 2 1
1481921548052 5 -2
1481921548948 10 -1
1481921551676 4 -3
1481921554308 6 1
1481921554972 3 1
1481921557164 1 3
1481921558413 2 3
1481921559521 1 -3
1481921564100 7 -2
1481921565076 6 1
1481921565691 3 1
1481921566779 10 4
1481921570123 1 2
1481921571012 0 2
1481921571843 12 2
1481921572491 5 -1
1481921575988 8 -3
1481921576739 1 -1
1481921578603 4 1
1481921579716 5 3
1481921580299 8 -1
1481921581395 12 -2
1481921582443 1 -1
1481921586059 10 -1
1481921588507 0 -1
1481921589283 10 -2
1481921591458 6 -1
1481921592091 3 -1
1481921592826 7 2
1481921594602 9 2
1481921597274 5 1
1481921598882 5 -2
1481921599498 4 -1
1481921601722 9 -2
1481921604634 7 -2
1481921605282 6 1
1481921605842 3 1
1481921607010 10 3
1481921607938 0 1
1481921608986 1 2
1481921609890 8 4
1481921611226 12 2
1481921611882 5 -2
1481921613586 0 -1
1481921615505 5 1
1481921616121 12 -2
1481921617133 1 -2
1481921618385 10 -4
1481921621265 1 2
1481921622425 8 -1
1481921623115 11 -2
1481921624532 0 1
1481921625217 8 -2
1481921627985 1 -1
1481921629097 4 1
1481921630529 6 -1
1481921631001 3 -1
1481921631569 7 2
1481921632265 9 2
1481921634881 11 2
1481921635553 1 -1
1481921636641 12 1
1481921637377 5 -1
1481921639553 1 1
1481921640416 12 1
1481921641016 12 -1
1481921642472 4 -1
1481921643368 9 -2
1481921644272 1 2
1481921645456 8 3
1481921646832 0 -1
1481921647784 1 -3
1481921653584 7 -2
1481921654224 6 1
1481921654753 3 1
1481921655560 10 4
1481921656632 0 1
1481921658192 5 2
1481921660032 1 2
1481921662504 8 -4
1481921663135 12 -1
1481921664912 0 -2
1481921665625 1 -2
1481921668287 10 -3
1481921670688 6 -1
1481921671223 3 -1
1481921673592 1 2
1481921676504 7 2
1481921677015 1 1
1481921678311 2 -3
1481921680088 6 -2
1481921680786 3 -2
1481921681311 1 -3
1481921682887 10 3
1481921683855 4 3
1481921685415 5 1
1481921685838 2 -1
1481921686334 0 5
