1481799781680 4 2
1481799783303 10 -2
1481799787482 0 3
1481799788655 2 1
1481799791367 2 -1
1481799801527 0 -3
1481799810303 4 -2
1481799812047 9 -1
1481799813256 7 -1
1481799814424 3 2
1481799816927 6 1
1481799820623 0 2
1481799825007 6 -1
1481799826479 4 1
1481799827759 3 -2
1481799828776 4 1
1481799830415 7 1
1481799833400 0 1
1481799834663 2 1
1481799837888 12 1
1481799839038 2 -1
1481799840918 0 -2
1481799842414 4 -2
1481799843918 1 1
1481799845534 0 1
1481799847551 12 1
1481799848606 0 -1
1481799849628 4 2
1481799853110 10 1
1481799855182 10 -1
1481799856670 0 2
1481799857862 7 -1
1481799860007 0 -2
1481799861158 4 -2
1481799862132 3 2
1481799864999 6 1
1481799868192 0 1
1481799870786 R
1481799874990 10 -2
1481799879567 4 2
1481799887774 9 -1
1481799896823 0 3
1481799899856 9 1
1481799902895 9 -1
1481799907927 0 -1
1481799909608 4 -2
1481799911071 6 1
1481799913487 3 1
1481799915816 1 1
1481799918791 12 2
1481799921815 0 -1
1481799922783 10 1
1481799925343 12 -2
1481799926471 0 -1
1481799927816 2 1
1481799929112 6 -1
1481799930194 3 -1
1481799931391 4 2
1481799932439 10 -1
1481799933895 2 -1
1481799940431 2 1
1481799941239 10 1
1481799942500 5 -3
1481799945223 10 -1
1481799946439 1 -1
1481799948424 10 2
1481799949896 9 -1
1481799951607 4 -3
1481799953153 3 1
1481799953983 6 1
1481799956951 10 -2
1481799957999 1 3
1481799961203 2 3
1481799963599 0 2
1481799964400 1 -3
1481799967186 7 -2
1481799968146 3 1
1481799972120 3 -1
1481799974048 4 1
1481799975491 12 1
1481799976591 5 -1
1481799978995 4 -1
1481799981866 R
1481799983097 R
1481799990430 R
1481799993287 10 -2
1481799995792 0 2
1481799997143 4 2
1481800000711 12 1
1481800001623 12 -1
1481800002347 0 -2
1481800003967 10 2
1481800005346 R
1481800011040 3 1
1481800011975 6 1
1481800012809 10 -2
1481800015111 R
1481800017863 3 1
1481800018696 6 1
1481800019944 10 -2
1481800021584 1 1
1481800022608 0 2
1481800023957 12 2
1481800024863 0 -1
1481800026359 10 1
1481800027623 12 -2
1481800028359 0 -1
1481800029745 2 1
1481800031455 5 -3
1481800033223 9 -2
1481800034511 4 -1
1481800035407 10 -1
1481800039032 1 2
1481800040288 2 3
1481800043279 0 2
1481800044343 12 2
1481800045520 5 -1
1481800049304 0 -1
1481800052458 1 -2
1481800054391 7 -2
1481800055349 3 1
1481800056776 4 1
1481800057879 0 1
1481800059855 3 -1
1481800061441 12 -1
1481800063711 1 -1
1481800066007 4 -1
1481800067532 7 2
1481800071246 1 3
1481800075167 0 -1
1481800077071 10 1
1481800080228 1 -3
1481800081722 9 2
1481800085406 10 -1
1481800087671 9 -2
1481800089102 0 1
1481800090145 1 3
1481800091755 1 -3
1481800094935 5 1
1481800096566 12 -1
1481800100038 7 -2
1481800100906 6 1
1481800101726 3 1
1481800106847 R
1481800111079 6 1
1481800112172 3 1
1481800114718 9 -1
1481800116022 10 -2
1481800119071 0 2
1481800119894 6 -1
1481800120855 3 -1
1481800122342 4 2
1481800126006 1 1
1481800127727 12 2
1481800129070 0 -1
1481800130038 10 1
1481800132206 5 -1
1481800133294 9 -1
1481800135954 12 -2
1481800136753 0 -1
1481800138174 2 1
1481800139409 5 -2
1481800146311 10 -1
1481800148136 1 -1
1481800155840 1 1
1481800157615 11 -1
1481800158592 R
1481800160488 10 -2
1481800162775 0 2
1481800165247 1 1
1481800166463 12 2
1481800169105 12 -2
1481800169869 1 -1
1481800171167 0 -2
1481800172952 4 2
1481800175783 10 2
1481800176871 5 -1
1481800178337 9 -2
1481800182552 2 1
1481800183513 5 -2
1481800185852 10 -2
1481800196375 R
1481800198885 4 2
1481800211302 2 1
1481800213623 5 -1
1481800217222 9 -2
1481800219231 7 -2
1481800220438 4 -2
1481800221216 3 2
1481800223943 7 1
1481800225575 6 1
1481800228959 2 -1
1481800229966 10 -1
1481800231630 1 1
1481800232558 0 1
1481800233679 12 2
1481800235617 6 -1
1481800236671 4 1
1481800238617 R
1481800249214 3 1
1481800254206 6 1
1481800256270 2 1
1481800258207 5 -3
1481800259479 10 -2
1481800260578 4 -1
1481800261712 9 -2
1481800263104 1 3
1481800264840 2 3
1481800266423 0 2
1481800267935 12 2
1481800269767 5 -1
1481800271266 1 -2
1481800272887 12 -1
1481800273815 1 -1
1481800286343 4 1
1481800289816 4 -1
1481800292268 R
1481800296351 10 -2
1481800298698 4 2
1481800302127 0 3
1481800307072 1 1
1481800308327 12 2
1481800311728 9 -1
1481800312719 7 -1
1481800316471 0 -1
1481800318231 4 -2
1481800319195 7 1
1481800320152 9 1
