1482534997638 4 2
1482535002442 10 -2
1482535005763 0 3
1482535014993 0 -2
1482535021644 12 1
1482535023783 12 -1
1482535027024 1 1
1482535028154 0 -1
1482535032542 1 -1
1482535035198 10 2
1482535036576 2 1
1482535037963 5 -3
1482535039183 10 -2
1482535042198 9 -2
1482535047006 10 2
1482535048960 5 2
1482535050101 2 -1
1482535052626 0 1
1482535053940 10 -1
1482535055539 9 2
1482535056674 5 1
1482535058319 10 -1
1482535059336 0 1
1482535065482 0 1
1482535072147 2 1
1482535074434 2 -1
1482535079492 1 1
1482535080543 0 -3
1482535085631 10 1
1482535086326 2 1
1482535088171 5 -3
1482535089291 9 -2
1482535092794 4 -3
1482535094218 1 2
1482535095316 2 1
1482535097904 10 -1
1482535102967 2 -1
1482535104353 1 -3
1482535105523 4 3
1482535108949 1 1
1482535110900 10 1
1482535111814 5 2
1482535112823 2 -1
1482535115776 9 2
1482535116614 5 1
1482535117675 10 -1
1482535118940 0 1
1482535122049 4 -2
1482535124805 4 2
1482535130169 0 -1
1482535131259 1 -1
1482535134124 4 -2
1482535135075 9 -1
1482535136376 9 1
1482535142958 0 2
1482535144366 1 1
1482535145752 12 2
1482535148000 12 -2
1482535148904 1 -1
1482535151208 6 1
1482535151913 3 1
1482535153588 0 -2
1482535154669 1 1
1482535157078 2 1
1482535157886 10 1
1482535159000 5 -3
1482535161903 9 -2
1482535162518 4 -1
1482535163307 10 -1
1482535165089 1 -1
1482535166052 1 3
1482535167525 2 3
1482535170966 1 -3
1482535173679 0 2
1482535177298 0 -2
1482535178491 10 2
1482535179749 0 1
1482535181104 4 1
1482535183233 10 -2
1482535185299 4 -1
1482535186348 0 1
1482535187869 1 3
1482535190696 1 -3
1482535198468 7 -2
1482535199510 6 1
1482535201116 4 1
1482535203769 1 1
1482535204672 0 -2
1482535207477 4 -1
1482535209789 3 1
1482535211618 1 -1
1482535217957 1 2
1482535218953 0 2
1482535220210 11 -2
1482535221168 8 -3
1482535224174 1 -1
1482535225316 3 -1
1482535225998 6 -1
1482535226775 7 2
1482535231358 4 1
1482535232592 4 -1
1482535238093 4 1
1482535242085 9 2
1482535248676 4 -1
1482535249381 9 -2
1482535251977 1 2
1482535253489 8 3
1482535255423 0 -1
1482535258254 1 -2
1482535266166 11 2
1482535267400 12 2
1482535269390 5 -1
1482535277953 10 1
1482535280563 9 2
1482535286502 12 -1
1482535287721 1 -1
1482535297286 9 -1
1482535298920 9 -1
1482535304248 7 -2
1482535305199 3 1
1482535306955 6 1
1482535308522 1 2
1482535313510 1 -2
