1482353766466 2 1
1482353768274 2 -1
1482353769514 10 -2
1482353770851 1 1
1482353771883 0 2
1482353773738 4 2
1482353777594 0 -2
1482353778987 1 -1
1482353784026 10 2
1482353784597 2 1
1482353785380 5 -3
1482353786714 10 -2
1482353789531 4 -3
1482353791250 9 -2
1482353792123 1 3
1482353796378 6 1
1482353796954 3 1
1482353797778 2 3
1482353798689 1 -3
1482353800259 0 2
1482353802610 4 1
1482353803802 12 1
1482353804426 5 -1
1482353805675 0 -1
1482353806587 10 2
1482353808291 4 -1
1482353809284 7 -2
1482353810051 6 1
1482353810602 3 1
1482353812066 10 -2
1482353812911 0 1
1482353817013 1 2
1482353818037 8 -3
1482353819508 1 -2
1482353822206 6 -1
1482353822774 3 -1
1482353823734 7 2
1482353831669 1 3
1482353832974 8 3
1482353833629 2 -1
1482353834501 0 -1
1482353835221 5 1
1482353836285 12 -1
1482353836813 0 -1
1482353837797 2 -2
1482353838573 1 -3
1482353839429 6 -1
1482353840047 3 -1
1482353841086 4 3
1482353845933 10 2
1482353846677 5 2
1482353847661 2 -1
1482353849317 0 1
1482353851717 12 1
1482353853653 12 -1
1482353854301 0 -1
1482353854949 2 1
1482353855997 5 -2
1482353856717 U
1482353858118 R
1482353858902 R
1482353859358 R
1482353861701 4 2
1482353864965 10 -2
1482353867621 0 3
1482353873896 0 -3
1482353874609 10 2
1482353875121 2 1
1482353878962 5 -3
1482353880128 10 -2
1482353883496 9 -2
1482353884840 10 2
1482353885770 5 2
1482353886952 2 -1
1482353890232 10 -1
1482353891096 4 -2
1482353891936 6 1
1482353892569 3 1
1482353896912 2 1
1482353897586 5 -2
1482353898392 4 -1
1482353899373 1 3
1482353900504 2 3
1482353901712 1 -3
1482353902856 10 -1
1482353906112 0 2
1482353907040 12 1
1482353913056 5 -1
1482353915688 1 3
1482353917120 5 1
1482353917968 12 -1
1482353918824 11 -2
1482353920352 8 -3
1482353926408 2 -1
1482353927577 3 -3
1482353930664 2 1
1482353931897 8 2
1482353933738 11 1
1482353934429 0 -2
1482353935754 2 -3
1482353937058 6 -1
1482353939658 1 -1
1482353945731 7 -2
1482353948106 7 2
1482353949546 6 1
1482353950274 1 1
1482353951258 2 3
1482353953170 1 -1
1482353954770 0 2
1482353955762 8 -2
1482353956642 1 -1
1482353961882 1 2
1482353965035 8 2
1482353965795 12 1
1482353966683 5 -1
1482353970746 0 -1
1482353972578 1 -1
1482353973554 R
1482353982803 10 -2
1482353986427 4 2
1482353990634 10 2
1482353991722 5 -1
1482353993941 9 -2
1482353995261 2 1
1482353996453 5 -2
1482353998070 10 -2
1482354006773 10 2
1482354008383 5 2
1482354011013 2 -1
1482354012021 10 -1
1482354014654 0 1
1482354018062 0 -1
1482354020397 1 1
1482354021005 0 1
1482354022133 12 2
1482354025853 R
1482354038773 6 1
1482354039982 3 1
1482354042206 6 -1
1482354044045 6 1
1482354045301 2 1
1482354046310 5 -3
1482354047349 4 -1
1482354048285 10 -2
1482354049229 9 -2
1482354050118 6 -1
1482354050862 3 -1
1482354051438 1 3
1482354052686 8 -1
1482354054959 8 1
1482354055936 1 -3
1482354058687 4 3
1482354060359 4 -3
1482354062095 1 3
1482354063120 8 -1
1482354063831 11 -1
1482354064631 3 -2
1482354066479 3 3
1482354067728 3 -1
1482354068408 8 1
1482354068969 11 1
1482354069664 1 -3
1482354071255 7 -2
1482354072487 4 3
1482354073591 10 2
1482354074439 5 2
1482354075767 2 -1
1482354076695 0 1
1482354077735 10 -1
1482354079255 7 2
1482354080399 10 1
