1482817797003 10 -2
1482817797875 4 2
1482817798870 9 -1
1482817801298 4 -2
1482817802331 3 1
1482817803146 6 1
1482817803970 1 1
1482817806162 11 -1
1482817807955 11 1
1482817808843 1 -1
1482817809794 6 -1
1482817810619 3 -1
1482817811987 10 2
1482817812853 2 1
1482817813723 10 -2
1482817815348 4 2
1482817816042 10 2
1482817817058 5 -3
1482817818250 10 -2
1482817821058 4 -3
1482817821850 4 3
1482817823795 10 2
1482817825554 5 3
1482817827466 2 -1
1482817828226 0 1
1482817829067 12 1
1482817831243 10 -2
1482817832243 0 2
1482817832842 2 1
1482817835146 9 1
1482817837906 2 -1
1482817840514 0 -2
1482817841435 10 2
1482817842540 5 -1
1482817846339 5 1
1482817847475 4 -2
1482817848866 9 -1
1482817850211 4 2
1482817851242 10 -2
1482817852218 0 2
1482817853467 2 1
1482817857010 1 1
1482817857986 12 1
1482817858752 2 -1
1482817859626 0 -2
1482817860474 10 1
1482817861803 5 -1
1482817862594 9 -1
1482817865612 12 -2
1482817866364 0 -1
1482817867322 2 1
1482817868739 5 -2
1482817869698 10 -1
1482817872563 1 -1
1482817873811 10 2
1482817875346 5 2
1482817876474 2 -1
1482817878171 0 1
1482817878899 12 1
1482817880218 10 -1
1482817881626 1 1
1482817882434 12 1
1482817886827 12 -1
1482817887546 1 -1
1482817888530 12 -1
1482817889490 0 -1
1482817890635 10 1
1482817892298 9 2
1482817893139 5 1
1482817894258 10 -2
1482817898090 0 3
1482817899330 1 1
1482817900106 11 -2
1482817902243 11 2
1482817903700 11 -2
1482817904914 2 1
1482817907458 2 -1
1482817910242 9 -1
1482817911473 7 -1
1482817913635 0 -1
1482817914530 4 -2
1482817915571 3 1
1482817916298 6 1
1482817918858 11 2
1482817919644 1 -1
1482817923779 3 -1
1482817924602 6 -1
1482817925554 4 2
1482817926674 1 1
1482817927738 11 -2
1482817932123 7 1
1482817933594 4 -2
1482817934618 3 1
1482817935251 6 1
1482817937908 11 2
1482817943475 0 -2
1482817944259 10 1
1482817944900 2 1
1482817945946 5 -3
1482817947188 9 -1
1482817948018 4 -1
1482817948898 10 -1
1482817950043 6 -1
1482817950588 3 -1
1482817951611 4 3
1482817953252 1 -1
1482817954371 10 2
1482817955363 5 2
1482817956186 2 -1
1482817956994 10 -1
1482817959266 4 -2
1482817960842 6 1
1482817961350 3 1
1482817962618 7 -2
1482817963338 6 1
1482817963794 3 1
1482817964883 10 3
1482817966434 1 1
1482817967506 11 -1
1482817970642 0 2
1482817972315 12 1
1482817973522 12 -1
1482817974434 11 -1
1482817976091 11 2
1482817976770 1 -1
1482817977762 10 -1
1482817979516 3 -2
1482817984146 0 -1
1482817985083 10 -2
1482817986379 6 -2
1482817987858 4 2
1482817988803 7 2
1482817991523 0 -1
1482817992171 2 1
1482817992819 5 -2
1482817993898 10 -1
1482817996194 1 1
1482817997914 1 -1
1482817998651 4 -3
1482817999498 1 3
1482818000883 8 -1
1482818001499 6 1
1482818001978 3 1
1482818002610 2 3
1482818003618 8 1
1482818004546 1 -3
1482818006482 1 3
1482818007668 8 -1
1482818008187 11 -1
1482818010114 2 -3
1482818012177 3 -3
1482818015426 2 3
1482818016250 0 2
1482818017018 8 -2
1482818019387 11 -1
1482818024755 2 -1
1482818026186 2 1
1482818027779 2 -1
1482818028330 3 3
1482818029290 2 1
1482818032514 8 3
1482818033618 0 -1
1482818036569 1 -2
1482818038265 1 2
1482818039194 8 -1
1482818040173 0 1
1482818042122 8 -2
1482818043962 2 -1
1482818045412 3 -3
1482818046891 2 1
1482818047994 1 -2
1482818049450 7 -2
1482818050450 6 1
1482818053378 4 1
1482818055147 6 -1
1482818056403 7 2
1482818058386 4 -1
1482818059602 1 2
1482818060618 2 -1
1482818063291 3 3
1482818064491 2 1
1482818065657 1 -2
1482818069331 1 2
1482818070058 2 -1
1482818070690 3 -3
1482818071339 2 1
1482818072130 1 -2
1482818075331 4 1
1482818080862 4 -1
1482818081698 9 2
1482818090883 R
1482818092722 10 -2
1482818106669 4 2
1482818109779 9 -1
1482818112346 0 3
1482818114010 1 1
1482818115026 11 -2
1482818116562 2 1
1482818118410 11 2
1482818118980 1 -1
1482818121283 2 -1
1482818121906 0 -1
1482818122683 0 -2
1482818124003 9 1
1482818124915 10 2
1482818125435 2 1
1482818126354 5 -3
1482818127195 10 -2
1482818128075 4 -3
1482818129058 3 1
1482818129603 6 1
1482818131042 10 2
1482818132627 10 -2
1482818133563 1 2
1482818136138 8 -1
1482818136691 11 -1
1482818137442 3 -3
1482818138417 6 -1
1482818142226 6 1
1482818143123 3 3
1482818143706 8 1
1482818144426 11 1
1482818145954 1 -2
1482818146818 4 1
1482818147481 9 -2
1482818152346 6 -1
1482818153947 3 -1
1482818155491 4 2
1482818156251 7 -2
1482818158652 10 2
1482818159610 5 2
1482818161242 2 -1
1482818165178 10 -1
1482818166354 0 1
1482818167146 12 1
1482818168500 1 1
1482818170074 12 1
1482818173075 4 -2
1482818174138 7 2
1482818175731 9 2
1482818176330 3 1
1482818177178 6 1
1482818178862 6 -1
1482818179370 3 -1
1482818180434 4 2
1482818181763 5 1
1482818182835 10 -1
1482818187044 9 -1
1482818188107 0 2
1482818188866 9 1
1482818190882 12 -2
1482818192203 11 -2
1482818193442 11 1
1482818196297 11 1
1482818197171 1 -1
1482818199139 1 1
1482818199889 0 -2
1482818201258 0 1
1482818202355 4 -2
1482818203491 3 1
1482818204036 6 1
1482818205938 11 -2
1482818207939 0 -1
1482818209009 10 1
1482818211130 5 -1
1482818212105 9 -2
1482818226754 9 2
1482818227682 5 1
1482818228506 10 -1
1482818231594 11 1
1482818232601 11 1
1482818233324 11 -2
1482818234602 9 -1
1482818236122 11 1
1482818236874 11 1
1482818238025 0 -1
1482818238867 2 1
1482818239426 10 1
1482818240330 5 -3
1482818241362 9 -1
1482818242034 4 -1
1482818242643 10 -1
1482818244707 6 -1
1482818245282 3 -1
1482818246082 4 3
1482818251731 11 -1
1482818252779 11 1
1482818253786 1 -1
1482818254842 10 2
1482818255945 5 2
1482818256753 2 -1
1482818258010 10 -1
1482818263426 10 1
1482818264964 2 1
1482818265947 5 -2
1482818267154 10 -2
1482818271274 1 1
1482818271899 1 -1
1482818272274 1 1
1482818272986 10 1
1482818273545 5 2
1482818274434 2 -1
1482818277129 1 -1
1482818277914 10 1
1482818278826 0 1
1482818280738 10 -1
1482818281322 1 1
1482818282394 11 -2
1482818286315 9 2
1482818287155 5 1
1482818289707 10 -1
1482818293194 0 2
1482818296585 9 -1
1482818299666 2 1
1482818302105 7 -1
1482818303387 11 2
1482818304650 1 -1
1482818305714 2 -1
1482818308970 2 1
1482818312010 12 1
1482818313058 2 -1
1482818315234 1 1
1482818316010 12 1
1482818317098 0 -2
1482818317953 10 1
1482818319332 5 -1
1482818320153 9 -1
1482818323106 12 -2
1482818324034 0 -1
1482818325059 2 1
1482818328466 1 -1
1482818329658 10 1
1482818330385 2 -1
1482818331441 0 1
1482818332393 12 1
1482818334277 10 -1
1482818335881 10 1
1482818337066 12 -1
1482818337579 0 -1
1482818338099 2 1
1482818339139 5 -2
1482818340226 10 -2
1482818341650 7 -1
1482818342947 4 -3
1482818343507 6 2
1482818344426 3 2
1482818346098 10 4
1482818348514 1 2
1482818352236 8 -1
1482818353897 11 -1
1482818356636 8 1
1482818357099 11 1
1482818358218 1 -1
1482818359323 4 1
1482818361418 5 2
1482818362674 2 -1
1482818364701 2 1
1482818366497 2 -1
1482818367699 0 2
1482818371217 11 -2
1482818372066 0 -1
1482818377322 11 2
1482818378425 0 -1
1482818379651 1 -1
1482818380444 0 2
1482818382305 10 -1
1482818383385 3 -2
1482818395330 3 2
1482818397411 10 1
1482818398082 1 1
1482818399034 11 -2
1482818401595 0 -1
1482818405210 R
1482818407129 9 -1
1482818408187 6 1
1482818408643 3 1
1482818410099 10 -2
1482818411186 0 2
1482818412153 12 1
1482818413803 1 1
1482818414675 12 1
1482818415317 0 -1
1482818416474 10 1
1482818417355 5 -1
1482818418083 9 -1
1482818418890 7 -2
1482818419571 3 1
1482818420003 6 1
1482818422330 12 -2
1482818423797 11 -1
1482818424963 0 -1
1482818425564 2 1
1482818426363 5 -2
1482818427098 10 -1
1482818427642 4 -1
1482818428561 1 1
1482818429410 10 1
1482818430017 5 1
1482818431811 11 1
1482818432585 8 -1
1482818434010 6 -2
1482818435137 7 1
1482818436153 9 1
1482818436699 9 -1
1482818438930 5 -1
1482818441265 10 -1
1482818443395 8 1
1482818444675 1 -2
1482818445418 4 2
1482818446433 4 -1
1482818447697 1 1
1482818449121 10 1
1482818450562 5 2
1482818451545 2 -1
1482818452675 0 1
1482818454401 11 -2
1482818460010 11 1
1482818461130 0 -1
1482818463011 3 -2
1482818465915 4 2
1482818467289 7 1
1482818470481 4 -1
1482818471650 9 2
1482818472314 4 1
1482818473266 5 1
1482818474753 10 -1
1482818476065 0 3
1482818478099 12 1
1482818478659 2 1
1482818480476 2 -1
1482818481609 12 -1
1482818482329 2 1
1482818482834 2 -1
1482818483635 11 1
1482818484458 1 -1
1482818486498 0 -1
1482818487457 4 -2
1482818488522 6 1
1482818489043 3 1
1482818490843 1 1
1482818491873 1 -1
1482818492387 6 -1
1482818492857 3 -1
1482818495741 4 2
1482818496681 0 1
1482818499537 2 1
1482818500866 1 1
1482818503188 11 -2
1482818504482 11 1
1482818505169 12 1
1482818506025 2 -1
1482818508954 0 -1
1482818510914 9 -1
1482818512657 7 -1
1482818513777 4 -1
1482818515251 3 2
1482818520457 3 -1
1482818521346 7 1
1482818523843 9 1
1482818524761 0 -1
1482818526057 10 1
1482818527209 5 -1
1482818528042 4 -1
1482818528721 9 -2
1482818531641 7 -2
1482818532881 3 1
1482818534443 4 1
1482818535011 7 1
1482818538109 9 1
1482818538931 5 1
1482818539610 10 -1
1482818540722 0 1
1482818544994 0 -1
1482818546403 10 1
1482818547241 5 -1
1482818548081 9 -1
1482818549026 4 -1
1482818549977 7 -1
1482818551586 12 -1
1482818554003 12 1
1482818576836 12 -1
1482818578964 0 -1
1482818579865 2 1
1482818580732 5 -2
1482818581905 10 -1
1482818583500 4 -1
1482818584663 7 1
1482818586426 3 -1
1482818587419 7 1
1482818588385 6 1
1482818589566 1 2
1482818591193 8 -1
1482818592019 2 3
1482818592556 8 1
1482818593067 11 1
1482818594620 1 -3
1482818596529 0 2
1482818597460 4 1
1482818599115 0 -1
1482818599809 10 2
1482818601505 5 2
1482818602843 10 -1
1482818604387 12 1
1482818607308 10 1
1482818609314 5 -2
1482818610675 4 -1
1482818611505 10 -2
1482818612593 0 1
1482818613467 4 1
1482818614459 7 -2
1482818615034 6 1
1482818615521 3 1
1482818616945 6 -1
1482818617650 3 -1
1482818635898 5 -1
1482818637778 5 1
1482818642633 7 2
1482818643473 4 -1
1482818645001 7 -2
1482818646724 6 1
1482818647358 3 1
1482818648249 4 1
1482818650538 0 -1
1482818651178 10 4
1482818652051 0 1
1482818653529 4 -1
1482818654434 5 1
1482818654954 5 -2
1482818656172 5 2
1482818656884 12 -1
1482818658003 0 -1
1482818660179 0 -1
1482818661035 4 1
1482818661985 5 1
1482818663177 0 2
1482818663915 12 1
1482818665220 5 -3
1482818666345 0 -1
1482818668473 10 -2
1482818669475 6 -1
1482818670252 3 -1
1482818671451 7 2
1482818672521 4 -1
1482818673499 10 -2
1482818675059 1 3
1482818675965 12 1
1482818677122 5 1
1482818678289 0 1
1482818679195 1 -2
1482818681514 9 2
1482818682642 5 -1
1482818684217 12 -1
1482818684849 1 -1
1482818686219 0 -1
1482818686971 10 2
1482818688017 9 -2
1482818689322 7 -2
1482818689896 6 1
1482818690467 3 1
1482818691099 10 2
1482818692954 4 1
1482818694673 5 3
1482818696217 0 1
1482818697289 12 -1
1482818698585 5 -2
1482818699897 4 -1
1482818701849 1 2
1482818703441 8 -3
1482818705009 11 -2
1482818705955 1 -1
1482818709729 4 1
1482818711097 5 2
1482818713002 8 -1
1482818716105 11 2
1482818717011 1 -1
1482818718825 10 -1
1482818719985 0 -1
1482818723145 5 -1
1482818726585 4 -1
1482818750561 0 1
1482818752585 0 -1
1482818754657 10 -2
1482818755340 6 -1
1482818755813 3 -1
1482818756683 7 2
1482818757707 1 3
1482818758308 0 -1
1482818759801 2 -3
1482818760643 6 -2
1482818761327 3 -2
1482818761924 1 -3
1482818762721 4 3
1482818763563 10 3
1482818764129 5 1
1482818764836 2 -1
1482818765417 0 5
