1481917678774 6 1
1481917680134 3 1
1481917683837 2 1
1481917694223 5 -1
1481917696455 9 -2
1481917699044 10 -1
1481917700338 2 -1
1481917704196 0 1
1481917708064 1 1
1481917712404 12 2
1481917719819 9 2
1481917720876 5 1
1481917722792 10 -1
1481917726431 0 1
1481917728820 12 -2
1481917732264 1 -1
1481917734290 6 -1
1481917747032 1 1
1481917750411 3 -1
1481917753837 4 2
1481917757497 9 -1
1481917761625 1 -1
1481917770350 12 1
1481917774488 0 1
1481917779883 2 1
1481917782595 1 1
1481917785445 9 1
1481917786559 11 -1
1481917787703 12 -1
1481917792228 9 -1
1481917794687 7 -1
1481917801077 2 -1
1481917803234 0 -3
1481917806043 4 -2
1481917808263 3 2
1481917810172 6 1
1481917812125 11 1
1481917814529 1 -1
1481917818310 10 2
1481917821315 2 1
1481917825926 5 -3
1481917828609 4 -1
1481917839733 9 -1
1481917841912 7 -1
1481917844936 6 -1
1481917846908 3 -2
1481917851098 4 3
1481917857580 7 2
1481917864480 10 -2
1481917866392 10 2
1481917870035 5 2
1481917875156 2 -1
1481917887849 10 -1
1481917897678 9 2
1481917899298 5 1
1481917901498 10 -1
1481917905161 0 3
1481917910006 2 1
1481917913836 2 -1
1481917919198 1 1
1481917922478 12 2
1481917924760 2 1
1481917935198 R
1481917944672 4 2
1481917948756 10 -2
1481917957986 1 1
1481917961982 0 2
1481917963912 12 2
1481917969177 9 -1
