1482761328265 0 1
1482761329438 12 1
1482761331877 10 -2
1482761337198 4 2
1482761341273 10 2
1482761348204 12 -1
1482761352600 0 -1
1482761353542 2 1
1482761356766 9 -1
1482761358859 10 -2
1482761361814 2 -1
1482761363138 0 3
1482761364468 2 1
1482761366906 2 -1
1482761368353 1 1
1482761369437 0 -2
1482761370712 4 -2
1482761371676 9 1
1482761376790 11 -2
1482761379923 6 1
1482761381206 3 1
1482761383109 9 -1
1482761387347 R
1482761391320 4 2
1482761392776 10 -2
1482761395057 0 3
1482761401490 1 1
1482761402932 11 -2
1482761406320 2 1
1482761408411 9 -1
1482761415358 R
1482761426284 0 1
1482761428631 12 1
1482761430775 10 -2
1482761432303 0 1
1482761433799 1 1
1482761434958 12 1
1482761441900 0 -1
1482761443320 0 1
1482761446954 6 1
1482761448068 3 1
1482761450653 12 -1
1482761451938 1 -1
1482761460846 12 -1
1482761462370 0 -2
1482761464560 2 1
1482761465709 10 1
1482761467831 1 1
1482761471282 5 -3
1482761472999 4 -1
1482761479891 1 1
1482761486111 9 -2
1482761487951 1 1
1482761489992 2 3
1482761491499 10 -1
1482761493237 0 2
1482761495204 1 -3
1482761497909 7 -2
1482761499232 6 1
1482761501700 4 1
1482761505928 1 1
1482761507595 11 -2
1482761510100 0 -1
1482761511926 4 -1
1482761513747 6 -1
1482761514715 7 2
1482761523772 R
1482761535428 6 1
1482761536274 3 1
1482761537605 10 -2
1482761538689 1 1
1482761541243 0 2
1482761542163 1 -1
1482761544240 6 -1
1482761545450 3 -1
1482761555112 4 2
1482761556435 0 1
1482761564733 0 -3
1482761565627 2 1
1482761566676 10 2
1482761567860 5 -3
1482761569498 10 -2
1482761574246 9 -2
1482761576794 1 1
1482761577773 4 -3
1482761579793 1 2
1482761582050 6 1
1482761584386 3 1
1482761585661 2 3
1482761587985 1 -3
1482761590126 7 -2
1482761591953 6 1
1482761593479 6 -1
1482761594909 0 2
1482761612329 R
1482761616331 10 -2
1482761617446 0 2
1482761621235 1 1
1482761622692 11 -2
1482761624621 4 2
1482761626480 0 1
1482761628556 2 1
1482761631118 11 2
1482761632505 1 -1
1482761634164 2 -1
1482761641563 2 1
1482761643333 9 -1
1482761647247 2 -1
1482761648545 1 1
1482761649538 0 -2
1482761654377 0 -1
1482761655244 10 1
1482761656024 2 1
1482761657873 5 -3
1482761658981 10 -1
