1481915342975 10 -2
1481915345882 4 2
1481915347817 0 3
1481915348909 2 1
1481915353077 9 -1
1481915359617 1 1
1481915360858 11 -2
1481915367342 2 -1
1481915368493 0 -2
1481915370319 4 -2
1481915375162 3 1
1481915376812 6 1
1481915379943 11 2
1481915380929 0 1
1481915386000 12 2
1481915386998 0 -1
1481915388094 10 1
1481915389117 5 -1
1481915390983 9 -1
1481915392861 7 -2
1481915397248 6 -1
1481915398123 3 -1
1481915399261 4 2
1481915407353 7 2
1481915413206 9 2
1481915414305 5 1
1481915416007 10 -1
1481915416932 0 2
1481915417853 2 1
1481915529384 12 -1
1481915530932 12 -1
1481915531517 1 -1
1481915533204 2 -1
1481915534012 0 -2
1481915535499 10 1
1481915548698 10 1
1481915549611 0 -1
1481915550477 2 1
1481915551670 5 -3
1481915553323 10 -2
1481915558433 9 -2
1481915560735 4 -3
1481915562382 1 3
1481915563682 2 1
1481915566721 10 1
1481915568347 5 1
1481915573829 8 -1
1481915574759 11 -1
1481915575469 3 -2
1481915576753 6 1
1481915578715 2 2
1481915579735 0 1
1481915583155 12 1
1481915583904 5 -2
1481915584964 10 -1
1481915586099 1 -1
1481915593869 1 1
1481915594713 0 1
1481915598103 8 -2
1481915599333 2 -1
1481915603634 3 3
1481915604324 11 1
1481915605654 12 1
1481915610908 8 3
1481915612370 2 1
1481915613743 0 -1
1481915614729 1 -2
1481915615970 7 -2
1481915616987 6 1
1481915617895 3 1
1481915619178 6 -1
1481915619867 3 -1
1481915621573 3 1
1481915622158 6 1
1481915631784 6 -1
1481915632530 3 -1
1481915633865 7 2
1481915635234 9 2
1481915637276 9 -2
1481915638574 4 1
1481915640002 0 1
1481915643681 12 -1
1481915644909 1 -1
1481915646227 0 -1
1481915647337 10 2
1481915649356 10 -2
1481915652456 4 -1
1481915657108 0 1
1481915663657 5 1
1481915664416 12 -1
1481915665430 1 2
1481915667306 11 -2
1481915668833 8 -3
1481915674590 1 -1
1481915675470 4 1
1481915682012 7 -2
1481915683921 6 1
1481915684954 3 1
1481915695426 6 -1
1481915696218 3 -1
1481915697094 7 2
1481915698552 4 -1
1481915699793 1 2
1481915703582 8 3
1481915704727 11 2
1481915705624 0 -2
1481915707332 2 -3
1481915711743 10 1
1481915712983 5 1
1481915715598 1 -3
1481915717034 4 1
1481915718000 5 1
1481915719588 2 -1
1481915722504 6 -1
1481915723327 3 -1
1481915724080 4 2
1481915730213 2 1
1481915730991 5 -2
1481915732123 10 -1
1481915734078 4 -3
1481915736160 4 2
1481915738049 4 1
1481915741699 10 2
1481915742896 5 1
1481915744518 9 2
1481915746735 5 2
1481915748495 2 -1
1481915749840 0 1
1481915751218 10 -2
1481915756515 1 1
1481915758630 11 -2
1481915763571 0 2
1481915764618 2 1
1481915769105 2 -1
1481915770204 0 -2
1481915771039 10 1
1481915772082 5 -1
1481915773619 9 -2
1481915777335 9 2
1481915778512 5 1
1481915779547 10 -1
1481915780505 0 2
1481915781708 9 -1
1481915787373 2 1
1481915795884 11 2
1481915797356 1 -1
1481915798722 12 1
1481915799909 2 -1
1481916322732 0 -2
1481916328432 4 -1
1481916618201 4 -1
1481916619020 4 2
1481916621978 10 2
1481916623517 10 -2
1481916624537 0 2
1481916625321 2 1
1481916626779 1 1
1481916628373 2 -1
1481916629184 1 -1
1481916629924 0 -2
1481916630858 4 -2
1481916631536 9 1
1481916632937 10 2
1481916634522 12 -1
1481916635361 0 -1
1481916636307 2 1
1481916637105 5 -3
1481916638019 10 -2
1481916638848 4 -1
1481916639385 9 -2
1481916640401 4 3
1481916645529 1 1
1481916647489 10 1
1481916648537 5 2
1481916649095 2 -1
1481916654193 0 1
1481916655065 12 2
1481916657993 9 2
1481916658753 5 1
1481916659769 10 -1
1481916660937 9 -1
1481916662265 0 2
1481916665137 2 1
1481916668722 2 -1
1481916669609 0 -1
1481916670650 4 -2
1481916674897 6 1
1481916675566 3 1
1481916678795 12 -2
1481916680602 11 -2
1481916682425 6 -1
1481916682992 3 -1
1481916684193 4 2
1481916687153 11 2
1481916688001 1 -1
1481916688897 0 1
1481916690257 2 1
1481916691257 12 1
1481916691921 1 1
1481916692704 12 1
1481916693617 2 -1
1481916694441 0 -2
1481916695608 9 1
1481916696569 10 1
1481916697281 5 -1
1481916698139 9 -2
1481916703744 4 -2
1481916705249 6 1
1481916707210 6 -1
1481916708226 7 -2
1481916708857 6 2
1481916709607 3 2
1481916712907 R
1481916715504 4 2
1481916717644 10 -2
1481916718825 0 3
1481916721241 2 1
1481916722391 12 1
1481916723049 1 1
1481916723800 12 1
1481916724490 2 -1
1481916726961 9 -1
1481916728313 2 1
1481916730757 12 -2
1481916732795 1 -1
1481916734848 7 -1
1481916736737 7 1
1481916737626 9 1
1481916742588 2 -1
1481916743633 0 -1
1481916745289 0 -2
1481916746265 10 2
1481916747025 2 1
1481916747849 5 -3
1481916749067 10 -2
1481916751141 9 -2
1481916752200 4 -3
1481916754551 1 1
1481916758185 1 2
1481916759521 2 1
1481916760537 10 1
1481916761105 5 1
1481916763049 2 -1
1481916764983 8 -1
1481916765581 11 -1
1481916766381 3 -2
1481916767312 6 1
1481916768225 2 3
1481916769705 5 -1
1481916770446 10 -1
1481916771513 1 -1
1481916776086 1 1
1481916777040 2 -3
1481916780789 6 -1
1481916782716 1 -1
1481916789761 1 1
1481916792098 2 1
1481916793713 10 1
1481916796274 10 -1
1481916797196 2 -1
1481916797992 1 -1
1481916801561 1 1
1481916802227 6 1
1481916803289 2 3
1481916804223 1 -1
1481916805702 7 -2
1481916806603 7 2
1481916807192 1 1
1481916808521 10 1
1481916811850 5 1
1481916882193 0 1
1481916883013 11 -1
1481916884769 2 -1
1481916885753 3 3
1481916887041 11 2
1481916887842 8 1
1481916888544 2 1
1481916892292 1 -3
1481916895992 9 2
1481916896685 4 1
1481916897273 10 1
1481916898233 5 2
1481916900169 10 -2
1481916906890 0 -1
1481916909615 9 -1
1481916910857 10 1
1481916911802 5 -3
1481916912988 4 -1
1481916914160 9 -1
1481916914843 10 -1
1481916916459 7 -2
1481916918370 1 2
1481916919737 7 2
1481916920379 1 1
1481916923427 0 2
1481916924147 12 2
1481916924770 5 -1
1481916926331 12 -1
1481916929145 8 -3
1481916930514 11 -1
1481916932451 1 -2
