1482757499702 10 -2
1482757499702 10 -2
1482757499702 10 -2
1482757499702 10 -2
1482757499702 10 -2
1482757499702 10 -2
1482757499702 10 -2
1482757499702 10 -2
1482757503116 4 2
1482757503116 4 2
1482757503116 4 2
1482757503116 4 2
1482757503116 4 2
1482757503116 4 2
1482757503116 4 2
1482757503116 4 2
1482757503844 10 2
1482757503844 10 2
1482757503844 10 2
1482757503844 10 2
1482757503844 10 2
1482757503844 10 2
1482757503844 10 2
1482757503844 10 2
1482757504637 2 1
1482757504637 2 1
1482757504637 2 1
1482757504637 2 1
1482757504637 2 1
1482757504637 2 1
1482757504637 2 1
1482757504637 2 1
1482757506076 5 -3
1482757506076 5 -3
1482757506076 5 -3
1482757506076 5 -3
1482757506076 5 -3
1482757506076 5 -3
1482757506076 5 -3
1482757506076 5 -3
1482757507220 10 -2
1482757507220 10 -2
1482757507220 10 -2
1482757507220 10 -2
1482757507220 10 -2
1482757507220 10 -2
1482757507220 10 -2
1482757507220 10 -2
1482757509580 4 -3
1482757509580 4 -3
1482757509580 4 -3
1482757509580 4 -3
1482757509580 4 -3
1482757509580 4 -3
1482757509580 4 -3
1482757509580 4 -3
1482757511980 9 -2
1482757511980 9 -2
1482757511980 9 -2
1482757511980 9 -2
1482757511980 9 -2
1482757511980 9 -2
1482757511980 9 -2
1482757511980 9 -2
1482757515253 4 3
1482757515253 4 3
1482757515253 4 3
1482757515253 4 3
1482757515253 4 3
1482757515253 4 3
1482757515253 4 3
1482757515253 4 3
1482757518685 10 2
1482757518685 10 2
1482757518685 10 2
1482757518685 10 2
1482757518685 10 2
1482757518685 10 2
1482757518685 10 2
1482757518685 10 2
1482757519821 5 2
1482757519821 5 2
1482757519821 5 2
1482757519821 5 2
1482757519821 5 2
1482757519821 5 2
1482757519821 5 2
1482757519821 5 2
1482757521336 2 -1
1482757521336 2 -1
1482757521336 2 -1
1482757521336 2 -1
1482757521336 2 -1
1482757521336 2 -1
1482757521336 2 -1
1482757521336 2 -1
1482757523549 0 1
1482757523549 0 1
1482757523549 0 1
1482757523549 0 1
1482757523549 0 1
1482757523549 0 1
1482757523549 0 1
1482757523549 0 1
1482757524613 12 1
1482757524613 12 1
1482757524613 12 1
1482757524613 12 1
1482757524613 12 1
1482757524613 12 1
1482757524613 12 1
1482757524613 12 1
1482757533381 10 -1
1482757533381 10 -1
1482757533381 10 -1
1482757533381 10 -1
1482757533381 10 -1
1482757533381 10 -1
1482757533381 10 -1
1482757533381 10 -1
1482757535115 12 -1
1482757535115 12 -1
1482757535115 12 -1
1482757535115 12 -1
1482757535115 12 -1
1482757535115 12 -1
1482757535115 12 -1
1482757535115 12 -1
1482757535714 0 -1
1482757535714 0 -1
1482757535714 0 -1
1482757535714 0 -1
1482757535714 0 -1
1482757535714 0 -1
1482757535714 0 -1
1482757535714 0 -1
1482757536897 10 1
1482757536897 10 1
1482757536897 10 1
1482757536897 10 1
1482757536897 10 1
1482757536897 10 1
1482757536897 10 1
1482757536897 10 1
1482757538233 2 1
1482757538233 2 1
1482757538233 2 1
1482757538233 2 1
1482757538233 2 1
1482757538233 2 1
1482757538233 2 1
1482757538233 2 1
1482757539296 5 -2
1482757539296 5 -2
1482757539296 5 -2
1482757539296 5 -2
1482757539296 5 -2
1482757539296 5 -2
1482757539296 5 -2
1482757539296 5 -2
1482757541440 9 2
1482757541440 9 2
1482757541440 9 2
1482757541440 9 2
1482757541440 9 2
1482757541440 9 2
1482757541440 9 2
1482757541440 9 2
1482757542731 9 -2
1482757542731 9 -2
1482757542731 9 -2
1482757542731 9 -2
1482757542731 9 -2
1482757542731 9 -2
1482757542731 9 -2
1482757542731 9 -2
1482757544536 10 -2
1482757544536 10 -2
1482757544536 10 -2
1482757544536 10 -2
1482757544536 10 -2
1482757544536 10 -2
1482757544536 10 -2
1482757544536 10 -2
1482757545976 1 1
1482757545976 1 1
1482757545976 1 1
1482757545976 1 1
1482757545976 1 1
1482757545976 1 1
1482757545976 1 1
1482757545976 1 1
1482757547680 11 -1
1482757547680 11 -1
1482757547680 11 -1
1482757547680 11 -1
1482757547680 11 -1
1482757547680 11 -1
1482757547680 11 -1
1482757547680 11 -1
1482757550241 11 1
1482757550241 11 1
1482757550241 11 1
1482757550241 11 1
1482757550241 11 1
1482757550241 11 1
1482757550241 11 1
1482757550241 11 1
1482757550968 1 -1
1482757550968 1 -1
1482757550968 1 -1
1482757550968 1 -1
1482757550968 1 -1
1482757550968 1 -1
1482757550968 1 -1
1482757550968 1 -1
1482757557464 4 -3
1482757557464 4 -3
1482757557464 4 -3
1482757557464 4 -3
1482757557464 4 -3
1482757557464 4 -3
1482757557464 4 -3
1482757557464 4 -3
1482757558425 6 1
1482757558425 6 1
1482757558425 6 1
1482757558425 6 1
1482757558425 6 1
1482757558425 6 1
1482757558425 6 1
1482757558425 6 1
1482757558984 3 1
1482757558984 3 1
1482757558984 3 1
1482757558984 3 1
1482757558984 3 1
1482757558984 3 1
1482757558984 3 1
1482757558984 3 1
1482757561695 1 3
1482757561695 1 3
1482757561695 1 3
1482757561695 1 3
1482757561695 1 3
1482757561695 1 3
1482757561695 1 3
1482757561695 1 3
1482757563391 2 3
1482757563391 2 3
1482757563391 2 3
1482757563391 2 3
1482757563391 2 3
1482757563391 2 3
1482757563391 2 3
1482757563391 2 3
1482757564879 1 -3
1482757564879 1 -3
1482757564879 1 -3
1482757564879 1 -3
1482757564879 1 -3
1482757564879 1 -3
1482757564879 1 -3
1482757564879 1 -3
1482757572056 1 3
1482757572056 1 3
1482757572056 1 3
1482757572056 1 3
1482757572056 1 3
1482757572056 1 3
1482757572056 1 3
1482757572056 1 3
1482757573224 0 2
1482757573224 0 2
1482757573224 0 2
1482757573224 0 2
1482757573224 0 2
1482757573224 0 2
1482757573224 0 2
1482757573224 0 2
1482757574344 12 2
1482757574344 12 2
1482757574344 12 2
1482757574344 12 2
1482757574344 12 2
1482757574344 12 2
1482757574344 12 2
1482757574344 12 2
1482757575232 5 -1
1482757575232 5 -1
1482757575232 5 -1
1482757575232 5 -1
1482757575232 5 -1
1482757575232 5 -1
1482757575232 5 -1
1482757575232 5 -1
1482757577904 0 -1
1482757577904 0 -1
1482757577904 0 -1
1482757577904 0 -1
1482757577904 0 -1
1482757577904 0 -1
1482757577904 0 -1
1482757577904 0 -1
1482757580872 10 1
1482757580872 10 1
1482757580872 10 1
1482757580872 10 1
1482757580872 10 1
1482757580872 10 1
1482757580872 10 1
1482757580872 10 1
1482757582240 10 -1
1482757582240 10 -1
1482757582240 10 -1
1482757582240 10 -1
1482757582240 10 -1
1482757582240 10 -1
1482757582240 10 -1
1482757582240 10 -1
1482757583212 1 -2
1482757583212 1 -2
1482757583212 1 -2
1482757583212 1 -2
1482757583212 1 -2
1482757583212 1 -2
1482757583212 1 -2
1482757583212 1 -2
1482757587136 12 -1
1482757587136 12 -1
1482757587136 12 -1
1482757587136 12 -1
1482757587136 12 -1
1482757587136 12 -1
1482757587136 12 -1
1482757587136 12 -1
1482757587969 11 -1
1482757587969 11 -1
1482757587969 11 -1
1482757587969 11 -1
1482757587969 11 -1
1482757587969 11 -1
1482757587969 11 -1
1482757587969 11 -1
1482757590665 5 1
1482757590665 5 1
1482757590665 5 1
1482757590665 5 1
1482757590665 5 1
1482757590665 5 1
1482757590665 5 1
1482757590665 5 1
1482757591337 12 -1
1482757591337 12 -1
1482757591337 12 -1
1482757591337 12 -1
1482757591337 12 -1
1482757591337 12 -1
1482757591337 12 -1
1482757591337 12 -1
1482757592088 11 -1
1482757592088 11 -1
1482757592088 11 -1
1482757592088 11 -1
1482757592088 11 -1
1482757592088 11 -1
1482757592088 11 -1
1482757592088 11 -1
1482757596397 1 2
1482757596397 1 2
1482757596397 1 2
1482757596397 1 2
1482757596397 1 2
1482757596397 1 2
1482757596397 1 2
1482757596397 1 2
1482757598309 11 2
1482757598309 11 2
1482757598309 11 2
1482757598309 11 2
1482757598309 11 2
1482757598309 11 2
1482757598309 11 2
1482757598309 11 2
1482757599148 1 -2
1482757599148 1 -2
1482757599148 1 -2
1482757599148 1 -2
1482757599148 1 -2
1482757599148 1 -2
1482757599148 1 -2
1482757599148 1 -2
1482757600397 1 -1
1482757600397 1 -1
1482757600397 1 -1
1482757600397 1 -1
1482757600397 1 -1
1482757600397 1 -1
1482757600397 1 -1
1482757600397 1 -1
1482757602422 0 1
1482757602422 0 1
1482757602422 0 1
1482757602422 0 1
1482757602422 0 1
1482757602422 0 1
1482757602422 0 1
1482757602422 0 1
1482757606389 12 1
1482757606389 12 1
1482757606389 12 1
1482757606389 12 1
1482757606389 12 1
1482757606389 12 1
1482757606389 12 1
1482757606389 12 1
1482757607965 5 -1
1482757607965 5 -1
1482757607965 5 -1
1482757607965 5 -1
1482757607965 5 -1
1482757607965 5 -1
1482757607965 5 -1
1482757607965 5 -1
1482757609725 0 -1
1482757609725 0 -1
1482757609725 0 -1
1482757609725 0 -1
1482757609725 0 -1
1482757609725 0 -1
1482757609725 0 -1
1482757609725 0 -1
1482757612452 10 2
1482757612452 10 2
1482757612452 10 2
1482757612452 10 2
1482757612452 10 2
1482757612452 10 2
1482757612452 10 2
1482757612452 10 2
1482757617519 7 -2
1482757617519 7 -2
1482757617519 7 -2
1482757617519 7 -2
1482757617519 7 -2
1482757617519 7 -2
1482757617519 7 -2
1482757617519 7 -2
1482757618238 6 1
1482757618238 6 1
1482757618238 6 1
1482757618238 6 1
1482757618238 6 1
1482757618238 6 1
1482757618238 6 1
1482757618238 6 1
1482757618942 3 1
1482757618942 3 1
1482757618942 3 1
1482757618942 3 1
1482757618942 3 1
1482757618942 3 1
1482757618942 3 1
1482757618942 3 1
1482757619926 10 2
1482757619926 10 2
1482757619926 10 2
1482757619926 10 2
1482757619926 10 2
1482757619926 10 2
1482757619926 10 2
1482757619926 10 2
1482757621550 0 1
1482757621550 0 1
1482757621550 0 1
1482757621550 0 1
1482757621550 0 1
1482757621550 0 1
1482757621550 0 1
1482757621550 0 1
1482757622902 0 -1
1482757622902 0 -1
1482757622902 0 -1
1482757622902 0 -1
1482757622902 0 -1
1482757622902 0 -1
1482757622902 0 -1
1482757622902 0 -1
1482757626525 0 1
1482757626525 0 1
1482757626525 0 1
1482757626525 0 1
1482757626525 0 1
1482757626525 0 1
1482757626525 0 1
1482757626525 0 1
1482757629349 5 2
1482757629349 5 2
1482757629349 5 2
1482757629349 5 2
1482757629349 5 2
1482757629349 5 2
1482757629349 5 2
1482757629349 5 2
1482757630621 12 -1
1482757630621 12 -1
1482757630621 12 -1
1482757630621 12 -1
1482757630621 12 -1
1482757630621 12 -1
1482757630621 12 -1
1482757630621 12 -1
1482757633669 1 2
1482757633669 1 2
1482757633669 1 2
1482757633669 1 2
1482757633669 1 2
1482757633669 1 2
1482757633669 1 2
1482757633669 1 2
1482757634645 11 -2
1482757634645 11 -2
1482757634645 11 -2
1482757634645 11 -2
1482757634645 11 -2
1482757634645 11 -2
1482757634645 11 -2
1482757634645 11 -2
1482757636533 8 -3
1482757636533 8 -3
1482757636533 8 -3
1482757636533 8 -3
1482757636533 8 -3
1482757636533 8 -3
1482757636533 8 -3
1482757636533 8 -3
1482757637517 8 -1
1482757637517 8 -1
1482757637517 8 -1
1482757637517 8 -1
1482757637517 8 -1
1482757637517 8 -1
1482757637517 8 -1
1482757637517 8 -1
1482757641389 1 -1
1482757641389 1 -1
1482757641389 1 -1
1482757641389 1 -1
1482757641389 1 -1
1482757641389 1 -1
1482757641389 1 -1
1482757641389 1 -1
1482757642653 1 1
1482757642653 1 1
1482757642653 1 1
1482757642653 1 1
1482757642653 1 1
1482757642653 1 1
1482757642653 1 1
1482757642653 1 1
1482757644565 0 -1
1482757644565 0 -1
1482757644565 0 -1
1482757644565 0 -1
1482757644565 0 -1
1482757644565 0 -1
1482757644565 0 -1
1482757644565 0 -1
1482757647430 1 -1
1482757647430 1 -1
1482757647430 1 -1
1482757647430 1 -1
1482757647430 1 -1
1482757647430 1 -1
1482757647430 1 -1
1482757647430 1 -1
1482757649040 1 1
1482757649040 1 1
1482757649040 1 1
1482757649040 1 1
1482757649040 1 1
1482757649040 1 1
1482757649040 1 1
1482757649040 1 1
1482757652293 11 2
1482757652293 11 2
1482757652293 11 2
1482757652293 11 2
1482757652293 11 2
1482757652293 11 2
1482757652293 11 2
1482757652293 11 2
1482757655273 12 2
1482757655273 12 2
1482757655273 12 2
1482757655273 12 2
1482757655273 12 2
1482757655273 12 2
1482757655273 12 2
1482757655273 12 2
1482757656009 0 1
1482757656009 0 1
1482757656009 0 1
1482757656009 0 1
1482757656009 0 1
1482757656009 0 1
1482757656009 0 1
1482757656009 0 1
1482757657393 8 4
1482757657393 8 4
1482757657393 8 4
1482757657393 8 4
1482757657393 8 4
1482757657393 8 4
1482757657393 8 4
1482757657393 8 4
1482757660184 5 -2
1482757660184 5 -2
1482757660184 5 -2
1482757660184 5 -2
1482757660184 5 -2
1482757660184 5 -2
1482757660184 5 -2
1482757660184 5 -2
1482757662929 5 2
1482757662929 5 2
1482757662929 5 2
1482757662929 5 2
1482757662929 5 2
1482757662929 5 2
1482757662929 5 2
1482757662929 5 2
1482757665096 5 -2
1482757665096 5 -2
1482757665096 5 -2
1482757665096 5 -2
1482757665096 5 -2
1482757665096 5 -2
1482757665096 5 -2
1482757665096 5 -2
1482757666953 0 -1
1482757666953 0 -1
1482757666953 0 -1
1482757666953 0 -1
1482757666953 0 -1
1482757666953 0 -1
1482757666953 0 -1
1482757666953 0 -1
1482757668177 0 1
1482757668177 0 1
1482757668177 0 1
1482757668177 0 1
1482757668177 0 1
1482757668177 0 1
1482757668177 0 1
1482757668177 0 1
1482757668560 0 -1
1482757668560 0 -1
1482757668560 0 -1
1482757668560 0 -1
1482757668560 0 -1
1482757668560 0 -1
1482757668560 0 -1
1482757668560 0 -1
1482757669240 1 -1
1482757669240 1 -1
1482757669240 1 -1
1482757669240 1 -1
1482757669240 1 -1
1482757669240 1 -1
1482757669240 1 -1
1482757669240 1 -1
1482757683424 0 1
1482757683424 0 1
1482757683424 0 1
1482757683424 0 1
1482757683424 0 1
1482757683424 0 1
1482757683424 0 1
1482757683424 0 1
1482757684144 0 -1
1482757684144 0 -1
1482757684144 0 -1
1482757684144 0 -1
1482757684144 0 -1
1482757684144 0 -1
1482757684144 0 -1
1482757684144 0 -1
1482757685153 1 1
1482757685153 1 1
1482757685153 1 1
1482757685153 1 1
1482757685153 1 1
1482757685153 1 1
1482757685153 1 1
1482757685153 1 1
1482757685873 1 -1
1482757685873 1 -1
1482757685873 1 -1
1482757685873 1 -1
1482757685873 1 -1
1482757685873 1 -1
1482757685873 1 -1
1482757685873 1 -1
1482757687304 4 1
1482757687304 4 1
1482757687304 4 1
1482757687304 4 1
1482757687304 4 1
1482757687304 4 1
1482757687304 4 1
1482757687304 4 1
1482757688513 5 3
1482757688513 5 3
1482757688513 5 3
1482757688513 5 3
1482757688513 5 3
1482757688513 5 3
1482757688513 5 3
1482757688513 5 3
1482757689657 12 -2
1482757689657 12 -2
1482757689657 12 -2
1482757689657 12 -2
1482757689657 12 -2
1482757689657 12 -2
1482757689657 12 -2
1482757689657 12 -2
1482757692449 11 -2
1482757692449 11 -2
1482757692449 11 -2
1482757692449 11 -2
1482757692449 11 -2
1482757692449 11 -2
1482757692449 11 -2
1482757692449 11 -2
1482757693232 0 1
1482757693232 0 1
1482757693232 0 1
1482757693232 0 1
1482757693232 0 1
1482757693232 0 1
1482757693232 0 1
1482757693232 0 1
1482757695284 11 2
1482757695284 11 2
1482757695284 11 2
1482757695284 11 2
1482757695284 11 2
1482757695284 11 2
1482757695284 11 2
1482757695284 11 2
1482757696752 0 -2
1482757696752 0 -2
1482757696752 0 -2
1482757696752 0 -2
1482757696752 0 -2
1482757696752 0 -2
1482757696752 0 -2
1482757696752 0 -2
1482757697344 1 -1
1482757697344 1 -1
1482757697344 1 -1
1482757697344 1 -1
1482757697344 1 -1
1482757697344 1 -1
1482757697344 1 -1
1482757697344 1 -1
1482757699785 5 -2
1482757699785 5 -2
1482757699785 5 -2
1482757699785 5 -2
1482757699785 5 -2
1482757699785 5 -2
1482757699785 5 -2
1482757699785 5 -2
1482757701264 4 -1
1482757701264 4 -1
1482757701264 4 -1
1482757701264 4 -1
1482757701264 4 -1
1482757701264 4 -1
1482757701264 4 -1
1482757701264 4 -1
1482757702689 10 -4
1482757702689 10 -4
1482757702689 10 -4
1482757702689 10 -4
1482757702689 10 -4
1482757702689 10 -4
1482757702689 10 -4
1482757702689 10 -4
1482757708176 10 1
1482757708176 10 1
1482757708176 10 1
1482757708176 10 1
1482757708176 10 1
1482757708176 10 1
1482757708176 10 1
1482757708176 10 1
1482757711425 4 1
1482757711425 4 1
1482757711425 4 1
1482757711425 4 1
1482757711425 4 1
1482757711425 4 1
1482757711425 4 1
1482757711425 4 1
1482757712113 10 -1
1482757712113 10 -1
1482757712113 10 -1
1482757712113 10 -1
1482757712113 10 -1
1482757712113 10 -1
1482757712113 10 -1
1482757712113 10 -1
1482757713825 4 -1
1482757713825 4 -1
1482757713825 4 -1
1482757713825 4 -1
1482757713825 4 -1
1482757713825 4 -1
1482757713825 4 -1
1482757713825 4 -1
1482757714944 4 1
1482757714944 4 1
1482757714944 4 1
1482757714944 4 1
1482757714944 4 1
1482757714944 4 1
1482757714944 4 1
1482757714944 4 1
1482757722853 0 2
1482757722853 0 2
1482757722853 0 2
1482757722853 0 2
1482757722853 0 2
1482757722853 0 2
1482757722853 0 2
1482757722853 0 2
1482757725822 4 -1
1482757725822 4 -1
1482757725822 4 -1
1482757725822 4 -1
1482757725822 4 -1
1482757725822 4 -1
1482757725822 4 -1
1482757725822 4 -1
1482757727261 6 -1
1482757727261 6 -1
1482757727261 6 -1
1482757727261 6 -1
1482757727261 6 -1
1482757727261 6 -1
1482757727261 6 -1
1482757727261 6 -1
1482757728101 3 -1
1482757728101 3 -1
1482757728101 3 -1
1482757728101 3 -1
1482757728101 3 -1
1482757728101 3 -1
1482757728101 3 -1
1482757728101 3 -1
1482757729013 7 2
1482757729013 7 2
1482757729013 7 2
1482757729013 7 2
1482757729013 7 2
1482757729013 7 2
1482757729013 7 2
1482757729013 7 2
1482757736341 1 3
1482757736341 1 3
1482757736341 1 3
1482757736341 1 3
1482757736341 1 3
1482757736341 1 3
1482757736341 1 3
1482757736341 1 3
1482757737693 8 -3
1482757737693 8 -3
1482757737693 8 -3
1482757737693 8 -3
1482757737693 8 -3
1482757737693 8 -3
1482757737693 8 -3
1482757737693 8 -3
1482757738685 11 -2
1482757738685 11 -2
1482757738685 11 -2
1482757738685 11 -2
1482757738685 11 -2
1482757738685 11 -2
1482757738685 11 -2
1482757738685 11 -2
1482757740149 2 -1
1482757740149 2 -1
1482757740149 2 -1
1482757740149 2 -1
1482757740149 2 -1
1482757740149 2 -1
1482757740149 2 -1
1482757740149 2 -1
1482757740973 3 -3
1482757740973 3 -3
1482757740973 3 -3
1482757740973 3 -3
1482757740973 3 -3
1482757740973 3 -3
1482757740973 3 -3
1482757740973 3 -3
1482757744293 2 1
1482757744293 2 1
1482757744293 2 1
1482757744293 2 1
1482757744293 2 1
1482757744293 2 1
1482757744293 2 1
1482757744293 2 1
1482757745309 1 -2
1482757745309 1 -2
1482757745309 1 -2
1482757745309 1 -2
1482757745309 1 -2
1482757745309 1 -2
1482757745309 1 -2
1482757745309 1 -2
1482757748557 1 1
1482757748557 1 1
1482757748557 1 1
1482757748557 1 1
1482757748557 1 1
1482757748557 1 1
1482757748557 1 1
1482757748557 1 1
1482757749797 1 1
1482757749797 1 1
1482757749797 1 1
1482757749797 1 1
1482757749797 1 1
1482757749797 1 1
1482757749797 1 1
1482757749797 1 1
1482757756373 11 1
1482757756373 11 1
1482757756373 11 1
1482757756373 11 1
1482757756373 11 1
1482757756373 11 1
1482757756373 11 1
1482757756373 11 1
1482757758134 8 2
1482757758134 8 2
1482757758134 8 2
1482757758134 8 2
1482757758134 8 2
1482757758134 8 2
1482757758134 8 2
1482757758134 8 2
1482757759709 0 -2
1482757759709 0 -2
1482757759709 0 -2
1482757759709 0 -2
1482757759709 0 -2
1482757759709 0 -2
1482757759709 0 -2
1482757759709 0 -2
1482757761469 2 -3
1482757761469 2 -3
1482757761469 2 -3
1482757761469 2 -3
1482757761469 2 -3
1482757761469 2 -3
1482757761469 2 -3
1482757761469 2 -3
1482757762909 2 3
1482757762909 2 3
1482757762909 2 3
1482757762909 2 3
1482757762909 2 3
1482757762909 2 3
1482757762909 2 3
1482757762909 2 3
1482757765109 0 2
1482757765109 0 2
1482757765109 0 2
1482757765109 0 2
1482757765109 0 2
1482757765109 0 2
1482757765109 0 2
1482757765109 0 2
1482757765861 11 -1
1482757765861 11 -1
1482757765861 11 -1
1482757765861 11 -1
1482757765861 11 -1
1482757765861 11 -1
1482757765861 11 -1
1482757765861 11 -1
1482757767646 8 -2
1482757767646 8 -2
1482757767646 8 -2
1482757767646 8 -2
1482757767646 8 -2
1482757767646 8 -2
1482757767646 8 -2
1482757767646 8 -2
1482757769988 1 -2
1482757769988 1 -2
1482757769988 1 -2
1482757769988 1 -2
1482757769988 1 -2
1482757769988 1 -2
1482757769988 1 -2
1482757769988 1 -2
1482757771965 9 2
1482757771965 9 2
1482757771965 9 2
1482757771965 9 2
1482757771965 9 2
1482757771965 9 2
1482757771965 9 2
1482757771965 9 2
1482757777985 9 -2
1482757777985 9 -2
1482757777985 9 -2
1482757777985 9 -2
1482757777985 9 -2
1482757777985 9 -2
1482757777985 9 -2
1482757777985 9 -2
1482757779249 1 2
1482757779249 1 2
1482757779249 1 2
1482757779249 1 2
1482757779249 1 2
1482757779249 1 2
1482757779249 1 2
1482757779249 1 2
1482757782257 8 2
1482757782257 8 2
1482757782257 8 2
1482757782257 8 2
1482757782257 8 2
1482757782257 8 2
1482757782257 8 2
1482757782257 8 2
1482757784506 11 1
1482757784506 11 1
1482757784506 11 1
1482757784506 11 1
1482757784506 11 1
1482757784506 11 1
1482757784506 11 1
1482757784506 11 1
1482757785290 12 1
1482757785290 12 1
1482757785290 12 1
1482757785290 12 1
1482757785290 12 1
1482757785290 12 1
1482757785290 12 1
1482757785290 12 1
1482757785945 5 -1
1482757785945 5 -1
1482757785945 5 -1
1482757785945 5 -1
1482757785945 5 -1
1482757785945 5 -1
1482757785945 5 -1
1482757785945 5 -1
1482757786865 0 -1
1482757786865 0 -1
1482757786865 0 -1
1482757786865 0 -1
1482757786865 0 -1
1482757786865 0 -1
1482757786865 0 -1
1482757786865 0 -1
1482757787593 0 1
1482757787593 0 1
1482757787593 0 1
1482757787593 0 1
1482757787593 0 1
1482757787593 0 1
1482757787593 0 1
1482757787593 0 1
1482757788761 8 -2
1482757788761 8 -2
1482757788761 8 -2
1482757788761 8 -2
1482757788761 8 -2
1482757788761 8 -2
1482757788761 8 -2
1482757788761 8 -2
1482757790113 5 1
1482757790113 5 1
1482757790113 5 1
1482757790113 5 1
1482757790113 5 1
1482757790113 5 1
1482757790113 5 1
1482757790113 5 1
1482757794010 R
1482757794010 R
1482757794010 R
1482757794010 R
1482757794010 R
1482757794010 R
1482757794010 R
1482757794010 R
1482757795105 R
1482757795105 R
1482757795105 R
1482757795105 R
1482757795105 R
1482757795105 R
1482757795105 R
1482757795105 R
1482757795953 R
1482757795953 R
1482757795953 R
1482757795953 R
1482757795953 R
1482757795953 R
1482757795953 R
1482757795953 R
1482757796169 R
1482757796169 R
1482757796169 R
1482757796169 R
1482757796169 R
1482757796169 R
1482757796169 R
1482757796169 R
1482757796353 R
1482757796353 R
1482757796353 R
1482757796353 R
1482757796353 R
1482757796353 R
1482757796353 R
1482757796353 R
1482757796497 R
1482757796497 R
1482757796497 R
1482757796497 R
1482757796497 R
1482757796497 R
1482757796497 R
1482757796497 R
