1481799856046 0 1
1481799856557 0 -1
1481799864238 2 1
1481799864734 5 -3
1481799866982 4 -1
1481799869230 9 -1
1481799870029 4 1
1481799871485 5 1
1481799872005 5 -1
1481799879838 9 -1
1481799882862 4 2
1481799883814 10 -2
1481799889109 10 2
1481799889765 5 2
1481799890247 2 -1
1481799890877 0 1
1481799892870 0 -1
1481799893845 10 -1
1481799894286 1 1
1481799894806 0 1
1481799895886 11 -2
1481799897846 9 2
1481799898407 5 1
1481799898846 10 -1
1481799899557 0 2
1481799904877 11 2
1481799905446 1 -1
1481799908717 0 -1
1481799910197 4 -2
1481799910934 6 1
1481799911397 3 1
1481799918997 9 -1
1481799919693 9 1
1481799921461 6 -1
1481799925901 1 1
1481799929101 1 -1
1481799929814 9 -1
1481799930334 7 -1
1481799930799 3 1
1481799931647 6 1
1481799932878 1 1
1481799933781 11 -2
1481799934573 11 2
1481799935102 12 2
1481799937294 12 -2
1481799937982 1 -1
1481799939253 6 -1
1481799940021 4 1
1481799943613 0 -1
1481799946677 10 2
1481799947999 0 -1
1481799948493 2 1
1481799949165 5 -2
1481799950365 5 -1
1481799950990 9 -1
1481799952205 4 -2
1481799953477 10 -2
1481799956789 6 1
1481799959821 3 -1
1481799960517 7 1
1481799961605 1 3
1481799963821 2 3
1481799974725 1 -3
1481799978197 7 -2
1481799990653 0 2
1481799994437 7 1
1481800004934 7 1
1481800005862 1 3
1481800010453 11 -1
1481800011933 8 -1
1481800013005 2 -1
1481800024326 3 -3
1481800042829 0 -1
1481800043421 10 1
1481800044197 5 1
1481800046997 5 -1
1481800047421 10 -1
1481800047998 0 1
1481800051517 3 3
1481800054175 2 1
1481800054926 8 1
1481800055885 11 1
1481800056742 1 -3
1481800059085 7 -2
1481800059660 6 1
1481800060189 3 1
1481800064124 0 -1
1481800065013 10 4
1481800066036 5 1
1481800066684 0 1
1481800067316 1 2
1481800068684 8 -4
1481800077012 8 2
1481800077836 12 2
1481800078564 5 -2
1481800079460 8 -1
1481800080004 12 -1
1481800081996 1 -2
1481800082932 4 1
1481800088605 4 -1
1481800090732 5 2
1481800091332 8 -1
1481800091892 12 -1
1481800095988 1 2
1481800096732 11 -2
1481800097940 1 -1
1481800102108 1 1
1481800103259 11 2
1481800103797 0 -2
1481800104460 1 -2
1481800105916 4 1
1481800106821 5 1
1481800110892 10 -3
1481800112692 1 1
1481800114076 0 1
1481800115324 11 -2
1481800116844 11 2
1481800117420 1 -1
1481800118604 10 2
1481800119924 5 -1
1481800120797 4 -1
1481800121502 10 1
1481800122021 1 2
1481800123197 1 -2
1481800124685 10 -2
