1482536059440 2 1
1482536059440 2 1
1482536061751 2 -1
1482536061751 2 -1
1482536063553 4 2
1482536063553 4 2
1482536064568 10 -2
1482536064568 10 -2
1482536069638 0 3
1482536069638 0 3
1482536073014 9 -1
1482536073014 9 -1
1482536075422 2 1
1482536075422 2 1
1482536077287 2 -1
1482536077287 2 -1
1482536078464 1 1
1482536078464 1 1
1482536079728 11 -2
1482536079728 11 -2
1482536085131 0 -1
1482536085131 0 -1
1482536090797 7 -1
1482536090797 7 -1
1482536093660 0 1
1482536093660 0 1
1482536094613 2 1
1482536094613 2 1
1482536096543 2 -1
1482536096543 2 -1
1482536097684 0 -2
1482536097684 0 -2
1482536098577 10 1
1482536098577 10 1
1482536101930 10 -1
1482536101930 10 -1
1482536104314 0 2
1482536104314 0 2
1482536107246 11 2
1482536107246 11 2
1482536108338 12 2
1482536108338 12 2
1482536110245 12 -2
1482536110245 12 -2
1482536111393 0 -3
1482536111393 0 -3
1482536112496 2 1
1482536112496 2 1
1482536113008 10 1
1482536113008 10 1
1482536113761 5 -3
1482536113761 5 -3
1482536114666 10 -1
1482536114666 10 -1
1482536119762 9 -1
1482536119762 9 -1
1482536121168 10 1
1482536121168 10 1
1482536121986 5 2
1482536121986 5 2
1482536122795 2 -1
1482536122795 2 -1
1482536125118 0 1
1482536125118 0 1
1482536125839 12 2
1482536125839 12 2
1482536130982 7 1
1482536130982 7 1
1482536132942 12 -2
1482536132942 12 -2
1482536134949 11 -2
1482536134949 11 -2
1482536135758 11 2
1482536135758 11 2
1482536136437 0 -1
1482536136437 0 -1
1482536137286 2 1
1482536137286 2 1
1482536143740 5 -2
1482536143740 5 -2
1482536145095 10 -1
1482536145095 10 -1
1482536145763 10 1
1482536145763 10 1
1482536146491 5 2
1482536146491 5 2
1482536147148 2 -1
1482536147148 2 -1
1482536147927 0 1
1482536147927 0 1
1482536150636 9 1
1482536150636 9 1
1482536151499 5 1
1482536151499 5 1
1482536152428 10 -1
1482536152428 10 -1
1482536154661 0 2
1482536154661 0 2
1482536155315 2 1
1482536155315 2 1
1482536159861 R
1482536159861 R
1482536163906 5 -1
1482536163906 5 -1
1482536164986 2 1
1482536164986 2 1
1482536167082 5 -2
1482536167082 5 -2
1482536168968 10 -2
1482536168968 10 -2
1482536170924 4 -1
1482536170924 4 -1
1482536173169 9 -2
1482536173169 9 -2
1482536174539 1 3
1482536174539 1 3
1482536178586 1 -3
1482536178586 1 -3
1482536183840 1 3
1482536183840 1 3
1482536185082 2 1
1482536185082 2 1
1482536185871 2 -1
1482536185871 2 -1
1482536186541 6 1
1482536186541 6 1
1482536187376 2 2
1482536187376 2 2
1482536188262 0 2
1482536188262 0 2
1482536198632 3 1
1482536198632 3 1
1482536199333 2 1
1482536199333 2 1
1482536202733 12 2
1482536202733 12 2
1482536203734 5 -1
1482536203734 5 -1
1482536205336 0 -1
1482536205336 0 -1
1482536206597 10 1
1482536206597 10 1
1482536209365 8 -1
1482536209365 8 -1
1482536210220 8 1
1482536210220 8 1
1482536211404 1 -2
1482536211404 1 -2
1482536212575 4 1
1482536212575 4 1
1482536213350 10 -1
1482536213350 10 -1
1482536213952 0 1
1482536213952 0 1
1482536214560 4 -1
1482536214560 4 -1
1482536215939 4 1
1482536215939 4 1
1482536219116 12 -1
1482536219116 12 -1
1482536219911 11 -1
1482536219911 11 -1
1482536222308 5 1
1482536222308 5 1
1482536222923 12 -1
1482536222923 12 -1
1482536223994 11 -1
1482536223994 11 -1
1482536224644 0 -1
1482536224644 0 -1
1482536225564 10 1
1482536225564 10 1
1482536226283 4 -1
1482536226283 4 -1
1482536227730 5 1
1482536227730 5 1
1482536229169 1 2
1482536229169 1 2
1482536233581 11 2
1482536233581 11 2
1482536234440 1 -3
1482536234440 1 -3
1482536235753 10 1
1482536235753 10 1
1482536237705 4 1
1482536237705 4 1
1482536240027 U
1482536240027 U
1482536281509 R
1482536281509 R
1482536285459 9 -1
1482536285459 9 -1
1482536291194 3 1
1482536291194 3 1
1482536291945 6 1
1482536291945 6 1
1482536296113 10 -2
1482536296113 10 -2
1482536298816 0 2
1482536298816 0 2
1482536301288 6 -1
1482536301288 6 -1
1482536302032 3 -1
1482536302032 3 -1
1482536304584 4 2
1482536304584 4 2
1482536310767 0 1
1482536310767 0 1
1482536312654 2 1
1482536312654 2 1
1482536314214 1 1
1482536314214 1 1
1482536315151 12 2
1482536315151 12 2
1482536316665 12 -2
1482536316665 12 -2
1482536317542 11 -2
1482536317542 11 -2
1482536321233 2 -1
1482536321233 2 -1
1482536322073 0 -2
1482536322073 0 -2
1482536324359 R
1482536324359 R
1482536329101 6 1
1482536329101 6 1
1482536330325 3 1
1482536330325 3 1
1482536332526 10 -2
1482536332526 10 -2
1482536334987 9 -1
1482536334987 9 -1
1482536337283 0 2
1482536337283 0 2
1482536338789 1 1
1482536338789 1 1
1482536342106 1 -1
1482536342106 1 -1
1482536342786 1 1
1482536342786 1 1
1482536347941 11 -2
1482536347941 11 -2
1482536351308 6 -1
1482536351308 6 -1
1482536351980 3 -1
1482536351980 3 -1
1482536353148 4 2
1482536353148 4 2
1482536355531 U
1482536355531 U
