1481787124917 10 -2
1481787125655 4 2
1481787127513 1 1
1481787128515 0 2
1481787129219 0 1
1481787130033 1 -1
1481787131160 1 1
1481787132090 11 -2
1481787132973 11 2
1481787133471 1 -1
1481787136473 9 -1
1481787137204 9 1
1481787138588 2 1
1481787139926 2 -1
1481787141502 1 1
1481787142529 2 1
1481787143077 12 2
1481787143702 2 -1
1481787144382 2 1
1481787144856 2 -1
1481787151093 R
1481787154737 10 -2
1481787155944 4 2
1481787158407 10 2
1481787159035 4 -2
1481787160333 6 1
1481787160957 3 1
1481787163745 2 1
1481787164333 2 -1
1481787166919 0 1
1481787168487 12 1
1481787170020 5 -1
1481787170912 9 -2
1481787172404 6 -1
1481787172933 3 -1
1481787173270 4 2
1481787174723 10 -1
1481787176868 10 1
1481787179197 9 2
1481787179692 9 -2
1481787180471 7 -2
1481787181731 7 2
1481787182943 R
1481787185041 6 1
1481787185556 3 1
1481787188559 2 1
1481787189491 2 -1
1481787189988 10 -2
1481787191136 6 -1
1481787191639 3 -1
1481787192109 4 2
1481787193643 9 -1
1481787194070 9 1
1481787194574 0 3
1481787388872 9 -1
1481787391349 9 1
1481787393880 1 1
1481787394768 11 -2
1481787397615 0 -2
1481787401555 9 -1
1481787405834 4 -2
1481787407135 6 1
1481787407532 3 1
1481787411809 9 1
1481787412177 6 -1
1481787412448 3 -1
1481787413979 R
1481787516818 10 -2
1481787518101 4 2
1481787518923 9 -1
1481787519779 9 1
