1481910608714 4 2
1481910610023 10 -2
1481910613143 10 2
1481910614435 4 -2
1481910626368 5 -1
1481910628792 9 -2
1481910634483 2 1
1481910638457 2 -1
1481910639583 0 1
1481910640784 12 1
1481910642046 12 -1
1481910644706 R
1481910651275 10 -1
1481910653350 1 1
1481910654938 11 -1
1481910658258 2 1
1481910659589 5 -3
1481910660877 4 -1
1481910661741 1 1
1481910662657 8 -1
1481910664331 3 -1
1481910666616 9 -2
1481910667462 1 1
1481910668175 6 1
1481910669171 3 -1
1481910670323 2 3
1481910673482 0 1
1481910675011 11 -1
1481910692693 10 -1
1481910693585 0 1
1481910694506 8 -2
1481910697088 1 -2
1481910699523 1 2
1481910704202 1 -2
1481910707139 7 -2
1481910713518 7 2
1481910714688 1 2
1481910718424 11 1
1481910719317 12 1
1481910720563 5 -1
1481910733799 5 1
1481910734691 12 -1
1481910736054 11 -1
1481910737405 2 -1
1481910740292 8 2
1481910741908 11 1
1481910742999 0 -2
1481910744281 2 -2
1481910746148 6 -1
1481910747546 2 1
1481910748432 6 1
1481910749419 2 2
1481910750512 0 2
1481910752829 11 -1
1481910758735 8 -1
1481910768170 8 -1
1481910769879 1 -2
1481910772174 4 1
1481910773294 4 -1
1481910775348 7 -2
1481910776945 6 1
1481910780134 6 -1
1481910800235 R
1481910805306 5 -1
1481910807135 4 2
1481910809223 2 1
1481910810166 5 -2
1481910811384 10 -2
1481910812467 1 1
1481910814211 1 -1
1481910815120 10 2
1481910816110 5 3
1481910817118 2 -1
1481910818014 0 1
1481910818938 12 1
1481910820080 10 -2
1481910820950 0 2
1481910822148 2 1
1481910830995 R
1481910834811 2 1
1481910838110 2 -1
1481910839403 0 1
1481910842839 12 1
1481910846280 10 -2
1481910847209 0 1
1481910848634 0 -1
1481910850295 10 2
1481910852215 5 -1
1481910853923 5 1
1481910855690 10 -2
1481910856481 4 2
1481910858348 0 2
1481910859379 9 -1
1481910860541 2 1
1481910868870 R
1481910870934 2 1
1481910873446 2 -1
1481910876451 0 1
1481910888776 4 2
1481910889940 10 -2
1481910891329 1 1
1481910893024 12 2
1481910894255 0 2
1481910895631 2 1
1481910896825 12 -2
1481910898389 1 -1
1481910901052 2 -1
1481910902950 0 -3
1481910904980 10 2
1481910906938 2 1
1481910908618 5 -3
1481910910870 5 3
1481910913633 2 -1
1481910915240 10 -2
1481910915948 1 1
1481910916809 11 -1
1481910918593 10 1
1481910919627 5 -1
1481910920351 2 1
1481910921177 5 -2
1481910922962 4 -3
1481910930533 9 -2
1481910931600 1 2
1481910934443 6 1
1481910935212 3 1
1481910937153 2 3
1481910943355 10 -1
1481910944394 0 2
1481910946448 11 1
1481910947634 12 2
1481910948677 5 -1
1481910954057 1 -2
1481910956856 1 1
1481910958078 8 -3
1481910961333 8 3
1481910965451 1 -1
1481910968909 1 2
1481910969920 12 -1
1481910970695 5 1
1481910971517 12 -1
1481910973143 0 -2
1481910974837 2 -3
1481910976953 2 3
1481910982476 1 -1
1481910983745 0 1
1481910987157 0 -1
1481910988466 10 1
1481910989959 5 1
1481910992284 5 -1
1481910993072 10 -1
1481910994411 0 2
1481911000211 11 -2
1481911001458 8 -2
1481911003950 R
1481911013713 2 1
1481911016749 6 1
1481911018013 3 1
1481911020126 6 -1
1481911022937 5 -3
1481911024177 4 -1
1481911026894 3 -1
1481911035581 6 1
1481911036330 3 1
1481911037336 10 -2
1481911038435 9 -2
1481911040992 1 3
1481911043693 2 2
1481911048392 2 -2
1481911051761 2 2
1481911054736 0 1
1481911057452 12 1
1481911061380 5 -1
1481911064597 5 1
1481911065396 12 -1
1481911066594 0 -1
1481911070755 10 1
1481911071602 5 1
1481911073352 2 -2
1481911075924 6 -1
1481911076796 3 -1
1481911078253 1 -3
1481911079406 4 3
1481911089014 5 -1
1481911090227 10 -1
1481911097463 4 -3
1481911098810 1 3
1481911100413 2 1
1481911102380 6 1
1481911103155 3 1
1481911104451 2 2
1481911106003 0 1
1481911107617 12 2
1481911109286 5 -1
1481911117088 1 -2
1481911119080 0 1
1481911121948 1 1
1481911123761 8 -3
1481911129248 12 -1
1481911133397 5 1
1481911134959 12 -1
1481911136603 8 3
1481911139546 0 -2
1481911151177 1 1
1481911155443 10 1
1481911157830 R
1481911162031 10 -2
1481911163743 0 2
1481911168059 0 -2
1481911170823 10 1
1481911171638 2 1
1481911173300 5 -2
1481911175030 4 -1
1481911182732 9 -2
1481911187396 7 -2
1481911188374 6 2
1481911189312 3 2
1481911190811 10 3
1481911195246 10 -3
1481911196531 6 -1
1481911197558 3 -2
1481911198796 3 1
1481911199726 7 2
1481911201031 1 3
1481911202261 2 3
1481911203418 1 -3
1481911204663 7 -2
1481911207480 6 1
1481911208214 3 1
1481911209636 10 3
1481911215079 0 1
1481911216020 12 1
1481911217191 5 -2
1481911228635 10 -4
1481911229898 0 1
1481911230801 1 2
1481911232049 8 -3
1481911233708 1 -2
1481911236378 1 2
1481911239389 1 -2
1481911242090 1 2
1481911243110 8 3
1481911244592 0 -1
1481911248589 5 1
1481911249477 12 -1
1481911252384 0 1
1481911253605 12 2
1481911254854 5 -1
1481911255842 12 -1
1481911258377 8 -3
1481911261313 1 -2
1481911262468 6 -1
1481911263368 3 -1
1481911264512 7 2
1481911265880 1 3
1481911267199 2 -1
1481911269950 5 1
1481911270795 12 -1
1481911273490 12 1
1481911279714 2 1
1481911281214 1 -3
1481911287665 5 -1
1481911300614 1 3
1481911302468 8 3
1481911304350 0 -1
1481911307055 12 1
1481911314791 1 -2
1481911315872 12 -1
1481911317689 10 1
1481911318880 5 2
1481911319909 12 -1
1481911321057 1 -1
1481911324720 1 3
1481911326401 0 -1
1481911327786 2 -3
1481911329930 1 -3
1481911330868 6 -1
1481911331708 3 -1
1481911333245 4 3
1481911335125 5 -1
1481911339408 9 1
1481911340833 5 3
1481911341712 10 -1
1481911342461 2 -1
1481911345392 0 3
1481911353270 2 1
1481911356216 2 -1
1481911359562 0 -2
1481911369262 10 2
1481911370147 5 -1
1481911371018 0 -1
1481911371997 2 1
1481911373523 5 -2
1481911375025 4 -3
1481911376287 10 -1
1481911381111 1 2
1481911382672 5 1
1481911400419 1 1
1481911410118 R
1481911442966 4 2
1481911448550 5 -1
1481911454703 2 1
1481911456496 5 1
1481911457292 2 -1
1481911459626 5 -1
1481911472198 2 1
1481911473755 5 -2
1481911475727 4 -3
1481911481629 10 -1
1481911483287 9 -2
1481911485625 1 3
1481911488669 6 1
1481911489493 3 1
1481911492006 2 3
1481911499303 1 -2
1481911500266 0 1
1481911502279 12 2
1481911504381 5 -1
1481911507035 10 -1
1481911511251 0 1
1481911512505 1 1
1481911517356 0 -1
1481911519008 12 -1
1481911520344 5 1
1481911522039 12 -1
1481911523847 0 -1
1481911526551 0 1
1481911529926 11 -2
1481911531150 8 -1
1481911533385 0 1
1481911535203 8 -1
1481911537620 8 2
1481911538660 0 -1
1481911540008 11 2
1481911541459 0 -1
1481911542941 1 1
1481911544305 2 -3
1481911545360 8 -1
1481911546166 11 -1
1481911547802 3 -3
1481911549399 6 -1
1481911554919 6 1
1481911556620 2 3
1481911560805 2 -1
1481911568124 2 -1
1481911569452 2 -1
1481911570239 1 -1
1481911571229 7 -2
1481911572305 6 1
1481911574490 3 2
1481911576124 8 1
1481911576990 11 1
1481911578374 1 -2
1481911581676 6 -2
1481911583566 4 3
1481911588255 10 1
1481911589637 5 2
1481911590565 2 -1
1481911591611 0 1
1481911595128 4 -2
1481911596419 6 2
1481911597638 3 2
1481911601866 10 3
1481911603917 0 1
1481911607604 10 -1
1481911608694 3 -2
1481911611836 12 1
