1481910992708 5 -1
1481910993741 9 -2
1481910995580 4 2
1481910997064 9 2
1481910997701 5 1
1481910998473 10 -2
1481910999763 0 3
1481911003937 0 -2
1481911005146 10 2
1481911009290 12 1
1481911013389 10 -2
1481911014668 0 2
1481911018925 12 -1
1481911021676 1 1
1481911022683 12 2
1481911027235 0 -2
1481911030108 R
1481911030131 R
1481911051509 10 -2
1481911054479 1 1
1481911058311 2 1
1481911059128 10 1
1481911060160 5 -3
1481911061487 10 -1
1481911062131 4 -1
1481911062996 9 -2
1481911065393 1 2
1481911070867 8 -1
1481911071491 11 -1
1481911072025 3 -2
1481911072828 6 1
1481911073970 2 3
1481911079921 0 2
1481911080967 8 -2
1481911081916 1 -2
1481911086126 1 2
1481911087100 8 2
1481911088597 0 -2
1481911089729 2 -3
1481911093441 3 3
1481911094291 8 1
1481911095728 1 -2
1481911096521 6 -1
1481911097351 3 -1
1481911098017 4 3
1481911106827 R
1481911111820 2 1
1481911113009 5 -3
1481911113741 10 -2
1481911126443 6 1
1481911127271 3 1
1481911128930 10 2
1481911133701 5 3
1481911134536 2 -1
1481911135351 10 -2
1481911136260 0 2
1481911137518 6 -1
1481911138021 3 -1
1481911138894 4 2
1481911142106 0 1
1481911143310 0 -3
1481911143919 2 1
1481911144491 10 2
1481911145757 5 -3
1481911147554 5 2
1481911148384 2 -1
1481911153935 9 -2
1481911155957 4 -2
1481911157452 7 -2
1481911158039 6 2
1481911158757 3 2
1481911159570 10 2
1481911160906 0 2
1481911162670 10 -1
1481911163296 3 -2
1481911165836 0 -2
1481911166711 10 -2
1481911167454 6 -2
1481911168317 4 2
1481911170794 10 1
1481911171480 7 2
1481911173651 9 1
1481911174463 5 1
1481911175009 10 -2
1481911176419 0 3
1481911177430 9 1
1481911180339 0 -1
1481911185248 0 -2
1481911185833 2 1
1481911187069 10 2
1481911188907 5 -3
1481911189688 10 -2
1481911190610 9 -2
1481911192824 4 -3
1481911193484 6 1
1481911194265 3 1
1481911195283 1 3
1481911197461 2 3
1481911198913 0 2
1481911199811 1 -3
1481911202511 1 2
1481911204094 8 -3
1481911205127 11 -2
1481911207646 1 -1
1481911209922 1 2
1481911210838 2 -1
1481911211370 3 -3
1481911212477 2 1
1481911213609 1 -2
1481911221440 7 -2
1481911222022 6 1
1481911226544 1 1
1481911231917 1 -1
1481911233096 6 -1
1481911234308 7 2
1481911236049 4 1
1481911238509 R
1481911242342 10 -2
1481911243924 4 2
1481911246734 10 2
1481911247445 5 -1
1481911248182 9 -2
1481911250654 2 1
1481911251217 5 -2
1481911252428 10 -2
1481911253646 4 -3
1481911254473 1 3
1481911255592 2 1
1481911256761 2 -1
1481911257496 6 1
1481911258017 3 1
1481911258684 2 3
1481911266522 1 -3
1481911269577 7 -2
1481911273484 0 2
1481911274153 12 1
1481911274806 5 -1
1481911277797 0 -1
1481911279211 0 1
1481911280827 6 1
1481911281682 3 1
1481911282658 0 -1
1481911283519 10 4
1481911290249 1 2
1481911291297 8 -1
1481911291903 11 -1
1481911293511 0 1
1481911294337 8 -2
1481911295992 1 -1
1481911297624 4 1
