1482358548543 4 2
1482358550990 10 -2
1482358552827 0 3
1482358554855 1 1
1482358556162 12 2
1482358557355 2 1
1482358566520 12 -2
1482358568040 11 -2
1482358570014 11 2
1482358575641 1 -1
1482358579586 9 -1
1482358580954 7 -1
1482358582474 7 1
1482358583586 2 -1
1482358585089 0 -1
1482358586996 4 -2
1482358588147 6 1
1482358589597 3 1
1482358591090 1 1
1482358592486 11 -2
1482358596925 11 2
1482358598590 1 -1
1482358599648 0 -2
1482358600921 10 2
1482358602199 2 1
1482358604838 5 -3
1482358606760 10 -2
1482358607761 4 -1
1482358609025 9 -1
1482358611978 1 3
1482358613448 2 3
1482358618113 0 2
1482358620397 2 -1
1482358623051 0 -2
1482358624819 2 -2
1482358632265 2 3
1482358633391 0 2
1482358634742 8 -3
1482358636420 11 -2
1482358637568 2 -1
1482358638566 3 -3
1482358640720 2 1
1482358642039 1 -2
1482358643957 7 -2
1482358645121 6 1
1482358647331 1 1
1482358648920 1 -1
1482358650644 6 -1
1482358655641 4 1
1482358657307 7 2
1482358665079 4 -1
1482358666425 1 2
1482358669793 2 -1
1482358672517 3 3
1482358674672 2 1
1482358688243 11 2
1482358691587 12 2
1482358692825 5 -1
1482358696090 8 3
1482358697381 0 -1
1482358698807 10 1
1482358701247 10 -1
1482358703873 0 1
1482358706600 8 -3
1482358707725 12 -1
1482358709104 11 -1
1482358710310 2 -1
1482358711532 3 -3
1482358712904 2 1
1482358717371 1 -2
1482358719676 7 -2
1482358720978 6 1
1482358722641 6 -1
1482358723863 4 1
1482358727326 7 2
1482358730129 U
1482358732104 U
1482358733525 U
1482358734694 U
1482358735458 U
1482358736076 U
1482358736745 U
1482358737510 U
1482358738323 U
1482358739194 U
1482358739793 U
1482358740428 U
1482358742194 U
1482358744626 U
1482358745590 U
1482358747209 U
1482358748443 U
1482358750760 U
1482358752410 R
1482358759805 10 -2
1482358761194 4 2
1482358762715 0 3
1482358767115 1 1
1482358768720 11 -2
1482358770332 11 2
1482358772202 2 1
1482358776147 9 -1
1482358778060 9 1
1482358779889 2 -1
1482358786513 0 -3
1482358788220 0 2
1482358789536 12 2
1482358791804 0 -1
1482358793133 10 1
1482358794458 5 -1
1482358796200 9 -2
1482358799391 9 2
1482358800588 5 1
1482358801934 10 -1
1482358803187 0 2
1482358804483 2 1
1482358806503 12 -2
1482358808061 2 -1
1482358810786 0 -3
1482358811860 10 1
1482358812956 2 1
1482358814411 5 -3
1482358816327 10 -1
1482358817945 9 -2
1482358819704 4 -3
1482358821590 4 3
1482358824668 10 1
1482358826000 5 2
1482358827297 2 -1
1482358828572 0 1
1482358830094 11 -2
1482358832356 R
1482358836622 4 2
1482358838646 5 -1
1482358840087 9 -2
1482358847311 2 1
1482358848776 5 -2
1482358851843 10 -2
1482358853737 1 1
1482358858648 10 1
1482358859907 5 2
1482358861693 2 -1
1482358862662 0 1
1482358864216 11 -2
