1482766201623 4 2
1482766203208 2 1
1482766205584 2 -1
1482766206413 10 -2
1482766207099 4 -2
1482766208174 3 1
1482766208707 6 1
1482766210344 1 1
1482766215128 2 1
1482766215981 6 -1
1482766216440 3 -1
1482766216975 4 2
1482766218747 9 -1
1482766219331 9 1
1482766220059 4 -2
1482766221847 4 2
1482766222594 1 -1
1482766223882 10 2
1482766224591 5 -3
1482766225588 9 -2
1482766226407 10 -2
1482766228222 7 -2
1482766228909 4 -3
1482766229541 7 2
1482766231658 6 1
1482766232211 3 1
1482766235200 6 -1
1482766235574 3 -1
1482766237440 4 3
1482766238146 10 2
1482766238762 9 2
1482766239789 5 3
1482766241382 2 -1
1482766242182 10 -2
1482766242878 0 3
1482766245288 12 1
1482766245909 2 1
1482766246552 12 -1
1482766247019 2 -1
1482766247596 1 1
1482766248101 11 -2
1482766250468 2 1
1482766251294 2 -1
1482766252147 2 1
1482766267843 9 -1
1482766268700 7 -1
1482766271232 2 -1
1482766272265 2 1
1482766273313 7 1
1482766273744 9 1
1482766275673 2 -1
1482766276717 0 -2
1482766277398 10 1
1482766278766 9 -1
1482766279393 4 -2
1482766280697 7 -1
1482766281342 3 2
1482766281989 6 1
1482766285850 3 -2
1482766286367 3 2
1482766286845 11 2
1482766287775 12 2
1482766289275 12 -2
1482766289927 0 -1
1482766291453 11 -1
1482766292648 6 -1
1482766293204 3 -2
1482766293729 7 1
1482766294217 4 2
1482766294925 9 1
1482766295832 10 -1
1482766297720 9 -1
1482766298234 9 1
1482766300926 0 3
1482766302391 11 -1
1482766302991 11 2
1482766303620 1 -1
1482766305793 2 1
1482766306298 12 1
1482766307126 2 -1
1482766310961 12 -1
1482766314126 1 1
1482766314737 11 -2
1482766316455 2 1
1482766317114 2 -1
1482766318127 2 1
1482766321347 9 -1
1482766322416 7 -1
1482766323811 11 2
1482766324759 1 -1
1482766326364 2 -1
1482766328011 0 -3
1482766329028 4 -2
1482766329587 10 2
1482766330237 2 1
1482766331193 5 -3
1482766332034 4 -1
1482766332813 7 1
1482766334561 9 1
1482766335898 9 -2
1482766336485 4 3
1482766337399 10 -2
1482766342196 1 1
1482766343530 1 -1
1482766344178 4 -3
1482766344716 6 1
1482766345238 3 1
1482766348559 7 -2
1482766349316 3 1
1482766349864 6 1
1482766350861 10 4
1482766352933 1 2
1482766355274 1 -2
1482766355841 1 2
1482766356632 1 -2
1482766359082 5 1
1482766362654 10 -3
1482766364019 1 2
1482766365561 8 -1
1482766366081 11 -1
1482766366616 3 -4
1482766367965 6 -2
1482766368646 7 2
1482766370261 9 2
1482766371011 9 -2
1482766371661 1 1
1482766372332 2 1
1482766373065 5 -1
1482766373967 10 -1
1482766375551 6 1
1482766376088 6 -1
1482766376494 6 1
1482766376866 2 2
1482766378045 1 -1
1482766379186 1 1
1482766380991 1 -1
1482766382358 9 2
1482766383076 10 1
1482766384184 5 1
1482766385361 5 -1
1482766385836 10 -1
1482766386601 9 -2
1482766387884 7 -2
1482766388887 6 1
1482766392435 10 1
1482766393083 5 1
1482766394892 5 -1
1482766615242 6 -1
1482766617528 R
1482766619656 10 -2
1482766622571 4 2
1482766624261 2 1
1482766625102 2 -1
1482766626997 10 2
1482766627583 10 -2
1482766628502 0 3
1482766629417 1 1
1482766630168 1 -1
1482766630649 1 1
1482766631156 11 -2
1482766633432 11 2
1482766633931 12 2
1482766634400 2 1
1482766635899 2 -1
1482766636700 0 -2
1482766637698 9 -1
1482766639074 R
1482766641332 4 2
1482766643244 10 -2
1482766646142 2 1
1482766646520 10 2
1482766646934 5 -3
1482766650020 9 -2
1482766650517 10 -2
1482766651235 10 2
1482766651801 9 2
1482766653691 10 -2
1482766655656 10 2
1482766656288 5 3
1482766656840 2 -1
1482766658602 4 -2
1482766659162 3 1
1482766659571 6 1
1482766661735 10 -2
1482766662233 0 2
1482766662971 0 -2
1482766663307 1 1
1482766665435 2 1
1482766666002 2 -1
1482766666420 10 1
1482766667071 2 1
1482766667519 5 -3
1482766669043 4 -1
1482766670775 10 -1
1482766671772 1 -1
1482766672715 6 -1
1482766673177 3 -1
1482766673798 4 3
1482766674855 9 -2
1482766678620 10 2
1482766679136 5 2
1482766679669 2 -1
1482766680474 10 -1
1482766681215 10 1
1482766681890 2 1
1482766682597 5 -2
1482766683087 10 -2
1482766684064 10 2
1482766684599 5 2
1482766685322 2 -1
1482766686119 10 -1
1482766686951 1 1
1482766688574 11 -1
1482766689430 11 1
1482766690407 4 -2
1482766691717 4 2
1482766692459 4 -2
1482766692874 4 2
1482766693824 2 1
1482766694331 5 -2
1482766694806 4 -3
1482766695754 1 2
1482766697954 2 1
1482766699025 2 -1
1482766699932 6 1
1482766700373 3 1
1482766702141 8 -1
1482766702710 11 -1
1482766703241 3 -3
1482766704394 6 -1
1482766705517 6 1
1482766705867 1 -1
1482766706352 6 -1
1482766708909 9 2
1482766710502 9 -2
1482766711450 1 1
1482766712149 2 1
1482766713222 10 -1
1482766715003 6 1
1482766715562 2 2
1482766716324 0 2
1482766717164 8 -2
1482766717802 11 -1
1482766719822 1 -2
1482766723413 1 2
1482766724740 1 -2
1482766725147 7 -2
1482766725667 6 1
1482766728488 6 -1
1482766728915 7 2
1482766730174 7 -2
1482766730721 6 1
1482766731256 6 -1
1482766731657 7 2
1482766732273 9 2
1482766733271 4 1
1482766737316 4 -1
1482766738838 9 -2
1482766739827 1 2
1482766741351 2 -1
1482766742528 3 1
1482766743455 3 2
1482766744774 8 3
1482766746960 8 -2
1482766747409 11 2
1482766747998 12 2
1482766748907 5 -1
1482766752357 8 -1
1482766752753 12 -1
1482766753688 2 1
1482766754763 1 -2
1482766755944 1 -1
1482766761513 7 -2
1482766762589 6 1
1482766763188 3 1
1482766765058 1 2
1482766767020 8 3
1482766769066 12 1
1482766771928 8 -2
1482766772796 8 -1
1482766774123 12 -1
1482766777937 11 -1
1482766779419 1 -1
1482766782360 1 1
1482766785304 8 3
1482766786233 0 -1
1482766787823 11 1
1482766789758 12 1
1482766791743 0 1
1482766792412 0 -1
1482766793566 10 1
1482766794013 10 -1
1482766795109 1 -1
1482766795773 4 1
1482766796960 R
1482766799456 R
1482766803678 2 1
1482766804848 2 -1
1482766806313 10 -2
1482766807329 0 2
1482766808823 12 1
1482766809995 12 -1
1482766810933 0 -2
1482766812202 4 2
1482766814273 10 2
1482766814897 2 1
1482766817512 4 -2
1482766818146 4 2
1482766818596 5 -3
1482766819155 4 -3
1482766820108 4 3
1482766821066 9 -2
1482766822513 10 -2
1482766824436 1 1
1482766825764 11 -1
1482766826245 11 1
1482766826891 11 -1
1482766827545 11 1
1482766828027 1 -1
1482766829120 4 -3
1482766830104 1 3
1482766831449 2 1
1482766832207 2 -1
1482766833455 10 1
1482766834124 5 1
1482766835527 5 -1
1482766836504 10 -1
1482766837829 1 -3
1482766838391 4 3
1482766839973 9 2
1482766841137 10 2
1482766842026 5 3
1482766842636 2 -1
1482766843310 10 -2
1482766847004 0 3
1482766847744 1 1
1482766848560 11 -2
1482766850908 2 1
1482766852526 2 -1
1482766855672 9 -1
1482766856718 7 -1
1482766857261 7 1
1482766857832 0 -2
1482766859208 4 -2
1482766859861 4 2
1482766861396 0 2
1482766861842 11 2
1482766863118 2 1
1482766864162 12 2
1482766865992 2 -1
1482766868769 0 -2
1482766870575 9 1
1482766872110 12 -2
1482766872797 11 -2
1482766875832 0 2
1482766876570 2 1
1482766880575 2 -1
1482766880995 0 -2
1482766881392 10 1
1482766882534 5 -1
1482766883101 9 -2
1482766885499 4 -2
1482766886225 7 -2
1482766886692 6 2
1482766887055 3 2
1482766889577 11 2
1482766890347 12 2
1482766893706 6 -2
1482766894282 3 -2
1482766894843 7 2
1482766895278 4 2
1482766896074 4 -2
1482766896514 7 -2
1482766899088 12 -2
1482766899993 0 -1
1482766900498 2 1
1482766901033 5 -2
1482766902475 10 -1
1482766903003 4 -1
1482766904172 1 1
1482766905059 1 -2
1482766905505 6 2
1482766905951 3 2
1482766906743 1 2
1482766907373 1 -2
1482766908735 10 3
1482766909776 10 1
1482766912274 1 2
1482766912954 1 -2
1482766913573 5 1
1482766915858 5 -1
1482766917676 10 -4
1482766918288 1 2
1482766919062 1 -2
1482766919792 6 -2
1482766920267 3 -2
1482766920627 7 2
1482766921254 1 3
1482766921895 2 1
1482766924980 8 -1
1482766925299 11 -1
1482766925781 3 -2
1482766928142 R
1482766991545 4 2
1482766992871 4 -2
1482766996211 4 2
1482766997084 2 1
1482766998243 5 -3
1482766998914 10 -2
1482767000096 10 2
1482767000635 5 3
1482767001261 2 -1
1482767001955 10 -2
1482767003012 9 -1
1482767005512 1 1
1482767006679 1 -1
1482767007133 0 2
1482767007774 1 1
1482767009032 12 2
1482767013702 U
1482767014905 11 -2
1482767016013 11 2
1482767016445 1 -1
1482767017758 0 -2
1482767018356 10 2
1482767018948 2 1
1482767020042 5 -3
1482767020741 9 -1
1482767021325 10 -2
1482767021831 4 -3
1482767023312 6 1
1482767023800 3 1
1482767024367 1 3
1482767025668 2 2
1482767026563 2 1
1482767029528 10 1
1482767031613 0 1
1482767032229 12 2
1482767032811 5 -1
1482767033579 10 -1
1482767035696 0 1
1482767036766 8 -3
1482767037531 12 -1
1482767038224 11 -1
1482767039162 1 -2
1482767039851 4 1
1482767040368 9 2
1482767042497 R
1482767044495 4 2
1482767045369 4 -2
1482767047619 9 -1
1482767048627 7 -1
1482767049143 4 2
1482767049919 7 1
1482767050504 9 1
1482767050919 5 -1
1482767051408 9 -2
1482767054517 0 1
1482767055028 12 1
1482767056919 10 -1
1482767057899 1 1
1482767058554 12 1
1482767059685 12 -2
1482767060507 11 -2
1482767062890 11 2
1482767063230 12 2
1482767065424 4 -2
1482767066050 4 2
1482767068331 12 -2
1482767069036 11 -2
1482767069730 11 2
1482767070054 0 -1
1482767070490 2 1
1482767071149 5 -2
1482767071803 10 -1
1482767072660 10 1
1482767076660 7 -2
1482767077614 7 2
1482767078978 9 2
1482767079947 10 -1
1482767082931 9 -2
1482767083559 4 -3
1482767084198 6 1
1482767084716 3 1
1482767085197 1 2
1482767086350 2 3
1482767090198 1 -3
1482767090947 10 2
1482767091719 10 -2
1482767095853 7 -2
1482767096661 6 1
1482767097202 3 1
1482767097933 10 4
1482767100197 5 1
1482767100803 5 -1
1482767101255 0 2
1482767102188 12 1
1482767103748 4 1
1482767104885 4 -1
1482767105522 5 -1
1482767106679 1 2
1482767107459 8 -3
1482767108154 11 -1
1482767109719 1 -1
1482767110978 4 1
1482767112227 4 -1
1482767112780 11 1
1482767113291 1 -1
1482767114089 10 -1
1482767115802 4 1
1482767116680 5 2
1482767117275 8 -1
1482767117653 12 -1
1482767118546 0 -1
1482767119152 0 -1
1482767119795 10 -2
1482767121982 1 1
1482767122461 1 -1
1482767123720 1 1
1482767124302 1 -1
1482767124699 6 -1
1482767125146 3 -1
1482767125662 7 2
1482767126311 9 2
1482767126989 9 -2
1482767127643 10 1
1482767128253 5 1
1482767128952 10 -1
1482767129779 1 1
1482767130887 0 1
1482767131436 11 -2
1482767133982 R
1482767138027 4 2
1482767140549 9 -1
1482767141169 9 1
1482767142044 4 -2
1482767143184 4 2
1482767143865 10 -2
1482767147817 2 1
1482767148471 2 -1
1482767151512 0 2
1482767152669 1 1
1482767153434 12 2
1482767154185 0 -1
1482767156835 12 -2
1482767157573 11 -2
1482767159504 9 -1
1482767159867 9 1
1482767161091 0 2
1482767162093 R
1482767163971 4 2
1482767164681 5 -1
1482767165483 9 -2
1482767167804 4 -2
1482767168532 7 -2
1482767169204 6 2
1482767169720 3 2
1482767170858 10 2
1482767172530 0 2
1482767174953 12 1
1482767178313 R
