1480331418336 4 2
1480331420176 10 -2
1480331432976 0 3
1480331434183 1 1
1480331435279 11 -2
1480331437177 11 2
1480331437834 1 -1
1480331439407 1 1
1480331440415 1 -1
1480331443527 9 -1
1480331446151 2 1
1480331447831 2 -1
1480331448538 0 -3
1480331450319 10 1
1480331451231 0 1
1480331453864 10 -1
1480331454703 0 2
1480331455655 2 1
1480331458494 12 1
1480331458904 12 -1
1480331470070 1 1
1480331471191 11 -2
1480331475783 2 -1
1480331476782 9 1
1480331479254 0 -2
1480331482374 10 1
1480331483462 5 -1
1480331484734 9 -2
1480331489648 11 2
1480331490584 1 -1
1480331495240 4 -2
1480331496198 6 1
1480331496934 10 1
1480331498360 6 -1
1480331499054 3 1
1480331500118 3 -1
1480331500838 4 2
1480331501799 10 -1
1480331508071 10 1
1480331519295 7 -2
1480331520458 4 -2
1480331521135 6 2
1480331521809 3 2
1480331522719 10 2
1480331523992 0 1
1480331529719 0 -2
1480331539088 R
1480331547615 0 1
1480331548583 12 1
1480331550895 12 -1
1480331552751 10 -2
1480331553839 0 1
1480331558920 3 1
1480331559744 6 1
1480331561376 1 1
1480331563304 0 -2
1480331566408 2 1
1480331567052 10 1
1480331568343 5 -3
1480331570463 4 -1
1480331571751 9 -2
1480331572719 10 -1
1480331573800 1 -1
1480331574751 1 3
1480331575918 2 3
1480331577016 1 -3
1480331594280 0 2
1480331600954 4 1
1480331601704 4 -1
1480331603415 0 -2
1480331606255 0 2
1480331608023 1 2
1480331609359 11 -2
1480331611160 8 -3
1480331613432 1 -1
1480331617791 1 2
1480331621623 2 -1
1480331622615 3 -3
1480331624839 2 1
1480331626663 1 -2
1480331631184 1 2
1480331632072 2 -1
1480331632816 3 3
1480331635095 2 1
1480331641351 8 2
1480331643015 0 -1
1480331643583 11 1
1480331644559 0 -1
1480331646480 2 -3
1480331647272 6 -1
1480331649136 2 1
1480331653343 10 1
1480331654088 5 1
1480331654857 2 -1
1480331656456 8 1
1480331657391 11 1
1480331658111 11 -1
1480331658703 8 -1
1480331659311 8 1
1480331659935 11 1
1480331662584 1 -3
1480331665593 1 3
1480331666330 6 1
1480331668320 2 3
1480331669576 1 -3
1480331670480 1 3
1480331672503 1 -3
1480331673584 0 1
1480331676162 5 -1
1480331676839 10 -1
1480331677609 0 1
1480331682401 1 3
1480331684113 11 -2
1480331685023 8 -3
1480331687000 1 -2
1480331688831 1 2
1480331692695 2 -1
1480331694343 3 -3
1480331701296 2 1
1480331702433 1 -2
1480331703383 4 1
1480331721936 R
1480331727119 10 -2
1480331727913 10 2
1480331728747 2 1
1480331729831 5 -3
1480331734064 4 2
1480331735384 10 -2
1480331738016 9 -2
1480331748103 1 1
1480331750223 11 -1
1480331751193 11 1
1480331751768 1 -1
1480331753776 4 -3
1480331758080 1 3
1480331760423 8 -1
1480331761127 11 -1
1480331762191 3 -2
1480331764183 6 1
1480331765063 2 3
1480331767095 1 -1
1480331771024 7 -2
1480331771960 6 1
1480331773280 6 -1
1480331774760 R
