1481912876868 10 -2
1481912879057 4 2
1481912881294 1 1
1481912884672 0 1
1481912885410 10 1
1481912885952 5 -1
1481912886566 9 -2
1481912887172 4 -2
1481912887756 7 -2
1481912888354 6 2
1481912889025 3 2
1481912890281 11 -2
1481912894102 6 -2
1481912894501 3 -2
1481912895169 4 2
1481912896181 7 2
1481912896722 9 2
1481912897289 5 1
1481912898184 10 -1
1481912899194 R
1481912900278 2 1
1481912900911 5 -2
1481912901513 5 -1
1481912902257 4 -1
1481912903027 10 -2
1481912903915 1 2
1481912904502 11 -1
1481912904832 8 -1
1481912906114 3 -2
1481912908283 9 -2
1481912908913 1 1
1481912909630 2 1
1481912910677 10 1
1481912911242 5 1
1481912911702 2 -1
1481912912339 1 -1
1481912913317 7 -2
1481912915147 7 2
1481912918773 1 1
1481912919339 6 1
1481912921370 2 3
1481912922274 1 -1
1481912922987 7 -2
1481912923543 6 1
1481912924722 6 -1
1481912925125 7 2
1481912925707 9 2
1481912926578 5 -1
1481912927110 10 -1
1481912928015 9 -2
1481912928677 1 1
1481912929361 2 -3
1481912930112 10 1
1481912930572 6 -1
1481912931016 1 -1
1481912931986 7 -2
1481912932574 6 2
1481912933703 6 -2
1481912934365 7 2
1481912937594 10 -1
1481912939773 1 1
1481912940474 2 1
1481912941620 2 -1
1481912943080 R
1481912945140 6 1
1481912945793 6 -1
1481912946730 10 -2
1481912948359 6 1
1481912949088 3 1
1481912950925 9 -1
1481912953001 0 2
1481912954043 1 1
1481912955250 12 2
1481912956702 6 -1
1481912957211 3 -1
1481912958085 4 2
1481912959769 0 -1
1481912960698 R
1481912961808 2 1
1481912962760 5 -3
1481912963428 10 -2
1481912964019 4 -1
1481912964408 9 -2
1481912965682 1 3
1481912966328 6 1
1481912967306 3 1
1481912968554 2 3
1481912972464 2 -2
1481912973721 2 2
1481912974404 0 1
1481912975186 12 2
1481912975887 5 -1
1481912978032 1 -2
1481912978737 4 1
1481912979358 10 1
1481912980392 9 2
1481912984936 5 4
1481912985497 9 -1
1481912986777 10 -1
1481912987441 0 1
1481912988085 12 -2
1481912988802 1 -1
1481912990440 7 -1
1481912991200 3 1
1481912992049 3 -1
1481912992517 7 1
1481912993058 9 1
1481912994419 0 -2
1481912995187 10 2
1481912996211 5 -3
1481912997893 4 -1
1481912998428 9 -2
1481912998903 10 -2
1481913000228 1 3
1481913001083 0 2
1481913001930 11 -2
1481913002639 8 -3
1481913003976 2 -1
1481913004436 2 1
1481913005922 1 -2
1481913007469 7 -2
1481913007939 6 1
1481913008295 3 1
1481913009272 1 1
1481913012937 8 3
1481913014079 1 -1
1481913015129 6 -1
1481913015896 3 -1
1481913017577 0 -1
1481913018990 7 2
1481913020300 1 2
1481913021317 0 1
1481913022033 11 2
1481913022645 12 2
1481913023145 5 -1
1481913023830 8 -3
1481913024370 2 -1
1481913025071 3 -2
1481913027485 R
1481913029131 4 2
1481913030933 10 -2
1481913032601 10 1
1481913033480 10 1
1481913034060 2 1
1481913034813 5 -3
1481913035407 10 -2
1481913036353 4 -3
1481913037152 1 2
1481913038363 11 -1
1481913038749 8 -1
1481913039378 3 -2
1481913040836 6 1
1481913042576 9 -2
1481913043053 1 1
1481913043730 2 3
1481913044535 0 2
1481913045157 8 -2
1481913045536 11 -1
1481913047204 11 1
1481913047889 2 -1
1481913048381 3 1
1481913048864 11 1
1481913050460 3 2
1481913050969 2 1
1481913051590 1 -3
1481913053534 7 -2
1481913054320 7 2
1481913054966 1 3
1481913055499 2 -1
1481913056143 3 -2
1481913058464 8 2
1481913059500 0 -2
1481913060338 2 -2
1481913061002 1 -1
1481913061437 6 -1
1481913062333 7 -2
1481913062946 6 1
1481913063326 3 1
1481913063753 8 1
1481913064292 1 -2
1481913064994 6 -1
1481913066062 4 3
1481913067971 10 2
1481913068739 5 2
1481913069280 2 -1
1481913070343 0 1
1481913071332 10 -1
1481913072038 7 2
1481913072613 9 2
1481913073097 5 1
1481913073525 10 -1
1481913074227 0 2
1481913077009 9 -1
1481913079502 0 -3
1481913081709 4 -2
1481913083047 10 2
1481913088413 2 1
1481913089639 5 -3
1481913090492 10 -2
1481913091362 1 1
1481913092497 10 1
1481913093045 5 1
1481913094143 5 1
1481913094643 2 -1
1481913095053 0 1
1481913095616 12 2
1481913097246 4 2
1481913098298 9 1
1481913098880 5 1
1481913099355 10 -1
1481913100051 0 2
1481913100752 12 -2
1481913101397 1 -1
1481913101960 2 1
1481913103586 R
1481913112589 5 -1
1481913113646 9 -2
1481913119398 4 2
1481913121104 10 -1
1481913121982 2 1
1481913123005 5 -2
1481913123811 10 -1
1481913125179 4 -3
1481913126571 1 3
1481913127702 6 1
1481913128277 3 1
1481913129654 2 2
1481913130477 0 2
1481913131444 12 2
1481913132137 0 -1
1481913134458 8 -1
1481913135923 3 -2
1481913138398 10 1
1481913139067 5 -1
1481913139657 10 -1
1481913140181 0 1
1481913140866 8 -2
1481913145012 R
1481913157258 6 1
1481913157849 3 1
1481913158646 3 -1
1481913159018 6 -1
1481913161082 4 1
1481913162333 2 1
1481913163423 5 -3
1481913164252 10 -2
1481913164877 4 -2
1481913166707 1 2
1481913167225 9 -2
1481913167823 1 1
1481913170400 2 1
1481913170829 11 -1
1481913171135 8 -1
1481913171787 3 -2
1481913173088 6 1
1481913173781 2 2
1481913174386 1 -1
1481913175535 7 -2
1481913176174 6 1
1481913177181 10 1
1481913178613 R
1481913191257 10 -1
1481913191966 2 1
1481913195361 5 -2
1481913197304 1 1
1481913198085 11 -1
1481913199605 4 -1
1481913200560 9 -2
1481913202120 1 1
1481913203014 8 -1
1481913204454 1 1
1481913206126 2 1
1481913207420 5 -1
1481913208281 10 -1
1481913209401 6 1
1481913209966 2 1
1481913210748 0 2
1481913211779 11 -1
1481913212746 8 -1
1481913213818 3 -2
1481913215495 2 1
1481913216464 1 -1
1481913217176 7 -2
1481913217749 6 1
1481913218912 6 -1
1481913219455 7 2
1481913220742 8 1
1481913221275 11 1
1481913221918 12 1
1481913222628 5 -1
1481913223732 8 -2
1481913224660 1 -1
1481913226320 1 2
1481913227609 2 -1
1481913234664 2 1
1481913235344 1 -2
1481913236256 7 -2
1481913236751 6 1
1481913237438 6 -1
1481913238068 4 1
1481913238562 7 2
1481913239992 9 2
1481913241369 5 1
1481913242096 12 -1
1481913242472 11 -1
1481913244899 11 1
1481913247037 4 -1
1481913247618 9 -2
1481913248310 1 2
1481913248882 2 -1
1481913249318 3 1
1481913249842 11 1
1481913252961 8 2
1481913253605 0 -2
1481913255670 10 1
1481913257323 2 -2
1481913257831 1 -1
1481913258736 9 2
1481913259430 10 -1
1481913260557 6 -1
1481913262382 3 2
1481913263059 3 -1
1481913263607 8 1
1481913264325 1 -2
1481913265255 4 3
1481913266311 10 2
1481913267407 10 -1
1481913268265 5 3
1481913268822 2 -1
1481913269225 10 -1
1481913270097 9 -1
1481913271043 0 3
1481913272623 0 -3
1481913275610 4 -2
1481913276739 10 2
1481913277304 2 1
1481913278184 5 -3
1481913278854 5 1
1481913279426 4 -1
1481913281324 10 -1
1481913282236 4 3
1481913283427 9 1
1481913284308 9 -2
1481913285396 5 -1
1481913286186 10 -1
1481913287587 4 -3
1481913288969 4 3
1481913293416 1 1
1481913294230 1 -1
1481913295521 4 -3
1481913296900 6 1
1481913297805 3 1
1481913299365 1 3
1481913300653 2 3
1481913301340 1 -3
1481913302631 7 -2
1481913303134 6 1
1481913303433 3 1
1481913305167 6 -1
1481913307840 3 -1
1481913308317 7 2
1481913309519 10 2
1481913310238 5 1
1481913313251 10 -1
1481913314162 1 3
1481913315210 2 -3
1481913315991 5 -1
1481913316911 10 -1
1481913318064 2 2
1481913318740 0 1
1481913319499 12 2
1481913320191 5 -1
1481913322389 12 -1
1481913326210 0 1
1481913327242 12 1
1481913328968 8 -3
1481913329722 2 1
1481913330445 1 -2
1481913330945 12 -1
1481913331760 1 -1
1481913333552 7 -2
1481913334053 6 1
1481913334418 3 1
1481913337115 1 2
1481913338035 8 3
1481913339244 1 -2
1481913341967 6 -1
1481913342413 3 -1
1481913343003 7 2
1481913343723 9 2
1481913344586 0 -1
1481913345889 1 2
1481913346335 9 -1
1481913346869 1 1
1481913347457 2 -1
1481913348319 0 1
1481913349979 2 1
1481913350994 12 1
1481913351535 0 -1
1481913352397 1 -2
1481913353174 9 1
1481913353683 4 1
1481913354328 0 1
1481913354774 4 -1
1481913355607 9 -2
1481913356995 1 2
1481913357874 8 -3
1481913358437 5 1
1481913359476 12 -2
1481913359934 11 -2
1481913360418 2 -1
1481913361555 3 -3
1481913362015 2 1
1481913363250 1 -2
1481913364002 7 -2
1481913364498 6 1
1481913364924 6 -1
1481913366116 6 1
1481913366731 1 1
1481913367323 1 -1
1481913367833 6 -1
1481913368318 7 2
1481913368827 9 2
1481913369288 4 1
1481913370740 4 -1
1481913371242 1 1
1481913372396 8 2
1481913373201 11 1
1481913375197 9 -2
1481913376604 1 1
1481913377120 2 -1
1481913387555 0 -1
1481913388461 10 1
1481913389033 5 1
1481913390041 5 -1
1481913390621 10 -1
1481913391332 0 1
1481913391984 8 -2
1481913392492 11 -1
1481913393679 3 3
1481913394242 2 1
1481913394881 1 -2
1481913395387 11 2
1481913395847 1 -1
1481913397018 7 -2
1481913397438 6 1
1481913397794 3 1
1481913399247 4 1
1481913399669 6 -1
1481913400178 3 -1
1481913401235 7 2
1481913403066 1 1
1481913405178 11 -2
1481913406824 4 -1
1481913407390 1 2
1481913408202 8 3
1481913409001 0 -1
1481913410146 2 -1
1481913411306 2 1
1481913411748 10 1
1481913412267 5 1
1481913414299 1 -2
1481913416974 4 1
1481913417412 5 1
1481913419218 7 -2
1481913419665 6 1
1481913420164 3 1
1481913421606 11 2
1481913422146 1 -1
1481913422792 10 3
1481913423470 0 1
1481913425276 1 1
1481913425822 11 -2
1481913427563 5 -2
1481913428129 4 -1
1481913428839 1 1
1481913429484 8 -3
1481913430235 1 -1
1481913431524 4 1
1481913435483 11 2
1481913436135 1 -1
1481913438348 4 -1
1481913442569 5 1
1481913442980 8 -1
1481913446239 0 -2
1481913451031 4 1
1481913451620 5 1
1481913452550 10 -3
1481913453436 1 1
1481913454188 1 -1
1481913454776 10 3
1481913455527 1 1
1481913456342 0 2
1481913456922 11 -2
1481913457873 11 2
1481913458421 1 -1
1481913462121 5 -1
1481913462589 4 -1
1481913463871 10 -1
1481913464501 3 -1
1481913465349 3 1
1481913465922 10 1
1481913466600 1 2
1481913468422 8 4
1481913469066 12 2
1481913470540 1 -1
1481913472118 5 -2
1481913472989 0 -1
1481913473818 4 1
1481913476591 12 -1
1481913478733 12 1
1481913479486 4 -1
1481913482323 R
1481913502208 2 1
1481913502732 5 -2
1481913505530 4 -1
1481913506209 9 -2
1481913506992 10 -1
1481913507993 6 1
1481913508326 3 1
1481913509562 1 3
1481913512057 5 -1
1481913513684 2 1
1481913515272 2 1
1481913515771 0 1
1481913516312 12 2
1481913516891 5 -1
1481913518009 10 -1
1481913519645 12 -1
1481913521399 2 1
1481913522415 5 1
1481913522826 12 -1
1481913523414 0 -1
1481913524075 2 -3
1481913525065 8 -1
1481913526016 8 1
1481913526767 1 -3
1481913527578 10 2
1481913528362 4 1
1481913529048 5 2
1481913529564 2 -1
1481913529960 0 1
1481913530468 12 1
1481913531465 10 -1
1481913533369 9 2
1481913533919 5 1
1481913534372 10 -1
1481913534984 0 1
1481913536009 12 -1
1481913537266 6 -1
1481913537678 3 -1
1481913538252 4 2
1481913539986 0 1
1481913541019 1 1
1481913541977 11 -2
1481913543010 2 1
1481913543855 2 -1
1481913545977 9 -1
1481913547141 0 -1
1481913548101 7 -1
1481913548885 4 -2
1481913549363 6 1
1481913549760 3 2
1481913550728 3 -1
1481913551285 7 1
1481913554215 9 1
1481913555168 9 -1
1481913555732 6 -1
1481913556137 3 -1
1481913556631 4 2
1481913557341 4 -2
1481913558311 9 1
1481913562744 0 -1
1481913563123 10 1
1481913565089 11 2
1481913565614 1 -1
1481913566460 10 -1
1481913566942 0 1
1481913567911 1 1
1481913568183 1 -1
1481913569119 6 1
1481913569539 3 1
1481913570555 1 1
1481913572622 R
1481913583452 6 1
1481913583977 3 1
1481913587022 2 1
1481913620979 2 -1
1481913621736 0 1
1481913622534 12 1
1481913623549 10 -2
1481913624204 0 1
1481913624864 12 -1
1481913626003 1 1
1481913626703 11 -2
1481913628162 6 -1
1481913628597 3 -1
1481913629407 4 2
1481913630683 0 1
1481913632318 11 2
1481913632859 1 -1
1481913634656 2 1
1481913635146 12 1
1481913637148 9 -1
1481913639445 2 -1
1481913640237 9 1
1481913644438 0 -2
1481913645815 10 1
1481913646462 5 -1
1481913647319 9 -2
1481913647950 4 -2
1481913648878 6 1
1481913649457 6 -1
1481913650159 1 1
1481913650749 11 -1
1481913651631 7 -1
1481913652187 12 -1
1481913652611 11 -1
1481913653050 11 2
1481913653686 1 -1
1481913655390 4 2
1481913656326 10 1
1481913657633 7 1
1481913660070 9 1
1481913660999 5 1
1481913662555 10 -2
1481913663322 0 2
1481913664232 2 1
1481913665475 2 -1
1481913666054 0 -3
1481913667347 4 -2
1481913669087 1 1
1481913669619 11 -1
1481913671925 0 2
1481913674550 11 1
1481913678180 11 -2
1481913680462 11 2
1481913681310 6 1
1481913681723 3 1
1481913683405 11 -2
1481913685795 9 1
1481913687150 0 -1
1481913687586 10 1
1481913688119 5 -1
1481913689993 11 1
1481913690411 0 -1
1481913690790 2 1
1481913691363 5 -2
1481913692060 4 -1
1481913692610 9 -2
1481913693208 1 2
1481913694489 8 -1
1481913696908 5 1
1481913697949 1 -1
1481913698523 6 -1
1481913699369 3 -3
1481913700355 7 -2
1481913701238 6 2
1481913703026 6 -2
1481913703871 7 2
1481913704904 1 1
1481913705566 2 1
1481913706175 5 -1
1481913706821 10 -1
1481913708127 6 1
1481913709804 2 -1
1481913710256 10 1
1481913710764 5 1
1481913714456 5 -1
1481913715302 1 -1
1481913715761 6 -1
1481913716721 7 -1
1481913717547 7 1
1481913717775 7 -2
1481913718782 6 1
1481913719160 6 1
1481913719853 3 1
1481913720336 3 1
1481913720788 3 1
1481913723422 8 1
1481913723913 1 -1
1481913724445 3 -1
1481913725504 6 -2
1481913726191 4 3
1481913727935 7 2
1481913728654 10 -1
1481913730715 4 -3
1481913731661 1 2
1481913733221 6 1
1481913733690 3 1
1481913734922 2 3
1481913735503 11 1
1481913736205 1 -3
1481913736989 7 -2
1481913737401 6 1
1481913737741 3 1
1481913739287 6 -1
1481913739732 3 -1
1481913740266 7 2
1481913740928 1 3
1481913741469 11 -1
1481913741830 8 -1
1481913742219 2 -2
1481913743224 2 1
1481913744571 3 -3
1481913745387 0 2
1481913746659 11 -1
1481913747723 0 -1
1481913749875 10 1
1481913750464 5 1
1481913753865 5 -1
1481913754388 10 -1
1481913755267 0 1
1481913755864 8 -2
1481913756581 8 1
1481913757867 2 1
1481913758523 1 -1
1481913759509 7 -2
1481913759985 6 1
1481913761314 8 1
1481913761888 11 1
1481913764287 12 1
1481913764748 5 -1
1481913765437 8 -2
1481913767617 1 -1
1481913768319 6 -1
1481913769022 6 1
1481913770337 1 1
1481913771457 8 2
1481913773134 0 -1
1481913774884 6 -1
1481913775516 7 2
1481913775993 1 1
1481913776988 2 -1
1481913778814 0 1
1481913781167 5 1
1481913781683 12 -1
1481913782271 0 -2
1481913783044 2 -2
1481913783593 6 -1
1481913784045 1 -1
1481913785123 7 -2
1481913785691 6 2
1481913788212 3 2
1481913788632 3 -1
1481913789285 11 1
1481913790445 6 -2
1481913791019 7 2
1481913791634 9 2
1481913792702 9 -1
1481913793163 1 1
1481913793784 2 1
