1482857032826 4 2
1482857033514 10 -2
1482857034509 0 3
1482857043163 0 -2
1482857043941 10 2
1482857044405 5 -1
1482857045482 5 1
1482857045936 0 -1
1482857046386 2 1
1482857046809 5 -3
1482857047672 10 -2
1482857048215 4 -3
1482857050428 1 2
1482857051094 8 -1
1482857053571 9 -2
1482857054780 1 1
1482857056549 R
1482857065899 0 1
1482857066926 12 1
1482857068229 12 -1
1482857068651 0 -1
1482857069064 2 1
1482857069608 5 -3
1482857073375 4 2
1482857073878 9 -2
1482857074487 10 -2
1482857076221 7 -2
1482857076753 4 -3
1482857077394 6 2
1482857078035 3 2
1482857079414 10 4
1482857084365 1 2
1482857086632 8 -1
1482857088646 8 1
1482857088983 1 -2
1482857089774 10 -4
1482857091028 1 2
1482857091636 8 -1
1482857092267 11 -1
1482857092816 6 -1
1482857093422 6 -1
1482857094079 3 -2
1482857094630 7 2
1482857096393 R
1482857119415 4 2
1482857120453 10 -2
1482857122221 9 -1
1482857122776 10 2
1482857123356 5 -1
1482857123744 2 1
1482857124078 5 -2
1482857124823 9 -1
1482857126079 7 -2
1482857126685 4 -3
1482857127350 6 2
1482857127951 3 2
1482857129396 10 2
1482857135147 10 -4
1482857135919 6 -1
1482857136399 3 -2
1482857137213 7 2
1482857137891 1 3
1482857138640 3 1
1482857140030 2 3
1482857140964 0 2
1482857141658 12 2
1482857142198 5 -1
1482857149119 12 -1
1482857153109 0 -1
1482857153795 2 -1
1482857154644 2 1
1482857155725 5 1
1482857156227 12 -1
1482857158141 0 -1
1482857158735 1 -3
1482857159810 7 -2
1482857161789 7 2
1482857167065 1 3
1482857168629 0 2
1482857169586 12 2
1482857172748 5 -1
1482857174687 2 -1
1482857177293 8 -1
1482857178875 12 -1
1482857180077 11 -1
1482857180479 8 1
1482857180872 2 1
1482857181478 11 1
1482857181942 1 -3
1482857184331 5 1
1482857185001 12 -1
1482857186067 1 3
1482857188221 0 -2
1482857188750 2 -3
1482857189750 6 -1
1482857190367 3 -1
1482857192934 1 -2
1482857193681 4 3
1482857195176 9 2
1482857198436 R
1482857209811 10 -2
1482857214578 4 2
1482857216391 10 2
1482857217291 5 -1
1482857217911 9 -2
1482857219688 10 -1
1482857221337 4 -2
1482857221795 7 -2
1482857222361 6 2
1482857222842 3 2
1482857224908 10 3
1482857226449 2 1
1482857226941 5 -2
1482857227431 4 -1
1482857228091 1 2
1482857229060 11 -1
1482857229498 8 -1
1482857230948 5 1
1482857232527 5 -1
1482857234567 8 1
1482857235130 11 1
1482857236115 1 -2
1482857236694 10 -4
1482857237387 6 -2
1482857237930 3 -2
1482857238848 7 2
1482857239708 4 3
1482857240327 9 2
1482857241073 10 2
1482857241667 5 3
1482857242424 2 -1
1482857243172 0 1
1482857243878 12 1
1482857245263 5 -1
1482857245946 9 -2
1482857246771 10 -1
1482857247409 7 -2
1482857248263 4 -2
1482857248855 6 2
1482857249445 3 2
1482857250205 10 3
1482857250783 0 1
1482857251421 12 -1
1482857253253 1 1
1482857253871 R
1482857276250 10 -2
1482857278916 10 2
1482857279994 2 1
1482857280454 5 -3
1482857281692 4 2
1482857283404 9 -2
1482857284778 5 2
1482857285379 2 -1
1482857287893 2 1
1482857288253 5 -2
1482857289596 10 -2
1482857291344 4 -3
1482857292349 7 -2
1482857292942 6 2
1482857293563 3 2
1482857298725 1 2
1482857300324 8 -1
1482857303706 8 1
1482857304318 6 -2
1482857304850 3 -2
1482857305678 7 2
1482857306102 1 1
1482857307176 2 1
1482857307866 10 1
1482857308658 5 1
1482857310704 5 -1
1482857311166 10 -1
1482857311896 2 -1
1482857313704 10 1
1482857314308 5 1
1482857315780 1 -3
1482857316393 4 2
1482857316978 5 1
1482857318241 9 1
1482857318726 5 1
1482857319349 10 -1
1482857319826 2 -1
1482857320361 0 2
1482857322337 4 1
1482857328085 0 -1
1482857333489 4 -2
1482857335730 7 -1
1482857336225 3 2
1482857357582 10 1
1482857358881 5 -1
1482857359615 9 -1
1482857362003 7 -1
1482857362581 6 2
1482857388338 10 3
1482857389470 0 -1
1482857389957 2 1
1482857390456 5 -2
1482857391643 4 -1
1482857402552 10 -2
1482857403821 6 -1
1482857405752 3 -1
1482857406248 7 2
1482857407210 10 -2
1482857408291 1 3
1482857410309 2 3
1482857411410 0 2
1482857415148 8 -3
1482857416118 11 -2
1482857419515 2 -1
1482857420164 3 -3
1482857423238 2 1
1482857424403 1 -2
1482857425182 7 -2
1482857425703 6 1
1482857430872 6 -1
1482857431745 7 2
1482857435962 1 1
1482857437673 8 2
1482857438446 11 1
1482857443089 0 -2
1482857446050 0 2
1482857447070 11 -1
1482857447810 8 -2
1482857452578 7 -2
1482857454738 7 2
1482857470055 1 -1
1482857475700 1 2
1482857476239 2 -1
1482857476746 3 3
1482857477611 2 1
1482857480617 1 -2
1482857485654 7 -2
1482857486258 6 1
1482857486831 3 1
1482857490664 1 1
1482857493591 8 3
1482857494253 11 2
1482857495366 0 -2
1482857496181 1 -2
1482857497518 10 4
1482857501971 0 2
1482857502876 5 1
1482857504103 1 2
1482857504955 8 -4
1482857506134 11 -2
1482857508086 11 2
1482857508647 1 -2
1482857512982 0 -2
1482857513801 10 -3
1482857517366 6 -1
1482857519409 7 1
1482857519909 3 -1
1482857520400 7 1
1482857520832 1 3
1482857521713 2 -3
1482857525291 6 -2
1482857526072 3 -2
1482857526860 1 -3
1482857530604 4 3
1482857531441 9 2
1482857532071 5 2
1482857532658 10 -1
1482857533074 2 -1
1482857535981 0 1
1482857536712 10 4
1482857538026 0 2
1482857538576 5 -1
1482857539119 9 -2
1482857539665 0 2
