1480342332074 4 2
1480342332074 4 2
1480342343401 0 1
1480342343401 0 1
1480342345266 10 -2
1480342345266 10 -2
1480342346297 0 2
1480342346297 0 2
1480342350866 9 -1
1480342350866 9 -1
1480342351930 0 -1
1480342351930 0 -1
1480342353354 0 -2
1480342353354 0 -2
1480342354370 10 2
1480342354370 10 2
1480342355538 2 1
1480342355538 2 1
1480342356225 5 -3
1480342356225 5 -3
1480342357081 10 -2
1480342357081 10 -2
1480342358425 1 1
1480342358425 1 1
1480342359089 4 -3
1480342359089 4 -3
1480342359945 1 2
1480342359945 1 2
1480342361305 2 1
1480342361305 2 1
1480342362130 6 1
1480342362130 6 1
1480342362713 2 1
1480342362713 2 1
1480342363425 0 2
1480342363425 0 2
1480342364417 11 -2
1480342364417 11 -2
1480342365170 8 -3
1480342365170 8 -3
1480342371337 3 -2
1480342371337 3 -2
1480342373161 2 1
1480342373161 2 1
1480342374106 1 -2
1480342374106 1 -2
1480342378538 7 -1
1480342378538 7 -1
1480342378946 7 1
1480342378946 7 1
1480342380138 9 -1
1480342380138 9 -1
1480342381202 4 1
1480342381202 4 1
1480342381473 4 -1
1480342381473 4 -1
1480342382217 1 2
1480342382217 1 2
1480342383498 8 2
1480342383498 8 2
1480342384338 0 -1
1480342384338 0 -1
1480342387114 1 -1
1480342387114 1 -1
1480342389169 1 1
1480342389169 1 1
1480342391233 2 -1
1480342391233 2 -1
1480342391698 3 1
1480342391698 3 1
1480342392809 11 2
1480342392809 11 2
1480342393330 0 -1
1480342393330 0 -1
1480342401209 3 2
1480342401209 3 2
1480342401930 2 1
1480342401930 2 1
1480342402610 8 1
1480342402610 8 1
1480342403345 1 -3
1480342403345 1 -3
1480342407057 10 2
1480342407057 10 2
1480342411362 10 -2
1480342411362 10 -2
1480342412650 0 2
1480342412650 0 2
1480342413754 12 1
1480342413754 12 1
1480342414442 5 -1
1480342414442 5 -1
1480342416233 5 1
1480342416233 5 1
1480342417753 1 3
1480342417753 1 3
1480342420153 12 -1
1480342420153 12 -1
1480342421098 11 -1
1480342421098 11 -1
1480342421505 11 -1
1480342421505 11 -1
1480342422178 8 -1
1480342422178 8 -1
1480342422553 8 -2
1480342422553 8 -2
1480342423738 2 -1
1480342423738 2 -1
1480342424266 2 1
1480342424266 2 1
1480342425017 1 -2
1480342425017 1 -2
1480342429722 1 1
1480342429722 1 1
1480342429897 1 1
1480342429897 1 1
1480342430858 2 -1
1480342430858 2 -1
1480342431347 3 -1
1480342431347 3 -1
1480342432473 3 -2
1480342432473 3 -2
1480342433858 2 1
1480342433858 2 1
1480342434601 1 -2
1480342434601 1 -2
1480342435602 7 -2
1480342435602 7 -2
1480342436241 6 1
1480342436241 6 1
1480342437425 4 1
1480342437425 4 1
1480342439666 R
1480342439666 R
1480342443562 4 2
1480342443562 4 2
1480342445457 10 -2
1480342445457 10 -2
1480342446834 0 3
1480342446834 0 3
1480342448001 9 -1
1480342448001 9 -1
1480342450249 1 1
1480342450249 1 1
1480342452353 1 -1
1480342452353 1 -1
1480342453825 1 1
1480342453825 1 1
1480342454793 11 -2
1480342454793 11 -2
1480342456434 11 2
1480342456434 11 2
1480342457049 1 -1
1480342457049 1 -1
1480342458202 R
1480342458202 R
1480342466385 10 -2
1480342466385 10 -2
1480342469034 4 1
1480342469034 4 1
1480342470345 4 1
1480342470345 4 1
1480342477681 4 -2
1480342477681 4 -2
1480342478681 6 1
1480342478681 6 1
1480342480113 3 1
1480342480113 3 1
1480342482082 1 1
1480342482082 1 1
1480342483338 0 1
1480342483338 0 1
1480342487578 12 1
1480342487578 12 1
1480342488929 12 -1
1480342488929 12 -1
1480342490938 12 2
1480342490938 12 2
1480342499001 12 -2
1480342499001 12 -2
1480342499737 1 -1
1480342499737 1 -1
1480342501393 0 1
1480342501393 0 1
1480342502129 1 1
1480342502129 1 1
1480342502970 11 -2
1480342502970 11 -2
1480342506090 0 -1
1480342506090 0 -1
1480342507090 R
1480342507090 R
1480342510810 10 -2
1480342510810 10 -2
1480342517129 0 1
1480342517129 0 1
1480342519474 1 1
1480342519474 1 1
1480342520186 11 -2
1480342520186 11 -2
1480342522689 11 2
1480342522689 11 2
1480342528313 4 2
1480342528313 4 2
1480342534409 0 2
1480342534409 0 2
1480342535514 12 2
1480342535514 12 2
1480342539689 12 -2
1480342539689 12 -2
1480342540689 1 -1
1480342540689 1 -1
1480342543890 0 -3
1480342543890 0 -3
1480342544538 2 1
1480342544538 2 1
1480342544930 10 2
1480342544930 10 2
1480342545745 5 -3
1480342545745 5 -3
1480342547050 10 -2
1480342547050 10 -2
1480342547978 4 -3
1480342547978 4 -3
1480342548969 9 -2
1480342548969 9 -2
1480342550049 4 3
1480342550049 4 3
1480342552105 10 2
1480342552105 10 2
1480342552841 5 2
1480342552841 5 2
1480342553489 2 -1
1480342553489 2 -1
1480342554113 0 1
1480342554113 0 1
1480342555825 0 -1
1480342555825 0 -1
1480342556713 2 1
1480342556713 2 1
1480342557346 5 -2
1480342557346 5 -2
1480342558097 10 -2
1480342558097 10 -2
1480342560474 4 -3
1480342560474 4 -3
1480342561209 1 3
1480342561209 1 3
1480342562121 3 1
1480342562121 3 1
1480342562657 6 1
1480342562657 6 1
1480342563257 2 3
1480342563257 2 3
1480342564098 0 2
1480342564098 0 2
1480342566833 1 -3
1480342566833 1 -3
1480342568777 12 1
1480342568777 12 1
1480342569473 5 -1
1480342569473 5 -1
1480342573529 1 3
1480342573529 1 3
1480342575113 8 -3
1480342575113 8 -3
1480342576106 2 -1
1480342576106 2 -1
1480342577161 3 -2
1480342577161 3 -2
1480342579058 3 2
1480342579058 3 2
1480342580697 8 3
1480342580697 8 3
1480342581657 2 1
1480342581657 2 1
1480342583505 8 -1
1480342583505 8 -1
1480342584474 2 -1
1480342584474 2 -1
1480342585442 3 -2
1480342585442 3 -2
1480342592609 5 1
1480342592609 5 1
1480342593449 12 -1
1480342593449 12 -1
1480342597385 11 -1
1480342597385 11 -1
1480342598185 3 -1
1480342598185 3 -1
1480342600273 2 1
1480342600273 2 1
1480342601081 8 -2
1480342601081 8 -2
1480342601913 1 -2
1480342601913 1 -2
1480342607658 1 1
1480342607658 1 1
1480342607777 1 1
1480342607777 1 1
1480342609954 2 -1
1480342609954 2 -1
1480342611617 2 1
1480342611617 2 1
1480342615273 8 2
1480342615273 8 2
1480342616857 0 -2
1480342616857 0 -2
1480342624090 2 -3
1480342624090 2 -3
1480342626586 2 2
1480342626586 2 2
1480342628154 2 1
1480342628154 2 1
1480342630362 2 -3
1480342630362 2 -3
1480342632121 3 3
1480342632121 3 3
1480342632898 11 1
1480342632898 11 1
1480342633386 8 1
1480342633386 8 1
1480342634145 1 -3
1480342634145 1 -3
1480342635585 6 -1
1480342635585 6 -1
1480342636122 3 -1
1480342636122 3 -1
1480342637289 4 3
1480342637289 4 3
1480342641377 10 1
1480342641377 10 1
1480342641954 5 1
1480342641954 5 1
1480342642953 5 1
1480342642953 5 1
1480342643394 2 -1
1480342643394 2 -1
1480342644433 0 1
1480342644433 0 1
1480342658442 9 2
1480342658442 9 2
1480342658833 9 -2
1480342658833 9 -2
1480342662601 4 -2
1480342662601 4 -2
1480342663386 3 1
1480342663386 3 1
1480342665513 3 -1
1480342665513 3 -1
1480342666074 7 -1
1480342666074 7 -1
1480342666226 7 -1
1480342666226 7 -1
1480342667689 6 2
1480342667689 6 2
1480342668313 3 2
1480342668313 3 2
1480342669410 10 3
1480342669410 10 3
1480342670210 0 1
1480342670210 0 1
1480342673730 R
1480342673730 R
1480342684129 4 2
1480342684129 4 2
1480342686881 5 -1
1480342686881 5 -1
1480342687594 9 -2
1480342687594 9 -2
1480342691442 10 -1
1480342691442 10 -1
1480342693082 10 1
1480342693082 10 1
1480342693585 10 -1
1480342693585 10 -1
1480342694521 1 1
1480342694521 1 1
1480342694898 1 -1
1480342694898 1 -1
1480342695969 2 1
1480342695969 2 1
1480342697458 4 -2
1480342697458 4 -2
1480342702938 R
1480342702938 R
1480342714930 4 2
1480342714930 4 2
1480342715506 10 -2
1480342715506 10 -2
1480342718370 4 -2
1480342718370 4 -2
1480342720090 6 1
1480342720090 6 1
1480342720881 3 1
1480342720881 3 1
1480342723257 0 1
1480342723257 0 1
1480342726994 R
1480342726994 R
1480342727058 R
1480342727058 R
1480342728441 10 -2
1480342728441 10 -2
1480342729658 0 2
1480342729658 0 2
1480342731794 4 2
1480342731794 4 2
1480342732882 0 1
1480342732882 0 1
1480342735002 1 1
1480342735002 1 1
1480342736617 11 -2
1480342736617 11 -2
1480342737865 11 2
1480342737865 11 2
1480342739281 0 -1
1480342739281 0 -1
1480342740250 4 -2
1480342740250 4 -2
1480342741521 4 2
1480342741521 4 2
1480342743225 0 -2
1480342743225 0 -2
1480342743930 2 1
1480342743930 2 1
1480342744353 10 1
1480342744353 10 1
1480342746529 5 -3
1480342746529 5 -3
1480342747082 10 -1
1480342747082 10 -1
1480342748105 10 1
1480342748105 10 1
1480342749306 R
1480342749306 R
1480342749346 R
1480342749346 R
1480342753810 4 2
1480342753810 4 2
1480342754754 10 -2
1480342754754 10 -2
1480342756194 0 1
1480342756194 0 1
1480342759513 1 1
1480342759513 1 1
1480342760233 12 2
1480342760233 12 2
1480342762257 9 -1
1480342762257 9 -1
1480342770962 R
1480342770962 R
1480342777793 10 -2
1480342777793 10 -2
1480342785713 6 1
1480342785713 6 1
1480342786521 3 1
1480342786521 3 1
1480342790217 2 1
1480342790217 2 1
1480342790642 10 1
1480342790642 10 1
1480342791546 5 -3
1480342791546 5 -3
1480342792369 4 -1
1480342792369 4 -1
1480342793881 9 -2
1480342793881 9 -2
1480342794753 1 3
1480342794753 1 3
1480342797833 2 3
1480342797833 2 3
1480342799153 1 -3
1480342799153 1 -3
1480342801362 10 -1
1480342801362 10 -1
1480342816626 0 1
1480342816626 0 1
1480342834001 0 -1
1480342834001 0 -1
1480342834683 10 1
1480342834683 10 1
1480342836002 4 1
1480342836002 4 1
1480342836761 9 1
1480342836761 9 1
1480342837481 5 3
1480342837481 5 3
1480342839553 10 -1
1480342839553 10 -1
1480342860602 0 1
1480342860602 0 1
1480342862713 1 1
1480342862713 1 1
1480342863698 12 2
1480342863698 12 2
1480342865826 10 1
1480342865826 10 1
1480342868337 5 -3
1480342868337 5 -3
1480342869298 12 -2
1480342869298 12 -2
1480342871329 11 -2
1480342871329 11 -2
1480342872466 10 -1
1480342872466 10 -1
1480342873689 4 -1
1480342873689 4 -1
1480342874914 1 2
1480342874914 1 2
1480342878553 8 -1
1480342878553 8 -1
1480342879361 2 -1
1480342879361 2 -1
1480342880522 3 -3
1480342880522 3 -3
1480342881433 11 1
1480342881433 11 1
1480342882410 0 -1
1480342882410 0 -1
1480342885465 0 1
1480342885465 0 1
1480342890881 12 1
1480342890881 12 1
1480342891450 5 -1
1480342891450 5 -1
1480342893161 0 1
1480342893161 0 1
1480342894050 8 -1
1480342894050 8 -1
1480342895385 8 -1
1480342895385 8 -1
1480342896890 3 3
1480342896890 3 3
1480342897817 2 1
1480342897817 2 1
1480342901761 1 -2
1480342901761 1 -2
1480342904097 1 2
1480342904097 1 2
1480342906169 11 1
1480342906169 11 1
1480342906905 1 -3
1480342906905 1 -3
1480342912913 9 -1
1480342912913 9 -1
1480342914010 7 -2
1480342914010 7 -2
1480342914938 6 1
1480342914938 6 1
1480342915745 3 1
1480342915745 3 1
1480342918098 1 2
1480342918098 1 2
1480342919466 8 3
1480342919466 8 3
1480342920378 1 -2
1480342920378 1 -2
1480342921265 0 -1
1480342921265 0 -1
1480342923345 10 4
1480342923345 10 4
1480342924466 0 1
1480342924466 0 1
1480342926497 1 2
1480342926497 1 2
1480342929665 5 1
1480342929665 5 1
1480342930921 12 -1
1480342930921 12 -1
1480342931850 11 -2
1480342931850 11 -2
1480342936274 8 -1
1480342936274 8 -1
1480342938129 8 -2
1480342938129 8 -2
1480342943745 11 2
1480342943745 11 2
1480342944298 1 -1
1480342944298 1 -1
1480342944393 1 -1
1480342944393 1 -1
1480342947393 4 1
1480342947393 4 1
1480342950521 5 1
1480342950521 5 1
1480342951585 8 -1
1480342951585 8 -1
1480342952529 0 -2
1480342952529 0 -2
1480342953665 10 -3
1480342953665 10 -3
1480342963281 0 1
1480342963281 0 1
1480342965482 12 1
1480342965482 12 1
1480342969570 6 -1
1480342969570 6 -1
1480342970489 3 -1
1480342970489 3 -1
1480342971265 7 2
1480342971265 7 2
1480342972202 9 1
1480342972202 9 1
1480342972953 5 2
1480342972953 5 2
1480342973722 10 -1
1480342973722 10 -1
1480342974754 0 1
1480342974754 0 1
1480342979170 12 -1
1480342979170 12 -1
1480342984298 0 -2
1480342984298 0 -2
1480342988170 1 1
1480342988170 1 1
1480342990026 10 1
1480342990026 10 1
1480342990721 5 -2
1480342990721 5 -2
1480342991729 4 -1
1480342991729 4 -1
1480342992625 1 2
1480342992625 1 2
1480342993825 2 -3
1480342993825 2 -3
1480342994906 1 -3
1480342994906 1 -3
1480342996001 6 -2
1480342996001 6 -2
1480342996786 3 -2
1480342996786 3 -2
1480342998193 10 3
1480342998193 10 3
1480342999185 4 3
1480342999185 4 3
1480343000378 5 2
1480343000378 5 2
1480343001098 2 -1
1480343001098 2 -1
1480343002585 0 3
1480343002585 0 3
1480343003353 5 -1
1480343003353 5 -1
1480343004122 9 -1
1480343004122 9 -1
1480343096386 R
1480343096386 R
1480343105202 10 -1
1480343105202 10 -1
1480343106426 10 -1
1480343106426 10 -1
1480343107809 0 2
1480343107809 0 2
1480343113714 4 2
1480343113714 4 2
1480343114067 4 -1
1480343114067 4 -1
1480343115090 4 -1
1480343115090 4 -1
1480343116002 4 2
1480343116002 4 2
1480343119130 0 -1
1480343119130 0 -1
1480343121098 0 -1
1480343121098 0 -1
1480343121954 2 1
1480343121954 2 1
1480343122442 10 1
1480343122442 10 1
1480343123602 5 -3
1480343123602 5 -3
1480343124538 4 -3
1480343124538 4 -3
1480343146033 4 3
1480343146033 4 3
1480343147249 5 3
1480343147249 5 3
1480343148139 2 -1
1480343148139 2 -1
1480343149883 10 -1
1480343149883 10 -1
1480343150761 0 3
1480343150761 0 3
1480343154505 2 1
1480343154505 2 1
1480343157490 2 -1
1480343157490 2 -1
1480343160569 0 -3
1480343160569 0 -3
1480343164002 2 1
1480343164002 2 1
1480343165866 10 1
1480343165866 10 1
1480343167122 5 -2
1480343167122 5 -2
1480343168490 4 -3
1480343168490 4 -3
1480343169465 9 -1
1480343169465 9 -1
1480343170243 1 3
1480343170243 1 3
1480343173825 1 -3
1480343173825 1 -3
1480343174770 4 3
1480343174770 4 3
1480343175505 10 1
1480343175505 10 1
1480343177122 5 2
1480343177122 5 2
1480343178002 2 -1
1480343178002 2 -1
1480343178753 10 -2
1480343178753 10 -2
1480343181249 0 2
1480343181249 0 2
1480343183705 0 1
1480343183705 0 1
1480343187450 9 1
1480343187450 9 1
1480343191249 1 1
1480343191249 1 1
1480343192881 1 -1
1480343192881 1 -1
1480343193561 0 -3
1480343193561 0 -3
1480343196473 4 -2
1480343196473 4 -2
1480343197106 10 1
1480343197106 10 1
1480343197674 5 -1
1480343197674 5 -1
1480343198529 9 -2
1480343198529 9 -2
1480343199657 2 1
1480343199657 2 1
1480343200339 5 -1
1480343200339 5 -1
1480343201577 4 -1
1480343201577 4 -1
1480343202465 1 3
1480343202465 1 3
1480343218722 8 -1
1480343218722 8 -1
1480343219378 11 -1
1480343219378 11 -1
1480343220201 3 -2
1480343220201 3 -2
1480343221650 6 1
1480343221650 6 1
1480343222746 2 3
1480343222746 2 3
1480343225754 5 -1
1480343225754 5 -1
1480343226729 10 -1
1480343226729 10 -1
1480343231537 1 -1
1480343231537 1 -1
1480343232250 0 2
1480343232250 0 2
1480343233090 8 -1
1480343233090 8 -1
1480343233602 11 -1
1480343233602 11 -1
1480343236465 8 1
1480343236465 8 1
1480343236946 11 1
1480343236946 11 1
1480343237553 0 -2
1480343237553 0 -2
1480343238505 1 1
1480343238505 1 1
1480343240314 2 -3
1480343240314 2 -3
1480343241041 6 -1
1480343241041 6 -1
1480343241586 1 -1
1480343241586 1 -1
1480343242746 7 -2
1480343242746 7 -2
1480343245841 3 2
1480343245841 3 2
1480343246569 8 1
1480343246569 8 1
1480343247066 11 1
1480343247066 11 1
1480343247585 1 -2
1480343247585 1 -2
1480343248985 7 2
1480343248985 7 2
1480343255833 4 3
1480343255833 4 3
1480343257443 10 1
1480343257443 10 1
1480343258441 9 1
1480343258441 9 1
1480343259153 5 3
1480343259153 5 3
1480343260081 2 -1
1480343260081 2 -1
1480343260594 10 -1
1480343260594 10 -1
1480343266866 2 1
1480343266866 2 1
1480343267449 10 2
1480343267449 10 2
1480343268338 10 -1
1480343268338 10 -1
1480343272331 4 -1
1480343272331 4 -1
1480343273786 4 -1
1480343273786 4 -1
1480343274362 6 1
1480343274362 6 1
1480343274922 3 1
1480343274922 3 1
1480343276650 5 -2
1480343276650 5 -2
1480343277546 4 -1
1480343277546 4 -1
1480343278113 1 3
1480343278113 1 3
1480343279554 2 3
1480343279554 2 3
1480343281338 0 1
1480343281338 0 1
1480343282026 12 2
1480343282026 12 2
1480343282617 5 -2
1480343282617 5 -2
1480343283826 10 -1
1480343283826 10 -1
1480343284585 0 1
1480343284585 0 1
1480343285874 5 1
1480343285874 5 1
1480343286562 12 -2
1480343286562 12 -2
1480343287138 11 -2
1480343287138 11 -2
1480343288169 8 -3
1480343288169 8 -3
1480343288794 2 -1
1480343288794 2 -1
1480343289730 3 -3
1480343289730 3 -3
1480343290995 11 1
1480343290995 11 1
1480343292274 8 2
1480343292274 8 2
1480343293866 0 -2
1480343293866 0 -2
1480343295114 10 1
1480343295114 10 1
1480343296570 2 -1
1480343296570 2 -1
1480343297209 2 -1
1480343297209 2 -1
1480343297818 1 -1
1480343297818 1 -1
1480343298777 6 -1
1480343298777 6 -1
1480343299746 9 1
1480343299746 9 1
1480343301771 5 1
1480343301771 5 1
1480343306537 3 2
1480343306537 3 2
1480343307474 11 1
1480343307474 11 1
1480343308010 8 1
1480343308010 8 1
1480343311066 9 -2
1480343311066 9 -2
1480343312202 1 1
1480343312202 1 1
1480343313498 1 -3
1480343313498 1 -3
1480343314538 4 3
1480343314538 4 3
1480343315226 9 2
1480343315226 9 2
1480343315826 5 2
1480343315826 5 2
1480343316706 2 -1
1480343316706 2 -1
1480343317354 10 -1
1480343317354 10 -1
1480343318473 0 3
1480343318473 0 3
1480343320009 9 -1
1480343320009 9 -1
1480343322234 7 -1
1480343322234 7 -1
1480343323817 1 1
1480343323817 1 1
1480343327442 0 -1
1480343327442 0 -1
1480343331538 7 1
1480343331538 7 1
1480343332090 9 1
1480343332090 9 1
1480343333602 0 -2
1480343333602 0 -2
1480343334459 2 1
1480343334459 2 1
1480343335050 10 1
1480343335050 10 1
1480343336395 5 -2
1480343336395 5 -2
1480343337058 4 -3
1480343337058 4 -3
1480343338218 9 -1
1480343338218 9 -1
1480343338906 1 2
1480343338906 1 2
1480343347786 1 -2
1480343347786 1 -2
1480343349258 7 -1
1480343349258 7 -1
1480343350298 6 1
1480343350298 6 1
1480343352521 3 1
1480343352521 3 1
1480343354385 1 1
1480343354385 1 1
1480343354946 7 1
1480343354946 7 1
1480343355586 1 1
1480343355586 1 1
1480343356986 2 3
1480343356986 2 3
1480343362970 5 -1
1480343362970 5 -1
1480343363707 10 -1
1480343363707 10 -1
1480343364442 0 2
1480343364442 0 2
1480343365961 8 -3
1480343365961 8 -3
1480343367673 1 -3
1480343367673 1 -3
1480343369874 12 1
1480343369874 12 1
1480343370538 5 -1
1480343370538 5 -1
1480343373249 1 3
1480343373249 1 3
1480343376203 8 1
1480343376203 8 1
1480343376498 8 -1
1480343376498 8 -1
1480343381290 1 -3
1480343381290 1 -3
1480343383650 5 1
1480343383650 5 1
1480343385106 5 -1
1480343385106 5 -1
1480343393050 1 2
1480343393050 1 2
1480343393202 1 1
1480343393202 1 1
1480343397017 1 -1
1480343397017 1 -1
1480343397882 7 -1
1480343397882 7 -1
1480343398473 9 -1
1480343398473 9 -1
1480343399099 7 -1
1480343399099 7 -1
1480343399881 3 1
1480343399881 3 1
1480343400809 6 1
1480343400809 6 1
1480343402042 1 -2
1480343402042 1 -2
1480343412153 4 1
1480343412153 4 1
1480343418474 1 1
1480343418474 1 1
1480343419002 1 -1
1480343419002 1 -1
1480343421386 6 -1
1480343421386 6 -1
1480343423225 3 -1
1480343423225 3 -1
1480343427986 7 1
1480343427986 7 1
1480343430618 9 1
1480343430618 9 1
1480343432906 1 1
1480343432906 1 1
1480343436057 4 -1
1480343436057 4 -1
1480343436818 1 1
1480343436818 1 1
1480343438722 8 3
1480343438722 8 3
1480343440769 5 1
1480343440769 5 1
1480343441578 12 -1
1480343441578 12 -1
1480343442850 8 -3
1480343442850 8 -3
1480343443506 1 -2
1480343443506 1 -2
1480343446090 1 2
1480343446090 1 2
1480343449722 11 -2
1480343449722 11 -2
1480343452306 11 2
1480343452306 11 2
1480343452874 1 -1
1480343452874 1 -1
1480343452987 1 -1
1480343452987 1 -1
1480343454770 9 -1
1480343454770 9 -1
1480343455874 7 1
1480343455874 7 1
1480343456689 1 3
1480343456689 1 3
1480343459091 8 3
1480343459091 8 3
1480343460514 0 -1
1480343460514 0 -1
1480343461145 0 -1
1480343461145 0 -1
1480343462834 10 1
1480343462834 10 1
1480343463977 1 -3
1480343463977 1 -3
1480343465121 10 1
1480343465121 10 1
1480343466386 4 1
1480343466386 4 1
1480343467873 9 1
1480343467873 9 1
1480343468777 5 3
1480343468777 5 3
1480343470298 10 -1
1480343470298 10 -1
1480343476818 0 1
1480343476818 0 1
1480343478530 12 1
1480343478530 12 1
1480343479521 5 -4
1480343479521 5 -4
1480343480513 10 -1
1480343480513 10 -1
1480343481786 0 1
1480343481786 0 1
1480343483002 4 -1
1480343483002 4 -1
1480343483953 1 3
1480343483953 1 3
1480343488314 5 1
1480343488314 5 1
1480343490282 12 -1
1480343490282 12 -1
1480343491755 8 -2
1480343491755 8 -2
1480343494474 11 -2
1480343494474 11 -2
1480343495250 2 -1
1480343495250 2 -1
1480343496081 3 -3
1480343496081 3 -3
1480343497161 8 1
1480343497161 8 1
1480343500290 11 1
1480343500290 11 1
1480343503321 0 -2
1480343503321 0 -2
1480343506225 10 1
1480343506225 10 1
1480343507737 2 -2
1480343507737 2 -2
1480343508753 1 -1
1480343508753 1 -1
1480343510010 6 -1
1480343510010 6 -1
1480343513281 5 1
1480343513281 5 1
1480343516426 3 2
1480343516426 3 2
1480343517234 8 1
1480343517234 8 1
1480343517906 11 1
1480343517906 11 1
1480343518897 1 -2
1480343518897 1 -2
1480343521642 6 1
1480343521642 6 1
1480343522513 3 1
1480343522513 3 1
1480343524578 4 1
1480343524578 4 1
1480343525609 5 2
1480343525609 5 2
1480343526393 2 -1
1480343526393 2 -1
1480343527378 10 -1
1480343527378 10 -1
1480343529770 6 -1
1480343529770 6 -1
1480343530706 3 -1
1480343530706 3 -1
1480343532058 4 2
1480343532058 4 2
1480343533258 0 3
1480343533258 0 3
1480343535858 1 1
1480343535858 1 1
1480343537394 1 -1
1480343537394 1 -1
1480343543770 0 -3
1480343543770 0 -3
1480343545138 4 -2
1480343545138 4 -2
1480343547042 6 1
1480343547042 6 1
1480343547954 3 1
1480343547954 3 1
1480343549330 2 1
1480343549330 2 1
1480343550594 10 1
1480343550594 10 1
1480343551738 5 -2
1480343551738 5 -2
1480343552562 4 -1
1480343552562 4 -1
1480343553899 1 3
1480343553899 1 3
1480343560515 2 3
1480343560515 2 3
1480343561530 0 1
1480343561530 0 1
1480343562474 12 1
1480343562474 12 1
1480343563410 5 -2
1480343563410 5 -2
1480343564898 10 -1
1480343564898 10 -1
1480343565986 0 1
1480343565986 0 1
1480343567073 8 -3
1480343567073 8 -3
1480343571378 8 3
1480343571378 8 3
1480343572578 5 1
1480343572578 5 1
1480343573202 12 -1
1480343573202 12 -1
1480343574161 0 -2
1480343574161 0 -2
1480343575217 1 -3
1480343575217 1 -3
1480343580289 9 -1
1480343580289 9 -1
1480343581417 7 -2
1480343581417 7 -2
1480343582033 6 1
1480343582033 6 1
1480343582705 3 1
1480343582705 3 1
1480343583746 1 2
1480343583746 1 2
1480343585474 0 2
1480343585474 0 2
1480343586505 1 -2
1480343586505 1 -2
1480343587490 0 -2
1480343587490 0 -2
1480343588954 6 -1
1480343588954 6 -1
1480343589466 3 -1
1480343589466 3 -1
1480343590410 7 1
1480343590410 7 1
1480343593706 7 1
1480343593706 7 1
1480343594297 1 3
1480343594297 1 3
1480343596874 10 1
1480343596874 10 1
1480343597514 5 1
1480343597514 5 1
1480343602161 0 1
1480343602161 0 1
1480343604315 12 2
1480343604315 12 2
1480343607218 1 -2
1480343607218 1 -2
1480343610385 1 2
1480343610385 1 2
1480343611978 12 -2
1480343611978 12 -2
1480343613969 0 -1
1480343613969 0 -1
1480343614827 5 -1
1480343614827 5 -1
1480343615713 10 -1
1480343615713 10 -1
1480343617337 2 -3
1480343617337 2 -3
1480343618026 1 -2
1480343618026 1 -2
1480343618313 1 -1
1480343618313 1 -1
1480343621650 10 1
1480343621650 10 1
1480343622394 4 1
1480343622394 4 1
1480343623241 5 2
1480343623241 5 2
1480343624146 2 -1
1480343624146 2 -1
1480343625907 9 1
1480343625907 9 1
1480343626562 5 1
1480343626562 5 1
1480343627258 10 -1
1480343627258 10 -1
1480343628586 6 -1
1480343628586 6 -1
1480343629090 3 -1
1480343629090 3 -1
1480343630185 4 2
1480343630185 4 2
1480343635570 2 1
1480343635570 2 1
1480343636385 10 1
1480343636385 10 1
1480343645490 5 -3
1480343645490 5 -3
1480343646338 10 -1
1480343646338 10 -1
1480343647305 4 -3
1480343647305 4 -3
1480343648425 1 3
1480343648425 1 3
1480343649265 6 1
1480343649265 6 1
1480343649857 3 1
1480343649857 3 1
1480343650554 2 3
1480343650554 2 3
1480343651298 0 2
1480343651298 0 2
1480343653626 12 1
1480343653626 12 1
1480343654418 5 -1
1480343654418 5 -1
1480343655394 0 -1
1480343655394 0 -1
1480343656121 1 -3
1480343656121 1 -3
1480343660329 9 -1
1480343660329 9 -1
1480343661002 7 -2
1480343661002 7 -2
1480343661713 6 1
1480343661713 6 1
1480343662330 3 1
1480343662330 3 1
1480343663386 10 4
1480343663386 10 4
1480343665099 0 1
1480343665099 0 1
1480343666297 1 2
1480343666297 1 2
1480343667386 8 -3
1480343667386 8 -3
1480343668226 5 2
1480343668226 5 2
1480343669322 8 -1
1480343669322 8 -1
1480343670066 12 -1
1480343670066 12 -1
1480343673338 1 -2
1480343673338 1 -2
1480343674778 0 -2
1480343674778 0 -2
1480343675562 4 1
1480343675562 4 1
1480343676930 10 -1
1480343676930 10 -1
1480343677393 10 -1
1480343677393 10 -1
1480343678010 6 -1
1480343678010 6 -1
1480343678522 3 -1
1480343678522 3 -1
1480343679146 7 2
1480343679146 7 2
1480343680330 7 -1
1480343680330 7 -1
1480343680962 9 1
1480343680962 9 1
1480343682114 5 1
1480343682114 5 1
1480343682690 5 1
1480343682690 5 1
1480343683426 10 -2
1480343683426 10 -2
1480343688346 0 2
1480343688346 0 2
1480343692595 0 -1
1480343692595 0 -1
1480343693418 10 2
1480343693418 10 2
1480343694074 5 -2
1480343694074 5 -2
1480343694753 4 -1
1480343694753 4 -1
1480343695330 9 -1
1480343695330 9 -1
1480343696074 7 -1
1480343696074 7 -1
1480343696930 6 1
1480343696930 6 1
1480343697450 3 1
1480343697450 3 1
1480343698025 10 2
1480343698025 10 2
1480343702826 4 1
1480343702826 4 1
1480343703833 5 1
1480343703833 5 1
1480343704601 0 -1
1480343704601 0 -1
1480343713618 0 2
1480343713618 0 2
1480343714578 8 1
1480343714578 8 1
1480343715170 12 1
1480343715170 12 1
1480343716209 5 -3
1480343716209 5 -3
1480343717195 4 -1
1480343717195 4 -1
1480343718785 1 2
1480343718785 1 2
1480343722009 1 -2
1480343722009 1 -2
1480343740994 U
1480343740994 U
1480343741498 U
1480343741498 U
1480343741682 U
1480343741682 U
1480343741858 U
1480343741858 U
1480343742018 U
1480343742018 U
1480343742194 U
1480343742194 U
1480343742362 U
1480343742362 U
1480343742530 U
1480343742530 U
1480343742706 U
1480343742706 U
1480343742890 U
1480343742890 U
1480343743058 U
1480343743058 U
1480343743226 U
1480343743226 U
1480343743386 U
1480343743386 U
1480343743554 U
1480343743554 U
1480343743650 U
1480343743650 U
1480343743722 U
1480343743722 U
1480343743914 U
1480343743914 U
1480343744106 U
1480343744106 U
1480343744290 U
1480343744290 U
1480343744466 U
1480343744466 U
1480343744642 U
1480343744642 U
1480343744834 U
1480343744834 U
1480343745018 U
1480343745018 U
1480343745210 U
1480343745210 U
1480343745394 U
1480343745394 U
1480343745586 U
1480343745586 U
1480343745794 U
1480343745794 U
1480343745994 U
1480343745994 U
1480343746178 U
1480343746178 U
1480343746386 U
1480343746386 U
1480343746594 U
1480343746594 U
1480343746786 U
1480343746786 U
1480343747002 U
1480343747002 U
1480343747194 U
1480343747194 U
1480343747402 U
1480343747402 U
1480343747602 U
1480343747602 U
1480343747810 U
1480343747810 U
1480343748010 U
1480343748010 U
1480343748202 U
1480343748202 U
1480343748402 U
1480343748402 U
1480343748602 U
1480343748602 U
1480343748811 U
1480343748811 U
1480343749010 U
1480343749010 U
1480343749202 U
1480343749202 U
1480343749378 U
1480343749378 U
1480343749554 U
1480343749554 U
1480343749730 U
1480343749730 U
1480343749906 U
1480343749906 U
1480343750082 U
1480343750082 U
1480343750258 U
1480343750258 U
1480343750458 U
1480343750458 U
1480343750642 U
1480343750642 U
1480343750842 U
1480343750842 U
1480343751018 U
1480343751018 U
1480343751226 U
1480343751226 U
1480343751442 U
1480343751442 U
1480343751658 U
1480343751658 U
1480343751866 U
1480343751866 U
1480343752066 U
1480343752066 U
1480343752258 U
1480343752258 U
1480343752450 U
1480343752450 U
1480343752650 U
1480343752650 U
1480343752842 U
1480343752842 U
1480343753042 U
1480343753042 U
1480343753242 U
1480343753242 U
1480343753458 U
1480343753458 U
1480343753650 U
1480343753650 U
1480343753866 U
1480343753866 U
1480343754082 U
1480343754082 U
1480343754298 U
1480343754298 U
1480343754506 U
1480343754506 U
1480343754714 U
1480343754714 U
1480343754914 U
1480343754914 U
1480343755130 U
1480343755130 U
1480343755322 U
1480343755322 U
1480343755530 U
1480343755530 U
1480343755746 U
1480343755746 U
1480343755978 U
1480343755978 U
1480343756194 U
1480343756194 U
1480343756402 U
1480343756402 U
1480343756610 U
1480343756610 U
1480343756826 U
1480343756826 U
1480343757042 U
1480343757042 U
1480343757242 U
1480343757242 U
1480343757466 U
1480343757466 U
1480343757658 U
1480343757658 U
1480343757850 U
1480343757850 U
1480343757978 U
1480343757978 U
1480343758042 U
1480343758042 U
1480343758226 U
1480343758226 U
1480343758410 U
1480343758410 U
1480343758610 U
1480343758610 U
1480343758818 U
1480343758818 U
1480343759034 U
1480343759034 U
1480343759234 U
1480343759234 U
1480343759418 U
1480343759418 U
1480343759610 U
1480343759610 U
1480343759818 U
1480343759818 U
1480343760042 U
1480343760042 U
1480343760250 U
1480343760250 U
1480343760482 U
1480343760482 U
1480343760698 U
1480343760698 U
1480343760898 U
1480343760898 U
1480343761122 U
1480343761122 U
1480343761338 U
1480343761338 U
1480343761538 U
1480343761538 U
1480343761738 U
1480343761738 U
1480343761938 U
1480343761938 U
1480343762138 U
1480343762138 U
1480343762338 U
1480343762338 U
1480343762570 U
1480343762570 U
1480343762778 U
1480343762778 U
1480343762970 U
1480343762970 U
1480343763194 U
1480343763194 U
1480343763410 U
1480343763410 U
1480343763650 U
1480343763650 U
1480343763866 U
1480343763866 U
1480343764098 U
1480343764098 U
1480343764314 U
1480343764314 U
1480343764530 U
1480343764530 U
1480343764858 U
1480343764858 U
1480343764922 U
1480343764922 U
1480343765114 U
1480343765114 U
1480343765250 U
1480343765250 U
1480343765338 U
1480343765338 U
1480343765562 U
1480343765562 U
1480343765762 U
1480343765762 U
1480343765954 U
1480343765954 U
1480343766162 U
1480343766162 U
1480343766354 U
1480343766354 U
1480343766562 U
1480343766562 U
1480343766738 U
1480343766738 U
1480343766938 U
1480343766938 U
1480343767146 U
1480343767146 U
1480343767354 U
1480343767354 U
1480343767546 U
1480343767546 U
1480343767690 U
1480343767690 U
1480343767762 U
1480343767762 U
1480343768010 U
1480343768010 U
1480343768218 U
1480343768218 U
1480343768418 U
1480343768418 U
1480343768626 U
1480343768626 U
1480343768842 U
1480343768842 U
1480343769050 U
1480343769050 U
1480343769258 U
1480343769258 U
1480343769466 U
1480343769466 U
1480343769658 U
1480343769658 U
1480343769866 U
1480343769866 U
1480343770075 U
1480343770075 U
1480343770306 U
1480343770306 U
1480343770434 U
1480343770434 U
1480343770522 U
1480343770522 U
1480343770658 U
1480343770658 U
1480343770738 U
1480343770738 U
1480343770962 U
1480343770962 U
1480343771170 U
1480343771170 U
1480343771386 U
1480343771386 U
1480343771602 U
1480343771602 U
1480343771850 U
1480343771850 U
1480343772058 U
1480343772058 U
1480343772322 U
1480343772322 U
1480343772546 U
1480343772546 U
1480343772754 U
1480343772754 U
1480343772978 U
1480343772978 U
1480343773234 U
1480343773234 U
1480343773450 U
1480343773450 U
1480343773674 U
1480343773674 U
1480343773890 U
1480343773890 U
1480343774106 U
1480343774106 U
1480343774322 U
1480343774322 U
1480343774514 U
1480343774514 U
1480343774626 U
1480343774626 U
1480343774706 U
1480343774706 U
1480343774834 U
1480343774834 U
1480343774906 U
1480343774906 U
1480343775138 U
1480343775138 U
1480343775266 U
1480343775266 U
1480343775354 U
1480343775354 U
1480343775570 U
1480343775570 U
1480343775706 U
1480343775706 U
1480343775786 U
1480343775786 U
1480343776010 U
1480343776010 U
1480343776226 U
1480343776226 U
1480343776458 U
1480343776458 U
1480343776674 U
1480343776674 U
1480343776794 U
1480343776794 U
1480343776890 U
1480343776890 U
1480343777114 U
1480343777114 U
1480343777218 U
1480343777218 U
1480343777314 U
1480343777314 U
1480343777546 U
1480343777546 U
1480343777666 U
1480343777666 U
1480343777754 U
1480343777754 U
1480343777986 U
1480343777986 U
1480343778218 U
1480343778218 U
1480343778450 U
1480343778450 U
1480343778666 U
1480343778666 U
1480343778874 U
1480343778874 U
1480343779106 U
1480343779106 U
1480343779330 U
1480343779330 U
1480343779538 U
1480343779538 U
1480343779730 U
1480343779730 U
1480343779930 U
1480343779930 U
1480343780138 U
1480343780138 U
1480343780250 U
1480343780250 U
1480343780354 U
1480343780354 U
1480343780570 U
1480343780570 U
1480343780794 U
1480343780794 U
1480343780922 U
1480343780922 U
1480343780994 U
1480343780994 U
1480343781218 U
1480343781218 U
1480343781442 U
1480343781442 U
1480343781586 U
1480343781586 U
1480343781666 U
1480343781666 U
1480343781794 U
1480343781794 U
1480343781890 U
1480343781890 U
1480343782122 U
1480343782122 U
1480343782346 U
1480343782346 U
1480343782562 U
1480343782562 U
1480343782802 U
1480343782802 U
1480343783034 U
1480343783034 U
1480343783242 U
1480343783242 U
1480343783458 U
1480343783458 U
1480343783706 U
1480343783706 U
1480343783938 U
1480343783938 U
1480343784154 U
1480343784154 U
1480343784386 U
1480343784386 U
1480343784626 U
1480343784626 U
1480343784850 U
1480343784850 U
1480343785090 U
1480343785090 U
1480343785314 U
1480343785314 U
1480343785538 U
1480343785538 U
1480343785770 U
1480343785770 U
1480343786018 U
1480343786018 U
1480343786266 U
1480343786266 U
1480343786490 U
1480343786490 U
1480343786706 U
1480343786706 U
1480343786930 U
1480343786930 U
1480343787162 U
1480343787162 U
1480343787386 U
1480343787386 U
1480343787610 U
1480343787610 U
1480343787826 U
1480343787826 U
1480343788034 U
1480343788034 U
1480343788250 U
1480343788250 U
1480343788458 U
1480343788458 U
1480343788674 U
1480343788674 U
1480343788906 U
1480343788906 U
1480343789138 U
1480343789138 U
1480343789386 U
1480343789386 U
1480343789618 U
1480343789618 U
1480343789842 U
1480343789842 U
1480343789986 U
1480343789986 U
1480343790074 U
1480343790074 U
1480343790306 U
1480343790306 U
1480343790522 U
1480343790522 U
1480343790746 U
1480343790746 U
1480343790970 U
1480343790970 U
1480343791194 U
1480343791194 U
1480343791322 U
1480343791322 U
1480343791402 U
1480343791402 U
1480343791618 U
1480343791618 U
1480343791834 U
1480343791834 U
1480343792042 U
1480343792042 U
1480343792258 U
1480343792258 U
1480343792482 U
1480343792482 U
1480343792706 U
1480343792706 U
1480343792914 U
1480343792914 U
1480343793130 U
1480343793130 U
1480343793338 U
1480343793338 U
1480343793570 U
1480343793570 U
1480343793802 U
1480343793802 U
1480343794034 U
1480343794034 U
1480343794258 U
1480343794258 U
1480343794474 U
1480343794474 U
1480343794698 U
1480343794698 U
1480343794914 U
1480343794914 U
1480343795074 U
1480343795074 U
1480343795146 U
1480343795146 U
1480343795362 U
1480343795362 U
1480343795610 U
1480343795610 U
1480343795826 U
1480343795826 U
1480343796066 U
1480343796066 U
1480343796282 U
1480343796282 U
1480343796482 U
1480343796482 U
1480343796682 U
1480343796682 U
1480343796890 U
1480343796890 U
1480343797138 U
1480343797138 U
1480343797362 U
1480343797362 U
1480343797562 U
1480343797562 U
1480343797794 U
1480343797794 U
1480343798018 U
1480343798018 U
1480343798250 U
1480343798250 U
1480343798474 U
1480343798474 U
1480343798690 U
1480343798690 U
1480343798826 U
1480343798826 U
1480343798914 U
1480343798914 U
1480343799162 U
1480343799162 U
1480343799402 U
1480343799402 U
1480343799626 U
1480343799626 U
1480343799874 U
1480343799874 U
1480343800106 U
1480343800106 U
1480343800346 U
1480343800346 U
1480343800578 U
1480343800578 U
1480343800810 U
1480343800810 U
1480343801034 U
1480343801034 U
1480343801242 U
1480343801242 U
1480343801442 U
1480343801442 U
1480343801658 U
1480343801658 U
1480343801882 U
1480343801882 U
1480343802122 U
1480343802122 U
1480343802354 U
1480343802354 U
1480343802594 U
1480343802594 U
1480343803202 U
1480343803202 U
1480343803330 U
1480343803330 U
1480343803402 U
1480343803402 U
1480343803626 U
1480343803626 U
1480343804162 U
1480343804162 U
1480343804362 U
1480343804362 U
1480343804610 U
1480343804610 U
1480343804850 U
1480343804850 U
1480343805082 U
1480343805082 U
1480343805322 U
1480343805322 U
1480343805554 U
1480343805554 U
1480343805786 U
1480343805786 U
1480343806026 U
1480343806026 U
1480343806250 U
1480343806250 U
1480343806482 U
1480343806482 U
1480343806714 U
1480343806714 U
1480343806954 U
1480343806954 U
1480343807082 U
1480343807082 U
1480343807162 U
1480343807162 U
1480343807642 U
1480343807642 U
1480343807842 U
1480343807842 U
1480343808026 U
1480343808026 U
1480343808106 U
1480343808106 U
1480343808354 U
1480343808354 U
1480343809178 U
1480343809178 U
1480343809362 U
1480343809362 U
1480343809602 U
1480343809602 U
1480343809834 U
1480343809834 U
1480343810026 U
1480343810026 U
1480343810242 U
1480343810242 U
1480343810482 U
1480343810482 U
1480343810722 U
1480343810722 U
1480343810978 U
1480343810978 U
1480343811210 U
1480343811210 U
1480343811466 U
1480343811466 U
1480343811714 U
1480343811714 U
1480343811938 U
1480343811938 U
