1482856965295 0 1
1482856968947 10 -2
1482856971223 4 2
1482856976945 9 -1
1482856978639 0 2
1482856980014 9 1
1482856985062 2 1
1482856989615 2 -1
1482856990800 0 -3
1482856991838 10 2
1482856992903 5 -1
1482856993992 9 -2
1482856999063 10 -1
1482857000998 2 1
1482857002215 5 -2
1482857003210 10 -1
1482857006528 10 2
1482857007913 5 2
1482857008958 2 -1
1482857010023 0 1
1482857013797 12 1
1482857016974 12 -1
1482857017743 0 -1
1482857018608 2 1
1482857020198 5 -2
1482857021208 10 -2
1482857022375 1 1
1482857024766 10 1
1482857025355 1 -1
1482857026999 10 1
1482857028438 5 2
1482857030587 2 -1
1482857031501 10 -1
1482857032712 1 1
1482857033536 1 -1
1482857036496 4 -2
1482857039648 6 1
1482857042222 7 -2
1482857043198 6 1
1482857044631 3 2
1482857048014 10 3
1482857049390 0 2
1482857056602 0 -2
1482857060568 R
1482857063303 4 2
1482857064678 10 -2
1482857071279 0 3
1482857114669 1 1
1482857116229 0 -1
1482857117752 9 -1
1482857119145 7 -1
1482857207795 0 1
1482857208861 2 1
1482857210557 2 -1
1482857211605 0 -3
1482857216583 7 1
1482857218411 4 -2
1482857219613 3 1
1482857220542 6 1
1482857221184 1 -1
1482857224069 0 2
1482857225324 6 -1
1482857226725 4 1
1482857232430 3 -1
1482857234871 4 1
1482857236170 0 1
1482857237198 2 1
1482857241146 12 1
1482857243949 2 -1
1482857245004 0 -2
1482857246797 10 2
1482857249037 12 -1
1482857249759 0 -1
1482857251228 2 1
1482857252293 5 -3
1482857253349 10 -2
1482857255077 1 1
1482857258149 9 -1
1482857259178 4 -3
1482857260152 1 2
1482857263291 2 1
1482857264661 8 -1
1482857265541 11 -1
1482857266159 3 -2
1482857268045 6 1
1482857268940 2 2
1482857270196 0 2
1482857271741 1 -1
1482857273772 7 -2
1482857274447 6 1
1482857281036 0 -2
1482857283893 6 -1
1482857285044 7 2
1482857286445 9 2
1482857288629 10 1
1482857291516 10 -1
1482857292341 9 -2
1482857296789 7 -2
1482857297509 6 1
1482857315701 6 -1
1482857316684 7 2
1482857317477 1 1
1482857318548 10 1
1482857320491 10 -1
1482857321484 2 -2
1482857322380 6 -1
1482857326812 6 1
1482857328620 2 2
1482857334969 0 2
1482857335942 8 -2
1482857336820 2 -1
1482857339637 3 1
1482857340661 11 -1
1482857341444 3 -1
1482857342287 2 1
1482857344955 1 -2
1482857346436 4 1
1482857349323 7 -2
1482857350566 6 1
1482857365679 4 -1
1482857366446 1 1
1482857367756 8 2
1482857369772 0 -1
1482857370640 10 1
1482857371580 5 1
1482857373522 11 1
1482857375028 5 -1
1482857377362 6 -1
1482857378173 7 2
1482857379542 9 2
1482857383354 10 -1
1482857384242 0 1
1482857385034 12 1
1482857385819 5 -1
1482857388787 9 -2
1482857389616 1 1
1482857392493 2 -1
1482857454420 0 -1
1482857455555 10 1
1482857457683 9 1
1482857459939 5 2
1482857461148 12 -1
1482857461972 0 -1
1482857462981 2 -2
1482857465546 1 -1
1482857466538 7 -1
1482857467306 6 -1
1482857468228 7 1
1482857469122 9 1
1482857471722 6 1
1482857472603 3 3
1482857473370 8 1
1482857473948 11 1
1482857474744 1 -2
1482857475990 4 1
1482857477738 5 2
1482857479171 10 -1
1482857479970 2 -1
1482857481083 0 2
1482857482787 6 -1
1482857483581 3 -1
1482857484339 4 2
1482857485592 0 1
1482857487214 9 -1
1482857488699 1 1
1482857489822 2 1
1482857492403 1 -1
1482857494531 12 1
1482857498291 1 1
1482857499183 2 -1
1482857500239 11 -1
1482857502394 11 1
1482857503149 12 1
1482857504723 0 -2
1482857505647 10 1
1482857507435 5 -1
1482857509402 9 -1
1482857510743 7 -2
1482857511395 4 -2
1482857512209 6 2
1482857513052 3 2
1482857516858 12 -2
1482857517610 0 -1
1482857519212 1 -1
1482857520138 10 3
1482857521260 0 2
1482857522206 12 1
1482857526450 1 1
1482857528074 12 1
1482857529420 0 -1
1482857538993 0 1
1482857540002 12 -2
1482857540562 1 -1
1482857541953 10 -1
1482857542987 0 -2
1482857543954 2 1
1482857544923 5 -2
1482857545881 10 1
1482857546810 1 1
1482857549144 11 -1
1482857558129 4 -1
1482857558776 1 1
1482857560386 8 -1
1482857563295 5 1
1482857565993 5 -1
1482857568356 8 1
1482857569212 1 -1
1482857571010 4 1
1482857572569 5 2
1482857573586 2 -1
1482857574450 0 2
1482857575545 12 1
1482857577673 11 1
1482857579403 1 -1
1482857581964 10 -1
