1480339985548 0 1
1480339986485 12 1
1480339992241 5 -1
1480339995092 9 -2
1480339996288 4 2
1480339997665 7 -2
1480339999200 10 -1
1480340003076 10 1
1480340004727 7 2
1480340005505 9 2
1480340006226 5 1
1480340006965 10 -2
1480340007914 0 2
1480340009192 2 1
1480340009855 2 -1
1480340011196 1 1
1480340011912 12 1
1480340013722 2 1
1480340014709 2 -1
1480340020488 12 -2
1480340021544 1 -1
1480340024835 1 1
1480340025866 11 -2
1480340029248 0 -1
1480340030302 4 -2
1480340032592 3 1
1480340033256 6 1
1480340036076 9 -1
1480340037663 11 2
1480340038286 1 -1
1480340039550 12 1
1480340042052 6 -1
1480340042600 3 -1
1480340043826 4 2
1480340044629 0 1
1480340045336 2 1
1480340046939 1 1
1480340048306 12 1
1480340050911 2 -1
1480340053672 9 1
1480340054458 2 1
1480340058102 9 -1
1480340058904 7 -1
1480340061086 12 -2
1480340061948 11 -2
1480340063526 11 2
1480340064350 1 -1
1480340067414 1 1
1480340068134 11 -2
1480340070615 2 -1
1480340073151 0 -2
1480340073920 10 1
1480340075444 11 2
1480340077270 10 -1
1480340078350 1 -1
1480340079583 7 1
1480340080730 4 -2
1480340081644 6 1
1480340082302 3 1
1480340083897 0 1
1480340086131 0 -1
1480340086779 1 1
1480340087510 1 -1
1480340088142 6 -1
1480340088675 3 -1
1480340089351 4 2
1480340092773 10 2
1480340093573 0 -1
1480340094846 2 1
1480340095655 5 -3
1480340096709 10 -2
1480340098011 1 1
1480340098580 4 -3
1480340099562 1 2
1480340100623 2 1
1480340101237 6 1
1480340101687 3 1
1480340102333 2 2
1480340103343 1 -3
1480340112496 1 3
1480340113945 0 2
1480340115849 8 -3
1480340116633 11 -2
1480340119733 9 -1
1480340120998 2 -1
1480340121687 3 -3
1480340123529 8 2
1480340124493 0 -1
1480340129901 11 1
1480340130556 0 -1
1480340131820 2 -2
1480340134918 3 2
1480340135834 8 1
1480340136304 11 1
1480340136982 1 -3
1480340138676 6 -1
1480340140039 4 3
1480340143767 10 2
1480340144853 5 2
1480340145539 2 -1
1480340146250 0 1
1480340146928 12 1
1480340150842 12 -1
1480340151521 0 -1
1480340152220 4 -2
1480340152921 9 2
1480340153745 5 1
1480340155117 R
1480340156521 R
1480340158198 4 2
1480340159147 10 -2
1480340169526 10 2
1480340170364 5 -1
1480340173162 9 -2
1480340176466 7 -1
1480340177276 4 -2
1480340181128 4 2
1480340182884 9 1
1480340183447 5 1
1480340184740 10 -2
1480340186496 0 3
1480340187290 1 1
1480340188463 7 1
1480340191850 0 -1
1480340192892 4 -2
1480340193673 6 1
1480340194234 3 1
1480340195768 1 -1
1480340196514 0 -2
1480340197463 10 2
1480340198727 2 1
1480340200437 5 -3
1480340201515 9 -1
1480340202456 10 -2
1480340203143 4 -1
1480340204707 6 -1
1480340205291 3 -1
1480340206557 1 3
1480340207787 2 1
1480340208536 6 1
1480340208897 3 1
1480340209568 2 2
1480340210068 1 -3
1480340215014 1 3
1480340216047 2 -3
1480340216748 1 -3
1480340217489 6 -1
1480340218031 3 -1
1480340219046 4 3
1480340224339 1 1
1480340231292 7 -2
1480340234343 U
1480340236848 4 -3
1480340238559 1 2
1480340240732 6 1
1480340241964 2 2
1480340243195 0 2
1480340244005 8 -3
1480340244850 11 -2
1480340245900 3 -2
1480340246996 2 1
1480340247864 1 -2
1480340249985 1 2
1480340252588 8 2
1480340253952 0 -1
1480340254684 2 -1
1480340259685 0 1
1480340267897 3 2
1480340268631 8 1
1480340271428 8 -1
1480340274511 11 1
1480340275347 12 1
1480340276084 5 -1
1480340277315 0 -1
1480340279126 3 -2
1480340279874 2 1
1480340280944 0 1
1480340281754 8 -2
1480340283781 2 -1
1480340291271 5 1
1480340292063 12 -1
1480340292757 11 -1
1480340295329 2 1
1480340297426 1 -2
1480340298437 7 -2
1480340299223 6 1
1480340303700 6 -1
1480340305365 6 1
1480340308045 1 1
1480340309626 8 2
1480340311382 11 1
1480340312667 12 1
1480340313463 5 -1
1480340315527 8 -2
