1481791401391 10 -2
1481791404527 4 2
1481791425062 0 3
1481791474318 1 1
1481791476302 2 1
1481791486078 12 2
1481791499238 2 -1
1481791502046 0 -2
1481791505950 10 1
1481791507998 5 -1
1481791512302 9 -2
1481791525397 12 -2
1481791526741 0 -1
1481791528565 0 1
1481791530198 11 -2
1481791556830 R
1481791588094 10 -2
1481791597894 4 2
1481791618589 4 -2
1481791620244 6 1
1481791621684 3 1
1481791652147 0 2
1481791704419 0 -2
1481791707123 2 1
1481791708506 10 2
1481791710227 5 -3
1481791715307 4 -1
1481791718146 10 -2
1481791721899 1 2
1481791727907 11 -1
1481791730690 8 -1
1481791745130 8 1
1481791748115 1 -1
1481791749707 6 -1
1481791750770 3 -1
1481791752531 4 3
1481791777131 9 -2
1481791778682 10 1
1481791781547 5 2
1481791783210 2 -1
1481791786355 9 2
1481791788282 5 1
1481791790178 10 -1
1481791804210 0 3
1481791808626 2 1
1481791835154 11 -1
1481791845610 2 -1
1481791847034 0 -2
1481791849314 10 1
1481791855322 11 2
1481791856841 12 2
1481791866850 10 -1
1481791876466 0 2
1481791878049 2 1
1481791895921 12 -2
1481791898689 1 -1
1481791901680 2 -1
1481791907849 0 -1
1481791909233 4 -2
1481791910523 6 1
1481791911936 3 1
1481791928473 0 -2
1481791934465 10 2
1481791935393 2 1
1481791936681 5 -3
1481791948400 6 -1
1481791950193 3 -1
1481791951552 4 2
1481791962792 10 -2
1481791964344 4 -3
1481791966145 9 -2
1481791967376 1 3
1481791969945 2 1
1481791974329 11 -1
1481791975593 8 -1
1481791977144 3 -2
1481791980905 6 1
1481791982017 2 2
1481792170006 2 -1
1481792184134 3 2
1481792187062 11 1
1481792190294 8 1
1481792194293 2 -2
1481792196134 6 -1
1481792198438 1 -3
1481792200151 4 3
