1482761591448 4 2
1482761593809 5 -1
1482761595028 9 -2
1482761596407 9 2
1482761597085 5 1
1482761597940 10 -2
1482761600238 10 2
1482761600947 0 1
1482761601650 12 1
1482761602775 12 -1
1482761607567 10 -2
1482761608229 1 1
1482761608962 12 2
1482761614539 12 -2
1482761617150 1 -1
1482761619862 0 2
1482761627939 0 -3
1482761629139 10 2
1482761631509 2 1
1482761632490 5 -3
1482761634877 10 -2
1482761663660 9 -2
1482761665188 4 -3
1482761666559 6 1
1482761667165 3 1
1482761669013 1 3
1482761670038 2 3
1482761671561 0 2
1482761672276 12 2
1482761673059 5 -1
1482761673865 0 -1
1482761675095 0 1
1482761676833 8 -3
1482761678271 2 -1
1482761678915 3 -2
1482761682581 12 -1
1482761683388 11 -1
1482761684041 3 -1
1482761684915 2 1
1482761685887 2 -1
1482761690095 8 2
1482761691061 0 -1
1482761692483 5 1
1482761693377 12 -1
1482761693971 0 -1
1482761694871 2 -2
1482761698298 6 -1
1482761698915 1 -1
1482761701219 1 1
1482761702383 1 -1
1482761703164 10 1
1482761703885 5 1
1482761709345 1 1
1482761709913 6 1
1482761710579 2 3
1482761711850 0 1
1482761713199 11 -1
1482761715869 11 1
1482761718339 5 -1
1482761719117 10 -1
1482761719783 0 1
1482761732897 1 -1
1482761734029 7 -2
1482761734827 6 1
1482761751045 8 -2
1482761752381 11 -1
1482761753425 1 -1
1482761762503 6 -1
1482761763681 7 2
1482761766501 4 1
1482761774007 7 -2
1482761774823 6 1
1482761775483 4 -1
1482761776738 1 1
1482761777713 8 2
1482761778887 0 -1
1482761779763 10 1
1482761780437 5 1
1482761794627 6 -1
1482761795847 7 2
1482761797880 9 2
1482761801678 R
1482761816809 4 2
1482761818919 2 1
1482761820229 5 -3
1482761822273 9 -2
1482761823286 10 -2
1482761825703 4 -3
1482761826423 1 3
1482761828611 2 1
1482761829821 2 -1
1482761830943 1 -3
1482761832315 10 2
1482761833258 5 1
1482761834063 5 -1
1482761834967 4 3
1482761836249 5 2
1482761836941 2 -1
1482761837741 0 1
1482761846699 12 1
1482761847490 12 -1
1482761869447 10 -1
1482761870281 1 1
1482761871199 12 2
1482761873436 12 -2
1482761875622 0 -1
1482761878771 2 1
1482761879436 5 -2
1482761880240 10 -1
1482761883477 4 -3
1482761887543 1 2
1482761888899 6 1
1482761889581 3 1
1482761890479 2 3
1482761893450 10 1
1482761893989 0 1
1482761894597 12 2
1482761895216 5 -1
1482761897365 10 -1
1482761901881 8 -1
1482761902439 2 -1
1482761903093 3 -2
1482761906817 0 1
1482761907716 8 -2
1482761910019 12 -1
1482761910691 11 -1
1482761911412 3 -1
1482761914503 2 1
1482761915603 1 -2
1482761923067 7 -2
1482761924079 6 1
1482761929869 5 1
1482761930570 12 -1
1482761931145 11 -1
1482761947039 1 1
1482761949693 8 2
1482761950251 11 1
1482761952273 R
1482761957266 0 1
1482761960111 10 -2
1482761961039 1 1
1482761963217 11 -2
1482761966417 4 2
1482761967267 4 -2
1482761968419 9 -1
1482761971849 10 1
1482761972467 5 -1
1482761975917 9 -1
1482761979169 7 -2
1482761979811 6 2
1482761980863 3 2
1482761984180 6 -2
1482761984769 3 -2
1482761985537 4 2
1482761986161 7 2
1482761988681 11 2
1482761991771 12 2
1482761996628 12 -2
1482761997343 0 -1
1482761999631 2 1
1482762001339 5 -1
1482762006561 9 2
1482762007731 5 2
1482762008421 10 -1
1482762009741 2 -1
1482762011163 10 1
1482762012003 0 1
1482762015439 10 -1
1482762016833 0 2
1482762027301 11 -2
1482762035209 2 1
1482762036145 2 -1
1482762039621 2 1
1482762045815 11 2
1482762046539 1 -1
1482762049497 2 -1
1482762052361 2 1
1482762057153 2 -1
1482762061753 1 1
1482762064011 1 -1
1482762070845 0 -3
1482762071845 2 1
1482762072557 10 2
1482762074045 10 -1
1482762075535 5 -2
1482762083055 4 -3
1482762088467 1 2
1482762094113 11 -1
1482762094795 8 -1
1482762096861 3 -2
1482762108493 9 -2
1482762110079 6 1
1482762111086 R
1482762118585 10 -2
1482762119531 4 2
1482762121927 0 3
1482762136424 12 1
1482762141147 12 -1
1482762143029 1 1
1482762144735 11 -2
1482762150697 11 2
1482762152691 0 -3
1482762158175 4 -2
1482762158834 6 1
1482762159497 3 1
1482762160920 1 -1
1482762170576 6 -1
1482762171183 3 -1
1482762176185 0 2
1482762177437 4 2
1482762183832 0 -2
1482762185731 10 2
1482762186541 5 -1
1482762187275 10 -1
1482762189285 0 1
1482762190639 0 -1
1482762191459 2 1
1482762194187 5 -2
1482762195657 10 -1
1482762213527 9 -2
1482762224082 4 -3
1482762225265 1 3
1482762226912 6 1
1482762227470 3 1
1482762228054 2 3
1482762236218 0 2
1482762237166 1 -3
1482762246526 7 -2
1482762247434 6 1
1482762248499 3 1
1482762254033 0 -1
1482762255516 4 1
1482762256108 6 -1
1482762256650 3 -1
1482762259034 1 1
1482762260248 11 -2
1482762261428 0 1
1482762268988 3 1
1482762269596 6 1
1482762271606 0 -1
1482762272737 4 -1
1482762274430 1 1
1482762275334 8 -1
1482762277234 3 -1
1482762277639 6 -1
1482762278428 7 2
1482762280728 R
1482762354180 4 2
1482762359334 4 -2
1482762410324 2 1
1482762414482 5 -2
1482762417850 10 -1
1482762418676 1 1
1482762419296 4 -1
1482762419988 1 1
1482762424640 9 -1
1482762425844 1 1
1482762434986 1 -2
1482762436794 4 1
1482762438584 5 1
1482762439546 2 -1
1482762440593 0 1
1482762442922 12 1
1482762455154 1 -1
1482762460066 5 1
1482762461014 10 -1
1482762461864 0 1
1482762464512 12 -1
1482762473826 4 2
1482762476862 0 1
1482762479248 0 -2
1482762480672 10 2
1482762482028 5 -1
1482762488214 4 -2
1482762489158 6 1
1482762490515 6 -1
1482762492082 7 -1
1482762493048 7 1
1482762494162 9 -1
1482762494882 7 -2
1482762495730 6 2
1482762496458 3 2
1482762498490 10 1
1482762499783 0 1
1482762516484 0 -2
1482762517542 2 1
1482762521104 2 -1
1482762522088 0 1
1482762525496 10 1
1482762526210 1 1
1482762527430 12 2
1482762544336 12 -2
1482762547966 0 -1
1482762549372 1 -1
1482762552062 2 1
1482762553154 5 -2
1482762554074 4 -1
1482762555352 10 -4
1482762556150 6 -2
1482762556942 3 -2
1482762560770 7 2
1482762561592 1 3
1482762562557 2 1
1482762563254 2 -1
1482762564892 6 1
1482762565245 3 1
1482762566644 2 3
1482762567870 0 2
1482762568874 1 -3
1482762573411 12 1
1482762573964 5 -1
1482762576862 1 1
1482762577816 12 1
1482762584598 7 -2
1482762585136 6 1
1482762585902 3 1
1482762587402 12 -1
1482762587875 1 -1
1482762589530 0 -1
1482762590172 10 4
1482762591930 0 1
1482762593824 10 -1
1482762594888 3 -1
1482762599526 5 2
1482762600251 12 -1
1482762609782 0 -1
1482762610579 10 -2
1482762611542 1 2
1482762612820 11 -2
1482762615964 3 1
1482762622126 5 -1
1482762622835 10 -1
1482762624412 0 1
1482762626336 8 -3
1482762630445 6 -1
1482762630965 3 -1
1482762633374 7 2
1482762635728 1 -1
1482762643498 11 2
1482762644240 1 -1
1482762649434 1 3
1482762651418 2 -1
1482762653074 3 -2
1482762659480 11 -2
1482762660158 3 -1
1482762666660 2 1
1482762667586 1 -2
1482762674694 1 2
1482762675972 2 -1
1482762677912 2 1
1482762680712 11 1
1482762681914 8 2
1482762682659 0 -2
1482762683558 2 -3
1482762686344 2 1
1482762687144 6 -1
1482762695216 10 1
1482762695905 5 1
1482762697082 2 -1
1482762698716 1 -1
1482762702204 1 1
1482762706168 5 -1
1482762707558 5 1
1482762708272 5 -1
1482762708948 10 -1
1482762713763 1 -1
1482762718242 3 3
1482762719413 8 1
1482762720033 1 -1
1482762721900 4 2
1482762723055 10 1
1482762723816 5 2
1482762724634 2 -1
1482762725261 0 1
1482762727631 11 1
1482762728660 1 -1
1482762731432 3 -1
1482762732274 4 1
1482762734237 9 2
1482762734996 5 1
1482762735684 10 -1
1482762736712 0 2
1482762739293 2 1
1482762745825 12 1
1482762748042 2 -1
1482762753351 2 1
1482762754506 2 -1
1482762756168 0 -2
1482762757004 10 2
1482762757822 5 -1
1482762759687 12 -1
1482762760440 0 -1
1482762761254 2 1
1482762762636 5 -2
1482762764834 10 -2
1482762770002 9 -1
1482762780958 1 1
1482762782972 10 1
1482762785134 5 3
1482762785926 2 -1
1482762786933 10 -1
1482762788050 0 1
1482762788923 12 2
1482762795821 0 2
1482762797001 2 1
1482762804068 12 -1
1482762805675 1 -1
1482762811670 2 -1
1482762814095 0 -2
1482762815177 10 2
1482762816073 5 -1
1482762817005 9 -1
1482762828999 12 -1
1482762829944 0 -1
1482762830671 2 1
1482762831696 5 -2
1482762836890 10 -2
1482762839435 4 -3
1482762840964 1 3
1482762843461 2 1
1482762852587 10 1
1482762856470 10 -1
1482762859029 2 -1
1482762859719 1 -3
1482762861257 4 3
1482762874743 1 1
1482762875326 1 -1
1482762875851 4 -3
1482762876697 1 3
1482762878381 6 1
1482762878746 3 1
1482762879855 2 3
1482762880821 0 2
1482762881507 12 2
1482762882117 5 -1
1482762883775 1 -2
1482762888849 12 -1
1482762889746 11 -1
1482762891323 11 1
1482762891807 1 -1
1482762896709 7 -2
1482762897163 6 1
1482762897714 3 1
1482762898489 0 -1
1482762899637 10 4
1482762900839 0 1
1482762902737 10 -1
1482762903963 3 -1
1482762908513 5 2
1482762909289 12 -1
1482762911157 5 -1
1482762913505 0 -1
1482762914401 10 -3
1482762915579 0 1
1482762917714 6 -1
1482762918577 7 2
1482762921326 12 1
1482762921919 5 -1
1482762929099 7 -2
1482762930326 6 1
1482762931073 3 1
1482762934263 4 1
1482762940207 0 -1
1482762942715 4 -1
1482762947684 6 -1
1482762948415 3 -1
1482762949211 7 2
1482762950393 1 3
1482762952009 0 1
1482762953917 8 -3
1482762959785 11 -1
1482762961087 2 -1
1482762962595 5 1
1482762963682 12 -1
1482762964311 11 -1
1482762970921 3 -3
1482762972497 2 1
1482762973179 1 -2
1482762974927 4 1
1482762977160 4 -1
1482762979107 7 -2
1482762986427 1 1
1482762989055 6 1
1482762989919 6 -1
1482762991581 7 2
1482762995429 1 1
1482762998887 1 -2
1482763000647 4 1
1482763004147 4 -1
1482763005365 7 -2
1482763006065 6 1
1482763007153 1 1
1482763011321 11 1
1482763012075 8 2
1482763013143 0 -2
1482763015011 6 -1
1482763015683 7 2
1482763016289 1 1
1482763017855 2 -3
1482763021033 6 -1
1482763028970 3 3
1482763031005 3 -1
1482763032066 11 1
1482763032650 8 1
1482763033671 1 -3
1482763035117 4 3
1482763040825 4 -3
1482763042909 1 3
1482763045022 1 -3
1482763046527 4 3
1482763050807 10 2
1482763052059 5 2
1482763052867 2 -1
1482763053751 0 1
1482763054971 10 -1
1482763060163 9 2
1482763061137 5 1
1482763061869 10 -1
1482763064711 0 2
1482763069571 9 -1
1482763075057 9 1
1482763079135 0 -1
1482763090147 0 -1
1482763095029 10 2
1482763096591 5 -1
1482763099380 9 -2
1482763100160 7 -2
1482763102323 4 -2
1482763102886 6 2
1482763103607 3 2
1482763110241 10 2
1482763111185 0 1
1482763112893 1 1
1482763113749 12 2
1482763116371 12 -2
1482763117255 1 -1
1482763123465 0 -1
1482763138430 10 -3
1482763139823 6 -2
1482763140351 3 -2
1482763142053 4 2
1482763142651 7 2
1482763145670 9 2
1482763146336 5 1
1482763147454 10 -1
1482763156794 9 -1
1482763161033 10 2
1482763162592 0 -1
1482763163209 2 1
1482763163790 5 -3
1482763164487 9 -1
1482763165601 4 -3
1482763166279 10 -2
1482763168143 7 -2
1482763169358 6 2
1482763170039 3 2
1482763171703 1 2
1482763177914 8 -1
1482763179614 8 1
1482763180529 1 -2
1482763181568 10 4
1482763184391 1 2
1482763186604 11 -1
1482763187115 8 -1
1482763188974 11 1
1482763189455 8 1
1482763193833 1 -2
1482763194966 5 1
1482763197435 4 1
1482763198132 5 1
1482763198775 2 -1
1482763199561 0 2
1482763204815 1 1
1482763205777 11 -2
1482763208360 11 2
1482763209474 1 -1
1482763213123 0 -2
1482763213938 2 1
1482763214497 5 -2
1482763215473 4 -1
1482763220541 10 -4
1482763221570 6 -2
1482763222287 3 -2
1482763222945 7 2
1482763225777 1 3
1482763227165 1 -3
1482763228476 4 3
1482763234905 10 1
1482763236165 9 1
1482763238649 5 3
1482763239803 2 -1
1482763244282 5 -1
1482763244973 9 -1
1482763245747 0 1
1482763253005 9 1
1482763253677 0 -1
1482763254595 5 1
1482763255921 10 -1
1482763257209 0 3
1482763267035 1 1
1482763267836 1 -1
1482763271933 1 1
1482763275157 0 -2
1482763275858 4 -2
1482763276517 6 1
1482763276985 3 1
1482763279497 0 -1
1482763280025 2 1
1482763280470 10 1
1482763281005 5 -3
1482763281579 4 -1
1482763282011 9 -1
1482763282837 1 2
1482763285735 2 3
1482763286980 10 -1
1482763287821 0 2
1482763288856 8 -3
1482763293415 1 -3
1482763297935 4 1
1482763299139 9 2
1482763301735 12 1
1482763302261 5 -1
1482763304515 4 -1
1482763307367 9 -2
1482763308404 1 3
1482763311381 12 1
1482763312711 8 1
1482763321641 2 -1
1482763325765 2 1
1482763328413 2 -1
1482763329799 3 -2
1482763333701 8 -1
1482763334853 12 -1
1482763335334 11 -1
1482763335881 3 -1
1482763337849 2 1
1482763338996 1 -2
1482763347862 1 2
1482763349349 8 2
1482763351191 5 1
1482763351915 12 -1
1482763353896 11 -1
1482763354435 8 -1
1482763357095 2 -1
1482763359419 3 3
1482763360693 11 2
1482763361352 8 2
1482763362321 2 1
1482763364591 12 2
1482763366046 5 -1
1482763366939 0 -1
1482763368683 1 -2
1482763373215 7 -2
1482763373863 6 1
1482763374689 3 1
1482763378910 12 -1
1482763380160 1 -1
1482763382301 6 -1
1482763382999 3 -1
1482763383945 7 2
1482763386003 4 1
1482763387032 0 1
1482763391357 1 1
1482763392416 5 1
1482763393197 12 -1
1482763394015 11 -2
1482763396074 4 -1
1482763397941 1 2
1482763399603 8 -3
1482763404021 2 -1
1482763405087 3 -3
1482763409319 11 1
1482763409797 8 2
1482763410800 0 -2
1482763411640 2 -2
1482763413594 6 -1
1482763414544 1 -1
1482763426279 1 1
1482763427802 2 1
1482763428884 10 1
1482763429696 10 -1
1482763432370 6 1
1482763433366 2 2
1482763435627 0 2
1482763437100 2 -1
1482763439886 12 1
1482763440495 5 -1
1482763445314 2 1
1482763446430 1 -1
1482763447034 8 -2
1482763447853 1 -1
1482763461772 7 -2
1482763462364 6 1
1482763465212 1 1
1482763465930 1 -1
1482763470906 5 1
1482763471572 12 -1
1482763472404 11 -1
1482763476104 1 1
1482763477277 1 -1
1482763479338 11 1
1482763479830 12 1
1482763480406 5 -1
1482763483586 6 -1
1482763484828 7 2
1482763490296 1 2
1482763491336 2 -1
1482763493762 9 1
1482763494907 9 -1
1482763504152 5 1
1482763504826 12 -1
1482763505637 11 -1
1482763507318 2 1
1482763508040 1 -2
1482763509882 4 1
1482763516946 U
1482763517330 U
1482763517786 U
1482763518460 U
1482763518752 U
1482763518972 U
1482763519169 U
1482763519356 U
1482763519626 U
1482763519850 U
1482763520062 U
1482763520672 U
1482763521168 U
1482763521618 U
1482763521844 U
1482763522310 U
1482763522526 U
1482763523250 U
1482763523624 U
1482763524078 U
1482763524372 U
1482763525248 U
1482763529704 1 1
1482763530489 1 -1
1482763532664 1 1
1482763542190 6 -1
1482763542966 7 2
1482763547396 1 1
1482763548628 2 -1
1482763549496 3 3
1482763550332 11 1
1482763551192 2 1
1482763551834 1 -3
1482763556029 1 3
1482763559274 5 1
1482763560068 12 -1
1482763561674 8 2
1482763562396 0 -2
1482763563408 2 -3
1482763564877 8 1
1482763565468 1 -3
1482763571003 6 -1
1482763571457 3 -1
1482763572136 4 3
1482763595456 1 1
1482763597344 1 -1
1482763599120 10 1
1482763600476 5 2
1482763601018 9 2
1482763601832 5 1
1482763602354 9 -1
1482763603856 2 -1
1482763604344 10 -1
1482763606450 0 3
1482763624364 0 -1
1482763628616 0 -1
1482763629726 10 1
1482763630600 5 -1
1482763631154 9 -1
1482763637398 10 1
1482763651091 0 -1
1482763652238 2 1
1482763657434 2 -1
1482763658225 0 1
1482763660106 10 -1
1482763660988 1 1
1482763662428 12 2
1482763667816 9 1
1482763668956 5 1
1482763669816 10 -1
1482763670984 0 2
1482763675914 2 1
1482763679292 12 -1
1482763680336 1 -1
1482763685976 2 -1
1482763688312 0 -1
1482763690582 0 1
1482763691414 0 -2
1482763692666 10 1
1482763693628 5 -1
1482763697568 12 -1
1482763698292 0 -1
1482763699116 2 1
1482763700822 5 -2
1482763705898 10 1
1482763709192 10 -1
1482763710564 1 1
1482763712178 1 -1
1482763714158 10 -1
1482763724124 1 1
1482763725476 10 1
1482763726522 5 1
1482763730778 5 1
1482763732320 2 -1
1482763733186 0 1
1482763734753 12 2
1482763741987 5 1
1482763742699 10 -1
1482763743828 0 2
1482763751708 12 -1
1482763752554 1 -1
1482763754696 7 -1
1482763755698 7 1
1482763757242 0 -1
1482763758420 4 -2
1482763764310 1 1
1482763765452 12 1
1482763773030 4 2
1482763774842 4 -1
1482763778692 4 -1
1482763779968 3 1
1482763780818 6 1
1482763783918 12 -1
1482763785448 1 -1
1482763790124 0 -1
1482763791826 10 2
1482763796502 5 -1
1482763799426 12 -1
1482763802474 0 -1
1482763803478 2 1
1482763808352 5 -2
1482763815030 10 -2
1482763817979 6 -1
1482763818436 3 -1
1482763819476 4 2
1482763824218 10 1
1482763830116 5 3
1482763831126 2 -1
1482763831704 10 -1
1482763834200 0 3
1482763836362 2 1
1482763843782 1 1
1482763848555 2 -1
1482763849593 0 -1
1482763855504 4 -1
1482763872398 1 -1
1482763882682 4 1
1482763883388 0 1
1482763889780 1 1
1482763893456 1 -1
1482763905293 0 -3
1482763907966 10 2
1482763909386 5 -1
1482763914166 9 -1
1482763915563 2 1
1482763916146 5 -2
1482763922120 10 -2
1482763923802 7 -2
1482763928708 4 -2
1482763931656 1 1
1482763932982 4 2
1482763934710 4 -3
1482763938466 4 1
1482763939756 11 -1
1482763942747 4 1
1482763943929 7 2
1482763955034 4 -2
1482763956640 1 1
1482763958018 8 -1
1482763964426 1 1
1482763972356 10 1
1482763973190 5 1
1482763976664 5 -1
1482763980168 6 1
1482763980616 3 1
1482763981912 2 2
1482763983421 0 1
1482763984158 12 1
1482763984765 5 -1
1482763986154 10 -1
1482763995099 0 1
1482763996215 8 1
1482763996785 2 1
1482763997465 1 -2
1482764002421 11 1
1482764003125 12 1
1482764007582 1 2
1482764008347 2 -1
1482764009616 8 -1
1482764011057 3 -2
1482764016894 12 -1
1482764017469 11 -1
1482764019369 3 -1
1482764021067 8 -1
1482764025493 8 -1
1482764026133 2 1
1482764026803 1 -2
1482764032819 1 2
1482764034023 2 -1
1482764036795 2 1
1482764037390 1 -2
1482764039569 7 -2
1482764040333 6 1
1482764045532 1 1
1482764048113 1 -1
1482764049052 6 -1
1482764049787 7 2
1482764050403 1 2
1482764051329 2 -1
1482764051994 3 3
1482764053321 2 1
1482764056278 1 -2
1482764063619 7 -2
1482764064230 6 1
1482764064872 3 1
1482764067271 11 1
1482764067805 1 -1
1482764071787 6 -1
1482764072327 3 -1
1482764073125 7 2
1482764076509 1 3
1482764080459 8 2
1482764082779 5 1
1482764083409 12 -1
1482764084179 0 -2
1482764085397 2 -3
1482764088761 2 2
1482764091249 0 2
1482764091937 12 2
1482764092541 5 -1
1482764096643 8 -2
1482764101045 2 1
1482764101603 1 -2
1482764102910 4 1
1482764106007 5 1
1482764106608 12 -2
1482764107499 1 -1
1482764109913 4 -1
1482764111812 1 3
1482764112862 2 -1
1482764114853 8 2
1482764116329 0 -2
1482764117481 2 -2
1482764120865 2 2
1482764121615 0 2
1482764122362 11 -2
1482764123043 8 -2
1482764125051 2 1
1482764125563 1 -2
1482764127717 1 2
1482764133757 2 -1
1482764136597 2 1
1482764139401 8 1
1482764147289 1 -1
1482764149463 1 1
1482764151593 2 -1
1482764152671 2 1
1482764154763 8 1
1482764155509 0 -1
1482764156351 10 1
1482764156922 5 1
1482764158971 2 -1
1482764163540 8 1
1482764163943 2 1
1482764164535 1 -2
1482764165975 4 1
1482764166853 5 1
1482764171574 R
1482764181145 10 -2
1482764181916 9 -1
1482764184913 1 1
1482764185597 1 -1
1482764186649 4 2
1482764187962 4 -2
1482764190499 2 1
1482764190930 10 2
1482764192197 5 -2
1482764192754 4 -1
1482764193338 10 -1
1482764195817 1 3
1482764199445 8 -1
1482764203328 5 -1
1482764204145 2 1
1482764205442 10 -1
1482764206171 2 -1
1482764210239 3 1
1482764210678 6 1
1482764211999 2 2
1482764214537 0 2
1482764215956 8 -2
1482764222387 2 1
1482764223245 1 -3
1482764225715 9 1
1482764226719 9 -2
1482764228963 7 -2
1482764229516 6 1
1482764230045 3 1
1482764232309 6 -1
1482764232671 3 -1
1482764234021 7 2
1482764235973 1 3
1482764240051 12 1
1482764244323 5 -1
1482764251597 2 -1
1482764571622 2 1
1482764572145 1 -3
1482764573957 7 -2
1482764574518 6 1
1482764575039 3 1
1482764584321 5 1
1482764585240 12 -1
1482764586338 12 1
1482764593592 1 2
1482764596945 R
1482764611702 10 -2
1482764612476 0 2
1482764614600 9 -1
1482764616713 1 1
1482764619150 0 -2
1482764621970 2 1
1482764622364 10 1
1482764623714 5 -2
1482764624654 4 -1
1482764625236 1 2
1482764657386 6 1
1482764658033 3 1
1482764660226 2 3
1482764662122 0 1
1482764663724 8 -1
1482764665608 2 -1
1482764673712 12 2
1482764674572 5 -2
1482764675770 10 -1
1482764676666 0 1
1482764678364 8 -2
1482764681928 5 1
1482764683174 12 -2
1482764684116 2 1
1482764685130 1 -3
1482764688542 4 1
1482764694772 4 -1
1482764700250 1 3
1482764702292 12 2
1482764703066 5 -1
1482764708934 1 -2
1482764710046 4 1
1482764710842 4 -1
1482764713082 1 2
1482764715546 12 -1
1482764719152 11 -1
1482764720400 2 -1
1482764721239 3 -3
1482764730866 5 1
1482764731641 12 -1
1482764732192 11 -1
1482764733644 3 3
1482764734444 2 1
1482764735159 1 -2
1482764739617 1 2
1482764741910 11 2
1482764742736 8 3
1482764743475 0 -2
1482764744330 2 -3
1482764745086 6 -1
1482764745481 3 -1
1482764746886 1 -3
1482764748536 4 3
1482764752942 10 2
1482764754364 5 3
1482764756026 2 -1
1482764756774 10 -2
1482764766284 0 2
1482764767480 1 1
1482764769682 4 -2
1482764776964 0 -2
1482764778634 4 2
1482764781778 0 3
1482764787564 0 -2
1482764788628 10 1
1482764789532 5 -1
1482764790285 9 -1
1482764791459 7 -2
1482764792387 4 -2
1482764793504 1 -1
1482764794466 10 1
1482764796809 4 2
1482764797818 7 2
1482764798560 10 -1
1482764801628 1 1
1482764803490 11 -2
1482764809474 4 -2
1482764810143 7 -2
1482764810743 6 2
1482764811163 3 2
1482764813685 6 -2
1482764814024 3 -2
1482764815986 11 2
1482764817700 R
1482764829150 R
1482764837390 4 2
1482764841546 10 -2
1482764854978 R
1482764860516 4 2
1482764877658 9 -1
1482764881723 0 1
1482764882696 10 -2
1482764884120 10 2
1482764888002 10 -1
1482764888730 1 1
1482764891882 10 -1
1482764892892 0 2
1482764896058 2 1
1482764900760 2 -1
1482764903502 0 -1
1482764904566 0 1
1482764909802 1 -1
1482764966666 R
1482764989866 6 1
1482764990594 3 1
1482764993594 10 -2
1482764995001 10 1
1482764995454 2 1
1482764996032 5 -3
1482764997176 10 -1
1482764998136 4 -1
1482764998826 9 -2
1482764999480 1 3
1482765000720 2 3
1482765001514 1 -3
1482765002424 4 1
1482765002949 9 2
1482765003600 10 2
1482765005185 5 3
1482765006974 10 -2
1482765007962 0 2
1482765009866 0 -2
1482765010716 10 2
1482765012392 5 -3
1482765013924 9 -2
1482765014860 10 -2
1482765023898 0 2
1482765025200 1 1
1482765036086 7 -2
1482765036702 6 1
1482765037272 3 1
1482765039146 1 -1
1482765039976 0 -1
1482765040806 10 4
1482765043350 4 -1
1482765045224 0 1
1482765049418 1 2
1482765050216 11 -2
1482765051386 8 -2
1482765058117 8 1
1482765059554 11 1
1482765061012 0 -1
1482765064792 11 1
1482765065192 8 1
1482765066634 0 1
1482765067180 1 -2
1482765069872 10 -1
1482765074483 0 -2
1482765075213 10 -3
1482765076210 0 2
1482765078879 6 -1
1482765079312 3 -1
1482765079965 7 2
1482765085952 1 3
1482765086706 11 -2
1482765087219 8 -2
1482765095168 1 -1
1482765096621 7 -2
1482765097288 6 1
1482765098020 3 1
1482765099038 6 -1
1482765099379 3 -1
1482765101300 6 1
1482765101644 3 1
1482765104320 3 -1
1482765104684 6 -1
1482765105362 7 2
1482765105886 1 1
1482765106719 2 -1
1482765107375 3 -3
1482765111292 8 1
1482765112108 0 -1
1482765118103 10 1
1482765118608 5 1
1482765121539 5 -1
1482765122117 10 -1
1482765123637 0 1
1482765124462 8 -2
1482765126163 R
1482765133902 4 2
1482765143041 5 -1
1482765143944 9 -2
1482765151616 9 1
1482765152644 5 1
1482765154423 10 -2
1482765161805 0 3
1482765167664 0 -1
1482765171651 0 -2
1482765189749 10 2
1482765195249 0 1
1482765209350 10 -2
1482765210785 0 2
1482765212845 1 1
1482765213499 11 -2
1482765217105 0 -1
1482765222789 4 -2
1482765224245 11 2
1482765228665 0 -2
1482765229309 2 1
1482765229827 10 1
1482765231174 5 -2
1482765231889 4 -1
1482765233475 1 2
1482765237315 8 -1
1482765244619 8 1
1482765245683 1 -3
1482765255967 1 3
1482765257650 11 -1
1482765258054 8 -1
1482765258609 3 -2
1482765264720 R
1482765268505 4 2
1482765270684 10 -2
1482765275989 0 1
1482765546183 1 1
1482765546917 12 2
1482765554973 0 2
1482765555790 0 -2
1482765556881 12 -1
1482765558671 12 -1
1482765559499 0 -1
1482765560153 2 1
1482765560513 10 1
1482765560945 5 -3
1482765564717 10 -1
1482765574182 1 -1
1482765578037 4 -3
1482765582551 9 -1
1482765583307 1 3
1482765584609 6 1
1482765585038 3 1
1482765586109 2 3
1482765586855 1 -3
1482765591287 0 1
1482765592086 12 1
1482765592543 5 -1
1482765597025 1 3
1482765598009 0 1
1482765599115 8 -3
1482765603335 8 3
1482765604001 2 -1
1482765609361 12 1
1482765614119 0 -1
1482765615291 5 1
1482765616119 12 -2
1482765617361 0 -1
1482765619381 2 -2
1482765638701 6 -1
1482765639262 3 -1
1482765640209 1 -3
1482765643229 4 3
1482765644188 9 -1
1482765648443 1 1
1482765651653 U
1482765651855 U
1482765652061 U
1482765652261 U
1482765652987 U
1482765717082 R
1482765727728 5 -1
1482765737376 0 1
1482765737918 12 1
1482765745464 12 -1
1482765746034 0 -1
1482765758999 4 2
1482765760461 5 1
1482765761637 10 -2
1482765763941 1 1
1482765769523 0 1
1482765770372 12 2
1482765772942 0 2
1482765777398 2 1
1482765779169 12 -1
1482765780296 1 -1
1482765784105 9 -1
1482765786311 9 1
1482765794277 12 -1
1482765796300 1 1
1482765797302 2 -1
1482765798196 0 -1
1482765816721 1 -1
1482765818190 1 1
1482765819868 11 -2
1482765822564 11 2
1482765823645 0 1
1482765827492 R
1482765847364 2 1
1482765848082 5 -3
1482765858438 10 -2
1482765858962 4 -1
1482765859546 9 -2
1482765860472 1 3
1482765865558 10 1
1482765870422 11 -1
1482765871186 8 -1
1482765872918 3 -2
1482765875236 6 1
1482765877444 2 2
1482765878934 0 1
1482765879449 12 1
1482765879979 5 -1
1482765881962 10 -1
1482765883326 0 1
1482765888024 8 -2
1482765891388 3 3
1482765895018 11 1
1482765896136 8 3
1482765910552 5 1
1482765911314 12 -1
1482765912198 0 -2
1482765914052 2 -2
1482765923384 6 -1
1482765923803 3 -1
1482765925970 1 -2
1482765926938 4 3
1482765932090 4 -3
1482765932750 1 2
1482765933772 2 1
1482765935756 10 1
1482765936360 5 1
1482765940234 6 1
1482765940686 3 1
1482765941226 2 2
1482765941754 0 1
1482765942199 12 2
1482765942803 5 -2
1482765947236 10 -1
1482765948586 1 -2
1482765949000 12 -1
1482765949682 11 -1
1482765950919 0 1
1482765951522 5 1
1482765952567 12 -1
1482765953080 11 -1
1482765958924 1 2
1482765960615 8 -3
1482765962469 8 3
1482765986710 1 -2
1482765989776 1 2
1482765993272 8 -3
1482765993962 2 -1
1482765995904 2 1
1482765998166 R
1482766048365 R
1482766076136 2 1
1482766076633 5 -3
1482766077203 4 -1
1482766083516 10 -2
1482766084368 1 2
1482766109325 R
1482766113136 4 2
1482766118498 5 -1
1482766119274 9 -2
1482766120086 7 -2
1482766131428 4 -2
1482766132454 10 -1
1482766133286 1 1
1482766134208 11 -1
1482766138708 6 2
1482766139680 3 2
1482766143569 6 -2
1482766143921 3 -1
1482766144837 3 -1
1482766147980 2 1
1482766149074 5 -2
1482766149700 10 -1
1482766150228 4 -1
1482766154687 4 3
1482766162228 4 -3
1482766163183 1 1
1482766166681 11 1
1482766167483 1 -2
1482766170381 1 2
1482766170967 7 2
1482766171640 1 1
1482766172378 2 1
1482766183038 6 1
1482766183750 2 1
1482766185512 0 2
1482766186218 11 -2
1482766187124 8 -3
1482766188116 8 1
1482766195338 3 -2
1482766201698 8 1
1482766202704 0 -1
1482766203960 11 1
1482766204727 0 -1
1482766206304 2 -2
1482766207732 6 -1
1482766228236 6 1
1482766230448 2 2
1482766231550 0 2
1482766233310 12 1
1482766236335 5 -1
1482766237734 8 -2
1482766242468 8 2
1482766259868 0 -1
1482766264184 2 1
1482766266622 2 -1
1482766267556 0 1
1482766268876 5 1
1482766269764 12 -1
1482766272322 8 -2
1482766273708 11 -1
1482766279542 2 1
1482766280196 1 -2
1482766285278 1 2
1482766289595 11 1
1482766290029 12 1
1482766290479 5 -1
1482766298784 2 -1
1482766299933 3 3
1482766300926 11 1
1482766302008 8 3
1482766303812 12 1
1482766305732 0 -1
1482766307080 2 1
1482766307957 1 -2
1482766310145 7 -2
1482766310814 6 1
1482766311202 3 1
1482766312030 1 1
1482766313000 8 -1
1482766313396 0 1
1482766313885 8 -2
1482766314541 12 -1
1482766315381 11 -1
1482766316166 1 -1
1482766318204 1 1
1482766321281 3 -1
1482766321755 6 -1
1482766322691 7 2
1482766324555 1 -1
1482766326433 9 2
1482766327904 9 -2
1482766331001 1 2
1482766332926 11 1
1482766333419 12 1
1482766333946 8 3
1482766335311 12 -1
1482766336154 5 1
1482766336754 12 -1
1482766338896 0 -2
1482766340116 2 -3
1482766347860 2 2
1482766348763 0 2
1482766349905 12 2
1482766350500 5 -1
1482766352733 3 -1
1482766356857 12 -1
1482766357516 0 -1
1482766359559 R
1482766369310 4 2
1482766376102 2 1
1482766380903 10 -2
1482766381617 2 -1
1482766389776 0 1
1482766390588 12 1
1482766403061 0 2
1482766405302 2 1
1482766406923 1 1
1482766408863 1 -1
1482766411069 2 -1
1482766412905 0 -1
1482766416248 1 1
1482766418209 11 -1
1482766421085 12 -1
1482766421716 11 -1
1482766427890 4 -2
1482766429747 9 -1
1482766430429 7 -1
1482766442323 6 1
1482766445076 3 1
1482766446288 11 2
1482766447111 1 -1
1482766448213 1 1
1482766449379 R
1482766458343 5 -1
1482766459433 9 -2
1482766460241 7 -2
1482766460853 6 1
1482766461405 3 2
1482766461849 6 1
1482766467493 10 2
1482766468541 1 1
1482766473677 11 -1
1482766476499 11 1
1482766477569 2 1
1482766478163 5 -1
1482766478957 4 -1
1482766479627 1 1
1482766481429 11 -1
1482766482991 8 -1
1482766487187 5 -1
1482766489502 11 1
1482766489992 8 1
1482766490583 1 -2
1482766495315 10 -4
1482766496173 6 -2
1482766496873 3 -2
1482766499870 4 3
1482766515099 4 -2
1482766516397 6 1
1482766517803 3 1
1482766519377 1 1
1482766526188 10 1
1482766527441 5 1
1482766531687 6 1
1482766532167 3 1
1482766533847 1 -1
1482766534905 10 3
1482766537439 1 1
1482766539589 5 1
1482766540291 2 -1
1482766541803 0 2
1482766543022 1 -1
1482766549517 0 -1
1482766555785 R
1482766573747 10 -2
1482766576642 0 2
1482766578263 4 2
1482766579527 1 1
1482766580312 1 -1
1482766581013 9 -1
1482766581524 7 -1
1482766582900 4 -2
1482766584133 6 1
1482766584620 3 2
1482766585505 1 1
1482766591355 1 -1
1482766592177 R
1482766595661 4 2
1482766597115 2 1
1482766598413 5 -1
1482766599419 9 -2
1482766603503 4 -2
1482766606947 10 -1
1482766616505 5 -1
1482766617397 4 -1
1482766618697 1 3
1482766628201 1 -3
1482766629353 4 3
1482766630342 5 -1
1482766631855 10 -1
1482766632593 4 -3
1482766633331 1 3
1482766637999 3 1
1482766638400 6 1
1482766639541 2 2
1482766640839 0 1
1482766641747 12 2
1482766642318 5 -1
1482766653577 2 1
1482766654210 1 -2
1482766656179 4 1
1482766660372 0 1
1482766661823 5 1
1482766662689 12 -2
1482766663507 1 -1
1482766664969 12 1
1482766665419 5 -1
1482766666817 0 -1
1482766667901 4 -1
1482766669689 10 2
1482766671769 5 2
1482766672509 12 -1
1482766672934 5 -1
1482766675026 10 -2
1482766681385 1 3
1482766686367 0 1
1482766689465 11 -2
1482766692679 8 -3
1482766704403 2 -1
1482766705297 11 2
1482766706575 8 2
1482766708383 0 -2
1482766711085 2 -2
1482766712697 11 -1
1482766715985 3 -1
1482766716923 6 -1
1482766717723 11 1
1482766718241 8 1
1482766719043 1 -3
1482766720055 4 3
1482766734439 1 1
1482766739433 10 1
1482766742095 5 1
1482766745767 5 1
1482766747973 2 -1
1482766748595 0 1
1482766749469 12 2
1482766751566 4 -2
1482766752410 6 1
1482766752926 3 1
1482766764739 7 -2
1482766765272 6 1
1482766765727 3 1
1482766770615 12 -1
1482766771363 1 -1
1482766773355 10 2
1482766780095 10 -1
1482766781510 6 -2
1482766781952 3 -2
1482766782765 4 2
1482766784493 7 2
1482766791097 10 -1
1482766791791 10 1
1482766794083 4 -2
1482766795544 7 -2
1482766796205 6 2
1482766796821 3 2
1482766797767 10 2
1482766798457 0 1
1482766804157 12 -1
1482766805626 12 1
1482766806008 1 1
1482766811089 1 -1
1482766812171 10 -1
1482766813939 3 -2
1482766815254 3 2
1482766815883 10 1
1482766817117 0 -1
1482766821119 10 -2
1482766822247 6 -1
1482766823486 3 -1
1482766824443 7 2
1482766826022 9 2
1482766826887 5 1
1482766827857 10 -2
1482766830462 0 1
1482766831353 12 -1
1482766833817 6 -1
1482766834254 3 -1
1482766834836 4 2
1482766837234 0 1
1482766837960 2 1
1482766840389 9 -1
1482766843324 R
1482766863885 4 2
1482766864651 5 -1
1482766865679 9 -2
1482766868711 9 2
1482766869271 5 1
1482766870986 0 1
1482766872430 12 1
1482766877609 5 -1
1482766878110 9 -2
1482766881177 7 -2
1482766882017 4 -2
1482766882575 6 2
1482766883096 3 2
1482766883740 10 2
1482766884288 0 1
1482766885798 10 -1
1482766886927 3 -2
1482766891228 3 2
1482766891836 10 1
1482766892663 10 -1
1482766893691 10 1
1482766894380 0 -1
1482766896197 10 -2
1482766896627 6 -1
1482766897095 3 -2
1482766898186 6 -1
1482766904614 7 2
1482766906111 9 2
1482766907817 4 2
1482766913061 5 1
1482766913889 10 -2
1482766914693 0 2
1482766923581 2 1
1482766925979 1 1
1482766926630 12 1
1482766927473 12 -2
1482766928022 11 -2
1482766930017 2 -1
1482766934272 R
