1481275299520 10 -2
1481275300573 4 2
1481275306496 1 1
1481275306505 0 1
1481275306798 0 2
1481275307733 12 2
1481275310454 0 -2
1481275311940 10 1
1481275316596 12 -2
1481275317719 0 -1
1481275318773 2 1
1481275319879 5 -3
1481275321238 10 -1
1481275322582 10 1
1481275323920 9 -2
1481275324941 7 -1
1481275327209 4 -2
1481275328506 3 2
1481275329326 7 -1
1481275331399 6 2
1481275332316 1 -1
1481275333429 10 3
1481275335635 4 -1
1481275336700 1 2
1481275338886 1 -2
1481275342245 10 -4
1481275343829 R
1481275349752 2 1
1481275351220 5 -3
1481275352731 9 -2
1481275356919 10 -2
1481275357813 4 -1
1481275359440 1 3
1481275362337 6 1
1481275363911 3 1
1481275364954 2 3
1481275366161 0 2
1481275367329 12 2
1481275368133 5 -1
1481275371194 8 -3
1481275372247 2 -1
1481275373332 3 -2
1481275376895 3 2
1481275378139 2 1
1481275379126 1 -2
1481275381484 7 -2
1481275386706 1 1
1481275388153 R
1481275400679 10 -2
1481275402448 0 2
1481275403769 4 2
1481275410665 0 1
1481275412049 0 -2
1481275415431 10 1
1481275416751 5 -1
1481275419518 12 1
1481275423233 1 1
1481275424537 1 -1
1481275427230 10 1
1481275429326 5 1
1481275430319 10 -2
1481275431442 0 2
1481275435171 2 1
1481275438706 2 -1
1481275439778 0 -2
1481275440893 10 2
1481275442436 4 -2
1481275445818 9 -1
1481275447176 5 -1
1481275447887 9 -1
1481275448804 7 -2
1481275449854 6 2
1481275450675 3 2
1481275451886 10 2
1481275452839 1 1
1481275453890 12 -1
1481275454926 11 -2
1481275456912 0 1
1481275457967 11 2
1481275459866 0 -1
1481275461155 0 -1
1481275462048 2 1
1481275462994 5 -2
1481275463833 4 -1
1481275464655 1 1
1481275465691 11 -1
1481275466707 8 -1
1481275469586 5 1
1481275471776 8 1
1481275472817 1 -1
1481275473615 4 1
1481275474514 5 1
1481275475455 2 -1
1481275476493 0 2
1481275477685 11 -1
1481275481048 11 2
1481275486021 0 -2
1481275487813 2 1
1481275488778 5 -2
1481275490392 1 -1
1481275492255 10 -4
1481275494794 6 -2
1481275495786 3 -2
1481275496695 7 2
1481275497718 4 2
1481275499076 10 2
1481275500030 5 2
1481275500933 2 -1
1481275502243 0 1
1481275505902 12 1
1481275508907 4 -2
1481275511286 7 -2
1481275512146 6 2
1481275512858 3 2
1481275513739 10 2
1481275514723 0 1
1481275516619 10 -1
1481275519827 0 -1
1481275522014 12 -1
1481275522799 0 -1
1481275523635 2 1
1481275524768 5 -2
1481275526253 4 -1
1481275527114 10 1
1481275531032 10 -2
1481275531816 6 -2
1481275532691 3 -2
1481275533695 10 -2
1481275534669 7 2
1481275535890 4 3
1481275538541 10 2
1481275539540 5 2
1481275540862 2 -1
1481275541976 0 1
1481275543537 0 -1
1481275544522 10 -1
1481275546354 4 -2
1481275548149 2 1
1481275549481 5 -1
1481275550338 4 -1
1481275552187 1 3
1481275553462 2 1
1481275556365 6 1
1481275556977 3 1
1481275558053 2 2
1481275559366 1 -3
1481275560641 5 -1
1481275561655 10 -1
1481275563272 0 2
1481275564705 12 1
1481275565556 0 -1
1481275566511 5 -1
1481275570727 7 -2
1481275572724 7 2
1481275574424 1 3
1481275575430 0 1
1481275576656 11 -1
1481275578320 8 -1
1481275579283 5 1
1481275581407 12 -1
1481275582102 11 -1
1481275582808 8 -1
1481275584885 2 -1
1481275585835 3 -3
1481275587250 2 1
1481275588153 1 -1
1481275589285 7 -2
1481275590930 6 1
1481275592490 8 -1
1481275593426 1 -1
1481275595077 4 1
1481275596150 6 -1
1481275596986 7 2
1481275597818 4 -1
1481275601424 1 2
1481275602477 2 -1
1481275608214 8 2
1481275609730 0 -1
1481275614532 0 1
1481275615949 8 -2
1481275617254 2 1
1481275618430 1 -2
1481275620452 7 -2
1481275622643 6 1
1481275623351 6 -1
1481275632394 7 2
1481275635839 9 2
1481275640606 9 -1
1481275641517 1 2
1481275642856 2 -1
1481275644810 8 2
1481275649184 8 -2
1481275651221 2 1
1481275653356 1 -2
1481275656993 1 2
1481275658504 8 2
1481275659796 11 1
1481275660579 0 -2
1481275661963 2 -3
1481275664867 6 -1
1481275668524 2 1
1481275670672 2 -1
1481275671896 1 -1
1481275673257 9 -1
