1482765026601 10 -2
1482765027575 0 2
1482765028003 1 1
1482765029465 12 2
1482765030725 12 -1
1482765031401 1 -1
1482765032421 4 2
1482765033385 0 1
1482765034233 2 1
1482765035541 2 -1
1482765039687 12 -1
1482765041943 0 -3
1482765042861 0 3
1482765043437 1 1
1482765045225 11 -2
1482765048049 0 -1
1482765050087 4 -2
1482765050639 6 1
1482765051146 3 1
1482765052096 6 -1
1482765052701 3 -1
1482765054335 9 -1
1482765055509 7 -1
1482765056039 3 2
1482765057889 3 -2
1482765058847 7 1
1482765059399 4 2
1482765060070 9 1
1482765063071 11 2
1482765063895 1 -1
1482765064829 0 1
1482765065459 2 1
1482765065909 2 -1
1482765066549 0 -3
1482765067093 2 1
1482765067871 10 1
1482765068835 5 -3
1482765069543 10 -1
1482765071901 4 -3
1482765072461 1 2
1482765074381 9 -1
1482765074981 9 -1
1482765075681 1 1
1482765077214 2 1
1482765078521 6 1
1482765079437 3 1
1482765080207 2 2
1482765081111 0 2
1482765082277 12 2
1482765083973 5 -1
1482765089185 5 1
1482765089979 12 -2
1482765091705 0 -1
1482765092593 2 -1
1482765093357 8 -1
1482765094367 11 -1
1482765097059 3 -3
1482765098147 0 1
1482765101875 0 -2
1482765102551 0 1
1482765103235 12 1
1482765103687 5 -1
1482765104293 0 1
1482765105313 8 -1
1482765106215 8 -1
1482765107055 3 1
1482765107507 11 1
1482765108167 12 1
1482765111567 8 2
1482765112469 0 -1
1482765116273 0 1
1482765118467 3 2
1482765118927 2 1
1482765119579 8 1
1482765120785 1 -2
1482765121525 4 1
1482765122925 0 -1
1482765123407 10 1
1482765124511 5 3
1482765126059 12 -2
1482765126937 11 -2
1482765129007 5 -2
1482765129755 10 -1
1482765130393 4 -1
1482765131247 0 1
1482765132935 1 1
1482765135339 8 -3
1482765136289 1 1
1482765136825 2 -1
1482765137480 3 -3
1482765138421 2 1
1482765142169 11 1
1482765142543 8 2
1482765144379 0 -2
1482765146223 2 -2
1482765146807 6 -1
1482765151419 6 1
1482765152437 2 2
1482765153729 0 2
1482765156677 8 -2
1482765158203 11 -1
1482765160863 2 -1
1482765161321 3 1
1482765162007 11 2
1482765163873 3 2
1482765164519 2 1
1482765165359 1 -3
1482765171761 1 3
1482765175961 11 -2
1482765178350 1 -2
1482765179283 1 2
1482765184691 8 3
1482765185739 0 -1
1482765186527 10 1
1482765187709 5 1
1482765189505 1 -2
1482765190463 9 2
1482765191193 4 1
1482765191691 5 2
1482765192655 10 -1
1482765193185 0 1
1482765194243 9 -1
1482765195355 11 2
1482765196047 1 -1
1482765198933 1 1
1482765199633 11 -2
1482765202124 R
1482765207895 10 -2
1482765210174 10 1
1482765210533 10 1
1482765210999 2 1
1482765211545 5 -3
1482765213099 4 -1
1482765214709 10 -2
1482765216787 9 -2
1482765217533 4 3
1482765218957 4 -3
1482765219775 1 3
1482765220793 6 1
1482765221167 3 1
1482765221967 2 3
1482765224129 0 2
1482765226525 8 -3
1482765227857 11 -2
1482765230711 2 -1
1482765235067 8 3
1482765235791 11 2
1482765237611 2 1
1482765238949 0 -1
1482765239474 1 -3
1482765242371 7 -2
1482765243771 7 2
1482765247771 1 1
1482765248549 1 -1
1482765249691 0 1
1482765251217 12 1
1482765251777 5 -1
1482765256023 1 3
1482765260443 0 -1
1482765263243 0 1
1482765265273 5 1
1482765266043 12 -1
1482765267973 0 -2
1482765269551 2 -3
1482765275309 2 2
1482765276755 0 1
1482765277643 12 1
1482765278241 5 -1
1482765279043 0 1
1482765281391 2 1
1482765281929 1 -3
1482765283633 4 1
1482765284715 9 1
1482765286035 0 -1
1482765286603 10 2
1482765287133 5 4
1482765288323 12 -1
1482765289171 10 -2
1482765290011 0 1
1482765290501 1 1
1482765291411 11 -2
1482765294655 0 -1
1482765295199 10 1
1482765297089 5 -2
1482765298171 4 -1
1482765298661 9 -1
1482765300107 11 1
1482765301725 11 1
1482765302355 1 2
1482765302923 0 -1
1482765304113 2 -3
1482765304845 6 -1
1482765305373 3 -1
1482765306331 1 -2
1482765307551 4 3
1482765309131 5 -1
1482765408889 4 -2
1482765409643 7 -2
1482765410509 6 2
1482765411293 3 2
1482765413509 1 -1
1482765415081 10 3
1482765417049 5 2
1482765418059 2 -1
1482765419282 0 2
1482765423226 0 -1
1482765426259 0 1
1482765426726 1 1
1482765428405 11 -2
1482765433028 11 2
1482765433547 1 -1
1482765434334 10 -1
1482765436379 0 -1
1482765437672 10 -2
1482765438479 6 -2
1482765439109 3 -2
1482765440051 4 2
1482765440666 7 2
1482765443349 9 1
1482765444111 5 1
1482765444709 10 -1
1482765445605 0 2
1482765446989 2 1
1482765449393 1 1
1482765451424 1 -1
1482765454893 9 1
1482765460945 2 -1
1482765464313 0 -3
1482765465947 9 -1
1482765467587 7 -1
1482765469307 4 -1
1482765470724 3 2
1482765472833 3 -2
1482765473313 4 1
1482765473734 7 1
1482765475111 10 2
1482765475958 2 1
1482765476705 5 -3
1482765478658 9 -1
1482765479613 10 -2
1482765481013 1 1
1482765484171 10 1
1482765484809 5 2
1482765485518 2 -1
1482765485983 0 1
1482765487144 1 -1
1482765488008 10 1
1482765491087 4 -2
1482765491763 6 1
1482765492698 6 -1
1482765493343 7 -2
1482765493974 6 2
1482765494469 10 1
1482765495069 0 1
1482765496119 0 -2
1482765497614 10 -2
1482765499519 6 -2
1482765500282 4 2
1482765500747 7 2
1482765503486 2 1
1482765504046 5 -2
1482765504769 10 -1
1482765508558 4 -3
1482765509677 1 3
1482765514874 8 -1
1482765516330 8 1
1482765517059 6 1
1482765518195 2 2
1482765519137 0 2
1482765521307 8 -3
1482765522497 11 -1
1482765524573 11 -1
1482765529731 11 2
1482765530275 12 2
1482765530884 5 -1
1482765533232 8 3
1482765537113 8 -1
1482765537636 3 -1
1482765540683 3 2
1482765541803 2 1
1482765545071 8 -2
1482765547740 1 -1
1482765551013 9 2
1482765551924 9 -2
1482765553792 R
1482765554967 0 1
1482765555526 U
1482765557089 4 2
1482765558069 10 -2
1482765560466 10 2
1482765561072 5 -1
1482765561562 9 -2
1482765563001 7 -2
1482765563507 4 -2
1482765564011 6 2
1482765564650 3 2
1482765565411 10 2
1482765567832 1 1
1482765568337 0 2
1482765569775 12 2
1482765570492 0 -1
1482765571302 0 1
1482765572086 12 -1
1482765572616 1 -1
1482765574123 1 1
1482765574855 12 -1
1482765576745 1 -1
1482765577842 0 -2
1482765579755 2 1
1482765580440 5 -2
1482765581202 4 -1
1482765581950 1 2
1482765586529 1 -2
1482765587167 10 -4
1482765588699 1 2
1482765589687 6 -1
1482765590247 3 -1
1482765590753 7 2
1482765592046 1 -2
1482765593532 4 1
1482765593982 9 1
1482765594574 10 1
1482765595335 5 3
1482765595934 2 -1
1482765596324 10 -1
1482765599054 6 -1
1482765599511 3 -1
1482765600265 4 2
1482765602887 0 3
1482765605337 1 1
1482765607182 2 1
1482765608132 2 -1
1482765608644 0 -2
1482765609289 9 1
1482765615271 12 2
1482765617326 12 -1
1482765618530 12 -1
1482765619682 0 -1
1482765620601 2 1
1482765620912 10 1
1482765623531 10 -1
1482765623898 2 -1
1482765625034 0 3
1482765626264 12 2
1482765626801 2 1
1482765638360 2 -1
1482765639200 9 -1
1482765639696 7 -1
1482765640272 7 1
1482765640591 9 1
1482765641354 2 1
1482765642489 2 -1
1482765643353 12 -1
1482765643898 1 -1
1482765646316 0 -2
1482765646822 10 1
1482765647662 5 -1
1482765648284 9 -2
1482765650338 10 1
1482765652072 12 -1
1482765652623 0 -1
1482765653324 2 1
1482765653775 5 -2
1482765654640 10 -2
1482765656871 4 -3
1482765657585 1 3
1482765658318 2 1
1482765659266 6 1
1482765659747 3 1
1482765660364 2 2
1482765661281 0 2
1482765662074 12 1
1482765662657 5 -1
1482765664882 0 -1
1482765667536 8 -1
1482765668010 11 -1
1482765668413 2 -1
1482765669159 3 -3
1482765671276 0 1
1482765671890 8 -2
1482765672668 2 1
1482765673268 1 -2
1482765675018 4 1
1482765675818 9 2
