1482152865774 0 1
1482152867106 12 1
1482152869953 10 -2
1482152871512 0 1
1482152875417 6 1
1482152880921 9 -1
1482152885239 12 -1
1482152888298 0 -2
1482152890289 10 2
1482152892541 2 1
1482152902833 6 -1
1482152904420 4 2
1482152905822 9 1
1482152907312 10 -2
1482152916268 2 -1
1482152918289 0 3
1482152920036 9 -1
1482152922625 1 1
1482152923801 11 -2
1482152927471 11 2
1482152928791 1 -1
1482152930627 2 1
1482152935386 7 -1
1482152941244 2 -1
1482152942390 0 -2
1482152944177 4 -2
1482152946219 3 2
1482152947336 6 1
1482152948963 10 2
1482152952233 3 -2
1482152954325 12 1
1482152956432 5 -1
1482152957771 9 -1
1482152959974 10 -1
1482152961945 7 1
1482152964925 12 -1
1482152971880 10 1
1482152977081 3 1
1482152978983 6 -1
1482152980033 3 -1
1482152981925 4 2
1482152983838 10 -1
1482152992002 10 1
1482152996330 9 2
1482152999406 5 1
1482153000656 9 -1
1482153002490 10 -2
1482153017302 0 2
1482153018787 2 1
1482153024367 9 1
1482153027719 2 -1
1482153052525 0 -3
1482153054475 4 -2
1482153058447 6 1
1482153059700 3 1
1482153063851 10 2
1482153069342 6 -1
1482153070411 3 -1
1482153072704 4 2
1482153077026 5 -1
1482153079006 9 -2
1482153081490 4 -2
1482153083354 10 -1
1482153085160 0 1
1482153086398 12 1
1482153088598 10 1
1482153092490 7 -2
1482153094062 6 2
1482153095821 3 2
1482153097956 10 2
1482153100023 1 1
1482153101710 11 -1
1482153103415 12 -1
1482153104988 11 -1
1482153111615 0 1
1482153116788 11 2
1482153118554 1 -1
1482153120986 10 -1
1482153126993 3 -2
1482153134624 0 -2
1482153136962 2 1
1482153139025 10 -2
1482153141952 1 1
1482153143974 11 -1
1482153148542 R
1482153152050 4 2
1482153157500 10 -2
1482153160967 0 3
1482153163810 2 1
1482153165913 9 -1
1482153170498 12 1
1482153173970 1 1
1482153176000 12 1
1482153177335 7 -1
1482153182450 2 -1
1482153184955 0 -1
1482153187130 4 -2
1482153189010 3 2
1482153191104 6 1
1482153195118 12 -2
1482153196005 1 -1
