1480336032018 0 1
1480336046438 9 -1
1480336047619 7 -1
1480336048689 3 2
1480336052277 6 1
1480336055788 5 -1
1480336058185 10 -1
1480336059663 0 -1
1480336061219 9 -1
1480336067191 1 1
1480336069137 2 1
1480336070215 5 -2
1480336071857 10 -1
1480336073115 4 -1
1480336075460 1 -1
1480336079259 7 -1
1480336080208 6 1
1480336082310 1 2
1480336088895 1 -2
1480336089807 R
1480336093641 4 2
1480336094821 10 -2
1480336096557 9 -1
1480336097791 0 3
1480336101403 2 1
1480336102497 1 1
1480336103975 12 2
1480336107079 2 -1
1480336109095 0 -1
1480336115605 12 -2
1480336116965 11 -2
1480336120419 11 2
1480336122547 R
1480336126953 4 2
1480336131245 2 1
1480336134879 5 -3
1480336136153 9 -2
1480336139075 10 -2
1480336140732 4 -3
1480336141889 6 1
1480336143007 3 1
1480336147929 10 2
1480336148961 9 2
1480336149969 4 1
1480336152556 5 3
1480336154011 2 -1
1480336154981 0 1
1480336156135 12 1
1480336157589 5 -1
1480336161420 R
1480336173441 10 -2
1480336176419 0 1
1480336177973 10 2
1480336178989 5 -1
1480336180857 4 2
1480336182179 9 -2
1480336188213 10 -1
1480336189395 4 -2
1480336190739 7 -2
1480336191904 3 2
1480336196671 7 1
1480336198835 4 1
1480336200367 10 1
1480336202626 0 -1
1480336204955 2 1
1480336206135 5 -2
1480336207879 10 -2
1480336209137 4 -2
1480336210825 6 1
1480336212668 1 2
1480336214201 11 -1
1480336215155 8 -1
1480336216056 3 -4
1480336218015 6 -1
1480336219563 7 1
1480336220798 1 1
1480336224081 2 1
1480336225747 10 1
1480336226873 9 1
1480336234453 6 1
1480336235719 2 2
1480336239745 1 -1
1480336240971 9 1
1480336242940 5 1
1480336245732 R
1480336251760 4 2
1480336254151 5 -1
1480336255323 9 -2
1480336256879 10 -1
1480336258097 1 1
1480336259929 0 1
1480336262443 12 2
1480336265843 12 -2
1480336267297 1 -1
1480336268172 0 -1
1480336269532 10 1
1480336270923 2 1
1480336272237 5 -2
1480336273556 10 -2
1480336277263 4 -3
1480336278178 6 1
1480336278889 3 1
1480336280188 1 3
1480336284257 11 -1
1480336285875 8 -1
1480336287747 3 -3
1480336290457 2 3
1480336291667 0 2
1480336292801 11 -1
1480336293849 8 -2
1480336295989 2 -1
1480336302463 2 1
1480336303861 1 -2
1480336306535 1 2
1480336309404 R
1480336314649 4 2
1480336316507 5 -1
1480336317820 9 -2
1480336321127 7 -2
1480336322839 4 -2
1480336323763 6 2
1480336324562 3 2
1480336327105 10 2
1480336329763 1 1
1480336330943 11 -1
