1481786809705 4 2
1481786810889 10 -2
1481786812345 9 -1
1481786813849 9 1
1481786815433 1 1
1481786816438 0 3
1481786817060 1 -1
1481786819124 1 1
1481786820631 0 -3
1481786821926 2 1
1481786822839 10 1
1481786823735 5 -3
1481786824719 10 -1
1481786826712 9 -2
1481786827536 4 -2
1481786828215 4 -1
1481786829137 1 2
1481786830039 6 1
1481786830499 3 1
1481786832105 2 3
1481786832969 0 2
1481786833953 0 -2
1481786834994 1 -3
1481786836822 0 2
1481786838443 0 -1
1481786842432 12 1
1481786843139 5 -1
1481786843880 10 1
1481786845048 10 -1
1481786846957 4 1
1481786847451 4 -1
1481786848927 0 1
1481786851314 5 1
1481786852377 12 -1
1481786855929 4 1
1481786856868 9 2
1481786859941 0 -2
1481786860808 0 2
1481786861322 0 -2
1481786862253 4 -1
1481786862703 9 -2
1481786863570 1 2
1481786864051 1 1
1481786865204 0 2
1481786865707 1 -3
1481786866577 4 1
1481786867330 4 -1
1481786870584 R
1481786873734 4 2
1481786875896 10 -2
1481786876971 0 3
1481786877830 0 -2
1481786880739 0 2
1481786881440 2 1
1481786882857 2 -1
1481786883631 1 1
1481786884259 0 -3
1481786885933 9 -1
1481786886914 9 1
1481786887824 1 -1
1481786891812 2 1
1481786892546 10 2
1481786893600 5 -3
1481786894413 10 -2
1481786896018 1 1
1481786896972 1 -1
1481786898047 10 2
1481786898844 5 2
1481786899575 2 -1
1481786901077 10 -1
1481786902073 10 1
1481786903295 0 1
1481786904709 12 1
1481786906285 5 1
1481786907014 10 -2
1481786907959 0 2
1481786909002 0 -2
1481786909589 9 -1
1481786911622 4 -1
1481786912097 4 1
1481786912680 1 1
1481786913861 0 2
1481786914706 2 1
1481786915756 2 -1
1481786916671 1 -1
1481786919484 0 -2
1481786920807 R
1481786923794 3 1
1481786924394 6 1
1481786927880 10 -2
1481786928851 1 1
1481786930609 0 2
1481786931607 11 -2
1481786934195 9 -1
1481786935013 6 -1
1481786935683 3 -1
1481786938406 4 2
1481786940104 7 -1
1481786940788 4 -2
1481786941748 6 1
1481786942202 3 2
1481786945068 0 -1
1481786946739 6 -1
1481786947218 3 -2
1481786948021 4 2
1481786949001 0 2
1481786949792 0 -2
1481786951104 10 1
1481786952070 10 -1
1481786953015 11 2
1481786953795 12 2
1481786956057 0 2
1481786956923 2 1
1481786960236 12 -2
1481786960944 1 -1
1481786969039 R
1481786973276 10 -2
1481786974320 4 2
1481786977021 9 -1
1481786979062 1 1
1481786980231 4 -2
1481786983005 9 1
1481786984460 2 1
1481786985170 10 1
1481786985703 5 -3
1481786986605 10 -1
1481786987095 4 -1
1481786987843 9 -2
1481786988774 1 2
1481786989602 1 -3
1481786992078 6 1
1481786993014 6 -1
1481786993657 6 1
1481786994260 3 1
1481786995734 1 3
1481786996546 2 3
1481786997229 1 -3
1481787000525 0 2
1481787004121 4 1
1481787004774 4 -1
1481787005730 1 1
1481787006309 1 2
1481787006717 11 -2
1481787007396 8 -3
1481787008489 2 -1
1481787009246 2 1
1481787009712 1 -2
1481787010969 4 1
1481787014600 9 2
1481787015369 9 -2
1481787016341 4 -1
1481787017185 1 2
1481787018731 2 -1
1481787019888 2 1
1481787020912 11 2
1481787021363 8 3
1481787022321 0 -2
1481787022956 1 -3
1481787026228 10 2
1481787027695 9 2
1481787028828 10 -2
1481787029757 9 -2
1481787030285 7 -2
1481787030966 6 1
1481787031510 3 1
1481787035236 10 4
1481787037657 1 2
1481787039110 1 -2
1481787040127 1 2
1481787040541 0 2
1481787041216 11 -2
1481787041678 8 -3
1481787042604 1 -1
1481787044972 1 1
1481787046672 1 -1
1481787048839 4 1
1481787049521 4 -1
1481787050703 1 1
1481787051271 8 3
1481787052139 11 2
1481787052988 0 -2
1481787053633 1 -2
1481787056677 10 -4
1481787057489 6 -1
1481787058061 3 -1
1481787058923 7 2
1481787066638 R
1481787068415 4 2
1481787071254 10 -2
1481787074684 0 3
1481787075709 2 1
1481787076566 2 -1
1481787077114 1 1
1481787078401 11 -2
1481787079644 11 2
1481787082198 12 2
1481787083273 9 -1
1481787083903 9 1
1481787086271 2 1
1481787087644 2 -1
1481787088698 12 -2
1481787089342 1 -1
1481787091269 0 -2
1481787092076 10 2
