1482856981252 R
1482857053375 10 -1
1482857054327 10 -1
1482857063607 0 2
1482857067914 4 2
1482857077301 12 1
1482857079679 9 -1
1482857081097 4 -2
1482857082479 1 1
1482857083616 0 -1
1482857084598 6 1
1482857085278 3 1
1482857088333 12 1
1482857092704 7 -1
1482857093694 3 1
1482857099311 R
1482857132081 9 -1
1482857147757 7 -1
1482857149921 R
1482857179269 0 1
1482857181147 6 1
1482857182606 3 1
1482857186649 12 1
1482857196499 10 -2
1482857198091 0 1
1482857203011 R
1482857236624 6 1
1482857237809 3 1
1482857246013 2 1
1482857247862 10 -2
1482857256985 1 1
1482857259903 U
1482857260914 U
1482857264618 U
1482857265250 U
1482857265659 U
1482857270762 R
1482857273078 R
1482857343053 R
1482857355681 4 2
1482857358609 10 -2
1482857361554 9 -1
1482857363336 9 1
1482857366072 2 1
1482857367098 10 2
1482857368195 5 -3
1482857371733 10 -2
1482857374423 1 1
1482857376208 1 -1
1482857378474 9 -2
1482857380249 4 -3
1482857383636 6 1
1482857384595 3 1
1482857386078 1 3
1482857388553 2 3
1482857390562 1 -3
1482857396793 0 2
1482857399362 4 1
1482857401136 7 -2
1482857403245 6 1
1482857404201 3 1
1482857405773 0 -2
1482857406932 10 4
1482857409361 0 2
1482857411019 12 1
1482857411773 5 -1
1482857419811 4 -1
1482857422469 10 -1
1482857423509 3 -1
1482857428135 4 1
1482857429652 3 1
1482857430476 10 1
1482857433014 1 1
1482857434814 0 -1
1482857435797 4 -1
1482857437829 1 -1
1482857440861 10 -4
1482857443290 3 -1
1482857443840 6 -1
1482857445422 7 2
1482857449844 10 2
1482857458151 10 -2
1482857459593 0 1
1482857460880 4 1
1482857463485 7 -2
1482857464573 3 1
1482857465158 6 1
1482857466452 0 -1
1482857467294 10 4
1482857470602 4 -1
1482857475107 10 -4
1482857477108 0 1
1482857482331 5 1
1482857483116 12 -1
1482857486042 6 -1
1482857486847 3 -1
1482857487697 7 2
1482857489447 9 2
