1481288762243 4 2
1481288765931 10 -2
1481288774371 0 3
1481288790779 2 1
1481288793346 12 1
1481288797418 2 -1
1481288799223 0 -2
1481288801899 10 2
1481288809876 12 -1
1481288811351 0 -1
1481288816922 2 1
1481288818540 5 -3
1481288826628 10 -2
1481288828555 9 -2
1481288838834 4 -3
1481288844289 1 3
1481288846164 2 1
1481288848276 2 -1
1481288850171 1 -3
1481288857723 6 1
1481288859076 3 1
1481288861748 1 3
1481288863956 2 3
1481288867411 0 2
1481288879086 11 -2
1481288880971 8 -3
1481288886580 1 -2
1481288904179 11 2
1481288906353 1 -1
1481288932100 9 2
1481288934419 9 -2
1481288946436 1 3
1481288951388 8 3
1481288965252 12 2
1481288967444 5 -1
1481288971875 0 -1
1481288980025 1 -2
1481288981593 4 1
1481288985108 10 1
1481288989044 9 2
1481289000765 5 4
1481289007461 12 -2
1481289020149 10 -1
1481289031285 10 1
1481289033077 5 -3
1481289038548 4 -1
1481289040223 4 1
1481289041951 1 -1
1481289043749 10 1
1481289067075 10 -2
1481289069549 0 1
1481289076766 9 -2
1481289082861 4 -1
1481289095646 4 1
1481289103054 1 1
1481289106229 11 -2
1481289118642 0 -1
1481289120406 4 -1
1481289122415 1 2
1481289125536 8 -1
1481289126998 2 -1
1481289129986 3 -3
1481289133685 0 1
1481289135278 8 -2
1481289143579 2 1
1481289148111 1 -2
1481289152894 7 -2
1481289155038 6 1
1481289160862 4 1
1481289168358 6 -1
1481289173934 6 1
1481289181190 4 -1
1481289182918 1 1
1481289186239 1 -1
1481289192710 6 -1
1481289196062 7 2
1481289198694 4 1
1481289200926 9 2
1481289234133 9 -2
1481289238214 7 -2
1481289241510 6 1
1481289249535 4 -1
1481289251239 1 1
1481289258304 8 2
1481289263864 0 -1
1481289266063 10 1
1481289268855 5 1
1481289272263 11 1
1481289273980 0 -1
1481289277591 5 -1
1481289278847 10 -1
1481289282367 6 -1
1481289287743 7 2
1481289289591 9 2
1481289293959 10 1
1481289295703 5 1
1481289300575 0 1
1481289302767 11 -1
