1481914353142 10 -2
1481914356735 4 2
1481914360978 0 3
1481914362518 12 1
1481914364111 2 1
1481914365728 2 -1
1481914366595 12 -1
1481914367813 0 -3
1481914369181 10 2
1481914372501 5 -1
1481914374266 9 -2
1481914378789 4 -2
1481914380228 6 1
1481914381095 3 1
1481914384042 3 -1
1481914384665 6 -1
1481914385718 4 2
1481914387095 10 -1
1481914392968 1 1
1481914395968 9 2
1481914396694 5 1
1481914398267 4 -2
1481914401062 4 2
1481914402513 R
1481914408945 6 1
1481914409663 3 1
1481914418484 2 1
1481914419922 5 -3
1481914420922 10 -2
1481914422256 9 -2
1481914423850 6 -1
1481914424694 3 -1
1481914425738 4 2
1481914431039 10 1
1481914434905 5 2
1481914436376 2 -1
1481914437093 0 1
1481914437999 12 1
1481914439358 1 1
1481914440310 12 1
1481914444521 12 -2
1481914445514 11 -2
1481914447428 11 2
1481914448349 12 2
1481914453499 R
1481914459732 4 2
1481914462732 10 -2
1481914466301 0 3
1481914478356 1 1
1481914480568 0 -1
1481914482114 4 -2
1481914487052 11 -2
1481914493762 11 2
1481914495871 0 -2
1481914497248 2 1
1481914497973 10 1
1481914500759 5 -2
1481914503083 4 -1
1481914504597 1 1
1481914505495 8 -1
1481914506239 11 -1
1481914507757 3 -2
1481914514990 5 -1
1481914518680 R
1481914525848 0 1
1481914536986 R
1481914545221 2 1
1481914546440 5 -3
1481914547925 4 -1
1481914552528 9 -2
1481914553619 7 -2
1481914554424 6 2
1481914555338 3 2
1481914556581 10 2
1481914565721 5 1
1481914566464 4 1
1481914567159 5 1
1481914568049 2 -1
1481914569366 0 2
1481914571753 12 1
1481914574564 10 -1
1481914576964 3 -2
1481914578439 0 -1
1481914579314 10 -2
1481914580408 6 -2
1481914581392 4 2
1481914582111 7 2
1481914587782 9 2
1481914588697 5 1
1481914589548 10 -1
1481914590815 0 2
1481914592799 2 1
1481914594524 9 -1
1481914596110 7 -1
1481914598594 7 1
1481914601258 2 -1
1481914603081 R
1481914670828 R
