1482764173176 4 2
1482764178647 10 -2
1482764180606 0 3
1482764185622 9 -1
1482764188123 12 1
1482764188852 2 1
1482764190144 2 -1
1482764191846 0 -2
1482764195342 0 2
1482764197746 7 -1
1482764199784 0 -1
1482764201104 4 -2
1482764202266 3 2
1482764204030 4 1
1482764204743 4 -1
1482764207398 4 1
1482764210078 12 -1
1482764211295 0 -2
1482764212079 10 2
1482764212810 5 -1
1482764213580 9 -1
1482764214286 7 -1
1482764215495 3 -2
1482764216160 4 1
1482764217508 7 2
1482764222737 0 1
1482764223583 10 -1
1482764224089 10 1
1482764226463 4 -2
1482764227213 6 1
1482764227799 3 1
1482764232000 0 -1
1482764232953 2 1
1482764233548 5 -2
1482764235020 10 -2
1482764235685 4 -1
1482764237139 6 -1
1482764238602 3 -1
1482764240375 4 3
1482764245120 1 1
1482764246017 1 -1
1482764248732 10 2
1482764249431 5 2
1482764250312 2 -1
1482764252793 10 -1
1482764253648 0 1
1482764257247 7 -2
1482764258025 4 -2
1482764258644 6 2
1482764259199 3 2
1482764261078 10 3
1482764261777 0 1
1482764267990 1 1
1482764273300 1 -1
1482764275774 0 -1
1482764277511 10 -3
1482764278438 6 -2
1482764279041 3 -2
1482764279968 4 2
1482764283888 7 2
1482764284674 9 2
1482764285289 5 1
1482764285950 10 -1
1482764286886 0 2
1482764290088 1 1
1482764290800 11 -2
1482764295251 0 -1
1482764297775 4 -2
1482764302910 4 2
1482764304349 9 -1
1482764304850 0 1
1482764361437 11 2
1482764362313 1 -1
1482764364453 2 1
1482764365964 2 -1
1482764369391 0 -3
1482764370213 10 2
1482764370813 5 -1
1482764371613 0 1
1482764372101 10 -1
1482764373148 10 1
1482764385879 10 -1
1482764387268 4 -2
1482764388646 6 1
1482764389894 3 1
1482764392525 12 1
1482764393901 9 -1
1482764395144 6 -1
1482764395738 3 -1
1482764396645 4 2
1482764399045 9 2
1482764399769 5 1
1482764400664 10 -1
1482764403280 0 1
1482764405292 9 -1
1482764406117 0 1
1482764410053 2 1
1482764431333 1 1
1482764433364 1 -1
1482764436549 2 -1
1482764437444 0 -2
1482764438095 12 -1
1482764438586 0 -1
1482764444865 9 1
1482764449247 10 2
1482764451703 10 -2
1482764452469 1 1
1482764472674 1 -1
1482764473774 10 2
1482764474472 2 1
1482764475461 5 -3
1482764479270 10 -2
1482764483352 9 -2
1482764486573 4 -3
1482764489533 1 3
1482764491021 6 1
1482764491549 3 1
1482764492742 2 3
1482764494270 1 -3
1482764497900 4 1
1482764498949 4 -1
1482764500237 7 -2
1482764501246 6 1
1482764502001 3 1
1482764503724 10 4
1482764512317 0 2
1482764514516 0 -1
1482764516037 10 -4
1482764517264 3 -1
1482764517976 6 -1
1482764519099 7 2
1482764524085 4 1
1482764528212 10 2
1482764529019 4 -1
1482764532400 10 -2
1482764533652 0 1
1482764616223 1 3
1482764617225 12 2
1482764617908 5 -1
1482764619525 1 -2
1482764621157 12 -1
1482764622027 11 -1
1482764623380 1 2
1482764624316 8 -3
1482764625148 2 -1
1482764625787 3 -3
1482764629315 9 1
1482764634572 5 1
1482764635588 12 -1
1482764636491 11 -1
1482764641173 9 -1
1482764642838 8 2
1482764644091 11 1
1482764646919 R
1482764654083 6 1
1482764655338 3 1
1482764657250 3 -1
1482764657866 6 -1
1482764660762 5 -1
1482764662205 4 2
1482764663955 9 -2
1482764670750 2 1
1482764671434 5 -2
1482764672795 10 -2
1482764674567 1 1
1482764676388 1 -1
1482764679027 4 -3
1482764680394 1 3
1482764682199 6 1
1482764682751 3 1
1482764683725 2 3
1482764684639 1 -3
1482764688483 7 -2
1482764691554 1 2
1482764693106 11 -1
1482764693652 8 -1
1482764694959 8 1
1482764695416 11 1
1482764696029 1 -2
1482764697970 7 2
1482764699964 7 -2
1482764703499 6 1
1482764704485 3 1
1482764705442 10 4
1482764710562 1 2
1482764711683 11 -1
1482764713467 11 1
1482764714238 0 1
1482764714904 12 2
1482764715477 5 -1
1482764808146 1 -1
1482764809387 4 1
1482764810610 12 -1
1482764811186 1 -1
1482764812432 10 -3
1482764814518 5 3
1482764815203 12 -1
1482764817521 10 3
