1482760165874 4 2
1482760195446 10 -2
1482760196530 0 3
1482760197897 12 1
1482760200044 2 1
1482760201766 2 -1
1482760202840 0 -2
1482760204341 10 2
1482760209295 10 -2
1482760211250 9 -1
1482760214615 1 1
1482760216875 0 2
1482760217719 12 1
1482760220023 0 -1
1482760227016 4 -2
1482760227907 3 1
1482760229008 6 1
1482760231250 9 1
1482760241397 0 -1
1482760242837 10 1
1482760244142 5 -1
1482760245426 9 -2
1482760246802 7 -2
1482760249150 6 1
1482760250906 3 1
1482760255210 6 -2
1482760259605 3 -2
1482760262217 4 2
1482760267575 7 1
1482760269576 9 1
1482760271139 5 1
1482760272335 10 -1
1482760274935 0 1
1482760279080 4 -2
1482760284212 3 2
1482760292497 4 1
1482760300213 12 -2
1482760302421 1 -1
1482760306454 1 1
1482760307953 11 -2
1482760313913 0 -1
1482760315364 10 1
1482760316887 5 -1
1482760318072 9 -1
1482760327943 7 -1
1482760333159 4 -1
1482760334659 6 2
1482760346298 6 -2
1482760347117 3 -2
1482760352146 4 2
1482760359661 7 2
1482760369921 4 -2
1482760373579 7 -1
1482760376033 7 -1
1482760380097 6 2
1482760382295 3 2
1482760386531 11 2
1482760387751 0 -1
1482760388655 2 1
1482760389557 1 -1
1482760390842 10 3
1482760394246 5 -2
1482760397053 4 -1
1482760401616 10 -4
1482760402593 6 -2
1482760403472 3 -2
1482760404473 7 2
1482760411650 10 2
1482760412272 4 3
1482760415325 5 2
1482760416032 2 -1
1482760419844 0 1
1482760421161 12 1
1482760425834 10 -1
1482760428225 1 1
1482760430203 12 1
1482760436027 4 -2
1482760441689 9 2
1482760442654 5 1
1482760443594 10 -1
1482760444591 0 1
1482760445507 4 2
1482760448307 0 1
1482760449146 9 -1
1482760451169 12 -2
1482760453626 1 -1
1482760456141 2 1
1482760464241 1 1
1482760465352 11 -2
1482760494766 2 -1
1482760496209 0 -2
1482760499650 9 1
1482760501834 10 1
