1481289403453 10 -2
1481289404815 0 2
1481289405432 1 1
1481289406497 11 -2
1481289408604 11 2
1481289411681 0 -2
1481289412382 0 2
1481289413046 0 -2
1481289413768 2 1
1481289414201 10 1
1481289414965 5 -3
1481289415582 10 -1
1481289418180 1 -1
1481289419206 10 2
1481289421033 5 3
1481289421780 2 -1
1481289422364 0 1
1481289422999 12 1
1481289423681 10 -2
1481289424251 1 1
1481289424948 12 1
1481289428201 4 2
1481289428913 0 2
1481289430802 2 1
1481289431932 9 -1
1481289433050 9 1
1481289433628 2 -1
1481289434449 12 -2
1481289436295 0 -3
1481289436881 2 1
1481289437382 10 1
1481289438484 5 -3
1481289441913 10 -1
1481289443571 4 -3
1481289444251 1 1
1481289445632 9 -2
1481289446164 1 1
1481289446783 2 1
1481289447598 6 1
1481289448239 2 1
1481289448816 0 2
1481289449533 12 2
1481289450162 5 -1
1481289451221 0 -1
1481289451755 0 1
1481289453083 0 -1
1481289460919 5 1
1481289461551 12 -2
1481289463417 12 2
1481289465136 5 -1
1481289467186 0 1
1481289467954 8 -3
1481289469079 3 -1
1481289470200 12 -1
1481289470736 11 -1
1481289471316 3 -1
1481289471993 2 1
1481289472835 1 -2
1481289474814 1 2
1481289476222 2 -1
1481289477016 2 1
1481289478118 1 -2
1481289479170 7 -2
1481289481521 1 1
1481289483501 7 2
1481289484630 1 1
1481289486845 1 -2
1481289494887 1 2
1481289497154 8 2
1481289498324 5 1
1481289498836 12 -1
1481289499505 0 -2
1481289500398 2 -3
1481289502097 2 2
1481289502852 0 2
1481289503404 12 1
1481289503906 5 -1
1481289508813 R
1481289517135 10 -2
1481289517919 4 2
1481289519018 0 3
1481289525307 0 -3
1481289526590 10 2
1481289527870 2 1
1481289528804 5 -3
1481289529699 10 -2
1481289530921 4 -3
1481289531935 9 -2
1481289532675 1 3
1481289535988 6 1
1481289536422 3 1
1481289537156 2 3
1481289537845 0 2
1481289540619 12 2
1481289541275 5 -1
1481289541822 12 -1
1481289543138 1 -3
1481289545806 7 -2
1481289546426 6 1
1481289547605 3 1
1481289549706 0 -1
1481289550377 10 4
1481289558757 10 -4
1481289572177 R
1481289577256 10 -2
1481289580918 2 1
1481289581441 10 2
1481289582623 5 -3
1481289583639 10 -2
1481289584912 4 -1
1481289585860 1 2
1481289587424 11 -1
1481289588111 8 -1
1481289589023 3 -2
1481289590897 9 -2
1481289591516 7 -2
1481289592295 6 2
1481289593444 3 4
1481289594110 8 1
1481289594639 11 1
1481289595474 1 -2
1481289599694 10 4
1481289600231 4 1
1481289600976 5 2
1481289601642 2 -1
1481289602375 0 2
1481289609107 0 -2
1481289609994 10 -3
1481289610781 6 -2
1481289611479 3 -2
1481289612926 4 2
1481289615039 7 2
1481289615854 9 1
1481289618199 2 1
1481289618792 5 -2
1481289620145 9 -1
1481289621266 10 1
1481289622013 5 2
1481289622742 2 -1
1481289623864 0 1
1481289633885 10 -1
1481289634545 10 1
1481289635242 4 -2
1481289636439 7 -2
1481289637000 6 2
1481289637546 10 1
1481289638414 0 1
1481289642044 0 -2
1481289643446 0 2
1481289644324 0 -2
1481289644856 2 1
1481289645472 5 -2
1481289647991 10 -2
1481289649315 10 -1
1481289650812 10 2
1481289651780 6 -2
1481289652575 4 2
1481289653322 7 2
1481289655516 10 -2
1481289658497 4 -3
1481289661405 6 1
1481289661956 3 1
1481289662619 1 3
1481289663312 2 3
1481289664146 0 2
1481289665101 1 -3
1481289673464 R
1481289679293 5 -1
1481289680013 9 -2
1481289681183 7 -2
1481289682001 6 2
1481289683431 3 2
1481289684725 10 2
1481289709244 10 -3
1481289709978 6 -2
1481289710871 3 -2
1481289712776 R
1481289715480 10 -2
1481289717334 0 2
1481289719601 4 2
1481289720934 0 1
1481289721885 2 1
1481289724904 9 -1
1481289725883 9 1
1481289726424 2 -1
1481289727048 0 -3
1481289727721 10 2
1481289728350 2 1
1481289728852 5 -3
1481289729964 10 -2
1481289731541 9 -2
1481289732425 4 -3
1481289733596 1 3
1481289739920 1 -3
1481289741298 10 2
1481289741912 5 1
1481289743237 4 2
1481289743751 5 1
1481289744274 2 -1
1481289745613 0 1
1481289750199 7 -2
1481289750786 4 -1
1481289751524 6 2
1481289752054 3 2
1481289752634 10 2
1481289753336 0 1
1481289756870 0 -2
1481289757422 2 1
1481289758005 5 -2
1481289760985 4 -1
1481289762472 10 -3
1481289764100 10 -1
1481289764991 6 -2
1481289766136 3 -2
1481289766904 7 2
1481289767669 3 1
1481289768155 6 1
1481289768973 1 3
1481289769654 2 3
1481289770873 0 2
1481289771555 1 -3
1481289783781 12 1
1481289784522 5 -1
1481289786106 0 -1
1481289793121 1 3
1481289795868 11 -1
1481289796438 8 -1
1481289798203 2 -1
1481289799511 0 1
1481289801839 8 -2
1481289805818 2 1
1481289807391 1 -2
1481289812075 1 2
1481289817074 11 1
1481289821948 5 1
1481289822475 12 -1
1481289823072 8 3
1481289823726 0 -2
1481289825295 2 -3
1481289826635 2 3
1481289827905 0 2
