1480341135910 10 -2
1480341136802 0 2
1480341144349 12 1
1480341146372 0 -1
1480341147285 10 2
1480341150901 10 -2
1480341152228 12 -1
1480341171961 R
1480341173245 0 1
1480341174353 12 1
1480341177409 12 -1
1480341178161 0 -1
1480341179145 2 1
1480341180753 2 -1
1480341182496 10 -2
1480341185640 4 2
1480341190565 10 2
1480341191405 5 -1
1480341192585 9 -2
1480341194681 9 2
1480341195368 5 1
1480341196505 10 -2
1480341197769 0 2
1480341199601 9 -1
1480341203557 12 1
1480341204601 0 1
1480341205313 2 1
1480341207541 9 1
1480341208217 9 -1
1480341208882 2 -1
1480341218946 R
1480341225740 0 1
1480341226673 12 1
1480341228731 10 -2
1480341229872 4 2
1480341236488 10 2
1480341237372 5 -1
1480341241020 9 -2
1480341244708 9 2
1480341245564 5 1
1480341246684 10 -2
1480341248368 0 1
1480341251140 9 -1
1480341253681 9 1
1480341255472 12 -1
1480341256940 1 1
1480341264412 1 -1
1480341268061 R
1480341277684 10 -2
1480341278684 1 1
1480341279584 11 -1
1480341282844 0 2
1480341283920 11 -1
1480341287071 0 -1
1480341288096 10 1
1480341289264 5 -1
1480341290248 9 -2
1480341291232 4 2
1480341297596 4 -2
1480341298455 6 1
1480341300692 6 -1
1480341302371 4 2
1480341303279 11 2
1480341304227 1 -1
1480341305264 10 1
1480341308707 9 2
1480341309312 5 1
1480341310364 10 -2
1480341314104 9 -1
1480341316740 4 -2
1480341317812 0 1
1480341318720 4 2
1480341321400 9 1
1480341322243 0 1
1480341322852 9 -1
1480341324567 1 1
1480341325460 11 -2
1480341328216 7 -1
1480341328742 7 1
1480341330355 2 1
1480341331644 2 -1
1480341333051 11 2
1480341333741 12 2
1480341343585 R
1480341346387 4 2
1480341348137 10 -2
1480341350915 0 3
1480341353015 2 1
1480341354487 2 -1
1480341356083 0 -2
1480341357043 10 2
1480341359543 5 -1
1480341360623 9 -2
1480341363931 12 1
1480341369433 12 -1
1480341369975 0 -1
1480341370735 2 1
1480341371715 10 -1
1480341372675 4 -2
1480341375611 4 2
1480341380203 5 -2
1480341381623 10 1
1480341382643 10 -2
1480341383859 1 1
1480341385087 10 1
1480341385647 5 2
1480341386731 2 -1
1480341388475 0 1
1480341389415 12 2
1480341392095 9 2
1480341392886 5 1
1480341393675 10 -1
1480341395207 0 2
1480341396051 2 1
1480341397394 12 -2
1480341398251 1 -1
1480341400591 2 -1
1480341403303 1 1
1480341421074 1 -1
1480341425250 2 1
1480341426418 2 -1
1480341427378 0 -2
1480341428262 10 2
