1482695535908 8 -1
1482695537000 5 -1
1482695538008 12 -1
1482695543124 3 2
1482695544124 4 1
1482695545140 2 1
1482695547408 0 1
1482695548520 9 1
1482695549732 5 1
1482695551272 2 -1
1482695552852 9 -1
1482695553740 4 -1
1482695554736 3 -2
1482695556960 5 -1
1482695564416 7 1
1482695565444 8 -1
1482695566640 9 -1
1482695567784 0 1
1482695574856 5 1
1482695575752 12 1
1482695578467 3 2
1482695579416 6 2
1482695581164 6 -2
1482695581972 2 1
1482695582692 4 1
1482695583404 10 2
1482695584236 7 2
1482695585976 1 -1
1482695588041 7 -1
1482695589644 10 -1
1482695591096 4 -1
1482695591961 3 -1
1482695596844 5 -1
1482695597556 12 -1
1482695599708 3 1
1482695600544 4 1
1482695601844 10 3
1482695605960 2 -1
1482695606486 4 -1
1482695607195 3 -2
1482695610256 1 1
1482695611424 7 1
1482695615912 1 -1
1482695617864 0 -2
1482695621085 0 2
1482695628348 0 -2
1482695629268 9 1
1482695630396 8 1
1482695631256 1 1
1482695631916 0 1
1482695632872 7 -3
1482695639647 3 2
1482695640612 2 1
1482695641332 4 1
1482695642283 9 1
1482695644756 1 1
1482695646538 0 -1
1482695647687 2 -2
1482695652223 2 2
1482695653308 0 1
1482695654739 7 3
1482695655816 7 -3
1482695656897 1 -1
1482695657712 9 -1
1482695659431 10 -4
1482695662268 2 -1
1482695662898 4 -1
1482695663696 3 -2
1482695667632 3 2
1482695668299 2 1
1482695669075 4 1
1482695669836 9 1
1482695672792 1 1
1482695674948 0 -1
1482695677672 5 1
1482695678336 12 1
1482695683141 12 -1
1482695683765 5 -1
1482695684736 2 -2
1482695686864 2 2
1482695689488 0 1
1482695690209 10 1
1482695693203 5 1
1482695693772 12 1
1482695695456 8 2
1482695697573 1 -1
1482695698568 9 -1
1482695699756 4 -1
1482695701738 3 -1
1482695704399 7 3
1482695706116 0 -1
1482695706749 1 -1
1482695709128 8 -3
1482695710907 9 -1
1482695712373 0 2
1482695713272 0 -2
1482695714048 4 -1
1482695715486 11 -1
1482695716627 12 2
1482695727461 5 -1
1482695731528 12 -1
1482695732408 3 1
1482695736115 3 -1
1482695736794 12 1
1482695738599 5 1
1482695740971 12 -3
1482695741725 5 -1
1482695742734 11 1
1482695743267 3 1
1482695744036 4 2
1482695747279 10 1
1482695749724 10 1
1482695750899 2 -3
1482695752651 10 -2
1482695753695 4 -2
1482695754846 11 -3
1482695755685 3 -2
1482695756759 5 3
1482695757595 12 3
1482695759423 4 1
1482695760211 9 1
1482695761111 8 3
1482695763095 2 -1
1482695764866 0 1
1482695765721 7 -1
1482695767184 11 -1
1482695779215 11 1
1482695780007 7 1
1482695781527 0 -1
1482695782700 2 1
1482695788984 8 -3
1482695789941 9 -1
1482695791099 4 -1
1482695792295 11 1
1482695794139 11 -1
1482695794867 4 1
1482695805407 4 -1
1482695806411 11 1
1482695808275 11 -1
1482695816022 R
1482695824780 3 2
1482695825463 4 1
1482695826171 2 1
1482695828389 8 1
1482695830239 10 2
1482695831100 0 1
1482695839455 7 3
1482695844825 1 -1
1482695845436 0 -1
1482695846151 10 -1
1482695847192 4 -1
1482695848589 3 -1
1482695851679 8 -3
1482695852636 9 -1
1482695856139 5 -1
1482695856844 12 -1
1482695857865 3 1
1482695858601 4 1
1482695861427 0 2
1482695862487 7 -1
1482695864359 10 1
1482695867943 5 1
1482695868806 12 1
1482695869664 12 -1
1482695870307 5 -1
1482695871059 0 -1
1482695871611 10 -1
1482695872472 9 2
1482695874788 8 1
1482695875645 1 2
1482695876399 5 1
1482695877027 12 1
1482695877851 8 2
1482695880791 1 -1
1482695881627 9 -1
1482695884455 4 -1
1482695885479 3 -1
1482695886563 7 -2
1482695888319 10 -1
1482695889050 0 -1
1482695899033 2 -2
1482695899938 3 -1
1482695903059 8 -2
1482695904350 5 -1
1482695904923 12 -1
1482695906598 3 2
1482695907288 4 1
1482695907967 2 2
1482695911355 10 4
1482695912395 0 1
1482695913849 2 -1
1482695914374 4 -1
1482695915320 3 -2
1482695917280 7 3
1482695920239 0 -1
1482695921135 2 -1
1482695921659 1 -1
1482695922851 2 1
1482695923791 0 1
1482695924528 7 -1
1482695925871 8 -1
1482695926937 9 -1
1482695927823 0 1
1482695932391 3 2
1482695933363 2 1
1482695933843 4 1
1482695934823 10 -3
1482695940119 0 -1
1482695940959 9 2
1482695941655 5 1
1482695942260 12 1
1482695943185 8 3
1482695944196 9 -1
1482695945607 9 1
1482695946509 1 2
1482695947435 7 -2
1482695948265 1 -1
1482695949076 9 -1
1482695951235 10 -1
1482695952751 9 1
1482695953560 1 1
1482695954377 2 -1
1482695955571 2 1
1482695957267 1 -1
1482695958035 9 -1
1482695958834 10 2
