1482884185388 3 2
1482884188107 4 1
1482884189287 2 1
1482884198294 9 1
1482884200243 1 1
1482884201670 8 -1
1482884203318 5 -1
1482884204998 12 -1
1482884209350 1 -1
1482884212598 9 -1
1482884215131 0 1
1482884216501 7 1
1482884217677 8 -1
1482884218859 9 -1
1482884220268 0 1
1482884223683 5 1
1482884224685 12 1
1482884225867 12 -1
1482884226663 5 -1
1482884228950 10 4
1482884230403 7 2
1482884232694 1 -1
1482884236733 0 -2
1482884241789 2 -3
1482884242908 6 1
1482884243962 7 1
1482884245842 2 2
1482884247279 0 2
1482884248339 4 -1
1482884249605 6 1
1482884253637 0 -2
1482884257947 9 1
1482884258649 R
1482884266412 0 1
1482884267948 7 1
1482884269890 8 -2
1482884272108 9 -1
1482884273595 0 1
1482884299460 3 2
1482884300521 2 1
1482884301329 4 1
1482884302481 10 2
1482884304411 7 2
1482884309640 1 -1
1482884316227 0 -2
1482884318064 9 1
1482884321792 9 -1
1482884322956 5 -1
1482884324586 12 -1
1482884326411 0 2
1482884329731 10 -1
1482884333984 1 1
1482884334976 7 -2
1482884336035 10 -1
1482884338224 2 -1
1482884339155 4 -1
1482884340811 3 -2
1482884344552 5 1
1482884345826 12 1
1482884347624 12 -1
1482884348528 5 -1
1482884352410 3 2
1482884353559 2 1
1482884354730 4 1
1482884358682 10 4
1482884361591 7 2
1482884363303 0 -2
1482884369906 4 -2
1482884371498 2 -2
1482884374266 3 -2
1482884380665 11 -3
1482884383023 4 1
1482884386159 9 1
1482884387911 8 1
1482884391951 3 2
1482884393103 6 2
1482884395842 7 1
1482884397385 6 -1
1482884398658 4 1
1482884401009 9 1
1482884403690 1 1
1482884406930 7 -1
1482884408417 6 -1
1482884414670 1 -2
1482884416294 2 -1
1482884417975 9 -1
1482884420495 10 -3
1482884421864 5 2
1482884423503 12 2
1482884425144 8 2
1482884426686 2 -1
1482884428338 0 1
1482884432328 6 1
1482884433678 7 1
1482884435622 10 -1
1482884437430 0 -1
1482884439416 9 1
1482884440823 2 2
1482884442906 8 -3
1482884446504 5 -2
1482884447904 12 -2
1482884450160 9 -2
1482884453232 4 -2
1482884458371 6 1
1482884461704 11 3
1482884463297 2 1
1482884464847 0 1
1482884465957 4 1
1482884467109 0 1
1482884470371 6 -1
1482884473303 3 -1
1482884483468 R
1482884498799 8 1
1482884517668 8 -2
1482884519783 5 -1
1482884523694 5 1
1482884526014 3 2
1482884528692 6 2
1482884538528 6 -2
1482884539893 2 1
1482884541231 4 1
1482884544076 10 2
1482884546846 0 1
1482884548813 7 3
1482884550829 0 -1
1482884552506 0 1
1482884555773 8 -1
1482884557773 9 -1
1482884559317 0 1
1482884561924 5 -1
1482884563420 12 -1
1482884565741 10 -1
1482884568285 4 -1
1482884569633 3 -1
1482884573517 3 1
1482884575234 0 -2
1482884577130 4 -1
1482884579091 11 -1
1482884580490 3 -1
1482884582942 12 3
1482884587428 0 1
1482884589612 7 -2
1482884593509 10 -1
1482884594906 2 -1
1482884596466 3 -1
1482884608121 5 1
1482884610657 5 -1
1482884613700 3 1
1482884615105 2 1
1482884616676 10 1
1482884618494 7 2
1482884622283 1 -1
1482884626843 5 1
1482884630595 7 -1
