1482003177112 8 -1
1482003178216 5 -1
1482003179385 12 -1
1482003180961 3 2
1482003185038 2 1
1482003186140 4 1
1482003188173 10 4
1482003191952 0 1
1482003193152 7 3
1482003195892 8 -1
1482003196671 1 -1
1482003197968 9 -1
1482003199590 0 1
1482003209146 1 1
1482003210258 7 -2
1482003217814 10 -4
1482003224959 2 -1
1482003226261 4 -1
1482003229151 3 -2
1482003246249 R
1482003253505 0 1
1482003254770 7 1
1482003255881 8 -2
1482003257172 9 -1
1482003268514 9 1
1482003269360 8 3
1482003273231 7 -1
1482003275866 0 -1
1482003282386 2 -1
1482003290579 2 1
1482003291954 0 1
1482003293929 7 1
1482003295887 8 -3
1482003296949 9 -1
1482003298375 0 1
1482003307344 3 2
1482003310549 5 -1
1482003311677 12 -1
1482003323537 0 -1
1482003324648 4 -1
1482003325820 11 -1
1482003327053 3 -2
1482003328633 12 3
1482003336534 5 1
1482003337611 3 1
1482003339080 2 1
1482003348502 12 -3
1482003349536 11 1
1482003350434 3 1
1482003351872 4 2
1482003353431 0 1
1482003356277 2 -1
1482003358144 2 1
1482003359414 10 2
1482003361468 7 2
1482003363539 1 -1
1482003365283 0 -2
1482003367574 10 -1
1482003369732 5 -1
1482003371254 0 2
1482003384255 R
1482003388374 8 1
1482003396983 0 1
1482003400244 7 1
1482003403772 8 -3
1482003405023 9 -1
1482003406949 0 1
1482003410066 0 -1
1482003413305 4 -1
1482003414554 11 -1
1482003415276 12 2
1482003416326 5 -1
1482003419201 R
1482003429310 3 2
1482003430184 6 2
1482003432062 0 1
1482003436975 8 -1
1482003437973 5 -1
1482003440211 12 -1
1482003441361 7 1
1482003442901 8 -1
1482003443749 9 -1
1482003444742 0 1
1482003453309 6 -2
1482003454052 2 1
1482003454692 4 1
1482003456088 10 4
1482003458372 7 2
1482003460946 1 -1
1482003462364 0 -2
1482003463519 2 -3
1482003470812 4 -2
1482003472253 11 -3
1482003480123 6 2
1482003481281 7 1
1482003483615 6 -1
1482003484188 4 2
1482003484930 10 -4
1482003496826 9 2
1482003497701 5 2
1482003498314 12 2
1482003499213 8 3
1482003500307 2 -1
1482003501703 0 1
1482003506576 0 -1
1482003510614 2 2
1482003515113 8 -3
1482003516476 9 -2
1482003518403 5 -2
1482003519286 12 -2
1482003520657 4 -2
1482003522875 11 3
1482003524227 4 2
1482003527034 2 -1
1482003527795 10 4
1482003530280 7 -1
1482003532316 6 -1
1482003533619 2 3
1482003534796 0 2
1482003536312 10 -3
1482003539674 R
1482003547156 0 1
1482003550994 7 1
1482003552761 3 2
1482003554593 2 1
1482003555135 4 1
1482003557369 8 1
1482003564149 8 -3
1482003565328 9 -1
1482003567425 0 1
1482003569338 10 2
1482003575632 7 1
1482003577534 1 -1
1482003588096 7 1
1482003589183 1 1
1482003590269 0 -2
1482003591250 10 -1
1482003594895 0 1
1482003595927 7 -2
1482003597074 10 -1
1482003600031 2 -1
1482003601623 4 -1
1482003607186 2 1
1482003608390 4 1
1482003609477 4 -1
1482003610796 2 -1
1482003611492 5 -1
1482003612084 12 -1
1482003613204 3 -2
1482003615265 4 -1
1482003616429 11 -1
1482003618324 12 3
1482003619927 3 1
1482003621224 2 1
1482003624521 10 1
1482003626062 7 2
1482003630998 1 -1
1482003633518 R
1482003646797 3 2
1482003647947 4 1
1482003648794 9 1
1482003649885 1 1
1482003652509 8 -1
1482003653738 5 -1
1482003654402 12 -1
1482003656130 2 1
1482003658764 0 1
1482003659866 7 1
1482003661138 1 -1
1482003663026 9 -1
1482003663706 8 -1
1482003664473 9 -1
1482003665660 0 1
1482003669007 10 4
1482003676213 0 -1
1482003677269 4 -2
1482003678281 11 -1
1482003678937 3 -1
1482003680617 2 -1
1482003681796 7 2
1482003686560 1 -1
1482003688456 0 -1
1482003689100 2 -2
1482003690137 11 -2
1482003691688 3 -1
1482003694763 4 1
1482003696273 3 2
1482003697013 4 1
1482003697784 10 -3
1482003700475 5 2
1482003702122 4 -2
1482003703087 3 -2
1482003703944 5 1
1482003705735 12 3
1482003708733 4 1
1482003713231 9 1
1482003714214 8 3
1482003715169 2 -1
1482003717264 0 1
1482003719640 7 -1
1482003722814 11 -1
1482003725805 5 -2
1482003726398 12 -2
1482003728472 3 2
1482003730494 4 1
1482003742943 9 1
1482003743837 5 1
1482003745351 12 1
1482003754996 11 1
1482003755615 6 1
1482003756671 7 2
1482003760031 10 -1
1482003764310 9 -1
1482003768094 4 -1
1482003768895 3 -1
1482003770372 12 1
1482003772332 0 -1
1482003773596 2 2
1482003775300 8 -3
1482003777349 9 -1
1482003780437 12 -3
1482003782569 3 1
1482003784987 4 1
1482003790350 2 -1
1482003791254 10 2
1482003793107 7 -1
1482003794308 6 -1
1482003797358 R
1482003826251 0 1
1482003827662 7 1
1482003829573 3 2
1482003830438 2 1
1482003830849 4 1
1482003831441 10 2
1482003832506 7 2
1482003833442 1 -1
1482003834282 8 -2
1482003835346 0 -1
1482003838923 5 -1
1482003839441 12 -1
1482003840075 9 -1
1482003841928 10 2
1482003848890 0 2
1482003851138 7 -1
1482003853354 0 -1
1482003863304 4 -2
1482003864732 11 -1
1482003865456 3 -1
1482003869574 2 -1
1482003870574 3 -1
1482003872119 11 1
1482003872983 4 1
1482003874439 0 1
1482003887268 1 1
1482003888403 7 -1
1482003891712 0 -1
1482003898591 4 -1
1482003901717 11 -1
1482003905967 R
1482003912463 8 -1
1482003914159 8 2
1482003916021 0 1
1482003916835 7 1
1482003918689 8 -3
1482003919576 9 -1
1482003920674 0 1
1482003926863 5 -1
1482003927622 12 -1
1482003935396 3 2
1482003936136 6 2
1482003952092 5 1
1482003953272 12 1
1482003955042 6 -2
1482003956202 4 1
1482003956698 2 1
1482003958317 10 2
1482003964347 7 2
1482003966794 1 -1
1482003967861 0 -2
1482003970756 10 -1
1482003972891 10 1
1482003974635 10 -1
1482003975337 10 1
1482003980202 0 2
1482003980905 1 1
1482003981568 7 -2
1482003982497 0 -1
1482003983297 10 -2
1482003984080 4 -2
1482003984664 2 -1
1482003985759 3 -2
1482003986337 11 -1
1482003987256 12 2
1482003988516 5 -1
