1482280312274 0 1
1482280313310 7 1
1482280314544 8 -2
1482280316176 9 -1
1482280319216 5 -1
1482280321192 4 -1
1482280322463 11 -1
1482280324009 12 2
1482280325144 3 1
1482280332898 2 1
1482280334010 10 1
1482280335096 7 2
1482280336568 0 -1
1482280337505 1 -1
1482280340483 12 -3
1482280341699 11 1
1482280342490 3 1
1482280343571 4 2
1482280345264 10 3
1482280346744 4 -2
1482280348120 2 -3
1482280349624 11 -3
1482280351243 3 -2
1482280354361 3 2
1482280356278 4 2
1482280357776 10 -3
1482280368363 5 2
1482280369560 12 2
1482280370874 9 2
1482280372152 8 3
1482280373360 2 -1
1482280377968 0 1
1482280379264 7 -1
1482280380863 11 -1
1482280388264 9 -1
1482280392601 10 1
1482280394277 5 -1
1482280395752 12 -1
1482280396842 12 1
1482280397656 5 1
1482280398813 10 -1
1482280399969 9 1
1482280404224 11 1
1482280405067 6 1
1482280406045 7 2
1482280407017 10 -1
1482280407926 0 -1
1482280409217 2 2
1482280411544 8 -3
1482280413785 9 -2
1482280422401 9 2
1482280423801 8 3
1482280427401 1 4
1482280430280 2 -2
1482280431920 9 -1
1482280433299 0 1
1482280434320 10 1
1482280436091 7 -4
1482280437380 10 -1
1482280438235 11 -1
1482280439380 6 -1
1482280443373 4 -1
1482280444785 3 -2
1482280446768 0 -1
1482280449233 2 3
1482280451801 0 1
1482280453274 7 1
1482280454688 8 -3
1482280463546 3 2
1482280464723 4 1
1482280465690 9 1
1482280466963 1 -3
1482280468017 9 -2
1482280469674 4 -1
1482280470724 3 -2
1482280471452 5 1
1482280472299 12 1
1482280486192 0 4
