1482701965846 12 -1
1482701972262 2 -1
1482701974206 2 1
1482701981158 0 1
1482701982414 7 1
1482701984358 8 -2
1482701985501 9 -1
1482701986685 5 -1
1482701990373 3 2
1482701991925 2 1
1482701992638 4 1
1482701994221 0 1
1482702010989 10 4
1482702012589 7 2
1482702013983 1 -1
1482702022581 10 -3
1482702035357 7 -1
1482702039159 10 3
1482702043901 0 -1
1482702045349 9 2
1482702047181 7 1
1482702049159 1 2
1482702050528 8 1
1482702051614 0 -1
1482702053824 0 1
1482702055095 7 -3
1482702057567 2 -1
1482702059150 2 1
1482702061286 0 -1
1482702071670 2 -2
1482702075102 2 2
1482702079278 0 1
1482702080438 7 3
1482702082275 8 -1
1482702083288 1 -2
1482702086326 9 -2
1482702088118 10 -3
1482702090518 0 1
1482702094798 0 -1
1482702095950 5 1
1482702096868 12 1
1482702098486 9 2
1482702099294 8 3
1482702101710 1 2
1482702102990 1 -2
1482702107062 7 -1
1482702109158 8 -3
1482702110206 5 -1
1482702112662 5 1
1482702118222 9 -2
1482702120750 5 -1
1482702121862 12 -1
1482702123702 10 3
1482702128383 2 -1
1482702129431 4 -1
1482702130821 3 -2
1482702141341 7 1
1482702142413 0 -1
1482702143805 2 -2
1482702145509 4 -1
1482702146717 11 -3
1482702148685 3 2
1482702151285 3 -2
1482702154117 4 1
1482702161134 3 2
1482702161957 6 2
1482702163013 7 1
1482702165197 2 1
1482702166885 9 1
1482702170453 1 1
1482702171301 8 1
1482702176021 7 -1
1482702177245 6 -2
1482702178277 3 -2
1482702186309 1 -1
1482702187174 8 -1
1482702189741 9 -1
1482702190757 2 -1
1482702197903 3 2
1482702199477 3 -2
1482702204261 9 1
1482702206100 8 1
1482702211117 3 2
1482702212621 6 2
1482702213949 7 1
1482702217316 2 1
1482702219796 8 -1
1482702221076 9 -1
1482702222996 1 1
1482702229828 7 -1
1482702231283 6 -2
1482702232442 3 -2
1482702235532 9 1
1482702240948 8 1
1482702244380 3 2
1482702247580 8 -1
1482702248716 9 -1
1482702249652 1 -1
1482702251828 4 -1
1482702252772 2 -1
1482702254544 11 3
1482702257700 6 2
1482702258916 7 1
1482702262298 2 2
1482702263340 0 1
1482702264204 1 1
1482702265364 7 -3
1482702268109 6 -2
1482702269228 2 1
1482702270836 4 2
1482702273055 10 -4
1482702283644 9 2
1482702289628 10 1
1482702291795 5 1
1482702292764 12 1
1482702293612 12 -1
1482702294523 5 -1
1482702299587 10 -1
1482702305043 5 1
1482702306075 12 1
1482702307523 8 3
1482702308955 7 -1
1482702311707 1 1
1482702314131 10 1
1482702319851 1 -1
1482702324770 10 -1
1482702327802 2 -1
1482702329386 6 1
1482702331026 0 -1
1482702333034 1 1
1482702334506 8 -2
1482702335562 1 -1
1482702338275 6 -1
1482702339634 2 1
1482702340962 9 -1
1482702342386 12 -1
1482702343242 5 -1
1482702344330 5 1
1482702345066 5 -1
1482702347546 4 -1
1482702348498 2 -2
1482702350802 6 2
1482702354794 2 1
1482702355482 2 -1
1482702358882 5 1
1482702359842 12 1
1482702361082 8 2
1482702362913 2 1
1482702371322 0 1
1482702372402 7 1
1482702377126 8 -3
1482702378402 9 -1
1482702379178 5 -1
1482702380146 12 -1
1482702383354 4 -1
1482702385066 6 -2
1482702386009 3 -2
1482702387777 11 -1
1482702394841 11 1
1482702396183 5 1
1482702397345 12 1
1482702405185 11 -1
1482702406938 3 2
1482702407809 6 2
1482702410601 11 1
1482702411825 4 1
1482702413921 0 1
1482702419233 6 -2
1482702420137 3 -2
1482702426073 5 -1
1482702427073 12 -1
1482702432489 3 2
1482702433857 6 2
1482702437353 0 -1
1482702438393 4 -1
1482702444121 11 -1
1482702448606 6 -2
1482702449769 3 -2
1482702454001 11 1
1482702455706 4 1
1482702457697 0 1
1482702472617 12 1
1482702473536 5 1
1482702478938 3 2
1482702480096 6 2
1482702484784 5 -1
1482702485744 12 -1
1482702491712 0 -1
1482702493360 4 -1
1482702498384 6 -1
1482702498599 6 -1
1482702499827 2 1
1482702503016 4 2
1482702506186 10 4
1482702508184 10 -4
1482702510512 0 1
1482702515992 4 -1
1482702517008 2 -1
1482702521288 6 2
1482702536744 5 1
1482702537656 12 1
1482702539800 0 -1
1482702540678 9 1
1482702541455 8 3
1482702543479 7 -1
1482702546239 0 -1
1482702549063 6 -2
1482702549978 3 -2
1482702553423 2 -1
1482702559015 8 -2
1482702559991 5 -1
1482702560855 12 -1
1482702563983 2 1
1482702565327 3 2
1482702566447 6 2
1482702572143 6 -2
1482702572895 3 -2
1482702576191 5 1
1482702577175 12 1
1482702582743 0 1
1482702583919 7 1
1482702588047 8 -1
1482702589727 5 -1
1482702591711 9 -1
1482702592655 12 -1
1482702593951 0 1
1482702597519 3 2
1482702598823 6 2
1482702599879 6 -2
1482702600647 2 1
1482702601463 4 1
1482702608112 10 4
1482702609575 7 2
1482702611614 1 -1
1482702614607 0 -2
1482702615927 9 2
1482702618631 8 1
1482702619694 1 2
1482702624959 2 -2
1482702626078 6 1
1482702628222 7 1
1482702633590 8 -1
1482702635198 1 -2
1482702636790 9 -2
1482702638462 2 1
1482702644870 7 -1
1482702647366 6 -1
1482702648350 2 1
1482702651134 10 -3
1482702656102 9 2
1482702656854 5 1
1482702657662 12 1
1482702658814 8 3
1482702660334 1 2
1482702661449 8 -3
1482702662766 5 -1
1482702663918 12 -1
1482702665014 1 -2
1482702666254 9 -2
1482702671718 0 2
1482702674062 5 1
1482702674934 12 1
1482702678950 12 -1
1482702679662 5 -1
1482702680621 0 -2
1482702682927 10 3
1482702684285 2 -3
1482702685445 4 -2
1482702686533 11 -3
1482702687445 3 -2
1482702694070 11 3
1482702695085 4 1
1482702697397 9 1
1482702699069 9 -1
1482702701757 3 2
1482702702597 6 2
1482702703453 7 1
1482702706133 4 -1
1482702707069 11 -3
1482702707887 6 -1
1482702709035 4 2
1482702712911 10 -4
1482702714805 5 2
1482702717165 5 -2
1482702725382 2 1
1482702727653 5 2
1482702728709 12 2
1482702731260 9 2
1482702732378 8 3
1482702733717 1 4
1482702735196 2 -2
1482702738380 0 1
1482702739652 0 -1
1482702745756 9 -1
1482702748204 0 1
1482702750300 10 2
1482702751388 7 -4
1482702752460 11 -1
1482702753118 6 -1
1482702753951 10 -2
1482702755860 0 -1
1482702756725 2 4
1482702759700 8 -2
1482702766396 2 -3
1482702769214 4 -1
1482702770534 3 -2
1482702771396 5 1
1482702772308 12 1
1482702774460 2 2
1482702776780 8 2
1482702777564 8 -2
1482702787084 8 2
1482702792740 2 -3
1482702796260 10 1
1482702797052 11 1
1482702799052 0 1
1482702800084 7 3
1482702802636 0 -1
1482702820860 2 1
1482702821555 8 -3
1482702824539 9 -1
1482702837947 9 1
1482702838947 8 3
1482702840019 2 -1
1482702845019 12 -1
1482702845899 5 -1
1482702846683 5 1
1482702847459 12 1
1482702851243 0 1
1482702852507 7 -3
1482702855091 0 -1
1482702857883 10 -1
1482702858819 11 -1
1482702864835 2 3
1482702866675 8 -2
1482702873043 2 -2
1482702876137 11 1
1482702877043 10 1
1482702879523 10 -1
1482702880306 11 -1
1482702884651 2 2
1482702888851 8 2
1482702892562 0 1
1482702894410 7 1
1482702896484 8 -3
1482702898571 9 -1
1482702900125 0 4
