1480028988689 0 1
1480028990964 7 1
1480028991321 8 -2
1480028991943 9 -1
1480028992865 0 1
1480028994028 3 2
1480028994520 2 1
1480028994867 4 1
1480028995395 10 2
1480028996221 7 2
1480028996625 1 -1
1480028998836 0 -2
1480029000279 5 -1
1480029000623 12 -1
1480029001681 10 2
1480029002351 2 -3
1480029003658 4 -2
1480029004171 3 -2
1480029004709 11 -3
1480029005608 3 2
1480029006011 6 2
1480029006395 7 1
1480029007725 4 1
1480029008784 4 -1
1480029009408 6 -1
1480029009946 4 2
1480029010485 10 -4
1480029011804 4 -2
1480029012287 3 -1
1480029012762 5 2
1480029013251 12 3
1480029014321 4 1
1480029015091 9 1
1480029015477 8 3
1480029015988 2 -1
1480029016461 0 1
1480029016905 10 1
1480029017865 7 -2
1480029018241 11 -1
1480029018604 6 -1
1480029018927 3 -1
1480029019592 5 1
1480029023638 5 -1
1480029024076 11 1
1480029024444 7 1
1480029024765 0 -1
1480029025456 2 1
1480029025901 8 -3
1480029026657 5 -2
1480029027195 12 -3
1480029029907 3 2
1480029030307 6 2
1480029030695 7 1
1480029030999 10 -1
1480029031747 9 -1
1480029032499 4 -1
1480029032877 11 3
1480029033594 2 2
1480029033977 4 1
1480029034475 0 2
1480029037748 0 -2
1480029038477 0 2
1480029038806 1 1
1480029039925 0 -2
1480029041174 4 -1
1480029041585 4 1
1480029042347 2 -1
1480029042755 4 -1
1480029043201 11 -3
1480029043530 6 -1
1480029043868 3 -1
1480029044314 5 2
1480029044718 12 3
1480029045061 4 1
1480029045478 9 1
1480029046579 8 3
1480029047169 1 -1
1480029047628 2 -2
1480029048036 0 1
1480029048361 10 1
1480029048724 7 -2
1480029049169 11 -1
1480029049511 6 -1
1480029049851 3 -1
1480029050590 5 1
1480029054622 5 -1
1480029055113 12 -1
1480029055782 3 2
1480029056269 4 1
1480029057049 10 1
1480029058859 10 -1
1480029059286 11 1
1480029059564 6 1
1480029059967 7 1
1480029060606 7 1
1480029060860 10 -1
1480029061555 0 -1
1480029061972 2 2
1480029062275 9 1
1480029062650 8 -3
1480029063403 9 -2
1480029064163 9 2
1480029065425 1 4
1480029066155 9 -2
1480029068198 4 -2
1480029069520 3 -1
1480029070735 2 -1
1480029071121 10 1
1480029071454 7 -1
1480029071785 6 -1
1480029072106 3 -1
1480029072482 4 1
1480029072791 5 1
1480029073093 12 1
1480029073474 9 1
1480029073842 8 3
1480029074195 2 -1
1480029074623 0 1
1480029075052 7 -3
1480029075417 10 -1
1480029075778 11 -1
1480029076552 0 -1
1480029076931 2 3
1480029077320 0 1
1480029077708 8 -2
1480029078427 7 1
1480029079062 8 -1
1480029079481 9 -1
1480029079961 0 4
