1482688481505 8 -1
1482688482907 5 -1
1482688483605 12 -1
1482688490227 3 2
1482688491112 2 1
1482688491638 4 1
1482688495005 10 4
1482688496502 0 1
1482688497137 10 -4
1482688498409 9 1
1482688499200 1 1
1482688502629 1 -1
1482688503211 9 -1
1482688504112 5 1
1482688505274 5 -1
1482688509606 7 1
1482688510340 8 -1
1482688511376 9 -1
1482688512127 0 1
1482688514845 10 4
1482688515611 7 2
1482688516372 1 -1
1482688524595 10 -3
1482688526446 10 3
1482688527537 2 -1
1482688528140 10 -1
1482688530196 6 1
1482688531188 7 1
1482688533844 10 1
1482688535898 7 -2
1482688536363 6 -1
1482688537337 2 1
1482688537930 10 -3
1482688540205 5 1
1482688541129 12 1
1482688542003 5 -1
1482688542537 12 -1
1482688543463 R
1482688548120 2 -1
1482688554737 8 -1
1482688555489 5 -1
1482688555996 12 -1
1482688563716 12 1
1482688564454 5 1
1482688565404 8 2
1482688567451 R
1482688574356 2 -1
1482688576913 8 -1
1482688577570 5 -1
1482688578112 12 -1
1482688581398 2 1
1482688582080 0 1
1482688582912 7 1
1482688583542 8 -1
1482688584027 9 -1
1482688590341 0 1
1482688599642 3 2
1482688602053 2 1
1482688602718 4 1
1482688604648 10 2
1482688605526 7 2
1482688606782 1 -1
1482688608673 10 -1
1482688612688 0 -1
1482688613442 9 2
1482688616477 R
1482688635351 0 1
1482688636331 7 1
1482688637155 8 -2
1482688639469 9 -1
1482688651209 4 -1
1482688651972 11 -1
1482688652646 12 2
1482688659910 3 1
1482688660922 2 1
1482688661784 10 1
1482688662437 7 2
1482688663323 1 -1
1482688669551 7 -1
1482688672460 1 1
1482688674678 7 -1
1482688679402 10 -1
1482688680288 2 -1
1482688681550 3 -1
1482688683645 12 -2
1482688685158 11 1
1482688685904 4 1
1482688688422 0 1
1482688699246 0 -1
1482688699826 4 -1
1482688703145 11 -1
1482688708172 3 1
1482688709458 12 2
1482688714039 R
1482688720535 8 -1
1482688723023 2 -1
1482688734388 12 -1
1482688735572 5 -1
1482688736922 R
1482688747462 8 -1
1482688749298 3 2
1482688750335 2 1
1482688751336 4 1
1482688758131 10 2
1482688759440 10 -2
1482688760900 2 -2
1482688762838 9 1
1482688764180 1 1
1482688765518 5 -1
1482688766985 5 1
1482688769268 2 2
1482688771010 0 1
1482688771990 7 1
1482688772901 8 -1
1482688773630 1 -1
1482688774806 9 -2
1482688777895 2 -1
1482688778956 4 -2
1482688779889 3 -2
1482688781536 11 -1
1482688783746 12 2
1482688787966 3 1
1482688788625 2 1
1482688790178 10 1
1482688791620 10 -1
1482688792334 10 1
1482688793112 7 2
1482688793865 1 -1
