1482471035764 2 -1
1482471043078 2 1
1482471044764 2 -1
1482471049339 3 2
1482471051361 2 2
1482471055932 0 1
1482471058523 7 1
1482471065457 8 -2
1482471067314 8 3
1482471069261 10 1
1482471072053 7 2
1482471075242 1 -1
1482471077505 8 -3
1482471079452 9 -1
1482471081835 5 -1
1482471083290 12 -1
1482471086405 0 1
1482471091804 3 -1
1482471096012 7 -1
1482471099820 7 1
1482471115108 1 1
1482471120052 7 -2
1482471125384 10 -1
1482471128815 2 -1
1482471131750 3 -1
1482471140687 3 2
1482471142918 2 1
1482471145252 4 1
1482471152025 12 1
1482471154580 5 1
1482471164628 0 -1
1482471170787 9 2
1482471172469 8 3
1482471174701 1 1
1482471176421 7 -1
1482471178059 0 -1
1482471187676 1 -1
1482471189573 9 -1
1482471193453 2 -2
1482471195157 4 -1
1482471197937 3 -2
1482471205701 8 -2
1482471218944 12 -1
1482471220853 5 -1
1482471233488 3 2
1482471245923 2 2
1482471247856 0 1
1482471249726 7 1
1482471251212 8 -1
1482471253500 9 -1
1482471256236 4 -1
1482471260156 11 -1
1482471261794 3 -1
1482471264406 12 3
1482471273261 10 1
1482471276237 7 2
1482471285798 5 1
1482471297016 5 -1
1482471302398 7 -2
1482471305450 10 -1
1482471308014 2 -1
1482471310423 3 -1
1482471322753 3 1
1482471325511 2 1
1482471327815 10 1
1482471331454 7 2
1482471342442 1 -1
1482471343845 1 1
1482471347783 7 -2
1482471354045 10 -1
1482471358724 2 -1
1482471361900 3 -1
1482471382504 5 1
1482471388210 5 -1
1482471396933 3 1
1482471424256 5 1
1482471427736 12 -3
1482471429064 5 -1
1482471431270 11 1
1482471432648 3 1
1482471434521 4 2
1482471441856 5 1
1482471443922 12 1
1482471446568 5 -1
1482471450719 5 1
1482471452435 9 2
1482471454106 8 3
1482471455941 7 -1
1482471458488 1 1
1482471460856 0 -1
1482471462471 2 -1
1482471470136 2 2
1482471472339 0 1
1482471481263 1 -1
1482471484168 9 -1
1482471490073 10 2
1482471493538 7 3
1482471495550 1 -1
1482471499311 8 -3
1482471501881 9 -1
1482471503203 5 -1
1482471504665 12 -1
1482471509389 10 2
1482471513298 4 -2
1482471515081 2 -1
1482471517765 3 -2
1482471522073 4 1
1482471524825 0 1
1482471534681 7 -1
1482471540846 1 1
1482471543065 7 -1
1482471553042 3 2
1482471556099 4 1
1482471558209 2 1
1482471560803 10 -4
1482471567289 5 1
1482471571936 5 -1
1482471575714 4 -1
1482471576874 2 -1
1482471578289 3 -2
1482471587309 12 1
1482471589098 5 1
1482471597442 0 -1
1482471602990 9 1
1482471604325 8 3
1482471606680 7 -1
1482471614380 0 -1
1482471617125 2 -1
1482471625442 8 -2
1482471629165 5 -1
1482471630437 12 -1
1482471637258 3 2
1482471644243 4 1
1482471648963 5 1
1482471652163 12 1
1482471658315 8 2
1482471662009 8 -2
1482471665806 4 -1
1482471667723 3 -2
1482471676199 8 2
1482471681582 8 -2
1482471688417 3 2
1482471691454 6 2
1482471693735 2 1
1482471696211 0 1
1482471697885 7 1
1482471703361 8 -1
1482471705407 9 -1
1482471707043 0 1
1482471715070 6 -2
1482471717614 2 1
1482471719819 4 1
1482471721963 10 2
1482471724133 7 2
1482471726171 1 -1
1482471737697 0 -2
1482471740471 9 1
1482471741755 8 3
1482471746014 1 1
1482471756260 0 1
1482471758804 7 -3
1482471760181 8 -2
1482471765404 10 -2
1482471769922 2 -1
1482471771620 4 -1
1482471777705 3 -2
1482471787391 5 -1
1482471788540 12 -1
1482471797717 0 -1
1482471799508 2 -1
1482471805516 3 2
1482471807583 4 1
1482471810235 9 1
1482471818003 1 1
1482471825033 5 1
1482471826308 12 1
1482471827464 8 2
1482471832406 1 -1
1482471835333 9 -1
1482471844367 4 -1
1482471847181 4 1
1482471854098 2 2
1482471855837 10 2
1482471857278 0 1
1482471859239 7 3
1482471862757 8 -3
1482471864420 1 -1
1482471868317 9 -1
1482471870245 0 1
1482471873304 7 -1
1482471877523 10 -1
1482471879739 4 -1
1482471882325 3 -1
1482471896508 1 1
1482471897841 7 -1
1482471899354 10 -1
1482471902910 2 -1
1482471905358 3 -1
1482471920693 3 2
1482471922661 4 1
1482471923950 4 -1
1482471925631 3 -2
1482471927342 0 -1
1482471928716 4 -1
1482471932808 11 -1
1482471934854 12 2
1482471944015 5 -1
1482471951878 3 1
1482471954408 2 1
1482471958572 10 1
1482471960670 7 2
1482471966047 1 -1
1482471970471 1 1
1482471975463 7 -2
1482471978046 10 -1
1482471980721 2 -1
1482471985431 3 -1
1482471991919 3 1
1482471993561 2 1
1482471995351 2 -1
1482471998901 3 -1
1482472019951 5 1
1482472021090 5 -1
1482472023050 12 -3
1482472025210 12 3
1482472031399 3 1
1482472033352 2 1
1482472035271 10 1
1482472037087 7 2
1482472042535 1 -1
1482472045324 0 -1
1482472053388 5 1
1482472054889 5 -1
1482472066397 5 1
1482472069178 5 -1
1482472087220 5 1
1482472094596 0 1
1482472097170 7 -1
1482472104754 1 1
1482472106800 7 -1
1482472108817 10 -1
1482472111030 2 -1
1482472112819 3 -1
1482472126473 5 -1
1482472127995 12 -3
1482472131170 11 1
1482472133161 3 2
1482472134407 4 2
1482472136088 0 1
1482472140035 2 1
1482472151590 10 2
1482472153803 7 2
1482472156171 1 -1
1482472159067 10 -1
1482472164921 4 -1
1482472166619 3 -1
1482472172225 1 1
1482472174209 7 -2
1482472175497 10 -1
1482472177716 2 -1
1482472179365 3 -1
1482472193277 0 -1
1482472197772 0 1
1482472212750 3 2
1482472215865 4 1
1482472217572 2 1
1482472223296 10 2
1482472226954 7 2
1482472229337 1 -1
1482472238986 0 -2
1482472242841 10 -1
1482472245173 10 3
1482472246474 0 2
1482472251714 10 -3
1482472254458 4 -1
1482472256946 3 -1
1482472262024 0 -2
1482472264474 4 -1
1482472266292 4 1
1482472271130 3 1
1482472272552 4 1
1482472280186 4 -2
1482472281964 11 -1
1482472283261 3 -1
1482472284219 12 3
1482472297372 12 -3
1482472298978 11 1
1482472300602 3 1
1482472302925 4 2
1482472306691 10 3
1482472308099 0 2
1482472313205 10 -3
1482472321537 0 -2
1482472323483 4 -2
1482472327339 11 -1
1482472328659 3 -1
1482472332115 12 3
1482472338667 1 1
1482472340333 0 1
1482472342435 7 -2
1482472345326 10 -1
1482472348290 2 -1
1482472350139 3 -1
1482472358251 5 1
1482472373516 3 1
1482472375045 2 1
1482472378420 10 1
1482472380114 7 2
1482472381899 1 -1
1482472387628 5 -1
1482472396266 5 1
1482472403040 7 -1
1482472407182 1 1
1482472409162 7 -1
1482472410409 10 -1
1482472412162 2 -1
1482472413967 3 -1
1482472434684 3 1
1482472435821 2 1
1482472438477 10 1
1482472440685 7 2
1482472445020 1 -1
1482472449204 0 -1
1482472451324 0 1
1482472465446 7 -1
1482472471092 12 -3
1482472473229 5 -1
1482472476621 1 1
1482472477786 7 -1
1482472479927 10 -1
1482472489893 10 1
1482472493069 7 2
1482472494829 1 -1
1482472507393 1 1
1482472508709 7 -2
1482472513167 10 -1
1482472515652 2 -1
1482472517091 3 -1
1482472521878 11 1
1482472524420 4 1
1482472525808 9 1
1482472527037 8 1
1482472528698 7 -1
1482472534759 0 -1
1482472537405 2 -1
1482472544302 5 1
1482472545842 12 1
1482472547022 8 2
1482472556120 2 1
1482472557710 0 1
1482472562558 7 1
1482472567417 8 -3
1482472569146 9 -1
1482472570864 0 1
1482472581702 3 2
1482472585446 4 1
1482472586772 2 1
1482472589337 10 2
1482472607726 7 2
1482472610742 1 -1
1482472618804 10 -1
1482472620953 4 -1
1482472622358 3 -1
1482472634156 3 1
1482472635966 4 1
1482472637750 10 1
1482472643679 7 -1
1482472645711 10 -1
1482472647871 4 -1
1482472649167 3 -1
1482472659463 7 1
1482472665056 0 -2
1482472667451 4 -1
1482472668824 11 -1
1482472670327 12 2
1482472680519 5 -1
1482472682967 1 1
1482472685945 0 1
1482472690666 5 1
1482472702095 1 -1
1482472706085 7 -1
1482472718104 1 1
1482472719576 7 -1
1482472723016 10 -1
1482472726164 2 -1
1482472727976 3 -1
1482472733459 3 1
1482472737392 6 1
1482472741304 6 -1
1482472750608 2 1
1482472753307 10 1
1482472755952 7 2
1482472765269 7 -2
1482472767896 10 -1
1482472770466 2 -1
1482472772493 3 -1
1482472777800 3 1
1482472786840 6 1
1482472793185 5 -1
1482472796385 5 1
1482472798673 6 -1
1482472799609 2 1
1482472801023 10 1
1482472802465 7 2
1482472803923 1 -1
1482472811938 12 -3
1482472813193 5 -1
1482472817149 1 1
1482472818431 7 -2
1482472823801 10 -1
1482472831518 11 1
1482472833121 4 1
1482472834569 0 1
1482472837728 3 1
1482472839553 4 1
1482472847809 10 3
1482472850065 7 2
1482472856546 1 -1
1482472862673 10 -2
1482472871563 10 3
1482472876118 4 -1
1482472877650 2 -1
1482472880636 3 -2
1482472888954 7 -1
1482472895538 0 -1
1482472898616 4 -1
1482472900396 11 -1
1482472904715 7 1
1482472906001 0 -1
1482472907956 2 -2
1482472910098 11 -2
1482472913986 4 1
1482472916612 9 1
1482472922770 8 1
1482472932350 3 2
1482472934332 4 1
1482472939453 10 -3
1482472945429 12 2
1482472946339 5 2
1482472948141 9 1
1482472954093 8 2
1482472959635 2 -1
1482472961443 0 1
1482472963243 7 -1
1482472964891 11 -1
1482472969307 11 1
1482472970524 6 1
1482472973213 7 2
1482472979155 7 -2
1482472980978 11 -1
1482472982603 6 -1
1482472997590 9 -1
1482472999691 9 1
1482473008564 9 -1
1482473009651 4 -1
1482473013259 3 -2
1482473016326 5 1
1482473018443 12 1
1482473048048 11 1
1482473050513 7 1
1482473054561 0 -1
1482473059788 2 1
1482473061286 8 -3
1482473062841 9 -1
1482473081507 9 1
1482473085573 8 3
1482473086690 2 -1
1482473088147 0 1
1482473097976 7 -1
1482473100356 11 -1
1482473118886 11 1
1482473120469 7 1
1482473123497 0 -1
1482473124909 2 1
1482473126294 8 -3
1482473128519 9 -1
1482473159259 9 1
1482473163587 8 3
1482473166711 2 -1
1482473168939 0 1
1482473172889 7 -1
1482473176199 11 -1
1482473182926 11 1
1482473184734 7 1
1482473193435 0 -1
1482473194888 2 1
1482473195931 8 -3
1482473198252 9 -1
1482473210654 4 -1
1482473220030 4 1
1482473231494 9 1
1482473234861 8 3
1482473238478 2 -1
1482473247742 0 1
1482473254464 7 -1
1482473262964 11 -1
1482473263846 11 1
1482473268777 11 -1
1482473270709 11 1
1482473278815 7 1
1482473282511 0 -1
1482473288007 2 1
1482473289773 8 -3
1482473293213 9 -1
1482473307855 4 -1
1482473309967 11 1
1482473325820 5 -3
1482473328143 12 -3
1482473337400 11 2
1482473339336 3 2
1482473343127 4 2
1482473346138 10 3
1482473348284 2 3
1482473351727 0 2
1482473363869 4 -1
1482473364992 2 -1
1482473372912 7 -1
1482473380934 6 2
1482473382342 6 -2
1482473383749 3 -2
1482473392836 1 1
1482473394032 7 -1
1482473414347 7 2
1482473417600 1 -1
1482473420534 0 -2
1482473423307 2 -2
1482473425839 4 -1
1482473427865 11 -3
1482473431456 4 1
1482473434567 2 1
1482473435707 2 -1
1482473437915 9 1
1482473439200 8 1
1482473440771 8 -1
1482473442873 9 -1
1482473445137 2 1
1482473450785 4 -1
1482473454735 11 2
1482473456497 2 1
1482473458739 0 1
1482473460236 7 -1
1482473467506 11 1
1482473469130 4 1
1482473470347 0 1
1482473477337 3 2
1482473480884 4 1
1482473483281 2 1
1482473487075 10 -3
1482473492751 4 -1
1482473495502 3 -1
1482473497338 12 1
1482473498476 5 1
1482473503529 1 1
1482473504757 7 -1
1482473506114 10 -1
1482473507816 2 -1
1482473509085 3 -1
1482473521588 3 2
1482473525040 4 1
1482473526356 2 1
1482473531314 10 2
1482473533157 7 2
1482473537959 1 -1
1482473541362 10 -1
1482473544273 4 -1
1482473545540 3 -1
1482473552738 7 -1
1482473555994 7 1
1482473558012 3 1
1482473574367 0 -2
1482473576939 4 -1
1482473578269 11 -1
1482473579877 3 -1
1482473581106 12 2
1482473588245 0 1
1482473589766 7 -1
1482473593234 1 1
1482473595571 7 -1
1482473596534 10 -1
1482473598067 2 -1
1482473600102 3 -1
1482473611400 5 -1
1482473619205 3 1
1482473623067 2 1
1482473624508 10 1
1482473626227 7 2
1482473629554 1 -1
1482473639151 7 -1
1482473647131 1 1
1482473648174 7 -1
1482473649295 10 -1
1482473651327 2 -1
1482473652454 3 -1
1482473656437 5 1
1482473664291 5 -1
1482473672155 3 1
1482473674915 2 1
1482473677676 10 1
1482473680010 7 2
1482473682720 1 -1
1482473690734 5 1
1482473692755 5 -1
1482473700207 7 -1
1482473706762 5 1
1482473707669 5 -1
1482473712758 12 -3
1482473714691 11 1
1482473715838 3 1
1482473717628 4 2
1482473729058 10 3
1482473733518 0 1
1482473738452 7 1
1482473740588 0 -2
1482473743469 10 -3
1482473749058 10 3
1482473751932 4 -2
1482473753644 2 -3
1482473757159 11 -3
1482473761036 4 2
1482473764293 10 -3
1482473766759 12 2
1482473768383 5 2
1482473772626 9 2
1482473774435 8 3
1482473775874 2 -1
1482473777117 0 1
1482473778616 7 -1
1482473780253 11 -1
1482473800141 9 -1
1482473801581 9 1
1482473804712 11 1
1482473805757 6 1
1482473807149 7 2
1482473820029 0 -1
1482473821615 2 1
1482473823682 8 -3
1482473829664 9 -2
1482473831120 4 -2
1482473833876 10 -1
1482473836733 2 1
1482473840015 3 -1
1482473841526 12 1
1482473847358 4 1
1482473850796 2 -1
1482473859820 9 1
1482473861509 8 3
1482473866244 2 -1
1482473869190 0 1
1482473881789 10 1
1482473883366 7 -2
1482473884801 6 -1
1482473886313 3 -1
1482473888494 5 1
1482473897030 7 1
1482473922256 7 -1
1482473932799 7 1
1482473934911 0 -1
1482473939222 2 1
1482473941673 8 -3
1482473945039 9 -1
1482473976015 9 1
1482473977040 8 3
1482473979892 2 -1
1482473981738 0 1
1482473995107 7 -1
1482473997406 11 -1
1482474015424 5 -2
1482474017920 5 2
1482474027160 11 1
1482474034449 11 -1
1482474041880 11 1
1482474050026 7 1
1482474051200 0 -1
1482474052250 2 1
1482474053157 8 -3
1482474057557 9 -1
1482474069368 9 1
1482474070938 8 3
1482474075701 2 -1
1482474077339 0 1
1482474093225 7 -1
1482474095635 11 -1
1482474101427 11 1
1482474103011 11 -1
1482474107921 11 1
1482474109459 7 1
1482474110545 0 -1
1482474114990 2 1
1482474115919 8 -3
1482474117273 9 -1
1482474142185 9 1
1482474147241 8 3
1482474152689 2 -1
1482474157714 0 1
1482474161894 7 -1
1482474163610 11 -1
1482474169928 11 1
1482474171136 7 1
1482474174282 0 -1
1482474177068 2 1
1482474178803 8 -3
1482474180705 9 -1
1482474191618 9 1
1482474192697 8 3
1482474206965 2 -1
1482474209092 0 1
1482474216073 0 -1
1482474217700 2 1
1482474218612 8 -3
1482474221407 9 -1
1482474235411 4 -1
1482474236698 11 1
1482474245130 11 -1
1482474247541 4 1
1482474248892 9 1
1482474254907 8 3
1482474257700 2 -1
1482474259387 0 1
1482474261263 7 -1
1482474263195 11 -1
1482474268275 11 1
1482474269515 7 1
1482474272531 0 -1
1482474274195 2 1
1482474286280 8 -3
1482474288397 9 -1
1482474292851 4 -1
1482474301027 4 1
1482474307405 9 1
1482474308466 8 3
1482474313720 2 -1
1482474315315 0 1
1482474318092 7 -1
1482474319987 11 -1
1482474341250 11 1
1482474342589 7 1
1482474344160 0 -1
1482474346351 2 1
1482474348964 8 -3
1482474371674 9 -1
1482474376000 5 -3
1482474377630 12 -3
1482474389666 3 2
1482474395292 4 1
1482474399500 10 2
1482474404061 2 1
1482474409808 10 1
1482474411141 4 -2
1482474414826 11 2
1482474416743 2 2
1482474418785 0 1
1482474422129 2 -1
1482474425173 3 -2
1482474429341 1 1
1482474430726 7 -2
1482474436533 11 1
1482474437887 4 1
1482474444532 0 1
1482474447768 7 2
1482474448937 1 -1
1482474460885 1 1
1482474464465 7 -2
1482474472021 0 -1
1482474476005 4 -1
1482474478552 11 -1
1482474488541 7 2
1482474489958 1 -1
1482474501166 7 -1
1482474505270 7 1
1482474507491 1 1
1482474508759 7 -2
1482474518284 11 1
1482474519716 4 1
1482474523766 0 1
1482474527455 7 2
1482474529006 1 -1
1482474535894 3 2
1482474537414 4 1
1482474538585 2 1
1482474540999 10 -3
1482474547662 12 1
1482474548737 5 1
1482474552505 0 -2
1482474557100 0 2
1482474558734 7 -1
1482474565282 4 -1
1482474575034 0 -1
1482474576488 4 -1
1482474577809 11 -1
1482474579080 3 -1
1482474580641 12 2
1482474584874 7 1
1482474593418 1 1
1482474594991 7 -2
1482474596131 10 -1
1482474600344 2 -1
1482474601569 3 -1
1482474613635 3 1
1482474615889 2 1
1482474617562 10 1
1482474619223 7 2
1482474621262 1 -1
1482474639560 1 1
1482474641119 7 -2
1482474642382 10 -1
1482474643936 2 -1
1482474645529 3 -1
1482474659935 3 1
1482474662184 2 1
1482474663792 10 1
1482474665424 7 2
1482474675058 1 -1
1482474681348 5 -1
1482474684697 5 1
1482474689758 7 -1
1482474692245 1 1
1482474693795 7 -1
1482474694896 10 -1
1482474696539 2 -1
1482474697688 3 -1
1482474707024 5 -1
