1481864064225 3 2
1481864064673 2 1
1481864064924 4 1
1481864065325 10 2
1481864065682 0 1
1481864066447 7 3
1481864066812 0 -1
1481864067085 1 -1
1481864070087 8 -2
1481864070806 5 -1
1481864071221 12 -1
1481864072512 10 2
1481864073231 2 -3
1481864073600 8 1
1481864075252 6 1
1481864075558 7 1
1481864076011 10 -4
1481864077036 2 2
1481864077306 9 1
1481864077547 12 1
1481864079035 5 1
1481864079434 8 2
1481864080009 2 -3
1481864080589 0 1
1481864080840 10 1
1481864081190 7 -2
1481864082841 6 -1
1481864085445 9 -1
1481864087654 7 1
1481864087953 0 -1
1481864088227 2 1
1481864088562 8 -3
1481864089046 9 -1
1481864090616 4 -2
1481864091657 6 2
1481864092026 7 1
1481864092603 11 -3
1481864094106 6 -1
1481864094452 7 -1
1481864094837 6 -1
1481864096056 4 2
1481864098371 4 -2
1481864098787 3 -2
1481864099367 4 1
1481864099714 5 2
1481864100076 12 2
1481864100646 9 1
1481864101071 8 3
1481864101653 2 -1
1481864101955 0 1
1481864102364 7 -1
1481864114476 12 -2
1481864115879 5 -2
1481864116390 3 2
1481864118912 6 2
1481864120063 11 -1
1481864123551 6 -2
1481864124100 4 1
1481864124592 5 1
1481864124903 12 1
1481864125227 9 1
1481864127567 11 1
1481864127875 6 1
1481864128236 7 2
1481864128561 10 -1
1481864128813 0 -1
1481864129429 2 2
1481864130064 8 -3
1481864130889 9 -2
1481864131938 5 -2
1481864132387 12 -2
1481864132865 4 -2
1481864134204 11 3
1481864135071 4 2
1481864135965 2 -1
1481864136286 10 4
1481864137183 2 2
1481864137684 0 1
1481864138041 1 1
1481864138544 7 -3
1481864139436 6 -1
1481864139834 2 1
1481864140272 10 -4
1481864142970 4 -2
1481864143597 11 -1
1481864143926 3 -1
1481864144374 5 1
1481864144800 12 3
1481864147320 12 -3
1481864148181 11 1
1481864148561 5 -1
1481864149282 3 1
1481864151194 4 2
1481864151596 0 1
1481864153462 10 4
1481864155109 7 1
1481864155626 1 -1
1481864159093 10 -3
1481864159462 5 1
1481864160340 12 1
1481864163105 10 1
1481864163905 7 1
1481864164320 0 -2
1481864165503 5 -1
1481864165832 12 -1
1481864166196 10 2
1481864166597 2 -3
1481864166952 4 -2
1481864168428 11 -3
1481864169268 4 2
1481864169630 10 -3
1481864171929 6 1
1481864172685 7 1
1481864173096 10 -1
1481864173535 2 1
1481864173996 5 2
1481864174301 12 2
1481864174625 9 2
1481864175027 8 3
1481864175694 2 -2
1481864176344 10 1
1481864177019 7 -1
1481864177376 0 1
1481864178214 7 -1
1481864181025 9 -1
1481864181642 4 -1
1481864182730 6 -1
1481864183203 3 -2
1481864183779 5 1
1481864184127 12 1
1481864186654 7 1
1481864187024 0 -1
1481864187638 2 1
1481864188013 8 -3
1481864188402 9 -1
1481864197803 5 -3
1481864198245 12 -3
1481864199129 4 -1
1481864200620 3 2
1481864201094 4 2
1481864203525 10 3
1481864205509 9 2
1481864205777 2 1
1481864206313 8 1
1481864207403 9 -1
1481864208189 2 -1
1481864208547 10 -3
1481864209007 5 2
1481864209246 12 2
1481864209775 8 2
1481864210272 2 -1
1481864210747 0 1
1481864211067 7 -1
1481864211580 11 -1
1481864212849 4 -1
1481864213243 3 -2
1481864213582 5 1
1481864213854 12 1
1481864216663 11 1
1481864216997 7 1
1481864217364 0 -1
1481864217778 2 1
1481864218168 8 -3
1481864218562 9 -1
1481864219306 5 -3
1481864219768 12 -3
1481864220247 4 -1
1481864220994 3 2
1481864221593 6 2
1481864222333 6 -2
1481864222892 4 2
1481864223521 10 3
1481864225209 6 1
1481864225732 7 1
1481864227273 4 -2
1481864227819 11 3
1481864228280 4 2
1481864228877 7 -1
1481864229333 2 2
1481864230065 2 -2
1481864230471 10 -3
1481864230872 7 1
1481864231926 10 -1
1481864232209 2 2
1481864240898 0 2
1481864242939 1 1
1481864243764 0 -2
1481864244719 1 -1
1481864245107 2 -2
1481864247052 10 4
1481864247647 2 2
1481864248495 9 2
1481864248890 8 1
1481864249214 1 2
1481864249527 0 1
1481864250114 7 -4
1481864252422 0 -1
1481864252895 2 -1
1481864253485 6 -1
1481864254347 2 2
1481864254944 1 -1
1481864255259 9 -1
1481864255759 10 -4
1481864257016 2 -2
1481864258659 5 1
1481864258911 12 1
1481864259394 8 2
1481864263768 4 -1
1481864268963 2 1
1481864269453 0 1
1481864269851 7 1
1481864270183 8 -3
1481864270645 9 -1
1481864271199 4 -1
1481864273313 11 -1
1481864283737 3 -1
1481864284825 12 2
1481864286599 2 1
1481864288124 10 1
1481864288487 7 2
1481864288895 0 -1
1481864289161 1 -1
1481864290689 5 -1
1481864291128 12 -3
1481864291643 11 1
1481864292002 3 1
1481864292474 4 2
1481864292990 10 3
1481864293656 2 -3
1481864294616 6 1
1481864294951 7 1
1481864296584 10 -4
1481864301343 4 -2
1481864304033 11 -3
1481864308085 4 1
1481864308523 2 1
1481864309509 9 1
1481864309786 5 1
1481864310050 12 1
1481864310546 8 3
1481864311352 2 -2
1481864311753 0 1
1481864312078 10 1
1481864312499 7 -2
1481864313012 11 -1
1481864313348 6 -1
1481864313714 4 1
1481864314692 5 1
1481864315020 12 1
1481864315503 9 1
1481864317234 5 -1
1481864317729 9 -1
1481864318136 12 -1
1481864330742 11 1
1481864331059 6 1
1481864331511 7 2
1481864331875 10 -1
1481864332146 0 -1
1481864332568 2 2
1481864333303 8 -3
1481864333975 9 -1
1481864334413 5 1
1481864334788 12 1
1481864335230 9 2
1481864335614 1 4
1481864337460 8 3
1481864338102 2 -2
1481864338559 0 1
1481864338807 10 1
1481864339201 7 -4
1481864339626 6 -1
1481864339923 11 -1
1481864340240 10 -1
1481864340903 0 -1
1481864342114 2 4
1481864342462 10 1
1481864342743 0 1
1481864343531 1 -3
1481864344133 7 2
1481864344539 8 -3
1481864347224 1 -1
1481864347855 9 -2
1481864352249 1 1
1481864352618 7 -1
1481864352997 10 -1
1481864353757 2 -1
1481864354143 4 -1
1481864354619 3 -2
1481864354974 5 1
1481864355244 12 1
1481864355911 0 5
