1479699195021 3 2
1479699196538 3 -2
1479699202347 8 1
1479699203853 0 1
1479699204292 7 1
1479699205734 7 -1
1479699206636 0 -1
1479699207116 2 -1
1479699208840 2 1
1479699209462 0 1
1479699210743 3 2
1479699211560 2 1
1479699211891 4 1
1479699212529 10 2
1479699213268 7 3
1479699215177 8 -3
1479699216482 1 -1
1479699216878 9 -1
1479699217516 0 1
1479699229308 1 1
1479699230292 7 -2
1479699230782 10 -2
1479699231332 2 -1
1479699232388 4 -1
1479699232901 3 -2
1479699246482 R
1479699257963 0 1
1479699258334 7 1
1479699258716 8 -1
1479699259351 8 -1
1479699259764 9 -1
1479699276076 4 -1
1479699279547 3 1
1479699283111 2 1
1479699284129 10 1
1479699286567 7 2
1479699287873 1 -1
1479699288340 0 -1
1479699292256 0 1
1479699293146 1 1
1479699293954 7 -2
1479699295039 10 -1
1479699295505 2 -1
1479699295994 3 1
1479699296516 6 2
1479699298993 6 -2
1479699299538 2 1
1479699300038 10 1
1479699300726 7 2
1479699302372 1 -1
1479699302855 0 -1
1479699304851 4 2
1479699307791 4 -2
1479699309493 4 1
1479699309951 4 1
1479699310409 10 1
1479699311348 10 -1
1479699312500 5 -1
1479699313259 10 2
1479699314021 2 -3
1479699314787 10 -2
1479699315814 4 -2
1479699324410 6 1
1479699325289 7 1
1479699326525 10 -1
1479699333568 10 1
1479699334105 7 -1
1479699334593 6 -1
1479699338259 4 1
1479699340036 4 1
1479699340651 10 2
1479699341716 2 2
1479699342491 0 2
1479699343221 7 -1
1479699345373 7 1
1479699346836 7 -1
1479699347461 1 1
1479699347990 7 -1
1479699350748 0 -1
1479699352408 7 2
1479699352835 0 -1
1479699353215 2 -1
1479699355616 1 -1
1479699356082 2 -1
1479699356844 10 -2
1479699357595 4 -2
1479699359583 11 -3
1479699360259 3 -2
1479699361764 12 2
1479699362944 5 3
1479699364008 4 1
1479699366611 9 1
1479699367233 8 3
1479699367815 2 -1
1479699368373 0 1
1479699370159 0 -1
1479699372708 0 1
1479699373384 7 -1
1479699377190 7 1
1479699379977 0 -1
1479699380658 2 1
1479699381429 8 -3
1479699383105 9 -1
1479699383844 4 -1
1479699384489 11 1
1479699389723 5 -2
1479699390336 11 1
1479699391883 3 1
1479699393254 3 -1
1479699393590 11 -2
1479699394265 5 2
1479699394817 4 1
1479699396331 9 1
1479699396851 8 3
1479699397683 2 -1
1479699398536 2 1
1479699405110 2 -1
1479699405496 0 1
1479699406576 7 -1
1479699407112 11 -1
1479699411429 R
1479699413021 8 1
1479699416112 2 -1
1479699419279 8 -2
1479699438411 2 1
1479699438883 0 1
1479699439350 7 1
1479699439793 8 -1
1479699440515 9 -1
1479699440990 4 -1
1479699441494 11 -1
1479699443466 12 2
1479699444321 3 1
1479699444793 2 1
1479699445196 2 -1
1479699449423 6 1
1479699450377 6 -1
1479699450773 2 1
1479699451155 10 1
1479699451940 7 2
1479699452389 0 -1
1479699452810 1 -1
1479699456062 5 -1
1479699457467 12 -3
1479699458126 11 1
1479699458485 3 1
1479699459106 4 2
1479699459899 0 2
1479699460573 7 -1
1479699462080 10 3
1479699464356 2 -1
1479699464690 4 -1
1479699465063 3 -2
1479699466374 7 1
1479699467143 1 1
1479699468401 7 -2
1479699469201 0 -1
1479699470010 7 1
1479699470662 7 1
1479699471049 0 -1
1479699471872 2 -1
1479699472223 4 -1
1479699472883 11 -3
1479699485246 11 3
1479699485790 3 2
1479699487172 2 2
1479699487655 4 2
1479699491388 1 -1
1479699502146 2 -1
1479699503164 4 -1
1479699504382 3 -2
1479699505559 2 -1
1479699506006 4 -1
1479699510153 3 2
1479699510705 4 2
1479699511164 10 -1
1479699511906 2 -1
1479699512523 10 -2
1479699513837 4 -2
1479699514362 11 -3
1479699515480 3 -2
1479699516311 5 3
1479699517026 12 3
1479699517594 4 1
1479699521150 4 -1
1479699521554 5 -2
1479699522393 5 2
1479699522897 4 1
1479699523526 5 -1
1479699524046 3 1
1479699525072 12 -1
1479699525592 3 1
1479699526058 4 1
1479699527238 5 -2
1479699530670 12 -1
1479699531912 4 -1
1479699532914 6 2
1479699533505 7 1
1479699533869 10 -1
1479699538544 2 1
1479699539197 2 -1
1479699542831 6 -1
1479699543337 4 1
1479699547428 4 -2
1479699548004 11 3
1479699548567 2 2
1479699549416 4 2
1479699550979 0 2
1479699552778 0 -2
1479699553331 2 -2
1479699553975 10 3
1479699554580 2 2
1479699555310 0 2
1479699558223 0 -2
1479699560584 0 2
1479699561415 7 -2
1479699565266 6 -1
1479699566348 6 1
1479699566819 7 2
1479699568373 0 -2
1479699568996 2 -2
1479699570463 10 -3
1479699571665 4 -2
1479699572171 11 -3
1479699574050 3 -1
1479699574649 12 2
1479699577699 4 1
1479699578136 9 1
1479699578521 5 2
1479699579254 8 3
1479699579820 2 -1
1479699581823 2 1
1479699585823 12 -1
1479699586258 3 1
1479699586637 4 1
1479699587065 9 1
1479699587921 2 1
1479699588332 1 4
1479699589932 8 -3
1479699591849 9 -2
1479699592462 4 -2
1479699598070 2 -1
1479699598676 10 1
1479699599662 7 -1
1479699600437 6 -1
1479699607700 4 1
1479699608305 9 1
1479699608912 8 2
1479699609601 8 1
1479699610194 2 -1
1479699611584 0 1
1479699612190 7 -3
1479699613114 10 -1
1479699613502 11 -1
1479699621417 0 -1
1479699621922 2 4
1479699622544 0 1
1479699623810 8 -2
1479699624866 4 1
1479699626775 7 1
1479699627597 8 -1
1479699628141 9 -1
1479699628755 0 1
1479699634888 0 -1
1479699635309 9 2
1479699635895 1 -3
1479699636567 9 -2
1479699637189 0 1
1479699639541 2 -1
1479699640591 4 -1
1479699640977 3 -2
1479699641451 5 1
1479699641864 12 1
1479699642553 0 3
