1482004620076 8 -1
1482004622796 12 -1
1482004623445 5 -1
1482004628041 12 1
1482004628619 5 1
1482004629540 8 2
1482004630790 0 1
1482004631872 7 1
1482004632627 8 -3
1482004633598 9 -1
1482004634438 0 1
1482004634960 5 -1
1482004635871 12 -1
1482004639046 5 1
1482004639831 12 1
1482004641932 3 2
1482004642734 4 1
1482004643363 2 1
1482004644056 10 2
1482004645315 7 2
1482004646134 0 -2
1482004648742 5 -1
1482004650533 12 -1
1482004652859 10 2
1482004653645 4 -2
1482004654310 2 -2
1482004655104 11 -3
1482004656231 4 2
1482004661808 4 -2
1482004662653 11 3
1482004663847 2 2
1482004665040 0 1
1482004667082 7 -2
1482004669037 2 -1
1482004670072 2 1
1482004672101 4 2
1482004672779 0 1
1482004673402 2 -1
1482004674541 4 -1
1482004675348 3 -2
1482004678602 3 2
1482004680453 6 2
1482004681674 7 3
1482004682718 0 -2
1482004685366 2 -1
1482004685919 4 -1
1482004686605 11 -3
1482004690733 4 1
1482004692179 R
1482004695836 3 2
1482004696902 4 1
1482004699125 0 1
1482004699955 7 1
1482004700743 8 -2
1482004701868 9 -1
1482004702604 0 1
1482004708599 5 -1
1482004709995 5 1
1482004715892 4 -1
1482004716786 3 -2
1482004718533 3 2
1482004719203 6 2
1482004721938 0 -1
1482004722612 9 1
1482004723313 8 3
1482004724323 7 -1
1482004725721 0 -1
1482004726806 2 -1
1482004728483 6 -2
1482004729346 4 1
1482004730042 2 2
1482004730828 10 2
1482004732363 0 1
1482004733282 7 3
1482004734169 1 -1
1482004737202 0 -1
1482004739179 1 1
1482004739723 0 1
1482004741321 7 -3
1482004741888 0 -1
1482004742891 10 -2
1482004743884 2 -2
1482004747965 2 2
1482004748854 10 2
1482004749821 0 1
1482004750629 7 3
1482004751409 1 -1
1482004752061 0 -1
1482004756208 10 -1
1482004759258 8 -3
1482004760769 5 -1
1482004761328 12 -1
1482004762136 10 3
1482004762977 9 -1
1482004765040 2 -1
1482004765744 6 1
1482004769512 9 1
1482004772240 8 1
1482004772896 1 1
1482004773524 0 1
1482004775035 7 -3
1482004775792 0 -1
1482004776474 2 -1
1482004780119 2 1
1482004780722 0 1
1482004781442 7 3
1482004782153 1 -1
1482004783817 0 -1
1482004784785 8 -1
1482004787471 2 -2
1482004788152 2 2
1482004790079 10 -1
1482004790809 12 1
1482004792836 2 -2
1482004794647 10 -2
1482004796024 5 1
1482004796855 8 3
1482004797943 2 -1
1482004799463 0 1
1482004804232 6 -1
1482004805660 9 1
1482004807098 9 -1
1482004809816 7 -1
1482004811104 10 1
1482004811927 7 1
1482004814087 R
1482004815439 R
1482004823511 12 -1
1482004826183 12 1
1482004827534 8 1
1482004830902 0 1
1482004831496 0 -1
1482004832376 8 -2
1482004833454 5 -1
1482004834102 12 -1
1482004835414 12 1
1482004836011 5 1
1482004836774 8 2
1482004838842 0 1
1482004840010 7 1
1482004841794 8 -3
1482004842558 9 -1
1482004843567 0 1
1482004845024 3 2
1482004845952 4 1
1482004846657 2 1
1482004860511 12 -1
1482004861074 5 -1
1482004869287 4 -1
1482004869946 2 -1
1482004871061 3 -2
1482004873071 0 -1
1482004873811 4 -1
1482004874694 11 -1
1482004875495 12 3
1482004877357 5 1
1482004878728 3 1
1482004879488 2 1
1482004880655 10 1
1482004881720 5 -1
1482004883373 R
1482004888655 0 1
1482004889169 7 1
1482004889886 8 -2
1482004890794 9 -1
1482004892284 0 1
1482004894909 0 -1
1482004897788 4 -1
1482004900788 R
1482004901945 2 -1
1482004903852 8 1
1482004904484 8 -2
1482004905185 5 -1
1482004905783 12 -1
1482004907742 3 2
1482004908749 4 1
1482004911537 2 2
1482004912596 10 4
1482004915532 0 1
1482004919438 9 1
1482004920526 1 1
1482004921639 7 3
1482004925301 8 -1
1482004926651 1 -1
1482004927415 1 -1
1482004929051 9 -2
1482004930131 0 -1
1482004932149 0 2
1482004934278 7 -1
1482004935901 2 -1
1482004936955 4 -1
1482004937816 3 -1
1482004938901 3 -1
1482004941101 0 -1
1482004943539 R
