1482696545083 12 -1
1482696547212 2 -1
1482696550445 2 1
1482696551524 0 1
1482696552475 7 1
1482696552915 8 -2
1482696555804 12 1
1482696558331 9 -1
1482696561907 12 -1
1482696563411 5 -1
1482696566467 4 -1
1482696567883 11 -1
1482696568460 12 3
1482696573114 5 1
1482696575035 3 1
1482696575956 2 1
1482696577626 10 1
1482696578372 7 1
1482696579178 7 1
1482696580027 1 -1
1482696583178 0 -1
1482696583995 5 -1
1482696584628 12 -3
1482696585252 11 1
1482696585939 3 1
1482696587259 4 2
1482696588459 10 3
1482696589690 2 -3
1482696591115 4 -2
1482696592379 11 -3
1482696595059 3 -2
1482696596540 4 1
1482696597698 4 -1
1482696598579 3 2
1482696599587 4 2
1482696600220 10 -3
1482696601708 4 -2
1482696602381 3 -2
1482696603740 12 2
1482696605012 12 1
1482696606251 5 3
1482696607085 4 1
1482696608524 9 1
1482696609221 8 3
1482696609996 2 -1
1482696612836 0 1
1482696616332 5 -2
1482696617100 12 -2
1482696617949 3 2
1482696618811 4 1
1482696619613 9 1
1482696621691 7 -1
1482696622395 11 -1
1482696624403 6 1
1482696625069 11 1
1482696625899 7 2
1482696627043 0 -1
1482696627732 10 -1
1482696628852 2 2
1482696629756 1 2
1482696637836 8 -3
1482696638988 1 -2
1482696641044 9 -2
1482696643819 2 -1
1482696645723 4 -2
1482696649235 11 3
1482696650819 2 2
1482696651564 4 2
1482696654011 0 2
1482696654804 4 -1
1482696655507 3 -1
1482696656979 5 -1
1482696658035 12 -1
1482696659163 1 1
1482696667498 0 -1
1482696668523 4 -1
1482696669276 11 -1
1482696670011 12 3
1482696671955 5 1
1482696673019 1 -1
1482696674620 0 -1
1482696675731 2 -2
1482696676492 10 1
1482696677099 7 -1
1482696677931 6 -1
1482696679419 11 -2
1482696682794 4 1
1482696683524 9 1
1482696684331 8 3
1482696685690 2 -1
1482696687235 3 -1
1482696688275 5 2
1482696689939 2 1
1482696690531 8 -3
1482696691452 9 -1
1482696692403 5 -3
1482696694395 12 -1
1482696696931 12 -2
1482696698947 3 2
1482696699914 4 1
1482696701506 10 3
1482696704139 4 -2
1482696704947 11 3
1482696706195 4 2
1482696707058 2 3
1482696707875 0 2
1482696710036 10 -3
1482696711963 4 -1
1482696713786 5 1
1482696714482 12 1
1482696715586 5 -1
1482696717290 7 -1
1482696719490 1 1
1482696720243 7 -1
1482696721618 10 -1
1482696724210 4 1
1482696727442 10 3
1482696728914 10 -3
1482696731090 2 -1
1482696731770 4 -1
1482696732770 3 -2
1482696735179 3 2
1482696735763 4 1
1482696736187 2 1
1482696739851 2 -1
1482696740490 4 -1
1482696741530 6 2
1482696742938 12 -1
1482696748906 6 -1
1482696749762 6 -1
1482696750818 3 -2
1482696753146 0 -1
1482696754058 4 -1
1482696754866 11 -1
1482696755786 12 3
1482696757379 5 1
1482696761218 3 1
1482696761826 2 1
1482696763418 5 -1
1482696766970 12 -3
1482696767570 11 1
1482696768291 3 1
1482696769033 4 2
1482696770027 0 1
1482696770906 2 -1
1482696771609 4 -1
1482696772858 3 -2
1482696781450 5 1
1482696782745 12 1
1482696785818 0 -1
1482696786530 4 -1
1482696787786 5 -1
1482696797377 12 -1
1482696798465 11 -1
1482696799059 3 2
1482696799746 11 1
1482696800554 2 1
1482696801082 4 2
1482696802538 10 4
1482696803585 7 2
1482696804433 1 -1
1482696807010 0 1
1482696814633 0 -2
1482696816001 2 -3
1482696818265 4 -2
1482696819114 3 -2
1482696820154 11 -3
1482696822985 3 2
1482696824001 4 2
1482696826024 9 1
1482696826993 8 1
1482696828465 10 -3
1482696830113 5 2
1482696830658 12 2
1482696831202 8 2
1482696832537 5 -1
1482696833257 12 -1
1482696834291 2 -1
1482696837145 9 1
1482696837753 9 -1
1482696838561 4 -1
1482696839633 3 -2
1482696842377 5 2
1482696843120 12 2
1482696844336 2 1
1482696844817 8 -3
1482696845985 9 -1
1482696856864 5 -3
1482696858007 12 -3
1482696858881 3 2
1482696859729 4 1
1482696860368 10 3
1482696863001 4 -2
1482696863560 11 3
1482696864432 2 3
1482696865448 0 1
1482696867168 2 -1
1482696867641 4 2
1482696868272 2 1
1482696869368 0 1
1482696875135 7 -1
1482696875904 1 1
1482696877599 7 -1
1482696878888 10 -4
1482696881248 2 -1
1482696881904 4 -1
1482696882648 3 -2
1482696884015 12 1
1482696884855 5 1
1482696885520 0 -1
1482696886063 9 1
1482696886640 8 3
1482696887519 7 -1
1482696888903 0 -1
1482696891328 2 -1
1482696892376 3 2
1482696893168 4 1
1482696895967 6 1
1482696896824 2 1
1482696897303 2 -1
1482696898272 4 -1
1482696900567 3 -1
1482696901728 3 1
1482696902560 6 1
1482696903120 2 1
1482696905264 8 -2
1482696905872 5 -1
1482696908888 12 -1
1482696910657 6 -2
1482696911608 2 1
1482696912688 4 1
1482696913376 0 1
1482696915849 10 4
1482696917719 7 3
1482696919720 1 -1
1482696920312 8 -1
1482696921745 9 -1
1482696924312 7 -1
1482696926730 0 1
1482696927536 2 -1
1482696928160 4 -1
1482696929193 3 -2
1482696930329 7 1
1482696931944 1 1
1482696933529 7 -2
1482696935849 3 2
1482696937401 6 2
1482696940849 6 -2
1482696941568 3 -2
1482696942977 7 2
1482696944040 1 -1
1482696945848 0 -1
1482696946617 9 1
1482696947833 8 1
1482696948425 1 1
1482696949064 7 -3
1482696952760 3 2
1482696955872 4 1
1482696956368 2 1
1482696957977 9 1
1482696958936 1 1
1482696961424 1 -1
1482696962032 9 -1
1482696962720 10 -4
1482696964591 2 -1
1482696966016 9 1
1482696966760 5 1
1482696967727 12 1
1482696968328 8 2
1482696969096 1 1
1482696971304 0 -1
1482696972768 2 -1
1482696973256 1 -1
1482696974128 9 -1
1482696978695 4 -1
1482696979336 3 -2
1482696980744 2 1
1482696983279 8 -2
1482696984209 5 -1
1482696985312 12 -1
1482696987183 2 -1
1482696988415 3 2
1482696989168 4 1
1482696989825 2 2
1482696992016 9 1
1482696994217 10 1
1482696994896 0 1
1482696995784 7 3
1482696996847 1 -1
1482696997376 8 -1
1482696998128 9 -2
1482697001215 0 1
1482697002223 7 -1
1482697005015 4 -1
1482697006320 5 1
1482697007663 12 1
1482697008567 3 -1
1482697011488 1 1
1482697012247 7 -1
1482697012849 10 -1
1482697013631 2 -1
1482697014887 3 -1
1482697017488 0 -1
1482697018335 9 1
1482697019521 3 2
1482697020399 6 2
1482697022392 5 -1
1482697023304 12 -1
1482697023999 9 -1
1482697025719 4 -1
1482697028191 6 -2
1482697029359 2 1
1482697029912 4 2
1482697030608 10 4
1482697031711 7 2
1482697034072 1 -1
1482697035039 0 1
1482697040119 10 -3
1482697041823 10 3
1482697042879 4 -1
1482697043663 2 -1
1482697044359 3 -2
1482697049215 7 -1
1482697049759 1 1
1482697052566 0 -1
1482697054270 4 -1
1482697055271 1 -1
1482697056735 3 2
1482697058871 4 2
1482697059487 9 2
1482697061063 8 1
1482697061647 1 2
1482697062159 7 -2
1482697069919 6 1
1482697079703 7 4
1482697081054 1 -2
1482697081862 8 -1
1482697083623 9 -2
1482697084400 0 1
1482697086006 7 -2
1482697086974 6 -1
1482697088029 2 1
1482697092269 10 -3
1482697093446 5 1
1482697094014 12 1
1482697096629 0 -1
1482697097245 4 -2
1482697099693 3 -1
1482697100310 11 -1
1482697101293 12 2
1482697102061 5 -1
1482697107669 12 -3
1482697108397 11 1
1482697108991 3 1
1482697109486 4 2
1482697111405 0 1
1482697112709 10 3
1482697113973 7 1
1482697115357 1 1
1482697116436 2 -1
1482697116910 4 -1
1482697118526 1 -1
1482697119829 7 -1
1482697120581 2 1
1482697121070 4 1
1482697122006 0 -1
1482697122749 9 2
1482697124453 R
1482697127132 3 2
1482697128134 4 1
1482697128773 2 1
1482697131165 8 -1
1482697131965 5 -1
1482697132901 12 -1
1482697135148 2 -2
1482697136885 2 2
1482697138596 0 1
1482697139149 7 1
1482697139597 8 -1
1482697140486 9 -1
1482697144949 5 1
1482697145565 12 1
1482697147702 9 2
1482697148398 8 3
1482697149662 7 -1
1482697150326 1 1
1482697152518 0 -1
1482697156870 1 -1
1482697158102 8 -2
1482697158614 5 -1
1482697161998 12 -1
1482697163358 9 -1
1482697164117 4 -1
1482697165621 2 -2
1482697170549 3 -2
1482697175414 12 1
1482697175917 5 1
1482697176773 8 2
1482697178317 2 1
1482697179374 0 1
1482697183837 3 2
1482697184422 4 1
1482697185149 2 1
1482697187397 9 1
1482697188142 1 1
1482697190686 10 1
1482697191677 7 3
1482697192559 1 -2
1482697196709 1 1
1482697198581 7 -2
1482697199477 8 -3
1482697201061 9 -2
1482697209885 10 -1
1482697212037 4 -2
1482697214373 2 -1
1482697214966 5 -1
1482697217125 12 -1
1482697218461 4 2
1482697219062 2 1
1482697219821 0 1
1482697220653 2 -1
1482697221405 4 -1
1482697222533 3 -2
1482697224997 5 1
1482697225613 12 1
1482697226869 3 2
1482697228053 2 1
1482697228637 4 1
1482697229564 10 2
1482697231214 7 2
1482697231862 1 -1
1482697234013 5 -1
1482697234541 12 -1
1482697235773 10 2
1482697236461 4 -1
1482697238205 0 -2
1482697239013 4 -1
1482697240660 2 -3
1482697241645 11 -3
1482697242574 3 -2
1482697246348 4 1
1482697250516 2 1
1482697251044 1 1
1482697252303 9 1
1482697252916 8 1
1482697253524 1 -1
1482697254013 8 -1
1482697254741 9 -1
1482697255341 2 -1
1482697261821 4 -1
1482697264717 3 2
1482697265707 11 3
1482697266604 4 2
1482697267604 10 -3
1482697268844 4 -2
1482697269900 11 -3
1482697270740 3 -2
1482697271676 4 1
1482697273012 5 3
1482697274083 12 3
1482697275107 9 1
1482697275700 8 3
1482697278036 2 -1
1482697283339 0 1
1482697284267 7 -1
1482697289227 7 1
1482697289707 0 -1
1482697291059 2 1
1482697291723 8 -3
1482697292437 9 -1
1482697293372 4 -1
1482697294205 5 -3
1482697295044 12 -3
1482697295883 4 1
1482697297316 4 -1
1482697297940 3 2
1482697298771 6 2
1482697299603 11 1
1482697301387 11 -1
1482697302772 11 3
1482697304203 4 1
1482697305595 7 1
1482697306147 10 -1
1482697307101 2 2
1482697308556 0 2
1482697310426 1 1
1482697314651 0 -1
1482697315347 4 -1
1482697317123 11 -1
1482697318363 12 2
1482697319059 5 1
1482697321132 1 -1
1482697322540 0 -1
1482697323875 0 1
1482697325971 6 -1
1482697326554 3 -1
1482697327283 12 1
1482697328788 5 -1
1482697331900 1 1
1482697337092 5 1
1482697340251 5 -1
1482697341156 12 -3
1482697341916 11 1
1482697342908 3 1
1482697343973 4 2
1482697345532 0 1
1482697346132 1 -1
1482697353475 4 -1
1482697354091 5 1
1482697354620 12 1
1482697357603 3 -1
1482697359492 1 1
1482697363276 0 -2
1482697364164 9 1
1482697364708 8 3
1482697365476 1 -1
1482697366443 0 1
1482697367387 0 -1
1482697367964 2 -3
1482697369516 0 1
1482697375869 10 1
1482697376979 7 -2
1482697377492 6 -1
1482697378075 3 -1
1482697380891 7 1
1482697382164 0 -1
1482697383011 2 1
1482697383700 8 -3
1482697385045 9 -1
1482697390299 5 -1
1482697391300 12 -1
1482697392275 4 -1
1482697392892 11 -3
1482697393859 4 1
1482697399835 12 3
1482697400907 5 3
1482697401764 9 1
1482697402332 8 3
1482697406611 2 -1
1482697409202 5 -2
1482697410051 12 -2
1482697410556 3 2
1482697411563 4 1
1482697412330 10 1
1482697413243 0 1
1482697413786 7 -1
1482697414722 11 -1
1482697415907 10 -1
1482697418715 4 -1
1482697419380 3 -2
1482697420331 5 2
1482697421332 12 2
1482697425099 11 1
1482697426467 7 1
1482697429419 5 -2
1482697430051 12 -2
1482697430739 3 2
1482697431610 4 1
1482697432379 6 1
1482697433011 7 1
1482697433619 10 -1
1482697434483 9 1
1482697436651 0 -1
1482697437435 2 2
1482697438140 8 -3
1482697440026 2 -1
1482697441498 9 -2
1482697443435 5 -1
1482697444227 12 -1
1482697445755 10 4
1482697447442 7 -1
1482697449371 7 1
1482697449915 2 1
1482697450554 2 -1
1482697451283 4 -2
1482697452282 11 2
1482697453611 2 2
1482697454490 0 1
1482697455197 7 -2
1482697456475 6 -1
1482697457219 2 1
1482697461034 1 1
1482697461570 7 -1
1482697463426 2 -1
1482697464314 3 -2
1482697468131 7 2
1482697468531 0 -1
1482697469227 1 -1
1482697470171 2 -2
1482697470946 11 -2
1482697471467 4 1
1482697474027 2 1
1482697475170 2 -1
1482697475979 9 1
1482697477378 3 2
1482697478171 4 1
1482697478954 10 -3
1482697480243 9 -1
1482697487650 5 2
1482697488811 12 2
1482697489770 4 -2
1482697490595 3 -2
1482697491210 5 1
1482697491882 12 1
1482697492850 4 1
1482697498242 9 1
1482697498875 8 3
1482697501092 2 -1
1482697501818 0 1
1482697503218 5 -2
1482697503818 12 -2
1482697504371 3 2
1482697505554 4 1
1482697506826 9 1
1482697508338 9 -1
1482697510034 6 1
1482697510842 7 1
1482697511738 10 -1
1482697517297 9 1
1482697517794 5 1
1482697518425 12 1
1482697520098 0 -1
1482697520906 2 2
1482697521691 1 4
1482697522595 8 -3
1482697525139 1 -4
1482697525954 2 -1
1482697527466 9 -2
1482697528354 5 -2
1482697529138 12 -2
1482697530098 4 -2
1482697530658 11 3
1482697531914 4 2
1482697532898 2 2
1482697536778 0 2
1482697542570 5 1
1482697543010 12 1
1482697543658 4 -1
1482697544314 3 -1
1482697546354 1 1
1482697547898 5 -1
1482697548378 12 -1
1482697550194 3 1
1482697550986 6 1
1482697553147 0 -2
1482697554121 2 -1
1482697554546 4 -1
1482697555282 6 -1
1482697555922 3 -1
1482697556450 11 -3
1482697562913 4 1
1482697564794 1 -1
1482697565555 2 -1
1482697566402 10 1
1482697566961 7 -1
1482697567385 6 -1
1482697568394 3 -1
1482697569521 5 3
1482697571001 4 -1
1482697571714 11 1
1482697574481 5 -3
1482697575809 11 1
1482697576674 3 2
1482697577921 3 -1
1482697579458 11 1
1482697580129 3 1
1482697580962 4 2
1482697582026 10 3
1482697583713 2 3
1482697585073 0 2
1482697585865 2 -1
1482697586617 4 -1
1482697587650 7 -1
1482697589825 2 1
1482697590385 4 1
1482697591377 10 -3
1482697592490 10 3
1482697594617 2 -1
1482697595289 4 -1
1482697595873 3 -2
1482697597442 1 1
1482697598145 7 -1
1482697601313 3 2
1482697602137 2 1
1482697602545 4 1
1482697603153 10 -4
1482697605153 5 1
1482697605753 12 1
1482697606299 0 -1
1482697607057 9 2
1482697607585 8 3
1482697609081 1 1
1482697609825 1 -1
1482697610385 9 -1
1482697611521 4 -1
1482697611961 2 -1
1482697612929 3 -2
1482697615329 7 -1
1482697619721 8 -2
1482697620280 5 -1
1482697621065 12 -1
1482697622410 3 2
1482697623081 4 1
1482697623962 2 1
1482697625873 9 1
1482697627617 10 1
1482697629247 9 -1
1482697630521 0 -1
1482697631824 10 -1
1482697632727 0 1
1482697633248 9 1
1482697633712 5 1
1482697634135 12 1
1482697635009 8 2
1482697636016 1 1
1482697638696 2 -1
1482697639815 6 1
1482697646383 1 -1
1482697647001 9 -1
1482697648280 4 -1
1482697648944 6 -1
1482697649841 2 1
1482697650473 4 1
1482697651064 10 2
1482697651815 10 -2
1482697653327 9 1
1482697655176 1 1
1482697657199 8 -2
1482697657944 5 -1
1482697658536 12 -1
1482697659864 2 -1
1482697673199 5 1
1482697673736 12 1
1482697674744 8 2
1482697675767 1 -1
1482697676328 9 -1
1482697677719 2 1
1482697679712 7 1
1482697681201 8 -3
1482697682055 5 -1
1482697682920 12 -1
1482697684135 9 -1
1482697685311 0 1
1482697686920 10 4
1482697687935 2 -1
1482697688440 4 -1
1482697689256 3 -2
1482697690023 7 2
1482697690656 1 -1
1482697691744 0 -2
1482697692680 2 -2
1482697693352 4 -1
1482697694914 11 -3
1482697696007 4 1
1482697696937 3 2
1482697698208 4 1
1482697698808 10 -3
1482697701337 10 3
1482697702280 2 1
1482697703439 4 -2
1482697704032 11 3
1482697705032 2 2
1482697709362 0 1
1482697710720 7 -1
1482697711737 4 2
1482697713263 10 -3
1482697714543 4 -2
1482697715440 11 -1
1482697716233 3 -1
1482697718871 12 3
1482697719480 5 1
1482697723023 5 -1
1482697723984 12 -2
1482697724961 12 -1
1482697725648 11 1
1482697726400 3 1
1482697727176 4 2
1482697728127 0 1
1482697729360 1 1
1482697730456 7 -1
1482697731168 10 -1
1482697732719 2 -1
1482697733360 4 -1
1482697735305 4 1
1482697735737 2 1
1482697736239 0 -1
1482697737143 0 1
1482697737928 2 -1
1482697738567 4 -1
1482697740736 3 -2
1482697742328 5 1
1482697743384 12 1
1482697744856 0 -1
1482697745463 9 1
1482697746984 3 2
1482697747823 4 1
1482697748369 9 1
1482697749031 5 -1
1482697749895 12 -1
1482697753999 2 1
1482697754943 10 1
1482697756911 9 -2
1482697757895 0 1
1482697762159 10 3
1482697763126 2 -1
1482697763862 4 -1
1482697765622 7 2
1482697766167 1 -1
1482697769871 3 -2
1482697773071 0 -2
1482697774007 4 -1
1482697774567 2 -2
1482697777006 3 2
1482697777695 6 2
1482697778495 7 1
1482697779574 4 1
1482697780135 2 2
1482697780838 0 2
1482697784830 7 -2
1482697785536 6 -2
1482697786798 2 1
1482697787310 4 1
1482697788599 10 -3
1482697789655 5 1
1482697790398 12 1
1482697803446 10 1
