1481487685544 8 -1
1481487687072 12 -1
1481487688040 5 -1
1481487690272 0 1
1481487704088 3 2
1481487705472 4 1
1481487707240 2 1
1481487711248 2 -1
1481487712760 6 1
1481487715608 4 -1
1481487725539 6 -1
1481487727424 2 1
1481487736919 4 1
1481487738916 10 4
1481487741815 7 3
1481487743599 0 -1
1481487745007 9 1
1481487746239 1 1
1481487747583 8 -1
1481487748743 2 -2
1481487751023 1 -2
1481487752415 9 -2
1481487753495 2 2
1481487754591 0 2
1481487755855 7 -1
1481487757191 2 -1
1481487762591 2 1
1481487764415 10 -3
1481487767439 4 -1
1481487770743 4 1
1481487771927 5 1
1481487775287 5 -1
1481487781079 7 1
1481487784239 10 3
1481487787895 10 -3
1481487800276 0 -2
1481487803607 10 3
1481487804831 2 -3
1481487806146 10 -3
1481487808791 5 1
1481487809935 12 1
1481487810927 9 2
1481487811910 8 2
1481487813935 8 1
1481487815367 2 -1
1481487819007 9 -1
1481487820047 4 -1
1481487821047 6 2
1481487822527 7 1
1481487823363 10 -1
1481487825758 2 3
1481487834030 2 -2
1481487837476 8 -3
1481487838830 9 -1
1481487839758 4 -1
1481487840831 11 -3
1481487842606 5 1
1481487843918 12 1
1481487846302 4 1
1481487848222 9 1
1481487849076 8 3
1481487850369 2 -1
1481487852686 0 1
1481487853790 10 1
1481487855678 7 -2
1481487856687 11 -1
1481487857989 6 -2
1481487859727 3 -2
1481487861302 5 1
1481487862222 12 1
1481487903870 5 -1
1481487906758 3 1
1481487908390 3 -1
1481487909918 12 -1
1481487910762 3 2
1481487911869 4 1
1481487914614 10 1
1481487915886 11 1
1481487916782 6 1
1481487919006 7 2
1481487920230 0 -1
1481487921326 2 1
1481487922654 8 -3
1481487927406 10 -2
1481487931773 2 1
1481487933549 9 1
1481487935605 1 4
1481487937349 8 3
1481487938909 2 -2
1481487944477 9 -1
1481487945781 0 1
1481487946805 10 2
1481487947766 7 -4
1481487949485 0 -1
1481487952757 11 -1
1481487953933 6 -1
1481487955973 10 -2
1481487957205 4 -1
1481487958253 3 -2
1481487959493 5 1
1481487961013 12 1
1481487962421 2 3
1481487963527 8 -2
1481487970221 0 1
1481487971245 7 1
1481487972565 8 -1
1481487973514 9 -1
1481487974372 0 3
1481487975970 0 1
