1480598548443 3 1
1480598549280 2 -1
1480598552222 4 -1
1480598558227 8 -1
1480598558968 7 3
1480598559819 3 1
1480598560812 0 -1
1480598561540 8 1
1480598562831 0 1
1480598563619 3 -1
1480598569371 10 -1
1480598571321 4 1
1480598572071 5 1
1480598574680 8 -1
1480598575298 7 -3
1480598577914 8 1
1480598581356 10 1
1480598582528 2 1
1480598583126 3 -1
1480598588542 8 -1
1480598589281 7 3
1480598590435 3 2
1480598591230 0 -1
1480598592027 8 1
1480598594058 2 -1
1480598598462 8 -3
1480598599078 6 -2
1480598599880 7 -2
1480598600687 1 2
1480598602322 9 -3
1480598604561 11 1
1480598605162 11 -1
1480598605779 4 1
1480598606355 10 1
1480598607275 1 -4
1480598608751 7 2
1480598609628 6 2
1480598610910 9 2
1480598611774 8 3
1480598613002 0 3
1480598613578 9 -2
1480598614491 9 2
1480598615845 2 1
1480598617115 3 -2
1480598618104 8 -1
1480598618590 7 -3
1480598619554 8 1
1480598622353 8 -2
1480598623730 6 -3
1480598625576 8 2
1480598627301 0 -2
1480598627856 9 -2
1480598628588 1 4
1480598629400 10 -1
1480598630007 5 -1
1480598630723 4 -2
1480598631574 0 4
