1482853367744 8 -1
1482853368162 7 3
1482853369255 3 2
1482853369972 0 -1
1482853370230 2 -1
1482853370722 8 -2
1482853371687 6 -2
1482853372241 7 -2
1482853372676 1 2
1482853373679 9 -3
1482853376919 4 -1
1482853377387 12 -2
1482853377830 1 -2
1482853378234 6 3
1482853378672 7 3
1482853380408 1 2
1482853381543 9 2
1482853381935 8 3
1482853383339 0 1
1482853383636 2 1
1482853386459 9 -1
1482853387945 9 -1
1482853388228 1 -2
1482853388518 6 -1
1482853388795 12 1
1482853389073 4 1
1482853389571 5 1
1482853390341 11 1
1482853391030 3 -3
1482853391535 9 -1
1482853393125 8 -1
1482853393624 7 -4
1482853394274 8 1
1482853396120 9 1
1482853396582 3 2
1482853397297 2 -1
1482853398315 11 -1
1482853401070 12 1
1482853401403 4 1
1482853401730 10 1
1482853402085 1 -2
1482853403001 0 2
1482853405402 9 2
1482853405827 8 -3
1482853406610 6 -2
1482853406984 9 -2
1482853410293 6 2
1482853411219 9 2
1482853411707 8 3
1482853414974 8 -2
1482853415370 7 3
1482853416024 8 2
1482853416691 3 1
1482853417238 0 -3
1482853417944 9 -2
1482853419460 9 2
1482853419919 8 -2
1482853422395 6 -2
1482853422934 7 -2
1482853423536 7 2
1482853423813 6 2
1482853424099 8 2
1482853424554 0 3
1482853425535 2 1
1482853425912 3 -2
1482853426467 0 -2
1482853426802 9 -2
1482853428255 1 2
1482853428746 10 -1
1482853428995 5 -1
1482853429363 4 -2
1482853429940 12 -2
1482853430279 6 1
1482853430572 7 1
1482853430922 1 2
1482853431415 0 2
1482853435346 9 2
1482853435746 8 -2
1482853451813 8 2
1482853452281 9 -2
1482853453223 0 -2
1482853453715 1 -2
1482853454123 6 -1
1482853454533 7 -1
1482853454866 12 2
1482853455249 4 2
1482853455684 10 1
1482853455969 5 1
1482853456289 1 -2
1482853460815 9 2
1482853461157 0 2
1482853461586 8 -2
1482853462072 6 -3
1482853462470 7 -3
1482853463160 8 2
1482853463505 9 -2
1482853463805 0 -2
1482853465147 1 4
1482853465904 10 -1
1482853466170 5 -1
1482853466639 4 -2
1482853467200 0 5
