1482933355277 4 -1
1482933360222 4 1
1482933363205 8 -1
1482933366140 8 1
1482933368044 3 1
1482933369644 8 -1
1482933370332 7 3
1482933370972 3 1
1482933371758 0 -1
1482933373452 8 -1
1482933375765 6 -2
1482933379788 2 -1
1482933381276 5 1
1482933384029 8 -1
1482933386204 7 -2
1482933387708 1 2
1482933391420 9 -3
1482933398500 4 1
1482933399788 5 -1
1482933400483 4 -2
1482933404284 9 3
1482933405508 8 1
1482933408284 1 -2
1482933409180 6 2
1482933410580 8 1
1482933413908 8 -2
1482933415588 6 -2
1482933417140 1 2
1482933420812 1 -2
1482933421744 6 2
1482933422724 7 2
1482933425340 8 2
1482933427084 0 1
1482933429156 8 1
1482933438532 10 -1
1482933440276 8 -1
1482933441180 7 -2
1482933447724 0 -1
1482933448699 8 -1
1482933449907 6 -2
1482933452347 1 2
1482933455851 9 -1
1482933460083 12 -2
1482933462855 12 2
1482933464219 10 1
1482933465244 8 -1
1482933467206 4 2
1482933468003 5 1
1482933470540 11 1
1482933471283 11 -1
1482933480331 8 1
1482933482316 8 -1
1482933483612 9 -2
1482933485379 1 -2
1482933486516 6 2
1482933488109 6 -2
1482933488840 1 2
1482933489804 9 2
1482933490764 8 1
1482933493443 8 -1
1482933494067 9 -2
1482933495763 10 1
1482933497036 1 -4
1482933499091 9 2
1482933500571 6 2
1482933501491 8 2
1482933502419 0 3
1482933503403 8 -2
1482933504403 9 -2
1482933505156 6 -2
1482933513739 3 -1
1482933514915 9 2
1482933518779 8 1
1482933519787 8 -1
1482933520908 6 2
1482933521715 7 2
1482933530907 8 2
1482933533171 0 -2
1482933534003 1 1
1482933535067 5 -1
1482933538731 8 1
1482933539507 9 -2
1482933540299 1 1
1482933546220 10 -2
1482933547507 4 -2
1482933552755 4 2
1482933553605 5 1
1482933554363 10 2
1482933555283 1 -2
1482933557123 0 2
1482933558531 9 2
1482933563076 8 -3
1482933565750 8 2
1482933570026 2 1
1482933570818 3 -1
1482933571778 8 -1
1482933572874 6 -3
1482933573837 7 -3
1482933576098 8 2
1482933577010 9 -2
1482933579274 0 -2
1482933579906 1 4
1482933581426 10 -1
1482933582162 4 -1
1482933583307 5 -1
1482933583858 4 -1
1482947042472 R
1482947048119 8 -1
1482947049237 7 3
1482947050237 3 2
1482947051574 0 -1
1482947055110 2 -1
1482947055981 8 -2
1482947064773 4 -1
1482947065741 8 3
1482947071213 0 1
1482947075669 2 1
1482947079173 3 -2
1482947084557 8 -1
1482947085845 7 -3
1482947092005 7 3
1482947093774 R
1482947099157 8 -1
1482947100301 7 3
1482947101253 3 2
1482947102342 0 -1
1482947103389 2 -1
1482947104653 8 -2
1482947107725 6 -2
1482947110989 6 2
1482947112669 4 -1
1482947114173 4 1
1482947115357 8 3
1482947118886 4 -1
1482947123020 0 1
1482947123653 2 1
1482947124629 3 -2
1482947133261 3 2
1482947134580 2 -1
1482947138389 0 -1
1482947139892 8 -3
1482947140797 6 -2
1482947141388 7 -2
1482947142428 1 2
1482947152494 9 -3
1482947155573 4 2
1482947156468 5 1
1482947156950 10 1
1482947158404 1 -4
1482947159956 9 2
1482947160525 6 2
1482947161037 7 2
1482947162205 8 3
1482947163101 0 3
1482947163772 2 1
1482947164588 3 -2
1482947165453 0 -2
1482947166252 8 -1
1482947168917 0 2
1482947169796 8 -1
1482947170652 7 -3
1482947171453 6 -3
1482947172260 8 2
1482947173221 9 -2
1482947175060 0 -2
1482947175940 1 4
1482947177213 10 -1
1482947177910 5 -1
1482947179092 4 -2
1482947183102 R
1482947185980 8 -1
1482947186748 7 3
1482947188396 3 2
1482947189220 2 -1
1482947189676 0 -1
1482947190748 8 -2
1482947192156 6 -2
1482947193116 7 -2
1482947193952 1 2
1482947195373 9 -3
1482947198012 4 -1
1482947201588 9 3
1482947203012 1 -2
1482947203820 6 2
1482947204868 7 2
1482947205676 8 3
1482947211092 8 -3
1482947212844 6 -2
1482947213901 7 -2
1482947215036 1 2
1482947216168 9 -3
1482947219276 9 3
1482947221332 1 -2
1482947224652 1 2
1482947225205 9 -3
1482947225805 4 2
1482947226413 10 1
1482947227540 5 1
1482947238556 9 2
1482947242711 9 -2
1482947243436 1 -4
1482947244540 9 2
1482947245452 6 2
1482947246285 7 2
1482947250355 8 3
1482947251941 0 3
1482947252995 2 1
1482947254060 3 -2
1482947256011 8 -2
1482947256667 7 -2
1482947257292 6 -3
1482947258123 7 -1
1482947258836 8 2
1482947259519 9 -2
1482947260583 0 -2
1482947261396 1 4
1482947262939 5 -1
1482947263428 10 -1
1482947264076 4 -2
1482947265796 R
1482947268372 8 -1
1482947269252 7 3
1482947270384 3 2
1482947271291 0 -1
1482947271908 2 -1
1482947272755 8 -2
1482947277557 6 -2
1482947278285 7 -2
1482947279102 1 2
1482947280212 9 -3
1482947285660 4 -1
1482947298596 9 3
1482947303788 1 -2
1482947304603 6 2
1482947305459 7 2
1482947306275 8 3
1482947307843 0 1
1482947308404 2 1
1482947309156 3 -2
1482947313627 8 -1
1482947316379 7 -3
1482947318372 8 1
1482947320168 4 1
1482947320875 5 1
1482947323331 R
1482947324820 R
1482947326291 8 -1
1482947327524 7 3
1482947329059 3 2
1482947330243 0 -1
1482947330859 2 -1
1482947331876 8 -2
1482947336859 8 3
1482947339131 5 1
1482947340108 5 -1
1482947341123 4 -1
1482947343644 8 -3
1482947344692 6 -2
1482947345387 7 -2
1482947346412 1 2
1482947347403 9 -3
1482947357194 4 2
1482947370981 9 2
1482947372154 9 -2
1482947376266 5 1
1482947376906 10 1
1482947377578 11 1
1482947380782 11 -1
1482947383706 1 -4
1482947384858 9 2
1482947385411 6 1
1482947386010 7 2
1482947386786 6 1
1482947387411 8 3
1482947388372 0 3
1482947389778 2 1
1482947390816 3 -2
1482947391517 0 -2
1482947396132 0 2
1482947396834 8 -2
1482947397571 6 -3
1482947398371 7 -3
1482947399090 8 2
1482947399971 9 -2
1482947400740 0 -2
1482947401452 1 4
1482947402566 10 -1
1482947403036 5 -1
1482947404211 4 -2
1482947404947 R
1482947406532 8 -1
1482947407299 7 3
1482947408139 3 2
1482947408851 0 -1
1482947409318 2 -1
1482947410155 8 -2
1482947411595 6 -2
1482947412380 7 -2
1482947415795 1 2
1482947418610 9 -3
1482947420498 5 1
1482947420938 4 1
1482947421485 10 1
1482947422890 1 -4
1482947423752 9 2
1482947424402 6 2
1482947425290 7 2
1482947426084 8 3
1482947427259 0 3
1482947428434 2 1
1482947429378 3 -2
1482947430010 0 -2
1482947431682 8 -1
1482947433058 8 1
1482947433850 0 2
1482947434506 8 -2
1482947435234 6 -3
1482947436090 7 -3
1482947436718 8 2
1482947437301 0 -2
1482947437859 9 -2
1482947438468 1 4
1482947439419 10 -1
1482947440036 5 -1
1482947440803 4 -2
1482947443450 R
1482947444765 8 -1
1482947445482 7 3
1482947446210 3 2
1482947446827 0 -1
1482947447323 2 -1
1482947447917 8 -2
1482947449124 6 -2
1482947449739 7 -2
1482947451642 1 1
1482947452778 1 1
1482947453426 9 -3
1482947455701 4 1
1482947456618 5 1
1482947457994 10 1
1482947459002 5 -1
1482947459395 10 -1
1482947460195 4 -2
1482947465733 4 2
1482947466355 5 1
1482947466843 10 1
1482947467603 1 -4
1482947468619 9 2
1482947469118 6 2
1482947470219 7 2
1482947470971 8 2
1482947472618 0 3
1482947473618 2 1
1482947474394 3 -2
1482947475891 0 -2
1482947477379 0 2
1482947479333 8 -1
1482947480443 6 -3
1482947480964 7 -3
1482947482236 8 2
1482947482955 0 -1
1482947483718 9 -2
1482947484243 0 -1
1482947484954 1 4
1482947486538 10 -1
1482947486939 5 -1
1482947487484 4 -2
1482947488922 0 4
