1480021794243 8 -1
1480021795457 8 1
1480021796515 3 1
1480021797191 2 -1
1480021798129 10 -1
1480021798913 4 -1
1480021804392 8 -1
1480021809944 7 3
1480021810592 3 1
1480021812183 8 1
1480021814286 4 1
1480021815847 5 1
1480021817016 11 1
1480021817975 10 1
1480021818760 2 1
1480021819847 3 -3
1480021827449 R
1480021829712 8 -1
1480021830955 3 1
1480021832020 2 -1
1480021832672 10 -1
1480021833350 4 -1
1480021838271 R
1480021839177 4 -1
1480021850089 8 -1
1480021854878 7 3
1480021856382 3 2
1480021871393 8 1
1480021872298 2 -1
1480021874775 10 -1
1480021876750 8 -1
1480021877709 7 -2
1480021879669 3 -1
1480021880809 10 1
1480021882860 2 1
1480021883817 4 1
1480021884621 5 1
1480021885431 11 1
1480021886132 2 -1
1480021886973 10 -1
1480021890309 R
1480021891392 5 1
1480021892420 5 -1
1480021896556 8 -1
1480021897361 7 3
1480021898685 3 2
1480021899302 2 -1
1480021900092 0 -1
1480021901220 8 -2
1480021902492 6 -2
1480021903309 7 -2
1480021904333 1 2
1480021905340 8 1
1480021907181 10 -1
1480021908084 9 -1
1480021908964 4 -1
1480021912588 10 1
1480021913500 9 1
1480021915302 8 -1
1480021921085 1 -2
1480021921620 6 2
1480021924507 6 -2
1480021926775 7 2
1480021927556 6 2
1480021929709 8 3
1480021931640 10 -1
1480021946136 0 1
1480021947428 10 1
1480021948244 2 1
1480021949468 3 -2
1480021950268 8 -1
1480021951483 7 -3
1480021953395 8 1
1480021955029 3 1
1480021955824 2 -1
1480021956528 10 -1
1480021957712 4 1
1480021958425 5 1
1480021959418 11 1
1480021960739 8 -1
1480021964834 10 1
1480021965907 2 1
1480021966802 3 -2
1480021969115 8 1
1480021979594 R
1480021982099 8 -1
1480021982994 7 3
1480021984242 4 -1
1480021993458 8 1
1480021994377 3 2
1480021995190 2 -1
1480021996618 4 1
1480021997100 5 1
1480022000665 11 1
1480022003231 2 1
1480022004042 0 -1
1480022005882 8 -2
1480022007146 6 -2
1480022007777 7 -2
1480022008563 1 2
1480022010188 9 -1
1480022010880 4 1
1480022011998 11 -1
1480022012818 5 -1
1480022014433 4 -2
1480022015312 9 1
1480022016392 2 -1
1480022017397 8 -1
1480022018686 9 -3
1480022021217 9 3
1480022025737 1 -1
1480022026365 7 2
1480022028824 8 1
1480022029941 2 1
1480022032680 2 -1
1480022034251 8 -1
1480022036552 7 -2
1480022037200 1 1
1480022038360 9 -3
1480022040503 1 -2
1480022041408 6 2
1480022042199 7 2
1480022043705 4 2
1480022044420 5 1
1480022045000 10 1
1480022046373 1 -2
1480022050050 9 2
1480022050873 8 3
1480022052826 0 3
1480022054127 9 -2
1480022055415 2 1
1480022057608 9 2
1480022059601 9 -2
1480022060327 2 -1
1480022063727 0 -2
1480022065903 1 2
1480022066512 10 -2
1480022067375 5 -1
1480022068191 4 -2
1480022070966 10 1
1480022071879 2 1
1480022074414 12 -2
1480022074866 6 1
1480022075524 7 1
1480022076398 1 2
1480022079864 2 -1
1480022080639 10 -1
1480022083247 1 -2
1480022084255 6 -1
1480022085015 7 -1
1480022085670 12 2
1480022087542 4 2
1480022088099 5 1
1480022088808 11 1
1480022090395 10 2
1480022091582 1 -1
1480022093067 9 2
1480022094343 8 -1
1480022095206 2 1
1480022095726 11 -1
1480022096343 5 -1
1480022098261 8 1
1480022099554 2 -1
1480022101334 3 -1
1480022106255 U
1480022106415 U
1480022106583 U
1480022106767 U
1480022107087 U
1480022107415 U
1480022107711 U
1480022107895 U
1480022108127 U
1480022108519 U
1480022108911 U
1480022109302 U
1480022109671 U
1480022110095 U
1480022110742 U
1480022111175 U
1480022111550 U
1480022112006 U
1480022113176 0 2
1480022116557 0 -2
1480022117218 9 2
1480022118261 8 -1
1480022118814 0 2
1480022120853 8 1
1480022121693 2 1
1480022122498 0 -3
1480022123736 9 -2
1480022125704 2 -1
1480022126543 10 -1
1480022128317 1 -2
1480022129720 1 2
1480022130476 0 3
1480022133072 0 -2
1480022133977 0 -1
1480022137996 9 2
1480022144805 9 -2
1480022145460 1 -2
1480022148508 1 1
1480022149726 7 -1
1480022155593 10 1
1480022156301 2 1
1480022158236 1 -1
1480022158955 6 -1
1480022159717 12 2
1480022163161 2 -1
1480022163996 10 -1
1480022165019 4 2
1480022165731 5 1
1480022166600 10 2
1480022167403 1 -2
1480022173347 9 2
1480022174251 8 -3
1480022175182 9 -2
1480022175884 6 -2
1480022176635 7 -2
1480022178001 1 4
1480022178650 10 -1
1480022180034 5 -1
1480022180706 4 -2
1480022184650 9 3
1480022186564 8 1
1480022187211 10 -1
1480022188451 4 1
1480022188950 5 1
1480022189755 11 1
1480022191108 11 -1
1480022192666 9 -1
1480022193242 4 1
1480022193994 5 -1
1480022195242 4 -2
1480022198506 9 1
1480022202258 10 1
1480022203090 8 -1
1480022207121 9 -3
1480022208116 12 -2
1480022209025 1 -2
1480022209687 7 2
1480022210529 7 1
1480022211265 6 3
1480022212562 1 2
1480022213738 9 2
1480022214689 8 3
1480022216609 0 3
1480022217129 9 -2
1480022218657 10 -1
1480022221074 0 -1
1480022222858 1 -1
1480022224929 7 -1
1480022226825 10 1
1480022227973 2 1
1480022229210 3 -2
1480022232777 0 1
1480022234642 0 -2
1480022236105 1 -1
1480022237153 6 -1
1480022238961 12 2
1480022240248 4 2
1480022241064 5 1
1480022241734 10 1
1480022242583 1 -2
1480022248016 0 2
1480022251633 9 2
1480022252841 8 -2
1480022253449 6 -3
1480022254280 7 -3
1480022256108 8 2
1480022256657 9 -2
1480022259559 0 -2
1480022260321 1 4
1480022263176 10 -1
1480022263801 5 -1
1480022264423 4 -2
1480022267103 0 3
1480022273120 0 1
