1479961961507 5 1
1479961963534 11 1
1479961964398 3 -1
1479961969191 8 -1
1479961970515 7 3
1479961971372 3 3
1479961972830 0 -1
1479961973610 8 -1
1479961974309 6 -2
1479961978137 2 -1
1479961979998 11 -1
1479961993184 5 -1
1479961993916 4 -1
1479961997244 10 -1
1479962002145 10 1
1479962002649 4 1
1479962003100 5 1
1479962009585 7 -2
1479962010419 1 2
1479962027351 10 -1
1479962028179 5 -1
1479962028816 4 -1
1479962033731 1 -2
1479962034348 6 2
1479962034910 7 2
1479962035658 8 2
1479962037152 0 1
1479962039871 4 1
1479962040410 5 1
1479962040956 10 1
1479962041441 11 1
1479962041837 2 1
1479962042522 3 -1
1479962043907 3 -2
1479962052065 8 -1
1479962053167 7 -3
1479962054140 8 1
1479962058588 R
1479962091413 5 1
1479962091843 11 1
1479962097069 11 -1
1479962098161 5 -1
1479962102453 8 -1
1479962102938 7 3
1479962103553 3 2
1479962104127 0 -1
1479962104535 2 -1
1479962105088 8 -2
1479962112492 7 -2
1479962114291 6 -2
1479962115661 1 2
1479962117001 9 -3
1479962118202 4 -1
1479962133559 4 1
1479962134153 4 1
1479962134894 10 1
1479962135712 1 -3
1479962136473 9 2
1479962136989 6 2
1479962137613 8 2
1479962140550 0 1
1479962141115 5 1
1479962141625 1 -1
1479962153961 0 -1
1479962154490 8 -2
1479962154949 9 -2
1479962155434 6 -2
1479962157131 1 4
1479962159173 5 -1
1479962159679 10 -1
1479962163264 4 -2
1479962180720 4 2
1479962181382 5 1
1479962181718 10 1
1479962182248 11 1
1479962184491 9 2
1479962185085 8 1
1479962186502 2 2
1479962188293 2 -2
1479962188678 11 -1
1479962189120 5 -1
1479962189471 10 -2
1479962191004 4 -2
1479962197062 9 1
1479962197661 1 -2
1479962198368 6 2
1479962198882 7 2
1479962199498 8 2
1479962209167 8 -2
1479962215674 R
1479962280975 8 -1
1479962282052 7 3
1479962283157 3 2
1479962287021 0 -1
1479962287458 2 -1
1479962288534 8 -2
1479962290076 6 -2
1479962290700 7 -2
1479962292007 5 1
1479962292671 11 1
1479962293870 11 -1
1479962295070 5 -1
1479962300066 6 1
1479962300665 7 2
1479962301078 6 1
1479962301763 8 3
1479962303097 5 1
1479962303511 11 1
1479962303899 2 1
1479962304272 0 1
1479962304896 3 -3
1479962310724 8 -1
1479962311598 7 -3
1479962313357 8 1
1479962315890 R
1479962341420 5 1
1479962341902 11 1
1479962342690 3 -1
1479962344771 8 -1
1479962349888 7 3
1479962350611 8 1
1479962353184 R
1479962356829 4 -1
1479962359494 4 1
1479962360369 5 1
1479962363141 3 1
1479962365221 2 -1
1479962365730 5 -1
1479962366251 4 -1
1479962371556 R
1479962376845 8 -1
1479962377391 7 3
1479962378007 3 2
1479962378591 0 -1
1479962378926 2 -1
1479962388674 8 -2
1479962389150 6 -1
1479962389726 6 -1
1479962390248 7 -2
1479962390925 1 2
1479962393091 9 -1
1479962395841 4 1
1479962397128 5 1
1479962397612 10 1
1479962398086 9 -2
1479962398826 1 -4
1479962403994 9 2
1479962405318 6 2
1479962406462 7 2
1479962412586 8 3
1479962415352 0 3
1479962416256 8 -3
1479962418188 9 -2
1479962419046 6 -2
1479962419980 7 -2
1479962439821 9 1
1479962442596 9 1
1479962443242 6 1
1479962443959 6 1
1479962444506 7 2
1479962445876 8 3
1479962446803 2 1
1479962448244 2 -1
1479962449031 0 -2
1479962450154 1 1
1479962450721 11 1
1479962451113 2 1
1479962451905 3 -3
1479962456192 9 -3
1479962458949 8 -1
1479962461218 7 -3
1479962462075 8 1
1479962470406 9 1
1479962470904 3 1
1479962471598 11 -1
1479962472129 1 -1
1479962473560 0 2
1479962478585 9 2
1479962479591 8 -2
1479962485389 8 2
1479962486278 0 -2
1479962487500 9 -1
1479962488264 9 -1
1479962489900 1 2
1479962490437 10 -1
1479962490898 5 -1
1479962491692 4 -2
1479962496968 4 1
1479962497412 5 1
1479962497805 11 1
1479962498471 3 -1
1479962499461 9 -1
1479962499966 8 -1
1479962504984 8 1
1479962506340 4 1
1479962507580 4 -1
1479962508983 9 1
1479962509542 3 1
1479962510252 11 -1
1479962510697 5 -1
1479962511219 4 -1
1479962514964 4 2
1479962515785 10 1
1479962516127 5 1
1479962516804 1 -2
1479962517560 0 2
1479962518243 9 2
1479962519000 8 -1
1479962520208 8 -1
1479962521166 6 -3
1479962521741 8 2
1479962522242 0 -2
1479962522654 9 -2
1479962524790 1 4
1479962525483 5 -1
1479962525864 10 -1
1479962526471 4 -2
1479962527057 0 5
