1479343241870 8 -1
1479343243083 7 3
1479343248583 3 2
1479343251951 8 1
1479343252902 0 -1
1479343254367 0 1
1479343255071 3 -2
1479343255942 8 -1
1479343257076 7 -3
1479343259282 8 1
1479343262942 3 1
1479343264301 3 -1
1479343279380 5 1
1479343281873 11 1
1479343282847 3 -1
1479343284386 8 -1
1479343288186 7 3
1479343289641 3 3
1479343291720 0 -1
1479343293322 2 -1
1479343294037 11 -1
1479343294739 10 -1
1479343296239 10 1
1479343297461 10 -1
1479343488173 8 -1
1479343488947 7 -2
1479343490033 6 -2
1479343491146 1 2
1479343492849 5 -1
1479343493729 4 -1
1479343495270 10 1
1479343496123 8 -1
1479343497041 9 -3
1479343502575 4 2
1479343504358 10 1
1479343506308 9 2
1479343507071 9 -2
1479343515454 5 1
1479343516253 11 1
1479343518868 1 -3
1479343522755 R
1479343526752 8 -1
1479343527693 7 3
1479343529390 8 1
1479343530421 3 2
1479343531357 0 -1
1479343532443 2 -1
1479343533538 8 -2
1479343534576 8 -1
1479343535381 8 1
1479343535982 10 -1
1479343537190 4 -1
1479343538770 6 -2
1479343539591 7 -2
1479343541001 1 2
1479343543199 9 -1
1479343544101 12 -2
1479343545761 12 2
1479343547071 9 1
1479343548219 10 1
1479343549201 8 -1
1479343550397 1 -2
1479343551139 7 2
1479343551912 6 2
1479343552905 8 3
1479343554345 0 1
1479343555071 10 -1
1479343559469 0 -1
1479343560411 8 -1
1479343561686 7 -2
1479343563929 4 1
1479343564622 5 1
1479343565358 11 1
1479343567464 10 1
1479343569227 11 -1
1479343570463 5 -1
1479343571229 10 -1
1479343574594 R
1479343576596 8 -1
1479343578574 3 1
1479343579317 2 -1
1479343580034 10 -1
1479343581956 5 1
1479343584310 8 1
1479343586056 8 -1
1479343586972 7 3
1479343587954 3 1
1479343591884 8 1
1479343594429 5 -1
1479343595306 4 -1
1479343597028 10 1
1479343599101 2 1
1479343600027 3 -2
