1481246349762 8 -1
1481246350529 7 3
1481246351480 8 1
1481246352329 3 2
1481246353659 0 -1
1481246354974 8 -2
1481246356065 6 -2
1481246357052 7 -2
1481246358498 5 1
1481246359342 2 -1
1481246361458 8 -1
1481246363052 7 2
1481246363952 6 2
1481246365037 8 3
1481246366126 0 1
1481246367378 2 1
1481246368014 11 1
1481246369456 3 -3
1481246371220 8 -1
1481246372970 8 1
1481246374616 R
1481246378332 4 -1
1481246383901 8 -1
1481246385752 7 3
1481246387030 8 1
1481246388856 3 2
1481246390056 0 -1
1481246390872 2 -1
1481246392996 4 1
1481246393678 5 1
1481246395608 8 -3
1481246397747 6 -2
1481246398401 7 -2
1481246399952 1 2
1481246400700 9 -3
1481246402227 4 1
1481246402908 10 1
1481246404656 1 -4
1481246405738 9 2
1481246406656 6 2
1481246407653 7 2
1481246408584 8 3
1481246409596 0 3
1481246410699 8 -3
1481246411730 9 -2
1481246412608 6 -2
1481246413567 7 -2
1481246414670 3 -1
1481246415397 7 -1
1481246416638 6 2
1481246417385 9 2
1481246418152 8 3
1481246421342 0 -2
1481246423100 9 -2
1481246424597 1 2
1481246425625 11 1
1481246426345 2 2
1481246427497 3 -2
1481246428200 9 -1
1481246431858 2 -1
1481246432618 1 -1
1481246435103 9 3
1481246436425 3 2
1481246437842 11 -1
1481246439158 1 -1
1481246440131 0 2
1481246443449 9 -2
1481246445659 2 -1
1481246448545 9 2
1481246449754 8 -3
1481246450694 6 -2
1481246451547 9 -2
1481246453437 7 3
1481246454221 6 2
1481246454959 9 2
1481246455833 8 3
1481246457162 3 1
1481246457977 0 -3
1481246460072 1 1
1481246463255 8 -3
1481246464842 6 -2
1481246465882 7 -2
1481246466941 9 -2
1481246468157 1 3
1481246471355 10 -1
1481246471965 5 -1
1481246473150 4 -2
1481246475455 12 -2
1481246476569 1 -2
1481246477755 7 3
1481246480475 12 1
1481246481281 6 2
1481246482843 6 -2
1481246483751 1 2
1481246484381 9 2
1481246485305 8 1
1481246488661 10 -1
1481246491185 R
1481246493225 8 -1
1481246494112 7 3
1481246495439 8 1
1481246496487 3 2
1481246497285 0 -1
1481246499684 4 -1
1481246501929 8 -2
1481246502766 6 -2
1481246503669 7 -2
1481246504814 1 2
1481246505808 9 -1
1481246506985 2 -1
1481246508082 8 -1
1481246508909 9 -2
1481246512513 4 2
1481246513361 10 1
1481246513957 5 1
1481246515258 1 -4
1481246516536 9 2
1481246517321 6 2
1481246518387 7 2
1481246519039 8 3
1481246521115 0 3
1481246523233 8 -3
1481246524148 9 -2
1481246525015 6 -2
1481246526291 7 -2
1481246533654 9 1
1481246534422 9 1
1481246535278 6 2
1481246536391 7 2
1481246537254 8 3
1481246538728 2 1
1481246540194 3 -2
1481246541347 8 -2
1481246542468 7 -3
1481246543394 6 -3
1481246545047 8 2
1481246545893 9 -2
1481246547621 0 -2
1481246548924 1 4
1481246550010 5 -1
1481246550789 10 -1
1481246551846 4 -2
1481246552529 0 4
