1480090250913 8 -1
1480090252075 7 3
1480090254045 3 2
1480090255607 2 -1
1480090258069 5 1
1480090262275 7 -2
1480090265073 11 1
1480090265583 2 1
1480090266621 3 -3
1480090267443 7 -1
1480090268206 8 1
1480090274174 3 1
1480090276265 3 1
1480090276806 2 -1
1480090277971 10 -1
1480090279221 11 -1
1480090281444 5 -1
1480090282319 4 -1
1480090283916 10 1
1480090285408 2 1
1480090286114 3 -1
1480090287855 8 -1
1480090290367 7 1
1480090292638 3 2
1480090293646 0 -1
1480090294642 8 -1
1480090296408 6 -2
1480090297311 1 2
1480090298561 9 -1
1480090299929 4 2
1480090300782 5 1
1480090301336 10 1
1480090305754 2 -1
1480090307235 8 -1
1480090309621 9 -2
1480090314564 1 -4
1480090315605 7 2
1480090316231 6 2
1480090317010 9 2
1480090318066 8 3
1480090319388 0 3
1480090356170 8 -3
1480090357286 9 -2
1480090358008 6 -2
1480090359245 7 -2
1480090364751 3 -1
1480090365649 7 -1
1480090367809 6 2
1480090368735 9 2
1480090369828 8 3
1480090374781 8 -1
1480090375814 7 1
1480090376594 3 1
1480090382276 8 -2
1480090382998 9 -2
1480090383935 6 -2
1480090389124 9 2
1480090389738 8 1
1480090391563 2 1
1480090392308 3 -2
1480090392909 6 -1
1480090393487 7 -1
1480090394265 8 2
1480090402435 8 -2
1480090403241 6 1
1480090404203 6 1
1480090405065 7 2
1480090405895 3 2
1480090407759 2 -1
1480090409871 6 1
1480090410507 7 1
1480090411372 8 2
1480090413102 9 -2
1480090460606 0 -1
1480090463981 0 -1
1480090465099 1 2
1480090468270 10 -2
1480090469676 5 -1
1480090470986 4 -2
1480090474229 10 1
1480090475360 2 1
1480090476067 3 -1
1480090476883 3 -1
1480090479226 3 2
1480090481870 2 -1
1480090482774 10 -1
1480090484663 4 2
1480090485497 5 1
1480090486232 11 1
1480090487431 10 2
1480090488085 2 2
1480090489054 3 -3
1480090490087 9 -1
1480090492249 2 -1
1480090492862 1 -1
1480090495672 8 -1
1480090496707 7 -3
1480090497798 8 1
1480090501581 1 1
1480090502938 2 1
1480090505043 2 -1
1480090505462 10 -1
1480090506014 4 -1
1480090509605 12 -1
1480090512044 9 1
1480090517016 12 1
1480090520247 4 1
1480090521029 10 1
1480090521620 1 -1
1480090523407 9 -1
1480090528064 1 1
1480090528622 10 -1
1480090529440 4 -1
1480090532225 8 -1
1480090535552 7 3
1480090580303 4 1
1480090581011 10 1
1480090582656 1 -1
1480090585874 7 -3
1480090590992 1 1
1480090591810 10 -1
1480090592423 4 -1
1480090593623 12 -1
1480090597024 8 1
1480090598789 8 -1
