1482722344434 6 2
1482722346235 3 2
1482722347386 1 1
1482722348257 9 2
1482722349115 1 2
1482722350376 2 -2
1482722352914 0 1
1482722354103 7 1
1482722357086 R
1482722359437 10 1
1482722362529 3 2
1482722363336 1 1
1482722364567 6 1
1482722365979 9 1
1482722369529 4 -3
1482722370161 10 1
1482722371385 3 1
1482722373596 9 -1
1482722375685 6 -1
1482722379599 1 -1
1482722380674 3 -3
1482722381933 5 3
1482722383153 2 2
1482722387685 8 2
1482722388826 0 1
1482722389833 7 4
1482722390999 1 -1
1482722392723 8 -2
1482722393631 3 1
1482722395537 2 -1
1482722396647 10 -3
1482722400385 4 1
1482722401569 3 -1
1482722404465 1 1
1482722410756 10 3
1482722411951 2 1
1482722412941 8 2
1482722414418 7 -4
1482722417645 8 -2
1482722421397 3 1
1482722423667 3 -1
1482722424933 3 1
1482722426199 2 -1
1482722427349 10 -4
1482722428303 2 1
1482722429891 3 -1
1482722431317 4 -1
1482722433509 8 2
1482722436367 7 3
1482722437245 1 -1
1482722440795 4 1
1482722444317 R
1482722453269 3 2
1482722454223 1 1
1482722455271 6 2
1482722457591 9 2
1482722458625 1 2
1482722460643 2 -2
1482722465909 0 1
1482722467291 8 1
1482722468183 3 -2
1482722469207 5 1
1482722470871 7 4
1482722475457 8 -1
1482722476873 3 1
1482722478317 3 -1
1482722479511 4 -1
1482722483209 8 2
1482722484711 7 -1
1482722485993 10 -2
1482722489311 0 -1
1482722490145 2 1
1482722493861 4 1
1482722496731 R
1482722521351 10 -2
1482722522753 3 3
1482722527005 6 2
1482722531937 9 2
1482722533011 1 3
1482722534917 3 -3
1482722539191 10 2
1482722543168 2 -2
1482722546724 0 1
1482722552269 10 -2
1482722553625 3 3
1482722556667 0 1
1482722558341 0 -1
1482722559229 1 -1
1482722560545 0 1
1482722561430 7 1
1482722563729 8 1
1482722564491 7 1
1482722567419 1 1
1482722569639 1 -1
1482722573820 4 -3
1482722575287 10 1
1482722579585 R
1482722582793 3 2
1482722584431 6 2
1482722585410 9 2
1482722586802 1 3
1482722590121 10 -2
1482722592007 3 -2
1482722595489 4 -1
1482722602887 3 3
1482722604531 2 -2
1482722610075 0 2
1482722611702 0 -2
1482722614603 1 -1
1482722615577 4 -2
1482722623295 0 2
1482722626195 8 1
1482722627223 7 2
1482722630275 4 3
1482722631243 1 1
1482722634566 4 -1
1482722636949 R
1482722643605 10 1
1482722644608 5 2
1482722647117 4 -3
1482722648104 10 1
1482722648896 5 1
1482722650348 2 2
1482722652646 8 2
1482722655066 0 1
1482722656214 7 4
1482722657828 1 -1
1482722659161 8 -2
1482722660998 2 -1
1482722662454 10 -3
1482722666776 3 1
1482722668099 1 1
1482722669918 1 -1
1482722670726 3 -1
1482722671977 10 3
1482722673076 2 1
1482722679038 8 2
1482722680264 7 -2
1482722681958 8 -1
1482722684172 3 1
