1482508965175 10 -2
1482508966653 3 3
1482508973501 3 -3
1482508976971 10 3
1482508983269 4 -1
1482508986421 4 -2
1482508987815 5 3
1482508989085 2 2
1482508995096 2 -2
1482508995741 5 -3
1482508998149 10 1
1482508999230 5 3
1482509000966 2 2
1482509002037 8 2
1482509003277 0 1
1482509003880 7 4
1482509005597 1 -1
1482509006597 0 -1
1482509007397 8 -2
1482509008205 2 -4
1482509011901 5 -2
1482509013221 8 2
1482509013917 7 -1
1482509016718 R
1482509020317 6 2
1482509022557 10 -2
1482509024301 3 3
1482509028117 1 1
1482509030381 1 -1
1482509031421 3 -3
1482509034325 5 1
1482509035901 6 -2
1482509036661 5 1
1482509037421 4 -3
1482509038021 5 1
1482509038997 2 2
1482509042021 0 1
1482509043357 7 1
1482509044885 7 -1
1482509053605 7 1
1482509054117 7 -1
1482509054669 0 -1
1482509056349 R
1482509061560 3 2
1482509063065 6 2
1482509063957 9 2
1482509064749 1 3
1482509065894 2 -2
1482509069117 0 1
1482509070461 7 1
1482509072964 10 -2
1482509074269 3 -2
1482509074852 3 3
1482509076205 0 1
1482509077965 1 -1
1482509078445 1 1
1482509079853 0 -1
1482509080868 1 -1
1482509081269 1 1
1482509082101 3 -3
1482509090788 7 -1
1482509091316 0 -1
1482509092147 3 3
1482509093644 1 -1
1482509095108 2 2
1482509095852 1 -2
1482509099276 1 2
1482509101260 2 -2
1482509102686 2 2
1482509106388 2 -2
1482509107477 0 2
1482509109092 0 -2
1482509109965 2 2
1482509110541 1 -2
1482509113332 R
1482509118824 6 2
1482509127852 6 -2
1482509128341 4 -3
1482509133100 5 3
1482509133860 2 1
1482509134620 0 1
1482509137852 10 -2
1482509138980 2 1
1482509141380 0 -1
1482509142148 2 -2
1482509142660 5 -3
1482509143579 3 3
1482509146252 6 2
1482509146907 9 2
1482509147731 1 2
1482509148379 2 -2
1482509149180 0 2
1482509152500 0 -1
1482509155168 3 -1
1482509159292 R
1482509191555 3 2
1482509192204 6 2
1482509192866 9 2
1482509193461 1 3
1482509194846 2 -2
1482509197100 R
1482509216164 4 -3
1482509219085 10 -2
1482509222173 5 3
1482509223821 2 2
1482509224796 0 1
1482509225684 7 1
1482509238180 7 -1
1482509238980 0 -1
1482509243484 2 -2
1482509244464 5 -3
1482509247164 3 3
1482509252973 3 -3
1482509254828 R
1482509264148 3 2
1482509264844 6 2
1482509265612 9 2
1482509266321 1 3
1482509266962 2 -2
1482509273988 3 -2
1482509276948 0 1
1482509278356 7 1
1482509281564 8 2
1482509283754 7 1
1482509285740 8 -1
1482509286844 3 2
1482509292084 7 -2
1482509292814 0 -1
1482509293684 2 1
1482509294372 1 -1
1482509295244 2 -1
1482509296005 0 1
1482509297868 7 2
1482509299500 1 1
1482509300884 3 -2
1482509302588 10 -2
1482509303812 3 3
1482509310428 4 -1
1482509313844 1 -1
1482509314469 1 1
1482509315564 3 -2
1482509317068 10 2
1482509318028 5 1
1482509318828 7 2
1482509319700 8 -1
1482509320668 10 -1
1482509325572 3 -1
1482509326940 8 2
1482509327660 0 -1
1482509331164 0 1
1482509331662 8 -2
1482509334380 8 2
1482509335060 7 -3
1482509335660 8 -2
1482509336396 5 -1
1482509337347 3 3
1482509338035 0 1
1482509340907 1 -1
1482509341596 4 -2
1482509345467 4 3
1482509346635 1 1
1482509347795 0 -1
1482509348299 0 1
1482509348836 7 -1
1482509349340 0 -2
1482509350875 2 2
1482509351827 1 -3
1482509357059 9 -2
1482509358067 3 -3
1482509358891 4 -3
1482509359627 6 -2
1482509360212 5 3
1482509361075 2 1
1482509361683 0 1
1482509364811 10 3
1482509365947 2 1
1482509370611 8 2
1482509371348 7 4
1482509372611 0 -1
1482509373707 8 -2
1482509375339 2 -2
1482509376675 1 -1
1482509377301 2 -2
1482509380843 0 1
1482509383707 10 -3
1482509384731 5 -2
1482509385772 6 2
1482509386491 3 1
1482509388588 6 -2
1482509389027 5 2
1482509391387 8 1
1482509391891 7 -2
1482509392387 5 -3
1482509393222 3 2
1482509393963 0 1
1482509395654 6 2
1482509396483 0 1
1482509397379 4 3
1482509397859 0 2
