1479879303876 10 -2
1479879307180 3 3
1479879310684 4 -3
1479879311638 6 2
1479879316686 3 -2
1479879317665 6 -2
1479879318634 5 3
1479879319725 2 2
1479879320817 0 1
1479879324023 3 -1
1479879326300 2 -1
1479879328987 10 4
1479879330808 2 1
1479879331863 2 -1
1479879332647 10 -4
1479879337535 7 1
1479879341136 3 1
1479879347277 2 1
1479879348633 8 1
1479879349457 7 2
1479879350951 1 -1
1479879352998 3 -1
1479879361809 3 1
1479879366205 7 -1
1479879368293 7 1
1479879370479 4 1
1479879372334 3 -1
1479879376651 1 1
1479879378802 0 -1
1479879380769 8 1
1479879384939 1 -1
1479879389865 0 1
1479879390797 7 -1
1479879392541 8 -1
1479879393668 3 1
1479879396690 3 -1
1479879398667 1 1
1479879399791 7 -2
1479879400651 8 -1
1479879402111 3 1
1479879405073 2 -1
1479879409239 3 -1
1479879412463 2 1
1479879414789 8 2
1479879416076 0 -1
1479879421668 8 -2
1479879423753 3 1
1479879425387 4 -1
1479879427017 4 1
1479879429049 3 -1
1479879432044 2 -2
1479879432805 5 -3
1479879435205 3 3
1479879439711 6 2
1479879441479 1 1
1479879447286 4 2
1479879448787 9 2
1479879449979 1 2
1479879451256 2 -2
1479879452359 0 2
1479879458827 1 -1
1479879460867 4 -3
1479879468839 7 1
1479879475895 0 -1
1479879478145 3 -1
1479879480099 10 2
1479879482692 4 3
1479879486829 1 1
1479879487701 3 -2
1479879497358 5 1
1479879500010 5 -1
1479879502341 10 -2
1479879503679 3 3
1479879505355 3 -3
1479879506138 3 3
1479879508666 3 -3
1479879509333 3 3
1479879511419 0 1
1479879512485 0 -1
1479879513841 8 1
1479879514839 7 1
1479879516575 0 1
1479879517946 7 -2
1479879519025 8 -1
1479879523778 1 -1
1479879524611 1 1
1479879527538 0 -2
1479879533318 2 2
1479879534675 3 -3
1479879535543 3 3
1479879536666 1 -3
1479879540412 3 -3
1479879544908 3 3
1479879547734 9 -2
1479879548989 1 1
1479879551876 3 -1
1479879553363 10 2
1479879554111 10 -2
1479879555637 4 -3
1479879557417 6 -2
1479879558300 3 1
1479879562536 1 -1
1479879563907 3 -3
1479879565559 5 3
1479879566610 2 2
1479879569707 0 1
1479879573761 2 -1
1479879576661 10 4
1479879577801 2 1
1479879581326 8 2
1479879582376 7 4
1479879583539 1 -1
1479879585945 8 -2
1479879587383 8 2
1479879588541 8 -2
1479879590738 3 1
1479879592938 1 1
1479879595298 2 -1
1479879596421 10 -3
1479879598987 10 2
1479879600147 2 1
1479879603184 8 1
1479879604829 7 -4
1479879607951 3 -1
1479879609024 8 -1
1479879610985 2 -1
1479879613120 10 -3
1479879615333 7 1
1479879618056 2 1
1479879620056 3 1
1479879624915 2 -1
1479879626779 10 4
1479879627787 2 1
1479879631381 7 -1
1479879634657 3 -1
1479879641990 8 2
1479879643472 0 -1
1479879645356 8 -2
1479879646464 2 -2
1479879647231 5 -3
1479879648636 3 3
1479879650248 3 -3
1479879651022 10 -4
1479879652427 3 3
1479879657011 6 2
1479879658780 4 3
1479879660607 1 1
1479879662831 9 2
1479879664553 1 2
1479879667122 2 -2
1479879668423 0 2
1479879671594 7 1
1479879674479 1 -1
1479879675501 4 -3
1479879679797 0 -1
1479879680703 3 -1
1479879682703 10 2
1479879684285 4 3
1479879685247 1 1
1479879687263 4 -1
1479879688578 4 1
1479879690730 7 -1
1479879692279 8 1
1479879693154 8 -1
1479879694048 0 -1
1479879695675 3 -2
1479879701028 4 -1
1479879701785 4 1
1479879702783 2 2
1479879705440 2 -2
1479879706213 0 1
1479879707211 7 1
1479879711116 5 1
1479879712370 10 -2
1479879713525 5 -1
1479879715124 3 3
1479879719584 1 -1
1479879720597 4 -3
1479879721978 3 -1
1479879723706 3 1
1479879729592 8 1
1479879731322 7 1
1479879734499 0 1
1479879736229 7 -2
1479879736941 8 -1
1479879740105 8 1
1479879743858 4 3
1479879745277 1 1
1479879747735 8 -1
1479879748781 8 1
1479879754101 1 -1
1479879761910 4 -3
1479879764357 8 -1
1479879767321 0 -2
1479879770042 3 -1
1479879771421 10 2
1479879775337 8 1
