1479704698831 6 2
1479704700151 10 -2
1479704700743 3 3
1479704702086 4 -3
1479704703411 3 -3
1479704704800 6 -2
1479704705440 5 3
1479704706161 2 2
1479704706793 0 1
1479704707756 2 -1
1479704708531 10 3
1479704709139 2 1
1479704712916 8 2
1479704713636 7 4
1479704714273 1 -1
1479704716064 7 -2
1479704716483 1 1
1479704716986 7 -2
1479704717764 0 -1
1479704718876 8 -2
1479704720421 2 -2
1479704721070 10 -3
1479704721623 5 -3
1479704722193 6 2
1479704722682 3 3
1479704724590 4 3
1479704725639 9 2
1479704726229 1 3
1479704726845 2 -2
1479704727401 0 2
1479704728385 1 -1
1479704729550 4 -3
1479704732818 4 3
1479704733501 1 1
1479704737435 1 -1
1479704738172 4 -3
1479704739579 4 3
1479704740188 0 -2
1479704742371 1 1
1479704742928 3 -3
1479704743720 8 2
1479704746555 8 -2
1479704747848 3 3
1479704748869 0 2
1479704751117 1 -1
1479704751687 4 -3
1479704752559 4 3
1479704753775 1 1
1479704756944 7 1
1479704760172 0 -1
1479704760658 3 -3
1479704761904 5 1
1479704762993 7 -1
1479704764046 5 -1
1479704764666 3 3
1479704765180 0 1
1479704765967 1 -1
1479704766689 4 -3
1479704768537 8 1
1479704769652 7 2
1479704771183 7 -2
1479704771685 8 -1
1479704773357 4 3
1479704773818 1 1
1479704782147 8 1
1479704782884 7 2
1479704783884 0 -1
1479704784605 3 -3
1479704786100 3 3
1479704786647 1 -1
1479704787167 4 -3
1479704789743 10 1
1479704791731 10 -1
1479704792396 4 3
1479704793333 1 1
1479704794440 0 1
1479704795899 7 -2
1479704796675 8 -1
1479704798058 1 -1
1479704798643 4 -3
1479704799934 4 3
1479704802167 1 1
1479704803545 8 1
1479704804321 7 2
1479704806076 1 -1
1479704806561 4 -3
1479704807383 4 3
1479704809093 1 1
1479704814453 7 -2
1479704815006 8 -1
1479704816510 0 -2
1479704817025 3 -3
1479704818407 3 3
1479704818964 1 -1
1479704819432 4 -3
1479704820960 3 -1
1479704822196 4 3
1479704822702 1 1
1479704824262 3 -2
1479704825973 3 3
1479704826748 0 2
1479704828442 8 1
1479704829388 7 2
1479704830589 1 -1
1479704831048 4 -3
1479704832826 10 1
1479704836479 7 -2
1479704837013 8 -1
1479704838557 R
1479704840775 4 -3
1479704841692 10 -2
1479704842892 6 2
1479704843579 3 3
1479704844588 1 1
1479704845206 1 -1
1479704846198 4 3
1479704847610 3 -3
1479704848620 5 1
1479704849788 5 -1
1479704850880 4 -3
1479704852137 3 3
1479704852792 1 1
1479704861930 1 -1
1479704862621 3 -3
1479704863915 6 -2
1479704864505 5 3
1479704865170 2 2
1479704865689 0 1
1479704867182 8 2
1479704868091 7 3
1479704868601 1 -1
1479704870512 7 -1
1479704873102 8 -1
1479704874436 1 1
1479704874953 7 -2
1479704875545 8 -1
1479704876553 2 -1
1479704880850 10 4
1479704881508 2 1
1479704883790 8 2
1479704884480 7 4
1479704887018 7 -4
1479704887834 8 -2
1479704888340 2 -1
1479704888981 10 -4
1479704889939 2 1
1479704892392 2 -1
1479704893720 10 4
1479704894349 2 1
1479704894923 8 2
1479704895711 0 -1
1479704897795 0 1
1479704898905 7 3
1479704899677 7 1
1479704900147 1 -1
1479704902514 1 1
1479704902972 7 -4
1479704903975 0 -1
1479704905654 8 -2
1479704906415 2 -2
1479704907068 5 -3
1479704907625 10 -4
1479704908651 6 2
1479704909048 4 3
1479704910511 3 3
1479704911635 1 1
1479704912513 1 -1
1479704913114 9 2
1479704913834 1 3
1479704914394 2 -2
1479704915511 0 2
1479704916545 1 -1
1479704917244 4 -3
1479704918863 4 3
1479704920019 1 1
1479704926180 0 -2
1479704927439 2 2
1479704928002 1 -3
1479704928576 9 -2
1479704930009 1 1
1479704930920 1 -1
1479704931825 4 -3
1479704935721 9 2
1479704936265 1 2
1479704936844 2 -2
1479704938145 0 2
1479704939691 4 3
1479704940565 1 1
1479704941135 1 -1
1479704942593 7 1
1479704944576 1 1
1479704948424 1 -1
1479704948956 4 -3
1479704952519 4 3
1479704953007 1 1
1479704955845 7 -1
1479704957728 0 -2
1479704958437 3 -3
1479704961185 5 1
1479704962063 5 -1
1479704962397 10 2
1479704963170 5 1
1479704963604 0 1
1479704964402 8 2
1479704965066 7 4
1479704966278 0 -1
1479704967891 8 -2
1479704969326 10 -1
1479704970183 3 1
1479704970712 2 2
1479704974493 3 -1
1479704975017 2 -2
1479704975568 0 1
1479704976408 8 2
1479704977132 7 -4
1479704977954 10 -1
1479704978682 5 -1
1479704979046 8 -2
1479704979570 3 3
1479704980777 1 -1
1479704981248 4 -3
1479704982397 4 3
1479704983406 1 1
1479704983866 0 1
1479704985974 1 -1
1479704986437 4 -3
1479704989056 R
1479704990824 4 -3
1479704992136 4 3
1479704992713 4 -3
1479704993254 6 2
1479704994057 10 -2
1479704994828 9 2
1479704996538 9 -2
1479704997398 3 3
1479704998500 1 1
1479704999199 1 -1
1479705000316 4 3
1479705002518 1 1
1479705003849 1 -1
1479705004298 9 2
1479705005363 1 3
1479705005966 3 -3
1479705007292 3 3
1479705007798 2 -2
1479705008893 0 2
1479705009682 1 -1
1479705010250 4 -3
1479705012063 7 1
1479705013676 4 3
1479705014988 1 1
1479705016465 1 -1
1479705017526 7 -1
1479705019625 4 -3
1479705022531 8 1
1479705023274 10 1
1479705024497 4 3
1479705025480 1 1
1479705026173 1 -1
1479705026860 4 -3
1479705027665 4 3
1479705028199 1 1
1479705029554 8 -1
1479705029968 10 -1
1479705031378 0 -2
1479705031954 3 -3
1479705033279 3 3
1479705033677 2 2
1479705035174 1 -3
1479705035829 9 -2
1479705036689 4 -3
1479705038198 1 1
1479705038926 1 -1
1479705040142 6 -2
1479705041101 3 -3
1479705042045 5 3
1479705042702 2 2
1479705043235 0 1
1479705045805 2 -1
1479705055763 7 1
1479705074802 2 1
1479705076479 2 -1
1479705077434 3 1
1479705078256 4 1
1479705080078 10 4
1479705080657 2 1
1479705089832 3 -1
1479705099129 7 -1
1479705099502 0 -1
1479705100032 8 2
1479705100568 8 -2
1479705100925 2 -2
1479705101373 5 -3
1479705101890 10 -4
1479705102377 6 2
1479705102747 3 3
1479705103980 4 2
1479705104531 9 2
1479705105015 1 3
1479705105554 2 -2
1479705106028 0 2
1479705108107 7 1
1479705108483 8 1
1479705109198 10 1
1479705109736 7 1
1479705110257 0 -1
1479705113247 7 -2
1479705113633 0 -1
1479705114660 8 -1
1479705115148 2 2
1479705115687 1 -3
1479705116602 4 -3
1479705117473 4 3
1479705117934 9 -2
1479705118661 3 -3
1479705119968 5 1
1479705120408 6 -2
1479705120807 4 -3
1479705121267 10 3
1479705121846 5 2
1479705122299 2 2
1479705122860 0 1
1479705123407 7 1
1479705124323 8 2
1479705124721 7 3
1479705125245 0 -1
1479705125590 1 -1
1479705126465 8 -2
1479705126965 2 -4
1479705128423 8 2
1479705128900 7 -1
1479705129658 0 1
1479705129976 7 -1
1479705130396 10 -4
1479705130986 5 -3
1479705131377 8 -1
1479705131948 3 3
1479705132310 6 2
1479705133261 4 3
1479705133947 0 4
