1479976419347 10 -1
1479976420299 6 2
1479976422309 3 3
1479976423370 9 2
1479976424125 1 3
1479976425342 2 -2
1479976425949 2 2
1479976427719 2 -2
1479976428249 0 1
1479976428678 8 1
1479976429334 7 2
1479976436786 3 -2
1479976437389 5 1
1479976438002 7 2
1479976439998 8 -1
1479976440504 0 -1
1479976441041 2 2
1479976442921 2 -2
1479976455300 8 1
1479976455698 0 1
1479976456478 7 -4
1479976456952 0 -1
1479976457297 8 -1
1479976457701 5 -1
1479976473295 3 -1
1479976474784 3 2
1479976475290 2 2
1479976476373 1 -3
1479976476942 3 -2
1479976477464 9 -2
1479976478588 4 -3
1479976479210 6 -2
1479976480129 5 3
1479976480793 10 3
1479976481813 2 2
1479976483061 8 2
1479976483778 0 1
1479976484619 7 4
1479976485228 1 -1
1479976491761 7 -2
1479976492354 8 -1
1479976493375 8 1
1479976498535 7 2
1479976499073 0 -1
1479976499526 8 -2
1479976499961 2 -4
1479976501981 0 1
1479976502566 8 2
1479976503337 7 -2
1479976503897 5 -3
1479976505955 8 -1
1479976508255 10 -4
1479976509307 3 3
1479976509753 6 2
1479976510259 4 3
1479976511094 0 4
