1481947813802 6 2
1481947817098 5 1
1481947818755 3 1
1481947819633 9 2
1481947822601 3 -1
1481947823746 9 -2
1481947824970 4 -3
1481947826097 6 -2
1481947826801 10 2
1481947827745 5 2
1481947828961 2 2
1481947829825 8 2
1481947830873 0 1
1481947831803 7 4
1481947832833 1 -1
1481947834049 0 -1
1481947836601 8 -2
1481947837954 2 -4
1481947840483 10 -3
1481947841274 5 -2
1481947842721 6 2
1481947843474 6 -2
1481947846379 6 2
1481947847473 8 4
1481947848826 8 -3
1481947849969 6 -2
1481947851523 5 2
1481947858195 5 -2
1481947858978 6 2
1481947859649 4 3
1481947861465 3 1
1481947863130 7 -1
1481947864441 0 1
1481947865410 7 -1
1481947866009 5 -1
1481947867249 3 2
1481947867906 0 4
