1481756717869 6 -1
1481756751485 6 1
1481756753117 6 -1
1481756754509 9 2
1481756755837 10 -1
1481756757100 7 -2
1481756759676 9 -2
1481756760957 6 2
1481756762861 2 -1
1481756774133 6 -2
1481756775516 7 2
1481756777181 10 1
1481756778060 9 2
1481756779693 3 1
1481756781485 10 -1
1481756782316 7 -2
1481756787980 1 -3
1481756789108 5 -2
1481756790077 8 -2
1481756790701 7 3
1481756792133 3 1
1481756794485 6 -1
1481756796268 9 1
1481756797949 6 2
1481756799013 0 3
1481756800197 3 -1
1481756801084 7 -3
1481756802349 6 1
1481756821996 1 2
1481756824749 1 -2
1481756827124 6 -1
1481756827701 7 3
1481756829245 3 1
1481756831413 0 -1
1481756840853 0 -1
1481756841901 6 -2
1481756842853 9 -1
1481756844037 8 1
1481756847597 5 1
1481756848717 2 1
1481756849789 4 1
1481756852477 6 1
1481756852973 1 2
1481756853980 4 -1
1481756857037 1 -2
1481756858518 6 -2
1481756861437 0 2
1481756862484 3 -1
1481756863685 7 -3
1481756866141 8 1
1481756867117 5 1
1481756874173 5 -1
1481756887028 5 1
1481756888653 7 2
1481756891596 7 -2
1481756894365 5 -1
1481756895309 8 -1
1481756895917 7 3
1481756896900 3 1
1481756900465 0 -2
1481756904821 6 2
1481756906477 4 1
1481756907219 1 2
1481756910253 10 -3
1481756912364 1 -1
1481756920861 R
1481756923053 2 -1
1481756926605 7 -1
1481756929181 10 -1
1481756930629 7 -1
1481756931869 6 1
1481756936685 2 1
1481756941997 6 -2
1481756942581 7 2
1481756943900 10 1
1481756946324 6 1
1481756948541 4 1
1481756949965 4 -1
1481756950885 2 -1
1481756952740 6 -1
1481756953428 9 2
1481756955085 3 1
1481756957140 10 -1
1481756957797 7 -2
1481756963389 3 -1
1481756963956 9 -2
1481756965069 6 2
1481756968645 2 1
1481756970189 4 1
1481756971341 4 -1
1481756973517 6 -2
1481756973980 9 2
1481756978707 2 -1
1481756981981 3 1
1481756982869 1 -3
1481756984973 5 -2
1481756988293 8 -2
1481756990061 9 1
1481756994117 6 -1
1481756994925 7 3
1481756999677 3 1
1481757000893 6 2
1481757002964 0 3
1481757005557 0 -3
1481757009213 6 -2
1481757012965 3 -1
1481757013701 7 -3
1481757014813 9 -1
1481757015757 8 2
1481757029589 6 1
1481757030525 1 2
1481757031621 7 2
1481757033781 U
