1482753223016 6 -1
1482753224494 7 -1
1482753227093 6 1
1482753229989 6 -1
1482753231196 7 1
1482753232620 10 -1
1482753235060 9 2
1482753237331 3 1
1482753238700 1 -3
1482753240755 6 -2
1482753244748 5 -1
1482753245827 8 -1
1482753246617 7 1
1482753247874 3 1
1482753249697 0 3
1482753250985 3 -1
1482753252370 7 -3
1482753255024 8 1
1482753261169 5 1
1482753273488 7 2
1482753281951 5 -1
1482753282983 8 -1
1482753283735 7 1
1482753284941 3 1
1482753293181 0 -2
1482753294972 6 2
1482753296165 2 -1
1482753297717 5 -1
1482753300221 6 -1
1482753302917 8 -1
1482753304076 9 1
1482753306419 6 2
1482753307651 0 2
1482753308483 3 -1
1482753309626 7 -3
1482753312354 6 1
1482753320794 6 -1
1482753321759 7 3
1482753323385 3 1
1482753327441 0 -1
1482753329577 10 -1
1482753330849 0 -1
1482753333823 6 -1
1482753335047 9 -1
1482753336495 8 1
1482753342806 5 1
1482753343742 2 1
1482753344870 6 -2
1482753346142 0 2
1482753347422 3 -1
1482753349917 7 -3
1482753354627 8 1
1482753359971 5 1
1482753365404 R
1482753370580 6 -1
1482753376681 6 1
1482753381161 4 1
1482753383449 10 -1
1482753387824 7 -2
1482753389920 6 1
1482753393496 6 -2
1482753394623 7 2
1482753395783 9 2
1482753397295 3 1
1482753399246 1 -3
1482753402622 6 -1
1482753404229 7 -2
1482753410412 6 1
1482753412042 1 3
1482753413524 4 -1
1482753414652 3 -1
1482753417491 9 -2
1482753419275 6 2
1482753425876 2 -1
1482753431251 6 -1
1482753433425 7 2
1482753435073 10 1
1482753439090 10 -1
1482753441834 R
1482753449432 6 -1
1482753450432 9 2
1482753451663 3 1
1482753452792 10 -1
1482753453806 7 -2
1482753458253 1 -3
1482753459837 6 -2
1482753463598 5 -1
1482753465166 8 -1
1482753466485 7 3
1482753467925 3 1
1482753469693 0 3
1482753470940 3 -1
1482753472213 7 -3
1482753475220 8 1
1482753485188 8 -1
1482753486684 7 3
1482753491291 3 1
1482753493018 0 -3
1482753500866 3 -1
1482753504178 7 -3
1482753505584 8 1
1482753514304 6 2
1482753515303 2 -1
1482753516552 5 -1
1482753517711 6 -1
1482753519391 8 -2
1482753520351 9 1
1482753521644 7 3
1482753522951 3 1
1482753524265 6 2
1482753526022 0 3
1482753526909 3 -1
1482753527934 7 -3
1482753530365 6 1
1482753533926 1 2
1482753539596 1 -2
1482753541756 6 -1
1482753543572 6 1
1482753545427 6 -1
1482753548170 7 3
1482753553498 7 -3
1482753560203 R
1482753564604 6 -1
1482753566624 9 2
1482753568850 10 -1
1482753570167 7 -2
1482753572064 9 -2
1482753575967 6 2
1482753579415 2 -1
1482753592364 6 -2
1482753594412 9 2
1482753595908 3 1
1482753598656 7 2
1482753601619 1 -3
1482753603738 5 -2
1482753605466 6 -1
1482753607874 7 -2
1482753611450 7 2
1482753612681 8 -2
1482753613721 7 1
1482753615249 3 1
1482753616994 0 1
1482753617992 10 -1
1482753621408 6 1
1482753622521 8 1
1482753624761 5 1
1482753625904 2 1
1482753626663 4 1
1482753627943 1 1
1482753629527 10 -2
1482753641678 0 -1
1482753654213 R
1482753658235 2 -1
1482753659970 6 -1
1482753661015 9 2
1482753663546 3 1
1482753664963 1 -3
1482753669067 5 -2
1482753672354 6 -1
1482753674593 10 -1
1482753678008 8 -2
1482753679072 7 1
1482753680264 3 1
1482753681288 0 1
1482753682735 10 -1
1482753689415 8 1
1482753690270 5 1
1482753691070 2 1
1482753691831 6 -1
1482753694998 0 2
1482753696062 3 -1
1482753697157 7 -3
1482753698677 8 1
1482753702822 5 1
1482753712972 5 -1
1482753715220 5 1
1482753716526 R
1482753720333 2 -1
1482753722884 6 -1
1482753724355 9 2
1482753726707 7 -1
1482753730155 3 1
1482753732242 1 -1
1482753734442 5 -2
1482753738225 8 -1
1482753739513 7 2
1482753741161 3 1
1482753742835 10 -1
1482753743888 0 1
1482753746380 1 -2
1482753754175 5 1
1482753755134 2 1
1482753760838 6 -2
1482753762222 0 2
1482753763936 3 -1
1482753765165 7 -3
1482753768229 7 3
1482753778435 7 -3
1482753779619 8 1
1482753782362 5 1
1482753786763 10 -1
1482753789890 10 1
1482753791258 R
1482753798577 6 -1
1482753800089 9 2
1482753803616 3 1
1482753805257 1 -3
1482753808808 6 -2
1482753811814 5 -1
1482753812983 8 -1
1482753814006 7 1
1482753815142 3 1
1482753817054 0 3
1482753818493 3 -1
1482753819877 7 -2
1482753820989 8 1
1482753822573 5 1
1482753831637 10 -2
1482753832748 7 -1
1482753835739 7 2
1482753838556 7 -1
1482753841882 10 2
1482753846916 R
1482753851123 6 -1
1482753852866 9 2
1482753855858 3 1
1482753857096 1 -3
1482753858993 2 -1
1482753861322 5 -2
1482753863258 6 -1
1482753866305 8 -1
1482753867337 7 1
1482753868623 3 1
1482753870024 0 1
1482753871215 10 -2
1482753878984 8 -1
1482753879878 9 1
1482753882238 6 2
1482753884269 0 2
1482753885902 10 2
1482753888821 1 2
1482753891269 3 -1
1482753893012 10 -3
1482753894076 7 -3
1482753897396 6 1
1482753900356 6 -1
1482753901981 1 -1
1482753906261 6 1
1482753907835 6 -1
1482753915546 7 3
1482753918106 7 -3
1482753924377 R
1482753927113 2 -1
1482753929239 2 1
1482753931904 6 -1
1482753933415 9 2
1482753937646 3 1
1482753939158 1 -3
1482753941174 6 -2
1482753944278 5 -1
1482753945406 6 2
1482753946717 2 -1
1482753948325 5 -1
1482753950205 8 -2
1482753952124 9 1
1482753953492 7 1
1482753955269 3 1
1482753957092 0 1
1482753957884 6 1
1482753959372 0 2
1482753961371 3 -1
1482753963595 7 -2
1482753966507 10 -2
1482753967530 7 -1
1482753969866 6 1
1482753981609 6 -1
1482753983296 7 3
1482753985281 R
1482753991751 10 -1
1482753993432 2 -1
