1480303791936 4 1
1480303791936 4 1
1480303791936 4 1
1480303791936 4 1
1480303794355 4 -1
1480303794355 4 -1
1480303794355 4 -1
1480303794355 4 -1
1480303795377 2 -1
1480303795377 2 -1
1480303795377 2 -1
1480303795377 2 -1
1480303797594 6 -1
1480303797594 6 -1
1480303797594 6 -1
1480303797594 6 -1
1480303798731 9 2
1480303798731 9 2
1480303798731 9 2
1480303798731 9 2
1480303799708 3 1
1480303799708 3 1
1480303799708 3 1
1480303799708 3 1
1480303801145 1 -3
1480303801145 1 -3
1480303801145 1 -3
1480303801145 1 -3
1480303802787 5 -2
1480303802787 5 -2
1480303802787 5 -2
1480303802787 5 -2
1480303804868 8 -2
1480303804868 8 -2
1480303804868 8 -2
1480303804868 8 -2
1480303806291 7 1
1480303806291 7 1
1480303806291 7 1
1480303806291 7 1
1480303806896 9 1
1480303806896 9 1
1480303806896 9 1
1480303806896 9 1
1480303808291 3 1
1480303808291 3 1
1480303808291 3 1
1480303808291 3 1
1480303809600 6 -1
1480303809600 6 -1
1480303809600 6 -1
1480303809600 6 -1
1480303813101 9 -1
1480303813101 9 -1
1480303813101 9 -1
1480303813101 9 -1
1480303813852 8 1
1480303813852 8 1
1480303813852 8 1
1480303813852 8 1
1480303814995 5 1
1480303814995 5 1
1480303814995 5 1
1480303814995 5 1
1480303815663 2 1
1480303815663 2 1
1480303815663 2 1
1480303815663 2 1
1480303816443 6 -1
1480303816443 6 -1
1480303816443 6 -1
1480303816443 6 -1
1480303819061 0 3
1480303819061 0 3
1480303819061 0 3
1480303819061 0 3
1480303821210 3 -1
1480303821210 3 -1
1480303821210 3 -1
1480303821210 3 -1
1480303824154 10 -2
1480303824154 10 -2
1480303824154 10 -2
1480303824154 10 -2
1480303825080 7 -3
1480303825080 7 -3
1480303825080 7 -3
1480303825080 7 -3
1480303825855 8 1
1480303825855 8 1
1480303825855 8 1
1480303825855 8 1
1480303829098 5 1
1480303829098 5 1
1480303829098 5 1
1480303829098 5 1
1480303840473 R
1480303840473 R
1480303840473 R
1480303840473 R
1480303851882 6 -1
1480303851882 6 -1
1480303851882 6 -1
1480303851882 6 -1
1480303853299 9 2
1480303853299 9 2
1480303853299 9 2
1480303853299 9 2
1480303854692 3 1
1480303854692 3 1
1480303854692 3 1
1480303854692 3 1
1480303856340 1 -3
1480303856340 1 -3
1480303856340 1 -3
1480303856340 1 -3
1480303858506 6 -2
1480303858506 6 -2
1480303858506 6 -2
1480303858506 6 -2
1480303862062 10 -1
1480303862062 10 -1
1480303862062 10 -1
1480303862062 10 -1
1480303863269 7 -2
1480303863269 7 -2
1480303863269 7 -2
1480303863269 7 -2
1480303865617 5 -1
1480303865617 5 -1
1480303865617 5 -1
1480303865617 5 -1
1480303866737 8 -1
1480303866737 8 -1
1480303866737 8 -1
1480303866737 8 -1
1480303868500 6 2
1480303868500 6 2
1480303868500 6 2
1480303868500 6 2
1480303869411 2 -1
1480303869411 2 -1
1480303869411 2 -1
1480303869411 2 -1
1480303870474 5 -1
1480303870474 5 -1
1480303870474 5 -1
1480303870474 5 -1
1480303871641 8 1
1480303871641 8 1
1480303871641 8 1
1480303871641 8 1
1480303872796 6 -1
1480303872796 6 -1
1480303872796 6 -1
1480303872796 6 -1
1480303874493 6 1
1480303874493 6 1
1480303874493 6 1
1480303874493 6 1
1480303875108 6 -1
1480303875108 6 -1
1480303875108 6 -1
1480303875108 6 -1
1480303878137 7 2
1480303878137 7 2
1480303878137 7 2
1480303878137 7 2
1480303878983 10 1
1480303878983 10 1
1480303878983 10 1
1480303878983 10 1
1480303882214 10 -1
1480303882214 10 -1
1480303882214 10 -1
1480303882214 10 -1
1480303882942 7 -2
1480303882942 7 -2
1480303882942 7 -2
1480303882942 7 -2
1480303886175 5 2
1480303886175 5 2
1480303886175 5 2
1480303886175 5 2
1480303886915 2 1
1480303886915 2 1
1480303886915 2 1
1480303886915 2 1
1480303887529 6 -1
1480303887529 6 -1
1480303887529 6 -1
1480303887529 6 -1
1480303888585 5 -1
1480303888585 5 -1
1480303888585 5 -1
1480303888585 5 -1
1480303889337 8 -1
1480303889337 8 -1
1480303889337 8 -1
1480303889337 8 -1
1480303892883 R
1480303892883 R
1480303892883 R
1480303892883 R
1480303902151 10 -1
1480303902151 10 -1
1480303902151 10 -1
1480303902151 10 -1
1480303903416 7 -2
1480303903416 7 -2
1480303903416 7 -2
1480303903416 7 -2
1480303905125 6 1
1480303905125 6 1
1480303905125 6 1
1480303905125 6 1
1480303909688 6 -2
1480303909688 6 -2
1480303909688 6 -2
1480303909688 6 -2
1480303910749 9 2
1480303910749 9 2
1480303910749 9 2
1480303910749 9 2
1480303912010 7 2
1480303912010 7 2
1480303912010 7 2
1480303912010 7 2
1480303913749 10 1
1480303913749 10 1
1480303913749 10 1
1480303913749 10 1
1480303915160 3 1
1480303915160 3 1
1480303915160 3 1
1480303915160 3 1
1480303916365 1 -3
1480303916365 1 -3
1480303916365 1 -3
1480303916365 1 -3
1480303918064 2 -1
1480303918064 2 -1
1480303918064 2 -1
1480303918064 2 -1
1480303921648 2 1
1480303921648 2 1
1480303921648 2 1
1480303921648 2 1
1480303922424 4 1
1480303922424 4 1
1480303922424 4 1
1480303922424 4 1
1480303928957 6 -1
1480303928957 6 -1
1480303928957 6 -1
1480303928957 6 -1
1480303929687 5 -1
1480303929687 5 -1
1480303929687 5 -1
1480303929687 5 -1
1480303931407 8 -1
1480303931407 8 -1
1480303931407 8 -1
1480303931407 8 -1
1480303933178 7 -1
1480303933178 7 -1
1480303933178 7 -1
1480303933178 7 -1
1480303934148 8 1
1480303934148 8 1
1480303934148 8 1
1480303934148 8 1
1480303936776 4 -1
1480303936776 4 -1
1480303936776 4 -1
1480303936776 4 -1
1480303937412 2 -1
1480303937412 2 -1
1480303937412 2 -1
1480303937412 2 -1
1480303938280 5 -1
1480303938280 5 -1
1480303938280 5 -1
1480303938280 5 -1
1480303939463 8 -2
1480303939463 8 -2
1480303939463 8 -2
1480303939463 8 -2
1480303940028 9 1
1480303940028 9 1
1480303940028 9 1
1480303940028 9 1
1480303941593 6 2
1480303941593 6 2
1480303941593 6 2
1480303941593 6 2
1480303945575 6 -2
1480303945575 6 -2
1480303945575 6 -2
1480303945575 6 -2
1480303946919 9 -1
1480303946919 9 -1
1480303946919 9 -1
1480303946919 9 -1
1480303947863 9 1
1480303947863 9 1
1480303947863 9 1
1480303947863 9 1
1480303948501 7 2
1480303948501 7 2
1480303948501 7 2
1480303948501 7 2
1480303949437 3 1
1480303949437 3 1
1480303949437 3 1
1480303949437 3 1
1480303950734 0 1
1480303950734 0 1
1480303950734 0 1
1480303950734 0 1
1480303951576 6 2
1480303951576 6 2
1480303951576 6 2
1480303951576 6 2
1480303952647 0 2
1480303952647 0 2
1480303952647 0 2
1480303952647 0 2
1480303953799 3 -1
1480303953799 3 -1
1480303953799 3 -1
1480303953799 3 -1
1480303954535 3 1
1480303954535 3 1
1480303954535 3 1
1480303954535 3 1
1480303956511 1 2
1480303956511 1 2
1480303956511 1 2
1480303956511 1 2
1480303957615 1 -2
1480303957615 1 -2
1480303957615 1 -2
1480303957615 1 -2
1480303958727 3 -1
1480303958727 3 -1
1480303958727 3 -1
1480303958727 3 -1
1480303959719 7 -2
1480303959719 7 -2
1480303959719 7 -2
1480303959719 7 -2
1480303963209 1 2
1480303963209 1 2
1480303963209 1 2
1480303963209 1 2
1480303964232 10 -3
1480303964232 10 -3
1480303964232 10 -3
1480303964232 10 -3
1480303965172 7 -1
1480303965172 7 -1
1480303965172 7 -1
1480303965172 7 -1
1480303966323 6 1
1480303966323 6 1
1480303966323 6 1
1480303966323 6 1
1480303970910 1 -1
1480303970910 1 -1
1480303970910 1 -1
1480303970910 1 -1
1480303973350 1 1
1480303973350 1 1
1480303973350 1 1
1480303973350 1 1
1480303984920 R
1480303984920 R
1480303984920 R
1480303984920 R
1480304005120 4 1
1480304005120 4 1
1480304005120 4 1
1480304005120 4 1
1480304007371 4 -1
1480304007371 4 -1
1480304007371 4 -1
1480304007371 4 -1
1480304013434 7 -1
1480304013434 7 -1
1480304013434 7 -1
1480304013434 7 -1
1480304018717 6 -1
1480304018717 6 -1
1480304018717 6 -1
1480304018717 6 -1
1480304022150 9 2
1480304022150 9 2
1480304022150 9 2
1480304022150 9 2
1480304024423 3 1
1480304024423 3 1
1480304024423 3 1
1480304024423 3 1
1480304026976 4 1
1480304026976 4 1
1480304026976 4 1
1480304026976 4 1
1480304029641 4 -1
1480304029641 4 -1
1480304029641 4 -1
1480304029641 4 -1
1480304030185 1 -3
1480304030185 1 -3
1480304030185 1 -3
1480304030185 1 -3
1480304031893 6 -2
1480304031893 6 -2
1480304031893 6 -2
1480304031893 6 -2
1480304032884 5 -1
1480304032884 5 -1
1480304032884 5 -1
1480304032884 5 -1
1480304035852 5 1
1480304035852 5 1
1480304035852 5 1
1480304035852 5 1
1480304037615 6 2
1480304037615 6 2
1480304037615 6 2
1480304037615 6 2
1480304038353 1 3
1480304038353 1 3
1480304038353 1 3
1480304038353 1 3
1480304039388 3 -1
1480304039388 3 -1
1480304039388 3 -1
1480304039388 3 -1
1480304040530 9 -2
1480304040530 9 -2
1480304040530 9 -2
1480304040530 9 -2
1480304041548 6 1
1480304041548 6 1
1480304041548 6 1
1480304041548 6 1
1480304045392 4 1
1480304045392 4 1
1480304045392 4 1
1480304045392 4 1
1480304046438 4 -1
1480304046438 4 -1
1480304046438 4 -1
1480304046438 4 -1
1480304047260 2 -1
1480304047260 2 -1
1480304047260 2 -1
1480304047260 2 -1
1480304051423 R
1480304051423 R
1480304051423 R
1480304051423 R
1480304055844 2 -1
1480304055844 2 -1
1480304055844 2 -1
1480304055844 2 -1
1480304057792 2 1
1480304057792 2 1
1480304057792 2 1
1480304057792 2 1
1480304068948 7 -1
1480304068948 7 -1
1480304068948 7 -1
1480304068948 7 -1
1480304069787 6 -1
1480304069787 6 -1
1480304069787 6 -1
1480304069787 6 -1
1480304071868 2 -1
1480304071868 2 -1
1480304071868 2 -1
1480304071868 2 -1
1480304077931 9 2
1480304077931 9 2
1480304077931 9 2
1480304077931 9 2
1480304078827 10 -1
1480304078827 10 -1
1480304078827 10 -1
1480304078827 10 -1
1480304080344 9 -2
1480304080344 9 -2
1480304080344 9 -2
1480304080344 9 -2
1480304080912 6 1
1480304080912 6 1
1480304080912 6 1
1480304080912 6 1
