1484227371875 6 -1
1484227373382 9 2
1484227377753 3 1
1484227379124 1 -3
1484227380607 6 -2
1484227381704 5 -1
1484227383762 8 -1
1484227385016 7 1
1484227386090 3 1
1484227387345 0 3
1484227388445 3 -1
1484227390231 10 -2
1484227391360 7 -3
1484227393167 8 1
1484227394403 5 1
1484227398232 7 2
1484227399685 10 2
1484227401795 5 -1
1484227402957 8 -1
1484227404102 7 1
1484227406209 3 1
1484227407760 0 -2
1484227410409 0 -1
1484227412068 3 -1
1484227414022 6 2
1484227415368 2 -1
1484227416807 5 -1
1484227418070 8 -1
1484227421196 9 1
1484227423652 6 1
1484227425381 1 2
1484227426922 3 1
1484227430403 0 3
1484227432608 3 -1
1484227434126 7 -2
1484227435289 10 -3
1484227437017 7 -1
1484227438328 1 -1
1484227441923 7 2
1484227443690 10 1
1484227444851 1 -1
1484227450297 7 -2
1484227451232 6 1
1484227455467 1 2
1484227456817 10 -1
1484227458536 6 -1
1484227459629 7 3
1484227460814 3 1
1484227463924 10 3
1484227466002 1 -1
1484227467882 1 -1
1484227469783 0 -3
1484227472000 6 -2
1484227473395 3 -1
1484227476325 10 -1
1484227477614 7 -3
1484227479140 9 -1
1484227480109 8 2
1484227481316 6 1
1484227485725 5 1
1484227488200 5 1
1484227489224 2 1
1484227491153 1 3
1484227493682 3 -1
1484227494830 9 -2
1484227496699 6 2
1484227500527 6 -2
1484227504963 7 1
1484227506658 10 1
1484227508241 6 1
1484227514852 6 -1
1484227516395 7 1
1484227517719 9 2
1484227520267 3 1
1484227521566 1 -2
1484227522863 1 -1
1484227525754 6 -2
1484227528514 5 -1
1484227529843 8 -1
1484227532218 7 1
1484227533526 3 1
1484227535552 0 3
1484227536950 3 -1
1484227538390 10 -2
1484227539592 7 -1
1484227541507 7 -2
1484227543399 8 1
1484227544525 5 1
1484227547779 10 1
1484227549753 7 2
1484227551042 10 1
1484227553688 5 -1
1484227555299 8 -1
1484227556424 7 1
1484227557704 3 1
1484227558980 0 -3
1484227560553 6 2
1484227566278 1 2
1484227568737 1 -2
1484227570154 6 -2
1484227579257 3 -1
1484227582875 6 1
1484227584217 2 -1
1484227585269 5 -1
1484227589297 8 -1
1484227590473 9 1
1484227591801 3 1
1484227592923 6 2
1484227594116 0 3
1484227600369 1 2
1484227603034 10 -2
1484227604284 10 -1
1484227606849 3 -1
1484227608655 7 -3
1484227609725 6 1
1484227612078 6 -1
1484227614793 7 3
1484227615976 3 1
1484227617384 0 -2
1484227618538 6 -1
1484227619908 9 -1
1484227621004 8 1
1484227624684 5 1
1484227625875 2 1
1484227627091 1 -1
1484227628183 10 2
1484227629566 1 -1
1484227630774 6 -2
1484227631984 0 2
1484227633449 3 -1
1484227634761 7 -3
1484227637780 8 1
1484227639829 7 2
1484227641472 10 -1
1484227643798 5 1
1484227647249 7 -2
1484227648475 10 1
1484227650777 5 -1
1484227651986 8 -1
1484227653710 7 3
1484227654651 3 1
1484227656189 0 -3
1484227660461 6 2
1484227664387 1 1
1484227665944 4 1
1484227666973 0 1
1484227668083 10 -2
1484227669477 10 -1
1484227671056 0 -1
1484227672892 3 -1
1484227674708 7 -3
1484227679699 8 1
1484227680846 5 1
1484227682006 1 2
1484227683196 3 -1
1484227684373 9 -3
1484227692816 3 1
1484227694906 7 2
1484227696707 7 -2
1484227698036 6 2
1484227700484 3 -1
1484227705088 3 1
1484227706190 1 -2
1484227707946 5 -1
1484227712339 6 -2
1484227715531 7 1
1484227716841 8 -1
1484227717977 7 2
1484227719048 3 1
1484227720245 6 1
1484227721457 0 2
1484227723377 10 2
1484227724375 4 -1
1484227725864 2 -1
1484227726880 5 -1
1484227728120 0 2
1484227729591 0 1
