1480304167642 4 1
1480304170795 4 -1
1480304178697 7 -1
1480304181257 6 -1
1480304182385 9 2
1480304185129 3 1
1480304188794 1 -3
1480304190746 6 -2
1480304198201 7 1
1480304202322 7 -1
1480304208666 6 2
1480304209801 1 3
1480304213075 1 -3
1480304214773 6 -2
1480304222257 6 2
1480304223314 2 -1
1480304224369 5 -2
1480304226009 6 -1
1480304228306 6 1
1480304230418 6 -1
1480304234578 8 -2
1480304235754 9 1
1480304236634 7 2
1480304238050 3 1
1480304245666 9 -1
1480304246707 8 1
1480304250554 6 1
1480304254018 1 2
1480304255834 1 -2
1480304261650 6 -1
1480304262642 6 1
1480304263507 5 1
1480304264023 2 1
1480304264675 6 -2
1480304268370 0 3
1480304271450 3 -1
1480304273307 7 -2
1480304274266 8 1
1480304275370 5 1
1480304282842 7 1
1480304286211 7 -1
1480304287434 7 1
1480304290042 10 -2
1480304291177 7 -2
1480304296945 7 2
1480304301234 10 2
1480304304006 7 -1
1480304308619 7 1
1480304309706 10 -2
1480304310713 7 -2
1480304312473 10 1
1480304318561 5 -1
1480304321170 8 -1
1480304326729 8 1
1480304330297 5 1
1480304334577 7 2
1480304335889 10 1
1480304337162 5 -1
