1480302807325 7 -1
1480302812770 6 -1
1480302814208 7 1
1480302814787 6 1
1480302815388 6 -1
1480302815904 9 2
1480302817365 3 1
1480302818237 1 -3
1480302822921 5 -1
1480302824616 8 -1
1480302826718 8 1
1480302827401 7 -1
1480302829469 6 -2
1480302831419 8 -1
1480302833059 7 2
1480302833525 3 1
1480302834854 6 2
1480302835788 1 2
1480302838005 2 -1
1480302838919 1 -2
1480302839837 6 -1
1480302841233 0 1
1480302842734 6 1
1480302843752 5 -1
1480302846169 1 2
1480302846771 10 -3
1480302851970 8 -1
1480302852880 9 1
1480302853817 6 1
1480302855127 0 2
1480302855774 3 -1
1480302856494 7 -2
1480302857418 7 -1
1480302858036 6 1
1480302860308 6 -1
1480302861168 6 1
1480302862369 1 -1
1480302865574 6 -1
1480302868214 R
1480302875783 7 -1
1480302876677 6 -1
1480302878261 6 1
1480302879978 6 -1
1480302880337 7 1
1480302880802 9 2
1480302881463 3 1
1480302882163 1 -3
1480302883088 6 -2
1480302885228 5 -1
1480302885901 8 -1
1480302886736 8 1
1480302888391 7 -1
1480302890289 5 1
1480302891471 6 2
1480302892717 1 3
1480302893152 3 -1
1480302893869 9 -2
1480302894633 6 1
1480302898837 6 -1
1480302900352 6 1
1480302901090 2 -1
1480302902941 6 -1
1480302903585 9 2
1480302904222 3 1
1480302904692 1 -3
1480302905903 5 -2
1480302907434 6 -1
1480302909971 8 -2
1480302910861 9 1
1480302911842 6 2
1480302914114 1 2
1480302917750 6 -1
1480302918344 9 -1
1480302919005 8 2
1480302921663 5 2
1480302922188 1 1
1480302922893 3 -1
1480302923971 9 -2
1480302924622 6 1
1480302927887 6 -1
1480302928437 9 2
1480302929374 3 1
1480302930108 1 -3
1480302932222 1 2
1480302933138 5 -2
1480302934668 8 -2
1480302935495 9 1
1480302936072 6 1
1480302938439 7 2
1480302939104 3 1
1480302939722 0 3
1480302940395 3 -1
1480302940973 7 -2
1480302943142 1 -2
1480302945289 7 2
1480302945757 3 1
1480302948822 0 -1
1480302950271 0 -2
1480302951151 0 1
1480302951505 6 -2
1480302952175 9 -1
1480302952785 8 1
1480302956732 5 1
1480302957226 2 1
1480302957584 6 -1
1480302959489 0 2
1480302959880 3 -1
1480302960542 7 -2
1480302961388 8 1
1480302962655 5 1
1480302963323 5 -1
1480302966586 8 -1
1480302971035 7 2
1480302971810 3 1
1480302973024 0 -1
1480302975853 0 -1
1480302977244 6 2
1480302977629 2 -1
1480302978027 5 -1
1480302979106 8 -1
1480302981302 9 1
1480302982083 6 -1
1480302984264 6 2
1480302984739 0 2
1480302985245 3 -1
1480302986101 7 -2
1480302988904 10 -2
1480302989368 7 -1
1480302989937 6 1
1480302992371 6 -1
1480302994569 1 2
1480302995322 10 -1
1480302997737 10 2
1480302998441 1 -2
1480303002191 10 -1
1480303003181 7 3
1480303003862 3 1
1480303004904 0 -2
1480303005919 6 -2
1480303006520 9 -1
1480303007025 8 1
1480303009712 5 1
1480303010458 2 1
1480303010788 6 -1
1480303011646 0 2
1480303012044 3 -1
1480303012675 7 -3
1480303013524 8 1
1480303017384 5 1
1480303019503 5 -1
1480303019971 8 -1
1480303022590 7 3
1480303024517 7 -3
1480303025237 8 1
1480303026859 10 1
1480303031470 R
1480303048880 6 -1
1480303050752 9 2
1480303051237 10 -1
1480303052006 7 -2
1480303055234 3 1
1480303055826 1 -3
1480303056605 6 -2
1480303058232 5 -1
1480303059626 5 1
1480303062309 U
1480303062735 U
1480303063408 U
1480303063904 U
1480303065641 3 -1
1480303066563 9 -2
1480303067212 6 2
1480303072300 6 -2
1480303072840 7 2
1480303073644 10 1
1480303074779 6 1
1480303076471 6 -1
1480303077217 9 2
1480303078908 3 1
1480303079770 1 -2
1480303080886 1 -1
1480303081918 6 -2
1480303082950 7 -1
1480303085091 6 2
1480303086070 4 1
1480303087968 1 3
1480303089489 10 -1
1480303089975 7 -1
1480303090524 3 -1
1480303091362 9 -2
1480303092134 6 2
1480303095262 4 -1
1480303098057 4 1
1480303100013 6 -2
1480303100574 7 1
1480303101413 7 1
1480303102337 10 1
