1481762578662 2 -1
1481762580394 6 -1
1481762581643 9 2
1481762582789 3 1
1481762584298 1 -3
1481762585510 5 -2
1481762587168 8 -2
1481762588166 9 1
1481762589511 6 1
1481762591418 10 -1
1481762592250 7 -2
1481762594273 6 1
1481762595565 6 -3
1481762599436 7 3
1481762600766 3 1
1481762602381 6 2
1481762607316 0 3
1481762608361 10 -1
1481762609162 3 -1
1481762610508 7 -3
1481762612757 6 1
1481762615018 6 -1
1481762615918 7 3
1481762617366 3 1
1481762619229 0 -2
1481762620629 6 -2
1481762622856 6 2
1481762624432 10 1
1481762625367 0 -1
1481762626429 3 -1
1481762628040 7 -3
1481762629592 6 1
1481762633285 6 -3
1481762635757 9 -1
1481762637078 8 2
1481762638355 6 1
1481762639777 5 2
1481762640776 1 3
1481762642629 3 -1
1481762644037 9 -2
1481762645933 6 2
1481762647461 2 1
1481762648661 4 1
1481762651543 6 -2
1481762652541 7 2
1481762654112 10 1
1481762655279 4 -1
1481762656364 2 -1
1481762657873 6 1
1481762658951 7 -1
1481762660281 2 1
1481762661918 4 1
1481762664293 R
1481762670044 10 -1
1481762671375 7 -2
1481762673408 6 1
1481762678162 6 -2
1481762679288 9 2
1481762681906 7 2
1481762685079 3 1
1481762688031 2 -1
1481762689059 1 -1
1481762690225 5 -1
1481762691948 8 -1
1481762693213 7 1
1481762694237 3 1
1481762700953 1 -2
1481762702169 2 1
1481762705320 2 -1
1481762707700 2 1
1481762708943 6 -2
1481762709793 3 -1
1481762710813 7 -3
1481762712527 6 2
1481762713960 2 -1
1481762715150 8 1
1481762716392 5 1
1481762717521 6 -1
1481762719723 2 1
1481762720606 6 -1
1481762722896 6 2
1481762724933 4 1
1481762725892 1 3
1481762726942 3 -1
1481762727669 4 -1
1481762728654 4 1
1481762731873 9 -2
1481762732809 6 2
1481762735237 4 -1
1481762737295 6 -2
1481762738510 9 2
1481762739328 7 2
1481762740518 10 1
1481762741656 3 1
1481762743490 2 -1
1481762744343 1 -3
1481762745402 5 -2
1481762746297 8 -2
1481762747077 9 1
1481762748112 7 1
1481762749065 10 -1
1481762750069 7 -3
1481762751999 6 2
1481762753417 6 -3
1481762755657 7 3
1481762757025 3 1
1481762758494 3 -1
1481762759462 6 2
1481762760449 1 2
1481762763300 1 -2
1481762769469 R
1481762774448 6 -1
1481762776301 9 2
1481762777363 10 -1
1481762778315 7 -2
1481762779703 9 -2
1481762781391 6 2
1481762784591 6 -2
1481762785537 9 2
1481762786432 3 1
1481762787159 7 2
1481762788349 7 -2
1481762789478 2 -1
1481762790498 1 -3
1481762791751 5 -2
1481762792634 8 -2
1481762793492 7 3
1481762794308 3 1
1481762795487 0 1
1481762797345 9 1
1481762798094 6 1
1481762799403 0 2
1481762800374 3 -1
1481762801409 7 -3
1481762802849 6 1
1481762809092 6 -1
1481762810823 7 3
1481762812897 3 1
1481762813796 10 -1
1481762815599 3 -1
1481762816558 7 -3
1481762824396 7 3
1481762825228 3 1
1481762826482 0 -2
1481762827400 6 -2
1481762828502 9 -1
1481762830024 8 1
1481762831583 6 1
1481762832529 5 1
1481762833590 2 1
1481762834370 6 -2
1481762835328 0 2
1481762836962 0 -1
1481762839577 10 2
1481762840692 0 1
1481762842213 3 -1
1481762843423 7 -2
1481762845362 8 1
1481762851329 5 1
1481762852849 5 -1
1481762855858 10 -1
1481762856894 7 -1
1481762877452 5 1
1481762879925 10 -1
