1482534452858 10 -1
1482534453439 7 -2
1482534454301 6 -1
1482534454876 9 2
1482534459710 3 1
1482534460232 1 -3
1482534460830 6 -2
1482534461397 5 -1
1482534461894 8 -1
1482534462562 7 3
1482534463120 3 1
1482534464751 0 3
1482534465348 3 -1
1482534465844 7 -3
1482534466459 8 1
1482534467868 5 1
1482534477347 R
1482534488774 6 -1
1482534489368 9 2
1482534489812 3 1
1482534490454 1 -3
1482534499434 5 -1
1482534499830 8 -1
1482534500309 7 1
1482534500972 3 1
1482534530431 3 -1
1482534532535 R
1482534589581 6 -1
1482534590148 9 2
1482534590640 3 1
1482534591705 1 -3
1482534592133 2 -1
1482534592633 5 -2
1482534596439 10 -1
1482534597122 7 -2
1482534599254 8 -2
1482534599666 9 1
1482534600172 6 2
1482534605972 6 -1
1482534606653 7 3
1482534607370 3 1
1482534608439 0 3
1482534610719 3 -1
1482534612858 10 -1
1482534613492 7 -3
1482534614252 6 1
1482534616709 1 2
1482534617185 10 -1
1482534625393 R
1482534630202 7 -1
1482534631510 10 -1
1482534631921 7 -1
1482534633051 6 1
1482534636792 6 -2
1482534637321 9 2
1482534638229 7 2
1482534639895 2 -1
1482534640902 3 1
1482534641510 1 -2
1482534642294 5 -2
1482534643179 8 -1
1482534643954 7 1
1482534644903 3 1
1482534645346 0 1
1482534645851 10 -2
1482534648598 1 1
1482534651790 8 -1
1482534652282 9 1
1482534652682 6 1
1482534653209 0 2
1482534653755 3 -1
1482534654441 7 -1
1482534655173 7 -2
1482534656728 6 1
1482534657501 10 2
1482534657917 1 -2
1482534661387 6 -1
1482534662893 10 -1
1482534663989 10 1
1482534670777 10 -1
1482534671760 1 2
1482534674253 R
1482534676224 10 -1
1482534677460 7 -2
1482534678307 7 2
1482534680005 6 -1
1482534680460 9 2
1482534680907 3 1
1482534682630 2 -1
1482534683535 1 -1
1482534684103 5 -2
1482534685147 8 -1
1482534685789 7 1
1482534690700 5 1
1482534694461 2 1
1482534694950 4 1
1482534696122 3 1
1482534696507 0 1
1482534696998 10 -3
1482534697665 0 -1
1482534698091 3 -1
1482534698705 7 -2
1482534699560 7 -1
1482534701186 8 1
1482534702334 1 -1
1482534706453 8 -1
1482534707054 7 3
1482534718676 R
1482534722591 6 -1
1482534723898 9 2
1482534728566 9 -2
1482534731718 7 -1
1482534732950 10 -1
1482534733299 7 -1
1482534733901 6 2
1482534735672 2 -1
1482534737659 6 -2
1482534738115 9 2
1482534738557 7 2
1482534738959 3 1
1482534739429 1 -3
1482534740634 5 -1
1482534741270 8 -1
1482534741829 7 1
1482534742632 3 1
1482534744366 2 1
1482534744812 6 -2
1482534745388 0 3
1482534746113 3 -1
1482534746721 3 1
1482534758356 0 -3
1482534759016 6 2
1482534759806 1 2
1482534760474 3 -1
1482534762261 7 -2
1482534762950 7 1
1482534763425 8 1
1482534763860 5 1
1482534764239 1 1
1482534764729 3 -1
1482534766199 9 -2
1482534769566 R
1482534773988 6 -1
1482534774656 9 2
1482534779084 2 -1
1482534780646 3 1
1482534781130 1 -2
1482534781639 5 -2
1482534782914 8 -1
1482534783613 7 1
1482534784728 3 1
1482534785143 0 1
1482534785809 10 -3
1482534786716 5 1
1482534787890 2 1
1482534788403 4 1
1482534789023 10 -1
1482534792018 0 -1
1482534792861 3 -1
1482534793272 7 -2
1482534793747 8 1
1482534794194 5 1
1482534794699 1 2
1482534795956 3 -1
1482534796442 9 -3
1482534796878 7 -1
1482534799371 6 2
1482534800969 6 -1
1482534801909 7 2
1482534802704 3 1
1482534804057 1 -2
1482534804547 5 -1
1482534804965 8 -1
1482534805401 7 1
1482534806415 3 1
1482534807190 0 3
1482534807743 3 -1
1482534808108 7 -1
1482534808630 8 1
1482534809624 7 -2
1482534814567 10 2
1482534814950 4 -1
1482534815372 2 -1
1482534815755 5 -1
1482534816258 0 3
