1482750813372 2 -1
1482750815023 10 -1
1482750815855 7 -2
1482750816733 6 1
1482750817950 6 -2
1482750818594 7 2
1482750836832 6 1
1482750839848 6 -1
1482750840942 9 2
1482750842520 7 -2
1482750843446 3 1
1482750847200 1 -1
1482750849194 5 -2
1482750851762 8 -1
1482750852806 7 3
1482750853686 3 1
1482750855304 0 1
1482750857362 1 -2
1482750861548 10 -1
1482750864589 8 -1
1482750865240 9 1
1482750865922 6 1
1482750868758 0 2
1482750869636 3 -1
1482750870406 7 -3
1482750871544 6 1
1482750876613 1 2
1482750879180 10 1
1482750886186 6 -1
1482750887128 6 1
1482750888401 10 -2
1482750889499 1 -1
1482750891510 6 -1
1482750892280 7 3
1482750892978 3 1
1482750894226 0 -2
1482750895082 6 -1
1482750896103 9 -1
1482750896841 8 1
1482750897634 5 1
1482750898698 2 1
1482750901334 10 3
1482750902002 1 -1
1482750903132 6 -2
1482750905560 6 2
1482750908818 2 -1
1482750909368 5 -1
1482750918566 6 -1
1482750920216 10 -2
1482750921668 6 1
1482750922344 6 -1
1482750923530 8 -1
1482750924244 9 1
1482750924920 6 2
1482750928523 0 1
1482750932929 10 1
1482750940367 0 1
1482750942284 3 -1
1482750943534 7 -3
1482750944311 6 1
1482750945724 6 -1
1482750953798 7 3
1482750954693 3 1
1482750955478 0 -3
1482750959729 1 2
1482750960742 1 -2
1482750967855 6 -2
1482750969074 9 -1
1482750969867 8 1
1482750972522 3 -1
1482750975976 6 1
1482750976871 1 2
1482750978474 1 -2
1482750979716 3 1
1482750981319 3 -1
1482750982055 7 -3
1482751002918 5 1
1482751003615 2 1
1482751004676 6 -2
1482751006970 7 3
1482751007732 3 1
1482751008911 3 -1
1482751012333 6 2
1482751013119 4 1
1482751015218 1 1
1482751017942 3 1
1482751019380 1 -1
1482751019975 6 -1
1482751020831 0 1
1482751023235 6 1
1482751023912 1 2
1482751025017 10 -3
1482751025733 1 -1
1482751029582 0 -1
1482751030336 3 -1
1482751033445 3 1
1482751035560 1 1
1482751037578 R
1482751040664 6 -1
1482751041496 9 2
1482751042227 9 -2
1482751042894 10 -1
1482751044300 7 -2
1482751045681 6 2
1482751049043 2 -1
1482751051298 6 -2
1482751052177 9 2
1482751052933 3 1
1482751054013 1 -3
1482751056347 5 -2
1482751057894 8 -2
1482751058546 9 1
1482751059378 6 2
1482751061633 6 -2
1482751062348 9 -1
1482751063533 8 2
1482751065576 1 2
1482751066808 1 -2
1482751068842 5 2
1482751069501 1 3
1482751070224 3 -1
1482751071882 3 1
1482751073980 7 2
1482751074506 7 -2
1482751075416 1 -3
1482751076108 5 -2
1482751076768 8 -2
1482751077498 7 3
1482751078337 3 1
1482751085329 9 1
1482751086012 6 1
1482751087286 0 3
1482751088244 3 -1
1482751088887 7 -3
1482751089845 6 1
1482751095832 6 -1
1482751097881 7 1
1482751099224 7 2
1482751099971 3 1
1482751101407 0 -1
1482751104415 1 2
1482751105116 10 -2
1482751105697 1 -1
1482751108303 10 3
1482751108963 1 -1
1482751110017 0 1
1482751112098 3 -1
1482751113001 7 -2
1482751120589 7 2
1482751121279 3 1
1482751122983 0 -3
1482751125828 3 -1
1482751128012 7 -2
1482751128883 1 2
1482751129959 1 -2
1482751131256 6 -2
1482751131795 9 -1
1482751132723 8 2
1482751133925 5 2
1482751135023 2 1
1482751135864 6 -1
1482751141769 5 -1
1482751144048 8 -1
1482751145743 7 1
1482751146608 10 -1
1482751147173 7 -2
1482751148845 7 3
1482751149529 3 1
1482751150432 0 3
1482751151154 3 -1
1482751151805 7 -3
1482751152724 8 1
1482751155726 5 1
1482751162463 5 -1
1482751162958 8 -1
1482751163539 7 3
1482751166680 10 -1
1482751167473 7 -3
1482751169161 8 1
1482751171353 5 1
1482751175923 7 2
1482751176715 7 -2
1482751177250 5 -1
1482751178011 8 -1
1482751179205 7 2
1482751182063 7 1
1482751182678 3 1
1482751183745 0 -1
1482751190367 0 -1
1482751192157 0 2
1482751193438 10 2
1482751194443 3 -1
1482751195345 7 -2
1482751196296 8 1
1482751201479 5 1
1482751208649 R
1482751210339 10 -1
1482751211509 7 -2
1482751212365 6 1
1482751216677 4 1
1482751218030 6 -2
1482751218626 7 2
1482751219294 10 1
1482751221523 6 1
1482751222795 10 -1
1482751224650 6 -1
1482751225677 6 1
1482751226668 10 1
1482751227540 10 -1
1482751228592 6 -1
1482751229313 9 2
1482751230217 10 1
1482751231097 3 1
1482751232627 4 -1
1482751235252 2 -1
1482751237465 1 -1
1482751238731 5 -2
1482751240694 1 -2
1482751241354 6 -1
1482751243411 7 -1
1482751243929 10 -1
1482751244557 7 -1
1482751246632 8 -2
1482751247753 9 1
1482751249003 7 3
1482751250071 3 1
1482751251491 6 2
1482751252883 0 3
1482751254311 3 -1
1482751255207 7 -3
1482751256370 6 1
1482751257311 6 -1
1482751258913 7 3
1482751259769 3 1
1482751260478 10 1
1482751261851 0 -1
1482751270121 0 1
1482751271425 1 2
1482751273349 1 -2
1482751274173 3 -1
1482751275682 7 -1
1482751276875 7 -1
1482751280549 1 2
1482751281792 10 -3
1482751282443 1 -1
1482751284390 7 -1
1482751285113 6 1
1482751289093 1 1
1482751291851 R
1482751293209 6 -1
1482751294929 2 -1
1482751297332 9 1
1482751299671 7 -1
1482751300221 9 -1
1482751302231 6 1
1482751304563 10 -1
1482751305459 7 -1
1482751306119 6 1
1482751307807 2 1
1482751311593 6 -2
1482751312339 9 2
1482751313225 3 1
1482751314993 7 2
1482751316932 10 1
1482751318079 10 -1
1482751318643 7 -2
1482751320388 3 -1
1482751321887 9 -2
1482751323835 6 2
1482751325869 2 -1
1482751327243 2 1
1482751327801 4 1
1482751328767 4 -1
1482751330053 6 -2
1482751331515 9 2
1482751332299 3 1
1482751333281 1 -3
1482751336171 6 -2
1482751338536 6 2
1482751339013 2 -1
1482751339698 5 -2
1482751341889 8 -2
1482751342509 9 1
1482751343089 6 2
1482751350173 6 -2
1482751353597 7 3
1482751354703 3 1
1482751355795 0 1
1482751356831 6 -1
1482751358143 6 2
1482751360239 0 2
1482751361009 3 -1
1482751361819 7 -3
1482751362934 6 1
1482751363789 6 -1
1482751366365 6 1
1482751367025 6 -1
1482751370095 6 1
1482751370699 6 -1
1482751371768 7 3
1482751372365 3 1
1482751373331 0 -1
1482751375498 10 -1
1482751377727 1 2
1482751378387 10 -1
1482751378991 0 -1
1482751379479 1 -1
1482751383751 0 2
1482751384733 3 -1
1482751385385 7 -3
1482751387167 6 1
1482751391197 1 1
1482751392320 10 2
1482751393183 1 -2
1482751397699 6 -1
1482751400787 7 3
1482751401549 3 1
1482751403073 0 -3
1482751403825 6 -2
1482751404855 9 -1
1482751405476 8 1
1482751406661 6 1
1482751408939 3 -1
1482751409693 7 -3
1482751414013 8 1
1482751415459 5 1
1482751416071 2 1
1482751418199 4 1
1482751418985 1 2
1482751420375 1 -2
1482751421727 8 -1
1482751423015 8 1
1482751424043 4 -1
1482751424539 2 -1
1482751425143 5 -1
1482751425916 6 -1
1482751426973 8 -2
1482751427460 9 1
1482751429903 7 3
1482751430743 3 1
1482751431380 0 1
1482751433017 6 2
1482751433821 0 2
1482751434403 3 -1
1482751435033 7 -3
1482751435745 6 1
1482751436892 6 -1
1482751437521 7 2
1482751438394 7 1
1482751439037 3 1
1482751440977 0 -2
1482751442374 6 -2
1482751445673 9 -1
1482751446309 8 1
1482751449726 6 1
1482751450347 1 2
1482751451350 10 -2
1482751452153 1 -1
1482751454101 1 1
1482751455239 10 2
1482751455727 10 1
1482751456621 0 -1
1482751458067 3 -1
1482751459158 7 -2
1482751460598 10 -1
1482751461117 7 -1
1482751462073 8 1
1482751465668 8 -1
1482751466613 8 1
1482751467595 8 -2
1482751468151 9 1
1482751469691 6 2
1482751472583 1 -2
1482751474026 6 -3
1482751474954 9 -1
1482751476635 8 2
1482751480437 8 -2
1482751481049 9 1
1482751482479 7 2
1482751483460 7 1
1482751484545 3 1
1482751486601 6 2
1482751487418 1 2
1482751488470 0 3
1482751489656 3 -1
1482751490647 7 -3
1482751491266 10 -2
1482751492375 1 -1
1482751495783 6 1
1482751496977 6 -1
1482751499049 10 2
1482751499647 1 -1
1482751503049 6 1
1482751504295 6 -1
1482751504931 7 3
1482751505898 3 1
1482751507248 1 2
1482751508504 0 -1
1482751510640 10 -2
1482751512769 0 1
1482751513319 3 -1
1482751514097 7 -3
1482751515792 1 -1
1482751517191 10 1
1482751518038 1 -1
1482751522201 6 1
1482751524369 R
1482751565067 10 -1
1482751565915 7 -2
1482751567218 6 1
1482751568821 6 -2
1482751569810 9 2
1482751570729 3 1
1482751573658 4 1
1482751574536 4 -1
1482751575260 2 -1
1482751577152 1 -1
1482751578253 5 -2
1482751580019 8 -2
1482751580625 9 1
1482751581465 6 2
1482751583499 6 -2
1482751584135 9 -1
1482751584912 7 3
1482751585680 3 1
1482751586757 0 1
1482751587465 10 -2
1482751588085 1 -1
1482751590896 10 1
1482751592091 1 -1
1482751594093 6 -1
1482751595342 6 1
1482751596270 10 1
1482751596921 0 -1
1482751597564 10 1
1482751598585 3 -1
1482751599292 10 -1
1482751602356 1 2
1482751603335 1 -1
1482751603886 8 1
1482751606847 7 -3
1482751607725 8 1
1482751608896 5 2
1482751609595 1 2
1482751610913 2 1
1482751611951 1 -3
1482751613224 1 3
1482751616216 4 1
1482751618257 3 -1
1482751619735 9 -2
1482751621196 6 2
1482751625437 4 -1
1482751628688 6 -1
1482751629490 7 1
1482751635232 4 1
1482751636023 4 -1
1482751636582 2 -1
1482751638656 6 -1
1482751639291 9 1
1482751639958 9 1
1482751640617 3 1
1482751641411 1 -3
1482751642440 6 -1
1482751643161 7 -1
1482751646327 5 -2
1482751648745 8 -2
1482751649775 9 1
1482751651431 6 3
1482751655036 6 -2
1482751655789 9 -1
1482751656534 8 2
1482751657438 6 -1
1482751658578 5 2
1482751661640 7 2
1482751662365 10 1
1482751663840 6 1
1482751664492 2 1
1482751665217 6 -2
1482751669424 10 -1
1482751671019 5 -1
1482751671515 8 -1
1482751672081 7 1
1482751672708 3 1
1482751673688 0 3
1482751674609 3 -1
1482751675440 7 -3
1482751677333 8 1
1482751681386 10 -1
1482751684167 7 2
1482751684709 8 -1
1482751685289 7 1
1482751685940 3 1
1482751736970 0 -2
1482751737724 10 2
1482751738510 0 -1
1482751739689 3 -1
1482751740262 6 2
1482751740842 7 -2
1482751742194 8 1
1482751743034 2 -1
1482751743711 5 -1
1482751745776 5 2
1482751746303 2 1
1482751746852 6 -2
1482751747999 7 1
1482751748972 5 -1
1482751749469 8 -1
1482751749971 7 1
1482751750676 3 1
1482751752131 0 3
1482751752758 10 -2
1482751753333 3 -1
1482751754134 7 -3
1482751755782 7 2
1482751757126 7 1
1482751757974 3 1
1482751759153 10 2
1482751762577 3 -1
1482751763220 7 -2
1482751764092 10 -2
1482751764674 7 -1
1482751765334 8 1
1482751766708 5 1
1482751769080 R
1482751771138 10 -1
1482751772450 7 -2
1482751773433 6 1
1482751775072 2 -1
1482751776794 6 -2
1482751777541 9 2
1482751778316 3 1
1482751782126 3 -1
1482751782686 3 1
1482751785096 3 -1
1482751785636 3 1
1482751786532 1 -3
1482751790688 5 -2
1482751795518 8 -2
1482751796256 9 1
1482751797066 6 2
1482751800372 6 -1
1482751801212 6 -1
1482751801746 9 -1
1482751802249 8 2
1482751802924 5 2
1482751803726 2 1
1482751804416 6 -2
1482751809396 5 -1
1482751814769 6 2
1482751815375 2 -1
1482751816215 5 -1
1482751816842 8 -2
1482751817494 9 1
1482751818184 6 2
1482751822536 6 -3
1482751823454 9 -1
1482751824232 7 3
1482751825474 3 1
1482751826738 3 -1
1482751827610 7 -3
1482751829983 8 2
