1481764016686 2 -1
1481764018199 6 -1
1481764018978 9 2
1481764020190 3 1
1481764022770 1 -3
1481764023969 5 -2
1481764025014 6 -1
1481764026694 8 -2
1481764028822 9 1
1481764031614 7 1
1481764033486 3 1
1481764034566 0 1
1481764035287 10 -2
1481764037974 6 2
1481764038717 1 2
1481764039475 10 -1
1481764041263 6 -1
1481764041945 9 -1
1481764042848 8 1
1481764043878 5 1
1481764044490 2 1
1481764045550 4 1
1481764047309 10 -1
1481764048255 1 -1
1481764051830 0 -1
1481764052730 3 -1
1481764053663 7 -3
1481764055239 8 1
1481764055935 5 1
1481764057075 1 2
1481764058652 3 -1
1481764060103 9 -3
1481764061204 6 2
1481764063316 6 -2
1481764065067 6 2
1481764066161 3 1
1481764067198 1 -2
1481764068232 5 -1
1481764069004 8 -1
1481764070154 6 -1
1481764071953 7 3
1481764072636 3 1
1481764073986 0 3
1481764077182 3 -1
1481764078237 7 -3
1481764079305 6 1
1481764080408 8 1
1481764083190 5 1
1481764085566 1 2
1481764086691 3 -1
1481764090439 3 1
1481764091487 1 -2
1481764092685 10 2
1481764093691 4 -1
1481764094498 2 -1
1481764095434 5 -2
1481764101712 0 2
