1479590177497 6 -1
1479590179401 9 2
1479590180772 10 -1
1479590181600 7 -2
1479590184990 3 1
1479590185715 1 -3
1479590193181 6 -2
1479590194208 5 -1
1479590197017 6 2
1479590197958 2 -1
1479590198906 5 -1
1479590200164 8 -2
1479590200918 9 1
1479590203692 7 3
1479590206031 3 1
1479590208724 6 1
1479590213292 6 -2
1479590216174 10 1
1479590218319 9 -1
1479590219449 8 1
1479590221532 3 -1
1479590222654 7 -2
1479590223743 8 1
1479590229467 6 1
1479590231299 10 -1
1479590232492 7 -1
1479590233835 6 -1
1479590234736 8 -2
1479590235628 9 1
1479590237725 6 3
1479590239000 1 2
1479590241486 1 -2
1479590243109 6 -3
1479590244034 7 3
1479590244891 3 1
1479590245910 6 2
1479590247317 6 -1
1479590248735 9 -1
1479590249507 8 1
1479590250668 6 -1
1479590252026 3 -1
1479590253062 7 -3
1479590253758 8 1
1479590256569 6 1
1479590257691 5 2
1479590258809 1 3
1479590259736 3 -1
1479590260725 9 -2
1479590261441 6 2
1479590263261 2 1
1479590263935 4 1
1479590266119 R
1479590269970 6 -1
1479590271449 9 2
1479590273321 10 -1
1479590274291 7 -2
1479590280679 3 1
1479590281986 1 -3
1479590284390 5 -1
1479590285111 8 -1
1479590287334 7 3
1479590288852 3 1
1479590292633 6 -2
1479590296663 0 3
1479590298462 3 -1
1479590299755 7 -3
1479590300619 8 1
1479590302419 10 -1
1479590305805 8 -1
1479590307275 7 3
1479590307974 3 1
1479590309491 10 2
1479590310951 0 -1
1479590314206 0 1
1479590315209 3 -1
1479590319112 7 -1
1479590319726 8 1
1479590321374 5 1
1479590326296 5 -1
1479590326908 8 -1
1479590327830 7 1
1479590328538 3 1
1479590330869 0 -1
1479590334087 0 -2
1479590336334 3 -1
1479590336961 6 2
1479590338133 7 -2
1479590339059 8 1
1479590342461 10 -1
1479590343452 7 -1
1479590348068 6 -2
1479590349292 8 -1
1479590351294 R
1479590353613 6 -1
1479590354586 7 -1
1479590356361 10 -1
1479590357293 9 2
1479590358151 3 1
1479590358937 1 -3
1479590360441 6 -2
1479590361886 5 -1
1479590362809 8 -1
1479590363950 8 1
1479590365893 10 1
1479590366852 7 1
1479590369879 8 -1
1479590371677 7 1
1479590372271 3 1
1479590374757 0 3
1479590378688 10 -2
1479590379512 3 -1
1479590380387 7 -3
1479590381675 8 1
1479590383218 5 1
1479590385184 7 2
1479590386187 10 2
1479590389551 7 -1
1479590392138 5 -1
1479590392887 8 -1
1479590394281 10 -2
1479590395152 7 -1
1479590399002 10 1
1479590400080 8 1
1479590401145 5 1
1479590403660 R
1479590405377 6 -1
1479590406285 6 1
1479590415753 10 -1
1479590416777 7 -2
1479590417788 6 -1
1479590418851 9 2
1479590420155 3 1
1479590421039 1 -3
1479590422537 6 -2
1479590423439 5 -1
1479590424589 8 -1
1479590426484 7 3
1479590427294 3 1
1479590428994 0 3
1479590430665 3 -1
1479590432133 7 -3
1479590434500 10 -1
1479590441019 8 1
1479590445395 7 2
1479590446160 10 2
1479590448541 5 1
1479590449644 5 -1
1479590450744 7 -1
1479590451766 8 -1
1479590453344 10 -2
1479590454221 7 -1
1479590455219 8 1
1479590457874 R
1479590465754 6 -1
1479590467654 10 -1
1479590469166 9 2
1479590470322 3 1
1479590473903 1 -3
1479590475623 6 -2
1479590477472 5 -1
1479590478844 8 -1
1479590480073 7 1
1479590487945 6 2
1479590488894 2 -1
1479590489697 5 -1
1479590490461 8 -1
1479590491180 9 1
1479590494187 7 -3
1479590497629 9 -1
1479590498508 8 2
1479590500005 6 -1
1479590501330 8 -2
1479590502029 9 1
1479590505799 6 3
1479590507797 6 -3
1479590509054 7 3
1479590509800 3 1
1479590510771 6 2
1479590511938 0 3
1479590512894 3 -1
1479590514153 7 -3
1479590515994 10 -1
1479590519900 10 1
1479590520994 1 2
1479590522335 10 -2
1479590523457 7 3
1479590524300 10 3
1479590525105 1 -2
1479590528859 1 2
1479590529878 10 -3
1479590531318 7 -3
1479590531988 6 1
1479590534394 6 -1
1479590535088 7 3
1479590536197 3 1
1479590537338 0 -2
1479590538277 6 -1
1479590539425 9 -1
1479590540180 8 1
1479590541528 10 3
1479590542338 0 -1
1479590543175 3 -1
1479590544087 7 -2
1479590545091 8 1
1479590546490 8 -2
1479590547161 9 1
1479590549330 7 2
1479590550966 3 1
1479590551813 6 1
1479590553623 0 2
1479590554829 10 -3
1479590555680 1 -1
1479590560190 0 -1
1479590561203 6 -1
1479590565439 6 1
1479590566130 0 2
1479590566958 3 -1
1479590568027 7 -3
1479590570715 6 1
1479590571869 6 -1
1479590573042 1 1
1479590577240 7 3
1479590578178 10 3
1479590579325 3 1
1479590580391 1 -2
1479590581806 3 -1
1479590583171 10 -2
1479590585604 3 1
1479590586498 0 -2
1479590587479 6 -2
1479590589005 10 2
1479590589789 0 -1
1479590590828 3 -1
1479590591758 7 -2
1479590594583 9 -1
1479590595577 8 2
1479590598132 10 -1
1479590598940 7 -1
1479590600821 8 -1
1479590601845 7 3
1479590602762 3 1
1479590607203 0 1
1479590609705 10 1
1479590610978 0 -1
1479590612162 3 -1
1479590613332 7 -2
1479590614729 8 1
1479590616246 6 1
1479590617601 1 2
1479590619538 1 -2
1479590621060 5 2
1479590621984 2 1
1479590622920 6 -2
1479590623647 5 -1
1479590624592 8 -1
1479590625259 7 2
1479590626043 3 1
1479590632649 0 3
1479590633605 10 -2
1479590634989 3 -1
1479590636204 7 -3
1479590637323 8 1
1479590639312 10 1
1479590640660 5 1
1479590647350 5 -1
1479590648756 10 -1
1479590650279 8 -1
1479590653674 10 1
1479590656222 8 1
1479590656932 5 1
1479590658323 7 2
1479590659103 10 1
1479590661252 5 -1
1479590665297 10 -2
1479590666161 8 -1
1479590666772 7 1
1479590667520 3 1
1479590668996 0 -1
1479590670006 10 2
1479590672279 0 -2
1479590673715 3 -1
1479590674765 7 -2
1479590676106 8 1
1479590678520 6 2
1479590679276 2 -1
1479590680693 5 -1
1479590681873 8 -2
1479590682911 9 1
1479590685597 9 -1
1479590687964 7 2
1479590689072 3 1
1479590690168 10 -1
1479590691325 6 -1
1479590692227 9 1
1479590696107 3 -1
1479590697143 7 -3
1479590697963 9 -1
1479590698901 8 2
1479590702285 6 1
1479590703458 1 2
1479590705256 8 -2
1479590705993 9 1
1479590707006 6 2
1479590708383 6 -1
1479590709180 7 3
1479590710014 3 1
1479590715022 0 3
1479590716523 10 -2
1479590717172 3 -1
1479590717951 7 -3
1479590718915 6 1
1479590721851 6 -1
1479590723938 7 3
1479590725720 3 1
1479590727275 0 -2
1479590728064 6 -1
1479590728956 9 -1
1479590730097 8 1
1479590731368 10 3
1479590732244 0 -1
1479590733229 1 -2
1479590734432 6 -1
1479590735392 8 -1
1479590736229 9 1
1479590737610 3 -1
1479590738866 7 -1
1479590740178 10 -1
1479590741165 7 -2
1479590743185 6 3
1479590744327 1 2
1479590746863 1 -2
1479590748118 6 -3
1479590748937 9 -1
1479590749750 8 2
1479590753514 5 2
1479590754418 2 1
1479590756081 6 1
1479590757026 2 -1
1479590758319 5 -2
1479590759516 8 -2
1479590760388 6 -1
1479590761151 9 1
1479590762060 7 3
1479590763172 3 1
1479590764626 6 2
1479590767780 6 -1
1479590768800 9 -1
1479590769986 8 1
1479590775356 3 -1
1479590776591 7 -3
1479590778806 8 -1
1479590779658 9 1
1479590780864 6 2
1479590782674 6 -3
1479590783992 9 -1
1479590785074 8 2
1479590787327 5 2
1479590788260 2 1
1479590789724 6 -1
1479590790482 5 -1
1479590792258 8 -1
1479590793476 7 3
1479590794166 3 1
1479590796217 0 3
1479590796856 3 -1
1479590797786 7 -3
1479590798493 8 1
1479590799727 5 1
1479590801399 10 -1
1479590802950 5 -1
1479590804014 5 1
1479590805827 5 -1
1479590806783 8 -1
1479590807798 7 3
1479590808565 3 1
1479590809511 0 -2
1479590811159 10 2
1479590812740 6 2
1479590813590 1 2
1479590816464 4 1
1479590817226 0 -1
1479590820432 1 -2
1479590821462 6 -1
1479590822249 3 -1
1479590826289 7 -2
1479590826943 10 -1
1479590827883 7 -1
1479590828767 8 1
1479590831584 5 1
1479590832565 6 1
1479590834724 1 3
1479590836318 4 -1
1479590837373 2 -1
1479590838110 1 -3
1479590839425 5 -2
1479590840398 6 -1
1479590841419 8 -1
1479590842435 8 -1
1479590843433 9 1
1479590844067 6 3
1479590848399 6 -3
1479590849650 9 -1
1479590850501 8 2
1479590852468 7 2
1479590853286 10 1
1479590854263 6 1
1479590855139 5 2
1479590855911 1 3
1479590856835 3 -1
1479590857586 7 -1
1479590858929 9 -2
1479590860077 6 1
1479590861400 2 1
1479590863074 10 -1
1479590863832 6 -1
1479590864531 9 2
1479590865269 7 -1
1479590866194 3 1
1479590867118 1 -3
1479590868344 6 -2
1479590869092 5 -1
1479590871382 7 2
1479590875042 8 -1
1479590875911 7 1
1479590876674 3 1
1479590879209 0 3
1479590880383 3 -1
1479590881380 7 -3
1479590884569 8 1
1479590886699 10 -1
1479590888246 8 -1
1479590889098 7 3
1479590890045 3 1
1479590890982 0 -1
1479590895992 10 1
1479590896857 0 -1
1479590898550 6 2
1479590900733 2 -1
1479590902018 5 -1
1479590903107 8 -1
1479590904217 9 1
1479590905454 6 1
1479590906020 0 2
1479590907092 3 -1
1479590908192 7 -3
1479590909600 6 1
1479590910951 10 -1
1479590916046 1 2
1479590918074 10 -1
1479590920823 1 -1
1479590922667 6 -1
1479590924278 7 3
1479590924969 3 1
1479590925934 10 3
1479590926737 1 -1
1479590928042 0 -3
1479590929843 6 -2
1479590931077 9 -1
1479590932137 8 1
1479590933264 5 1
1479590935876 3 -1
1479590936487 6 1
1479590937800 1 2
1479590938556 10 -1
1479590939335 7 -3
1479590940444 8 1
1479590941207 5 -1
1479590944522 8 -1
1479590945471 7 3
1479590949532 R
1479590953944 6 -1
1479590954851 9 2
1479590956088 10 -1
1479590957107 9 -2
1479590958160 6 1
1479590958809 7 -2
1479590959766 6 1
1479590964916 6 -2
1479590966010 9 2
1479590966701 3 1
1479590968075 1 -2
1479590969787 1 -1
1479590970863 6 -2
1479590971608 5 -1
1479590972434 8 -1
1479590973736 7 3
1479590976263 3 1
1479590977943 0 3
1479590978709 3 -1
1479590980940 7 -3
1479590983869 10 -1
1479590985684 8 1
1479590986704 5 1
1479590987754 7 2
1479590988993 10 2
1479590991074 7 -1
1479590992318 10 -2
1479590993352 5 -1
1479590997357 7 -1
1479590999576 7 2
1479591000610 10 2
1479591002615 7 -1
1479591004126 8 -1
1479591005402 10 -2
1479591007634 8 1
1479591009503 5 1
1479591010610 7 -1
1479591012418 R
1479591014080 10 -1
1479591015275 6 -1
1479591016021 7 -2
1479591017403 9 2
1479591018053 3 1
1479591018725 1 -3
1479591019433 6 -2
1479591021826 6 2
1479591022669 2 -1
1479591023542 5 -2
1479591025512 6 -1
1479591027836 8 -2
1479591028535 9 1
1479591032396 7 3
1479591034626 9 -1
1479591038977 7 -3
1479591040564 8 2
1479591043349 6 1
1479591044667 8 -2
1479591045389 9 1
1479591046035 7 3
1479591047103 10 1
1479591047893 3 1
1479591049872 9 -1
1479591050756 8 1
1479591053291 5 1
1479591054231 2 1
1479591055152 6 -2
1479591058337 0 2
1479591059447 10 -2
1479591063202 10 2
1479591064167 0 -2
1479591065646 3 -1
1479591066792 7 -2
1479591067909 8 1
1479591068438 5 1
1479591071051 6 2
1479591072019 2 -1
1479591072790 5 -2
1479591073785 8 -2
1479591074461 9 1
1479591075593 6 1
1479591076470 7 2
1479591077586 3 1
1479591078878 0 3
1479591080122 3 -1
1479591081037 7 -2
1479591082009 R
1479591084320 10 -1
1479591085213 6 -1
1479591086080 7 -2
1479591087736 9 2
1479591089211 7 2
1479591090255 3 1
1479591091060 1 -3
1479591091862 6 -2
1479591092636 5 -1
1479591093311 8 -1
1479591095203 7 1
1479591096102 3 1
1479591097396 0 3
1479591100171 10 1
1479591101971 3 -1
1479591103129 7 -2
1479591104386 8 1
1479591105294 5 1
1479591107311 10 -2
1479591108487 7 -1
1479591110722 5 -1
1479591112977 5 1
1479591116921 5 -1
1479591117569 8 -1
1479591118493 7 3
1479591119426 3 1
1479591121530 0 -2
1479591123543 6 1
1479591124732 6 1
1479591125754 2 -1
1479591127162 5 -1
1479591128225 8 -1
1479591128939 9 1
1479591132986 6 1
1479591134690 0 2
1479591135590 1 2
1479591137797 3 -1
1479591139371 10 -1
1479591140947 7 -3
1479591142023 6 1
1479591144840 1 -1
1479591146753 6 -1
1479591147757 7 3
1479591148665 3 1
1479591151129 3 -1
1479591153829 7 -3
1479591155890 R
1479591157353 6 -1
1479591158808 2 -1
1479591160845 9 2
1479591163794 7 -1
1479591164540 7 1
1479591165256 3 1
1479591166328 1 -3
1479591167037 5 -2
1479591168153 6 -1
1479591174304 6 1
1479591176671 5 2
1479591177428 1 3
1479591178713 3 -1
1479591179565 7 -1
1479591180884 9 -2
1479591181920 6 1
1479591183314 2 1
1479591184800 10 -1
1479591185523 7 -1
1479591187858 6 -1
1479591188517 9 2
1479591195208 4 1
1479591196228 4 -1
1479591197256 4 1
1479591198370 9 -2
1479591199520 6 2
1479591201344 4 -1
1479591202212 6 -2
1479591203090 9 2
1479591203798 7 2
1479591204617 10 1
1479591205286 9 -2
1479591206424 6 1
1479591210391 2 -1
1479591211734 6 -1
1479591213650 9 2
1479591214339 3 1
1479591215354 1 -3
1479591216254 6 -1
1479591218017 10 -1
1479591218604 7 -2
1479591220330 5 -1
1479591221289 8 -1
1479591222174 6 1
1479591223631 2 1
1479591224240 6 -2
1479591229708 7 3
1479591230337 3 1
1479591232301 0 3
1479591234014 3 -1
1479591234857 7 -3
1479591235889 8 1
1479591237457 10 -1
1479591239743 5 1
1479591241563 7 2
1479591244854 5 -1
1479591245607 8 -1
1479591246622 7 1
1479591247585 3 1
1479591249113 0 -1
1479591250996 10 2
1479591254674 R
1479591267319 6 -1
1479591270999 9 2
1479591271847 3 1
1479591272932 1 -3
1479591275062 6 -2
1479591276617 5 -1
1479591277317 8 -1
1479591278706 7 1
1479591280337 3 1
1479591282150 0 3
1479591287691 3 -1
1479591290388 7 -2
1479591291151 8 1
1479591293576 10 -2
1479591294309 7 -1
1479591296314 5 1
1479591300967 7 2
1479591304206 5 -1
1479591304931 8 -1
1479591305735 7 1
1479591307093 3 1
1479591309256 0 -2
1479591313391 6 2
1479591313972 2 -1
1479591314606 5 -1
1479591315397 8 -1
1479591316749 9 1
1479591317456 6 1
1479591320928 0 2
1479591322442 3 -1
1479591323392 7 -3
1479591324307 6 1
1479591326236 10 1
1479591330356 6 -1
1479591338272 6 1
1479591340413 10 -1
1479591342843 R
1479591348685 7 -1
1479591350382 6 -1
1479591352457 7 1
1479591353656 7 -1
1479591354982 10 -1
1479591356557 9 1
1479591357500 7 -1
1479591361742 9 1
1479591362578 3 1
1479591363685 1 -3
1479591364649 6 -2
1479591365524 5 -1
1479591366207 8 -1
1479591367982 7 3
1479591368656 3 1
1479591371827 0 3
1479591373275 3 -1
1479591375248 7 -3
1479591377466 10 -1
1479591378365 8 1
1479591382427 7 2
1479591383773 10 2
1479591385123 7 -1
1479591386498 5 1
1479591399804 5 -1
1479591401535 8 -1
1479591450462 R
1479591452452 10 -1
1479591453233 7 -2
1479591454695 6 1
1479591461066 6 -2
1479591463588 9 2
1479591464134 3 1
1479591464844 1 -3
1479591474358 5 -1
1479591475058 8 -1
1479591475957 7 3
1479591476807 3 1
1479591483032 6 -2
1479591499350 6 2
1479591500074 1 2
1479591500988 1 -2
1479591501944 2 -1
1479591502485 5 -1
1479591503219 6 -1
1479591503852 8 -1
1479591504502 9 1
1479591505267 6 2
1479591506359 0 3
1479591507186 3 -1
1479591508080 7 -3
1479591508837 6 1
1479591513003 10 -1
1479591514316 1 2
1479591514941 10 -1
1479591517176 1 -1
1479591524729 6 -1
1479591525459 7 3
1479591526230 3 1
1479591527420 0 -2
1479591528176 6 -1
1479591529578 9 -1
1479591530405 8 1
1479591531459 5 1
1479591531942 1 1
1479591532470 2 1
1479591533338 4 1
1479591535310 10 -1
1479591536515 0 -1
1479591537175 1 -1
1479591539513 3 -1
1479591540312 7 -3
1479591541284 8 1
1479591543904 7 2
1479591545012 7 -2
1479591545961 8 -1
1479591548449 1 1
