1480303866070 7 -1
1480303874020 7 1
1480303882807 4 1
1480303885079 4 -1
1480303886235 2 -1
1480303887835 6 -1
1480303889157 9 2
1480303891049 10 -1
1480303892241 7 -2
1480303893665 9 -2
1480303894829 6 2
1480303900888 6 -2
1480303904582 9 2
1480303905798 3 1
1480303907154 1 -3
1480303908756 5 -2
1480303911880 8 -2
1480303913108 7 3
1480303914534 3 1
1480303915673 0 1
1480303916602 10 -1
1480303918874 8 1
1480303920317 5 1
1480303921500 2 1
1480303922400 6 -2
1480303925001 0 2
1480303926002 3 -1
1480303931407 7 -3
1480303932404 8 1
1480303936989 5 1
1480303943305 5 -1
1480303944271 8 -1
1480303945387 7 3
1480303946933 3 1
1480303955212 0 -2
1480303956332 6 2
1480303958764 4 1
1480303959631 1 2
1480303960828 10 -2
1480303962341 0 -1
1480303963574 3 -1
1480303964806 7 -3
1480303966118 8 1
1480303969682 5 1
1480303970586 1 1
1480303972126 3 -1
1480303973126 9 -3
1480303974377 6 2
1480303977129 6 -2
1480303978636 7 2
1480303980605 7 -2
1480303982871 6 2
1480303984273 3 1
1480303985473 1 -2
1480303988381 5 -1
1480303989295 8 -1
1480303990381 6 -2
1480303991314 7 3
1480303993393 3 1
1480303994955 0 1
1480303996233 10 2
1480303997277 1 -1
1480303998197 4 -1
1480304001699 6 1
1480304002946 2 -1
1480304003923 5 -1
1480304004812 0 4
