1482753720732 2 -1
1482753723338 7 -1
1482753727460 10 -1
1482753733298 7 -1
1482753734962 6 1
1482753737657 2 1
1482753752137 6 -2
1482753753505 9 2
1482753754945 3 1
1482753756588 1 -3
1482753758729 2 -1
1482753760345 2 1
1482753762425 6 -2
1482753765497 6 2
1482753766873 2 -1
1482753768393 5 -2
1482753769648 8 -2
1482753770721 9 1
1482753771909 7 3
1482753773188 3 1
1482753774659 6 1
1482753775570 0 3
1482753777680 3 -1
1482753779294 7 -3
1482753782060 6 1
1482753792296 10 -1
1482753793169 10 1
1482753795184 1 2
1482753798583 10 -2
1482753800008 6 -1
1482753800736 7 3
1482753802089 3 1
1482753815751 3 -1
1482753817161 7 -3
1482753822562 7 3
1482753824143 3 1
1482753825487 0 -2
1482753828207 6 -1
1482753830366 10 2
1482753831567 0 -1
1482753832799 3 -1
1482753834558 7 -3
1482753835887 1 -2
1482753843854 9 -1
1482753845790 8 2
1482753846982 5 2
1482753849734 1 3
1482753851270 3 -1
1482753852763 9 -2
1482753855077 6 2
1482753859053 2 1
1482753862413 6 -2
1482753864621 9 2
1482753865798 7 2
1482753867093 10 1
1482753868734 3 1
1482753872981 1 -3
1482753874573 5 -1
1482753876933 6 -2
1482753883292 5 1
1482753885341 6 2
1482753889497 1 3
1482753891077 4 1
1482753894220 3 -1
1482753895644 7 -1
1482753896575 9 -2
1482753898140 6 1
1482753901724 7 1
1482753902284 7 -1
1482753903588 6 -1
1482753904556 9 2
1482753905884 3 1
1482753908909 4 -1
1482753910924 1 -3
1482753947747 6 -2
1482753950779 7 1
1482753955818 10 -1
1482753958447 7 -2
1482753961146 5 -1
1482753964618 8 -1
1482753965651 6 1
1482753966877 2 -1
1482753967860 5 -1
1482753968819 8 -1
1482753969703 9 1
1482753971634 6 3
1482753973306 6 -1
1482753974145 7 3
1482753975677 3 1
1482753981753 0 3
1482753984257 3 -1
1482753986321 1 2
1482753991345 7 -3
1482753993761 6 1
1482753998956 1 -2
1482754008625 10 -1
1482754010201 6 -1
1482754011180 7 3
1482754013585 3 1
1482754018072 0 -2
1482754020425 10 1
1482754022616 0 -1
1482754024312 3 -1
1482754027312 7 -3
1482754032832 6 -1
1482754034656 7 3
1482754039880 9 -1
1482754041768 8 1
1482754044016 5 1
1482754045336 2 1
1482754046610 6 -2
1482754056999 3 1
1482754058751 0 3
1482754060135 3 -1
1482754064471 7 -2
1482754066431 8 1
1482754081806 5 1
1482754084936 5 -1
1482754086303 8 -1
1482754087766 7 2
1482754089207 3 1
1482754099462 3 -1
1482754100925 7 -3
1482754102245 10 -1
1482754103970 7 3
1482754105045 3 1
1482754106678 10 2
1482754109014 3 -1
1482754111253 10 -1
1482754113117 3 1
1482754113989 0 -3
1482754116509 3 -1
1482754118573 6 2
1482754119721 7 -3
1482754128396 8 1
1482754129621 5 1
1482754132221 1 3
1482754136093 4 1
1482754138646 3 -1
1482754143332 9 -2
1482754145297 6 2
1482754149419 4 -1
1482754162196 6 -2
1482754163942 9 2
1482754164908 7 2
1482754167683 7 -2
1482754169387 3 1
1482754170765 3 -1
1482754172412 7 2
1482754173579 10 1
1482754174573 3 1
1482754175509 1 -3
1482754176950 6 -2
1482754180483 6 1
1482754182003 2 -1
1482754182733 5 -2
1482754183506 8 -2
1482754184691 7 1
1482754185557 3 1
1482754187043 0 1
1482754188212 10 -2
1482754192298 9 1
1482754193941 6 2
1482754194753 1 2
1482754198967 0 2
1482754200506 3 -1
1482754202411 7 -3
1482754217255 6 1
1482754220626 6 -1
1482754224001 1 -2
1482754225543 7 3
1482754228978 7 -3
1482754230443 6 1
1482754242433 6 -1
1482754243761 7 2
1482754254865 7 1
1482754266600 1 2
1482754269345 10 -1
1482754274080 7 -3
1482754276272 6 1
1482754279616 6 -1
1482754281176 7 3
1482754282664 3 1
1482754287009 3 -1
1482754287695 3 1
1482754288432 10 3
1482754289774 0 -3
1482754292799 6 -1
1482754293663 3 -1
1482754295087 10 -1
1482754295873 7 -3
1482754297167 9 -1
1482754297985 8 2
1482754301815 5 1
1482754302823 2 1
1482754304875 1 -2
1482754307007 6 -2
1482754312008 8 -1
1482754313334 7 3
1482754314282 3 1
1482754315831 0 3
1482754317887 3 -1
1482754322174 7 -3
1482754323431 10 -1
1482754335735 8 1
1482754337070 7 2
1482754339342 5 1
1482754340058 7 -2
1482754344982 7 2
1482754348814 5 -1
1482754350651 7 -2
1482754352614 8 -1
1482754354709 7 3
1482754355793 3 1
1482754357493 10 2
1482754359813 10 -1
1482754360670 0 -3
1482754362198 6 2
1482754364621 1 2
1482754365981 2 -1
1482754367933 5 -1
1482754369389 0 1
1482754370813 10 -2
1482754372706 5 1
1482754373453 2 1
1482754374349 4 1
1482754375380 10 -1
1482754377246 0 -1
1482754379157 3 -1
1482754381098 7 -3
1482754384403 8 1
1482754386612 8 -1
1482754387721 7 3
1482754391188 7 -1
1482754392438 8 1
1482754393445 5 1
1482754394324 1 1
1482754395340 3 -1
1482754397180 9 -3
1482754399757 7 -2
1482754401852 3 1
1482754406443 7 2
1482754410251 1 -1
1482754411404 5 -1
1482754412373 8 -1
1482754413219 7 1
1482754414366 3 1
1482754415091 6 1
1482754415904 0 3
1482754417955 3 -1
1482754419685 1 -1
1482754423379 7 -3
1482754426867 8 1
1482754430547 8 -1
1482754432033 8 1
1482754434669 10 2
1482754435447 1 -1
1482754436752 4 -1
1482754437565 2 -1
1482754438283 5 -1
1482754439251 0 2
