1482853477594 6 -1
1482853478098 9 2
1482853487045 3 1
1482853487300 1 -2
1482853487787 5 -1
1482853488352 8 -1
1482853488791 7 1
1482853489207 3 1
1482853489999 1 -1
1482853491002 1 2
1482853492998 4 1
1482853493434 0 1
1482853493906 10 -4
1482853494474 0 -1
1482853495524 3 -1
1482853496953 7 -3
1482853497476 8 1
1482853497850 5 1
1482853498251 1 1
1482853499244 3 -1
1482853500017 9 -3
1482853501406 3 1
1482853502041 1 -2
1482853502895 5 -1
1482853503466 6 2
1482853507825 6 -1
1482853508689 8 -1
1482853509188 7 3
1482853509595 3 1
1482853510048 0 3
1482853510888 3 -1
1482853511377 7 -3
1482853511859 8 1
1482853512679 6 1
1482853514605 10 2
1482853514957 4 -1
1482853515346 2 -1
1482853515791 5 -1
1482853516119 0 3
