1481754775667 7 -1
1481754778061 6 -1
1481754778772 7 1
1481754780425 2 -1
1481754782883 7 -1
1481754785010 6 1
1481754786473 2 1
1481754788335 4 1
1481754788996 7 1
1481754789909 6 -1
1481754792153 9 2
1481754795139 10 -1
1481754795744 7 -2
1481754798912 3 1
1481754800738 4 -1
1481754802742 4 1
1481754803855 4 -1
1481754812776 1 -2
1481754814054 1 -1
1481754814648 6 -2
1481754816422 5 -1
1481754817093 8 -1
1481754817982 8 1
1481754819652 8 -1
1481754820037 6 2
1481754820468 2 -1
1481754820856 6 -1
1481754821328 5 -1
1481754821869 8 -1
1481754822399 9 1
1481754823261 6 3
1481754827145 1 2
1481754830473 6 -2
1481754831208 9 -1
1481754831626 8 2
1481754832785 5 2
1481754833318 1 1
1481754834158 3 -1
1481754835362 3 1
1481754835846 2 1
1481754836367 4 1
1481754837489 4 -1
1481754838250 3 -1
1481754841316 9 -2
1481754842316 6 2
1481754843081 4 1
1481754843795 4 -1
1481754845313 6 -2
1481754846333 6 2
1481754847421 6 -2
1481754847956 9 2
1481754848363 7 2
1481754849329 3 1
1481754852640 1 -3
1481754853056 2 -1
1481754853510 5 -2
1481754854887 8 -2
1481754855751 7 1
1481754856687 3 1
1481754857163 8 1
1481754857805 6 -1
1481754858849 5 1
1481754859303 2 1
1481754859647 6 -1
1481754862041 0 3
1481754864453 3 -1
1481754865038 7 -2
1481754865461 8 1
1481754866217 5 1
1481754868386 5 -1
1481754868914 5 1
1481754871495 7 1
1481754872878 7 -2
1481754875712 5 -1
1481754876386 8 -1
1481754878291 8 1
1481754879441 10 -1
1481754884218 5 1
1481754887820 5 -1
1481754888305 8 -1
1481754888842 7 3
1481754889375 3 1
1481754889845 0 -2
1481754890960 6 2
1481754893241 6 -1
1481754894507 6 1
1481754895177 6 -2
1481754910805 6 2
1481754911110 2 -1
1481754911418 5 -1
1481754911891 6 -1
1481754916154 5 1
1481754916940 2 1
1481754917180 6 -1
1481754917597 0 2
1481754918233 3 -1
1481754920249 7 -3
1481754921726 8 1
1481754922490 5 1
1481754925020 10 1
1481754930845 R
1481754939873 10 -1
1481754940561 7 -2
1481754941197 6 1
1481754942852 4 1
1481754945613 6 -1
1481754946370 4 -1
1481754947522 6 -1
1481754948140 9 2
1481754948515 7 2
1481754949642 3 1
1481754950224 10 1
1481754950782 1 -3
1481754951804 1 1
1481754952324 4 1
1481754953250 4 -1
1481754953820 4 1
1481754954238 1 2
1481754954725 3 -1
1481754955379 7 -1
1481754955834 10 -1
1481754956115 7 -1
1481754956601 9 -2
1481754957540 6 2
1481754958411 6 -2
1481754958828 9 2
1481754959187 7 2
1481754959540 3 1
1481754960577 7 -2
1481754961237 7 2
1481754962251 1 -2
1481754962640 5 -1
1481754963025 8 -1
1481754964076 7 1
1481754964437 3 1
1481754965381 1 -1
1481754965794 4 -1
1481754966211 6 -1
1481754966732 6 -1
1481754967776 0 2
1481754968611 0 1
1481754969169 3 -1
1481754969718 7 -3
1481754970730 8 1
1481754974666 10 -1
1481754976277 10 1
1481754976773 5 1
1481755088583 10 -1
1481755089088 5 -1
