1481756257160 6 -1
1481756259050 9 2
1481756262482 10 -1
1481756264214 7 -2
1481756267872 9 -2
1481756269434 9 2
1481756272078 3 1
1481756275104 2 -1
1481756276612 1 -3
1481756285916 1 3
1481756287873 3 -1
1481756290044 9 -2
1481756293498 7 2
1481756294769 7 -2
1481756298673 2 1
1481756299472 4 1
1481756303702 6 2
1481756305569 4 -1
1481756311599 6 -2
1481756345023 7 2
1481756347026 7 -1
1481756348837 9 1
1481756350198 10 1
1481756360121 9 1
1481756362551 9 -2
1481756364947 6 1
1481756366961 2 -1
1481756367771 2 1
1481756368727 10 -1
1481756370168 R
1481756377997 10 -1
1481756382441 7 -2
1481756385659 6 -1
1481756386919 9 2
1481756392735 7 1
1481756393826 7 -1
1481756396223 9 -2
1481756399800 6 2
1481756403828 R
1481756422345 6 -1
1481756423437 9 2
1481756424303 3 1
1481756425732 1 -3
1481756430974 10 -1
1481756433460 5 -1
1481756436892 6 -2
1481756439873 8 -1
1481756440852 7 1
1481756443045 3 1
1481756448164 0 3
1481756450077 3 -1
1481756451461 7 -3
1481756455387 8 1
1481756459504 5 1
1481756465602 R
1481756469652 6 -1
1481756471767 6 1
1481756476211 10 -1
1481756477729 6 -1
1481756478585 9 2
1481756479664 7 -2
1481756481487 3 1
1481756487089 2 -1
1481756489261 1 -1
1481756491264 5 -2
1481756493277 8 -2
1481756494582 9 1
1481756500354 6 1
1481756501850 7 3
1481756505000 3 1
1481756508093 0 3
1481756509027 3 -1
1481756510321 7 -3
1481756516452 1 -2
1481756518343 1 2
1481756520165 1 -2
1481756525880 7 3
1481756527545 3 1
1481756530762 0 -1
1481756534408 10 -1
1481756541495 0 -1
1481756545107 0 2
1481756546310 3 -1
