1480303737043 7 -1
1480303739514 6 -1
1480303743350 6 1
1480303747503 6 -1
1480303749119 6 1
1480303750334 10 -1
1480303751222 7 -1
1480303752288 6 1
1480303756935 4 1
1480303759455 4 -1
1480303760144 2 -1
1480303762282 R
1480303767414 7 -1
1480303771951 4 1
1480303774152 10 -1
1480303775104 7 -1
1480303776728 6 1
1480303779132 6 -2
1480303780153 7 2
1480303781113 9 2
1480303782185 10 1
1480303783513 7 -1
1480303785824 3 1
1480303787179 1 -3
1480303788351 4 -1
1480303789495 6 -2
1480303791447 5 -1
1480303794183 8 -1
1480303794962 7 2
1480303795840 3 1
1480303796988 0 3
1480303797848 10 -2
1480303798985 3 -1
1480303799889 7 -3
1480303801321 8 1
1480303802481 5 1
1480303804009 10 1
1480303807742 10 -1
1480303809454 7 2
1480303812622 7 -2
1480303814271 5 -1
1480303820327 8 -1
1480303822411 R
1480303827094 2 -1
1480303831471 7 -1
1480303834599 6 -1
1480303835479 9 2
1480303836455 3 1
1480303837634 1 -3
1480303839408 2 1
1480303840769 4 1
1480303841864 1 3
1480303843788 7 1
1480303844402 7 -1
1480303845089 10 -1
1480303845785 7 -1
1480303847257 3 -1
1480303848401 9 -2
1480303854529 6 2
1480303855857 4 -1
1480303856753 2 -1
1480303858811 6 -2
1480303859379 9 2
1480303859989 3 1
1480303860643 1 -3
1480303861645 5 -2
1480303863221 6 -1
1480303865788 8 -2
1480303866843 9 1
1480303867859 6 3
1480303870028 1 2
1480303872692 6 -2
1480303873395 9 -1
1480303874269 8 2
1480303876813 5 2
1480303877885 1 1
1480303878598 2 1
1480303880100 1 -3
1480303881076 6 -2
1480303882885 5 -1
1480303885084 8 -1
1480303886791 7 3
1480303887709 3 1
1480303888659 0 2
1480303889643 10 -1
1480303891172 0 1
1480303892060 3 -1
1480303893060 7 -3
1480303894261 8 1
1480303896660 10 1
1480303898621 R
1480303902621 7 -1
1480303907222 10 -1
1480303908109 7 -1
1480303908910 6 1
1480303913187 6 -2
1480303915647 9 2
1480303916583 3 1
1480303917991 2 -1
1480303918997 3 -1
1480303920018 9 -2
1480303923111 7 2
1480303925379 7 -2
1480303926815 R
1480303936714 6 -1
1480303938009 9 2
1480303939394 3 1
1480303940298 1 -3
1480303941553 6 -2
1480303944920 7 -1
1480303946387 5 -1
1480303948250 10 -1
1480303948914 7 -1
1480303953346 8 -1
1480303954694 7 3
1480303955620 3 1
1480303959508 0 1
1480303960765 10 -1
1480303963220 0 2
1480303963996 3 -1
1480303965220 7 -3
1480303966551 8 1
1480303967676 5 1
1480303969504 R
1480303971717 4 1
1480303975630 6 -1
1480303976270 9 2
1480303977566 7 -1
1480303978704 10 -1
1480303979574 7 -1
1480303980838 9 -2
1480303982944 6 2
1480303984703 4 -1
1480303986115 2 -1
1480303988455 6 -2
1480303990046 9 2
1480303990855 3 1
1480303992028 1 -3
1480303995466 2 1
1480303996387 6 -2
1480303998186 7 2
1480304000915 7 -2
1480304004043 6 2
1480304005157 2 -1
1480304006116 5 -2
1480304007803 6 -1
1480304009516 8 -2
1480304011948 9 1
1480304013053 7 3
1480304015613 6 2
1480304016837 3 1
1480304020950 10 1
1480304024375 3 -1
1480304025597 7 -2
1480304027054 7 2
1480304027821 10 -1
1480304029031 7 -3
