1481755103185 4 1
1481755107373 4 -1
1481755110896 7 -1
1481755119500 6 -1
1481755121265 6 1
1481755126920 4 1
1481755136804 6 -1
1481755138673 7 1
1481755139936 9 2
1481755142580 10 -1
1481755143517 7 -2
1481755145186 9 -2
1481755146777 6 2
1481755161938 6 -2
1481755163920 9 2
1481755165160 7 2
1481755166887 3 1
1481755169553 1 -3
1481755172693 4 -1
1481755174825 5 -1
1481755178355 6 -2
1481755187473 7 -2
1481755190086 8 -1
1481755194473 6 2
1481755196695 6 -2
1481755199322 8 1
1481755200792 5 1
1481755203209 5 -1
1481755205804 7 2
1481755207949 10 1
1481755209893 7 -1
1481755210624 10 -1
1481755211786 7 -1
1481755214680 8 -1
1481755216329 6 2
1481755217867 1 2
1481755219389 2 -1
1481755220349 2 1
1481755221212 4 1
1481755224088 1 -2
1481755225204 4 -1
1481755227162 2 -1
1481755228477 5 -1
1481755229800 8 -1
1481755230868 9 1
1481755232204 6 -1
1481755235089 7 3
1481755236869 3 1
1481755238676 0 1
1481755239913 10 -1
1481755244485 10 2
1481755246536 0 -1
1481755247744 6 2
1481755249508 0 3
1481755252396 1 2
1481755253808 10 -3
1481755255133 3 -1
1481755256629 7 -3
1481755259068 1 -1
1481755260782 6 1
1481755264267 10 2
1481755266185 1 -1
1481755270280 6 -1
1481755273285 7 3
1481755274700 3 1
1481755276096 10 1
1481755277568 0 -3
1481755281748 6 -2
1481755282682 6 2
1481755285181 0 3
1481755286399 3 -1
1481755287808 10 -2
1481755290017 7 -3
1481755388528 7 3
1481755390129 10 2
1481755391392 3 1
1481755396264 0 -1
1481755443968 0 1
1481755445388 1 2
1481755447721 10 -3
1481755449096 3 -1
1481755450381 7 -3
1481755452308 6 1
1481755455233 1 -1
1481755456341 1 1
1481755463852 6 -1
1481755468592 1 -1
1481755471292 6 1
