1482298179539 1 -2
1482298181219 7 -3
1482298182729 6 3
1482298184217 5 3
1482298186050 0 1
1482298188906 1 2
1482298190364 10 3
1482298192664 9 -1
1482298199400 0 -1
1482298207877 0 1
1482298208906 10 -2
1482298209927 1 -2
1482298212714 9 1
1482298213620 10 -1
1482298214533 0 -1
1482298215821 5 -3
1482298218046 8 4
1482298219435 5 3
1482298220856 1 2
1482298221736 0 1
1482298222765 10 4
1482298225008 0 -1
1482298225905 1 -2
1482298227575 9 -1
1482298229036 5 -4
1482298231211 0 1
1482298232155 1 2
1482298233331 10 -3
1482298234619 6 -3
1482298236011 8 -4
1482298237660 1 -2
1482298238847 7 3
1482298239783 2 2
1482298240735 3 2
1482298241739 0 4
