1481163870387 2 2
1481163871722 3 2
1481163872803 1 -2
1481163874440 5 1
1481163878319 7 -3
1481163879335 8 2
1481163881162 8 -2
1481163882434 7 3
1481163883309 5 -1
1481163884326 1 2
1481163886136 8 1
1481163887229 8 -1
1481163888233 1 -2
1481163889427 7 -3
1481163890552 1 2
1481163895662 6 1
1481163896499 8 2
1481163897153 6 -1
1481163900193 1 -2
1481163901037 5 1
1481163902958 7 2
1481163904271 5 -1
1481163906343 8 -2
1481163907258 7 1
1481163908337 2 -2
1481163909048 3 -2
1481163909961 7 -3
1481163910611 6 3
1481163912326 1 2
1481163913668 1 -2
1481163914645 5 3
1481163915948 1 1
1481163916596 1 -1
1481163917096 0 1
1481163918939 10 1
1481163919557 9 -1
1481163920845 4 -1
1481163921792 3 -1
1481163923633 5 -1
1481163925315 5 1
1481163926229 1 2
1481163927530 1 -2
1481163928505 7 1
1481163929965 3 1
1481163933564 1 1
1481163934108 10 2
1481163935576 0 -1
1481163937263 4 1
1481163937872 4 -1
1481163938506 7 -1
1481163939851 3 -1
1481163941567 7 1
1481163944885 0 1
1481163945633 0 -1
1481163946195 7 -1
1481163947048 1 1
1481163949228 3 1
1481163951753 R
1481163956025 8 1
1481163958556 2 2
1481163959907 3 2
1481163960658 1 -2
1481163962002 1 2
1481163964291 1 -2
1481163964952 5 1
1481163967291 8 -1
1481163968305 7 -2
1481163968368 7 -1
1481163969304 6 1
1481163970109 2 -2
1481163970826 6 1
1481163971629 3 -2
1481163972971 6 1
1481163974595 5 2
1481163975937 0 1
1481163977004 10 1
1481163978336 9 -1
1481163978910 4 -1
1481163981218 5 -1
1481163982820 5 1
1481163984351 3 -1
1481163986209 7 1
1481163987598 7 -1
1481163988461 1 2
1481163989836 10 2
1481163990799 0 -1
1481163991420 1 -1
1481163994141 7 1
1481163994908 3 1
1481163996798 4 1
1481163998400 R
1481164015458 1 -2
1481164018408 5 1
1481164019250 5 -1
1481164020289 7 -3
1481164021343 6 3
1481164023577 5 3
1481164024248 0 1
1481164025956 5 -1
1481164027635 5 1
1481164028720 10 1
1481164029734 9 -1
1481164030303 4 -1
1481164031255 3 -1
1481164033665 7 1
1481164037219 5 -1
1481164039614 8 4
1481164042126 5 1
1481164045411 5 -1
1481164047350 7 -1
1481164055731 3 1
1481164056326 U
1481164056973 U
1481164057201 U
1481164057411 U
1481164057615 U
1481164057787 U
1481164058428 R
1481164075770 8 1
1481164078860 8 -1
1481164080465 3 2
1481164081420 2 2
1481164082817 1 -2
1481164084051 5 1
1481164085311 7 -2
1481164091431 7 2
1481164092772 5 -1
1481164093578 1 2
1481164096147 8 1
1481164097523 1 -2
1481164099196 8 -1
1481164100802 5 1
1481164101924 2 -2
1481164102732 7 -3
1481164103613 6 2
1481164105190 5 -1
1481164106741 3 -2
1481164107418 6 1
1481164108474 5 3
1481164110410 7 1
1481164111376 0 1
1481164113730 5 -1
1481164114801 8 4
1481164116739 5 1
1481164117302 1 1
1481164120410 10 4
1481164123136 9 -1
1481164123772 4 -1
1481164124535 3 -1
