1480027666483 1 -2
1480027668031 5 1
1480027672085 2 2
1480027673287 3 2
1480027680632 7 -3
1480027681349 6 1
1480027683002 8 2
1480027687664 6 -1
1480027688281 8 -1
1480027689136 8 -1
1480027693535 7 1
1480027704524 7 2
1480027707103 7 -2
1480027707649 2 -1
1480027708470 2 -1
1480027709008 3 -2
1480027709818 6 3
1480027711010 5 2
1480027712265 0 1
1480027712874 10 1
1480027713364 9 -1
1480027713928 4 -1
1480027714756 3 -1
1480027715824 5 -1
1480027716477 5 1
1480027717740 5 -1
1480027719275 7 -1
1480027723425 5 1
1480027724666 7 1
1480027727379 3 1
1480027728688 4 1
1480027731726 4 -1
1480027737515 7 -1
1480027739104 1 2
1480027740003 10 2
1480027742410 10 -2
1480027742988 1 -2
1480027743456 5 -1
1480027744091 8 4
1480027745678 5 1
1480027746209 1 2
1480027746755 10 3
1480027749249 1 -2
1480027750509 5 -1
1480027762887 3 -1
1480027764318 8 -3
1480027766519 8 2
1480027768290 5 1
1480027770459 1 1
1480027772226 10 -2
1480027776150 1 1
1480027778187 1 -1
1480027780218 10 2
1480027780568 0 -1
1480027781044 1 -1
1480027782278 5 -2
1480027784060 6 -2
1480027785104 3 3
1480027787382 4 1
1480027789112 5 -2
1480027790843 2 1
1480027792457 8 -1
1480027793480 2 1
1480027805928 0 1
1480027807181 1 1
1480027808109 10 -3
1480027808924 8 -2
1480027809553 6 -1
1480027810052 1 -1
1480027810691 7 3
1480027811388 0 5
