1481736849978 2 2
1481736850596 3 1
1481736851843 3 1
1481736859140 2 -2
1481736861100 3 -2
1481736862016 1 -2
1481736864046 7 -3
1481736867362 6 3
1481736868946 1 2
1481736871768 8 4
1481736872974 6 -3
1481736877069 8 -4
1481736878800 1 -2
1481736880586 7 3
1481736882932 2 2
1481736884797 3 2
1481736887008 5 1
1481736890340 5 -1
1481736891548 1 2
1481736903502 3 -2
1481736904168 2 -2
1481736905572 1 -2
1481736906283 5 1
1481736908135 7 -3
1481736909020 6 3
1481736910290 8 4
1481736912674 5 2
1481736914594 1 2
1481736915770 0 1
1481736917007 10 4
1481736918122 9 -1
1481736919658 4 -1
1481736921094 3 -1
1481736923859 1 -2
1481736925068 5 -1
1481736926298 0 -1
1481736927576 5 -2
1481736928972 8 -3
1481736929897 6 -2
1481736931245 3 3
1481736932711 2 2
1481736943375 2 -2
1481736944348 3 -3
1481736949804 6 2
1481736951326 5 2
1481736977203 5 -2
1481736982025 6 -2
1481736986479 3 3
1481736987891 4 1
1481736988831 5 -1
1481736990705 2 2
1481736994250 7 1
1481736995959 7 -1
1481736996968 0 1
1481736998137 1 2
1481736999431 10 -3
1481737000977 6 -1
1481737001901 1 -2
1481737002843 7 3
1481737003994 0 4
