1482169844957 3 1
1482169845913 6 1
1482169846476 8 -1
1482169847927 1 1
1482169848664 9 -1
1482169851220 6 -1
1482169851685 11 -1
1482169852394 3 -2
1482169854089 5 -1
1482169854723 10 -2
1482169855774 7 1
1482169856354 12 1
1482169856771 2 2
1482169857278 9 1
1482169858009 1 -1
1482169858582 12 -2
1482169859606 7 -2
1482169860179 2 -2
1482169861246 5 2
1482169861982 10 2
1482169862908 9 2
1482169863982 2 1
1482169865722 4 1
1482169866757 3 1
1482169867259 11 1
1482169867900 8 1
1482169868348 6 -3
1482169869358 8 -1
1482169870135 8 1
1482169871507 8 -1
1482169872416 4 -1
1482169877433 4 1
1482169878114 2 -1
1482169878891 8 1
1482169880616 6 3
1482169881079 8 -1
1482169881588 6 -3
1482169882276 11 -1
1482169882867 3 -1
1482169883485 4 -1
1482169884448 9 -2
1482169885428 5 -3
1482169886290 9 2
1482169887939 2 2
1482169889058 4 2
1482169890626 0 2
1482169891590 6 2
1482169893362 1 -2
1482169895040 0 -1
1482169898458 3 1
1482169898999 11 1
1482169900142 8 1
1482169901052 1 -1
1482169901570 0 -1
1482169902354 6 -1
1482169903004 6 1
1482169904181 4 -1
1482169904832 2 -3
1482169905984 7 1
1482169906879 4 2
1482169907468 9 -3
1482169908289 5 2
1482169909724 6 1
1482169910476 0 2
1482169911191 1 1
1482169911803 8 -1
1482169912469 11 -1
1482169913048 6 -2
1482169913629 3 -1
1482169914327 0 3
