1482860302877 8 -1
1482860304454 11 -1
1482860306339 3 -1
1482860313498 1 1
1482860314876 9 -1
1482860318485 5 -1
1482860321668 10 -2
1482860323901 7 1
1482860327253 2 3
1482860329337 12 1
1482860331263 9 1
1482860333186 1 -1
1482860334692 1 1
1482860335819 9 -1
1482860337186 2 -3
1482860338273 12 -1
1482860339291 7 -1
1482860340808 10 2
1482860344777 5 1
1482860346762 3 2
1482860354889 3 -2
1482860358696 3 2
1482860363144 11 1
1482860364350 6 1
1482860371781 5 -1
1482860373485 2 2
1482860376048 9 1
1482860379978 1 -1
1482860381702 12 -1
1482860382913 7 -1
1482860384157 2 -2
1482860385523 5 2
1482860390619 6 -1
1482860391736 11 -1
1482860392962 3 -2
1482860394260 9 2
1482860395406 4 1
1482860397680 4 -1
1482860400592 4 1
1482860404470 6 -3
1482860406765 4 -1
1482860416794 2 1
1482860418619 4 1
1482860419976 2 -1
1482860420894 4 -1
1482860423239 9 -2
1482860425395 5 -3
1482860427127 9 2
1482860428713 7 1
1482860430149 2 2
1482860431867 4 3
1482860438148 9 -2
1482860449266 0 2
1482860451012 1 -1
1482860453825 6 2
1482860455460 1 -1
1482860457146 9 -1
1482860462770 10 -2
1482860464007 2 1
1482860465323 7 1
1482860470828 R
1482860499907 8 -1
1482860501479 11 -1
1482860502577 3 -1
1482860513588 12 -1
1482860514813 7 -1
1482860517336 5 1
1482860521384 9 2
1482860522651 4 1
1482860525225 6 -3
1482860536182 4 -1
1482860538098 9 -2
1482860546614 5 -3
1482860552718 9 2
1482860554333 2 2
1482860556117 4 2
1482860563007 0 1
1482860568173 1 -1
1482860570766 7 1
1482860572012 4 1
1482860573379 9 -2
1482860586704 1 1
1482860587809 9 2
1482860589187 0 -1
1482860591353 4 -3
1482860601644 4 2
1482860604744 0 1
1482860607117 1 -1
1482860618237 4 1
1482860619833 9 -2
1482860631009 5 1
1482860632395 3 2
1482860636435 0 1
1482860638917 6 4
1482860641142 1 -1
1482860643465 9 -1
1482860647434 11 1
1482860649929 0 -1
1482860651373 8 1
1482860653038 1 -1
1482860661815 6 -3
1482860667687 5 -1
1482860669580 9 2
1482860670798 3 -1
1482860672253 9 1
1482860674359 4 -1
1482860678856 7 -1
1482860683254 1 3
1482860684291 6 -1
1482860685348 8 -1
1482860687083 11 -1
1482860689251 3 -1
1482860698093 0 1
1482860703078 0 -2
1482860705342 4 -2
1482860709361 4 1
