1480911286482 8 -1
1480911288632 3 1
1480911289748 6 1
1480911292440 5 -1
1480911294387 2 2
1480911296307 1 1
1480911297757 9 -1
1480911300260 2 -2
1480911305528 2 2
1480911306950 9 1
1480911308184 1 -1
1480911309733 12 -1
1480911311314 7 -1
1480911313855 2 -2
1480911317834 11 -1
1480911319659 5 2
1480911322534 6 -1
1480911323760 3 -2
1480911326192 9 2
1480911329129 4 1
1480911330713 6 -3
1480911333532 4 -1
1480911336094 2 1
1480911339752 9 -2
1480911343013 5 -3
1480911345447 2 1
1480911347029 9 2
1480911348768 4 2
1480911350771 0 2
1480911355757 1 -1
1480911357495 7 1
1480911358744 4 1
1480911360491 9 -2
1480911365599 5 1
1480911367182 3 2
1480911372362 11 1
1480911374267 5 -1
1480911376625 1 1
1480911379087 9 1
1480911381160 1 -1
1480911382968 9 -1
1480911384674 8 1
1480911385727 5 1
1480911390309 6 4
1480911392096 1 -2
1480911393703 9 -1
1480911396002 0 -2
1480911400114 6 -3
1480911401963 5 -1
1480911403714 3 -1
1480911405559 9 3
1480911408018 6 1
1480911410845 4 -2
1480911412286 2 -3
1480911414133 7 -1
1480911416460 4 1
1480911418698 6 -1
1480911420964 7 1
1480911422164 4 1
1480911424024 9 -3
1480911425544 10 -1
1480911426984 7 1
1480911428926 5 2
1480911433147 0 3
1480911435364 9 1
1480911438062 7 -1
1480911439381 10 1
1480911441420 3 1
1480911444465 6 3
1480911445940 1 2
1480911447548 8 -1
1480911449165 11 -1
1480911450317 6 -4
1480911451637 3 -2
1480911452991 0 2
