1482167548610 12 -1
1482167551097 7 -1
1482167552633 5 1
1482167553914 9 2
1482167555361 4 1
1482167560936 6 -3
1482167567089 4 -1
1482167568513 9 -2
1482167573201 8 -1
1482167575729 8 1
1482167576537 9 2
1482167580440 4 1
1482167584714 4 -1
1482167587185 4 1
1482167598377 6 3
1482167599929 4 -1
1482167600672 8 -1
1482167602720 8 1
1482167603632 4 1
1482167604418 6 -3
1482167605921 8 -1
1482167609624 11 -1
1482167611082 3 -1
1482167615921 4 -1
1482167620657 2 1
1482167626384 4 1
1482167630595 R
1482167635208 10 -1
1482167636304 7 1
1482167639024 12 -1
1482167640456 2 1
1482167645584 2 -1
1482167649808 8 -1
1482167653480 8 1
1482167654800 7 -2
1482167655432 5 1
1482167656193 10 1
1482167658249 9 2
1482167663296 9 -2
1482167664760 3 1
1482167669320 9 1
1482167671152 9 -1
1482167673912 6 1
1482167676368 8 -1
1482167680680 9 1
1482167682344 11 -1
1482167683072 6 -1
1482167684368 3 -2
1482167686072 9 1
1482167687337 4 1
1482167690776 6 -3
1482167694632 3 1
1482167696000 11 1
1482167700384 4 -1
1482167702288 11 -1
1482167704552 3 -1
1482167708111 9 -2
1482167718056 3 2
1482167722335 3 -2
1482167723328 9 2
1482167726048 4 1
1482167735229 4 -1
1482167739935 9 -2
1482167750951 3 1
1482167755297 3 -1
1482167760720 10 -2
1482167762352 5 -3
1482167763672 2 3
1482167773671 2 -3
1482167780144 10 2
1482167780720 5 3
1482167783612 U
1482167786183 3 2
1482167787183 5 3
1482167804568 11 1
1482167808263 9 1
1482167815760 8 1
1482167828319 8 -1
1482167832799 11 -1
1482167834176 3 -2
1482167838039 10 -1
1482167845015 10 -1
1482167849334 2 1
1482167856444 9 -1
1482167857815 2 -1
1482167864401 10 2
