1479948611092 3 1
1479948612632 6 1
1479948627256 12 -1
1479948629438 7 -1
1479948631838 7 1
1479948637302 7 -1
1479948638989 5 1
1479948647940 2 1
1479948649400 9 1
1479948650902 8 -1
1479948652021 11 -1
1479948653111 6 -1
1479948654712 3 -2
1479948665546 9 -1
1479948667626 9 2
1479948672928 2 -1
1479948674599 2 1
1479948676499 9 -2
1479948678031 5 -2
1479948679391 10 -2
1479948681914 7 2
1479948685475 2 -1
1479948686916 5 1
1479948688306 10 1
1479948691157 2 1
1479948692268 12 2
1479948693800 1 1
1479948695283 9 -1
1479948696640 2 -1
1479948697661 12 -1
1479948704217 9 1
1479948705849 1 -1
1479948707369 12 -1
1479948709539 2 1
1479948717765 7 -2
1479948719155 5 1
1479948720496 10 1
1479948722257 9 2
1479948724838 4 1
1479948730671 6 -3
1479948736142 3 1
1479948737994 11 1
1479948743286 4 -1
1479948747917 9 -2
1479948749499 2 -1
1479948752629 11 -1
1479948754700 3 -1
1479948757763 9 2
1479948762353 2 1
1479948766355 4 1
1479948767906 6 3
1479948770837 4 -1
1479948772268 9 -2
1479948774638 10 -2
1479948775928 5 -2
1479948778009 7 2
1479948779281 12 2
1479948780581 1 1
1479948781900 9 -1
1479948784652 2 2
1479948790764 9 1
1479948794625 12 -1
1479948796076 2 -3
1479948797616 7 -1
1479948799497 10 2
1479948800587 5 1
1479948802058 9 -1
1479948804809 3 2
1479948806000 11 1
1479948808272 6 1
1479948810153 8 1
1479948819059 5 -1
1479948820919 2 2
1479948822739 9 1
1479948824520 1 -1
1479948825620 12 -1
1479948826821 7 -1
1479948828343 2 -2
1479948831223 5 2
1479948834124 9 1
1479948835875 8 -1
1479948837328 11 -1
1479948839417 6 -1
1479948840678 3 -2
1479948841645 9 1
1479948843780 4 1
1479948845420 6 -3
1479948851633 4 -1
1479948853033 9 -2
1479948858076 5 -3
1479948860647 10 -2
1479948862268 7 2
1479948864561 12 2
1479948866679 1 1
1479948868481 9 -1
1479948872222 10 1
1479948873252 9 2
1479948874894 2 2
1479948878294 12 -1
1479948879275 7 -1
1479948880457 10 1
1479948882628 9 1
1479948884127 4 2
1479948888628 0 2
1479948896110 6 2
1479948903272 1 -3
1479948904531 12 -1
1479948906811 4 1
1479948908173 9 -3
1479948912294 10 -2
1479948913907 7 1
1479948921208 2 1
1479948922477 5 1
1479948924657 6 -1
1479948930188 7 -1
1479948931098 2 -1
1479948933139 10 2
1479948934519 3 2
1479948936591 11 1
1479948938261 3 -1
1479948940774 5 -1
1479948941781 9 3
1479948943950 1 2
1479948946731 6 -1
1479948947903 11 -1
1479948949632 3 -1
1479948951702 9 -2
1479948958383 5 1
1479948962744 1 -1
1479948968895 3 2
1479948971056 11 1
1479948973218 8 1
1479948975066 6 4
1479948976867 1 -2
1479948978587 9 -1
1479948985138 9 1
1479948987559 1 3
1479948989029 1 -3
1479948990659 9 -1
1479948993000 6 -3
1479948995381 5 -1
1479948997142 3 -1
1479948998222 9 3
1479949000143 4 -1
1479949004674 12 1
1479949006935 1 4
1479949011426 6 -1
1479949014417 8 -1
1479949015497 11 -1
1479949018279 3 -1
1479949025932 3 1
1479949027791 1 -2
1479949029602 12 -1
1479949032413 4 1
1479949034774 9 -2
1479949036736 3 -1
1479949039485 3 2
1479949040485 5 1
1479949045067 3 -2
1479949051691 10 -2
1479949053359 7 1
1479949054601 2 1
1479949062052 1 1
1479949067406 6 3
1479949070297 1 -2
1479949071646 9 -1
1479949074388 2 -1
1479949079339 7 -1
1479949081279 10 2
1479949083050 3 2
1479949085971 6 1
1479949087581 11 1
1479949090716 8 1
1479949092183 1 -1
1479949094793 6 -3
1479949096265 5 -1
1479949098035 3 -1
1479949100616 10 -1
1479949102099 7 1
1479949104397 9 2
1479949112900 7 -1
1479949114140 10 1
1479949116342 9 -2
1479949125176 0 -1
1479949127966 5 1
1479949129246 3 1
1479949131957 1 1
1479949134490 6 3
1479949136519 8 -1
1479949140082 6 -3
1479949142041 11 -1
1479949143753 3 -2
1479949165993 10 -2
1479949180887 7 1
1479949182848 2 1
1479949186480 9 1
1479949187959 5 -1
1479949189309 9 1
1479949195241 1 2
1479949196782 6 -1
1479949199783 9 -1
1479949203044 2 -1
1479949204273 10 1
1479949211916 3 1
1479949213286 11 1
1479949214888 8 1
1479949216238 6 2
1479949217459 1 -3
1479949223563 9 -1
1479949229102 5 1
1479949230232 6 -1
1479949235874 5 -1
1479949237244 7 -1
1479949238645 10 1
1479949242435 5 1
1479949244236 3 1
1479949245836 0 1
1479949249068 6 3
1479949252290 1 1
1479949254559 6 -3
1479949256560 3 -1
1479949257989 5 -1
1479949261872 9 1
1479949265543 1 2
1479949267402 9 2
1479949270243 4 -1
1479949274665 1 -3
1479949276776 7 -1
1479949285007 1 3
1479949286558 8 -1
1479949288059 11 -1
1479949289499 3 -1
1479949290999 6 -1
1479949301137 1 -1
1479949305366 3 1
1479949306407 11 1
1479949307937 8 1
1479949308977 6 2
1479949310108 1 -2
1479949317153 0 -2
1479949326840 4 -1
1479949328025 2 -3
1479949331107 4 1
1479949334476 0 2
1479949335547 1 2
1479949336920 6 -2
1479949338428 8 -1
1479949340709 11 -1
1479949342680 3 -1
1479949346851 7 1
1479949348522 4 1
1479949349722 9 -2
1479949351262 5 2
1479949352642 0 3
