1480401212896 8 -1
1480401213687 8 1
1480401216265 1 1
1480401216799 9 -1
1480401223063 5 -1
1480401223622 5 1
1480401225574 8 -1
1480401227511 3 1
1480401228350 6 1
1480401229071 11 -1
1480401229503 11 1
1480401231175 5 -1
1480401232151 5 1
1480401233198 8 1
1480401233990 8 -1
1480401236111 11 -1
1480401236526 11 1
1480401237070 6 -1
1480401237991 6 1
1480401239718 9 1
1480401240582 1 -1
1480401241310 12 -1
1480401241749 7 -1
1480401242165 5 1
1480401244053 9 1
1480401244670 9 -1
1480401246302 6 -1
1480401246950 3 -1
1480401247469 9 2
1480401249749 4 1
1480401250654 2 1
1480401253478 2 -1
1480401254766 4 -1
1480401255366 9 -2
1480401257821 3 1
1480401258247 6 1
1480401260630 8 1
1480401261350 8 -1
1480401263197 5 -2
1480401264086 7 1
1480401268541 2 2
1480401269693 12 1
1480401270213 1 1
1480401270805 9 -1
1480401271477 2 -2
1480401273238 5 1
1480401276302 5 -1
1480401282021 5 1
1480401283405 6 -1
1480401283870 11 -1
1480401284422 3 -2
1480401289725 5 -1
1480401294733 2 2
1480401297301 2 -2
1480401298054 5 1
1480401299037 5 -1
1480401299822 10 -2
1480401300405 7 1
1480401307862 5 1
1480401308231 10 1
1480401309390 3 1
1480401309965 3 -1
1480401315126 7 -1
1480401315805 10 1
1480401316335 5 -1
1480401318590 5 1
1480401436767 3 2
1480401437494 6 1
1480401439590 5 -1
1480401440093 5 1
1480401440448 6 -1
1480401441096 3 -2
1480401443374 10 -2
1480401443974 7 1
1480401449726 7 -1
1480401450701 5 -1
1480401453854 2 3
1480401455919 9 1
1480401457509 9 -1
1480401458183 2 -3
1480401458773 10 2
1480401466392 2 2
1480401467183 9 1
1480401467798 1 -1
1480401468357 12 -1
1480401468807 7 -1
1480401469333 2 -2
1480401469974 5 2
1480401470773 9 2
1480401472823 2 1
1480401473773 2 -1
1480401478534 9 -2
1480401484673 R
1480401496398 8 -1
1480401498399 8 1
1480401515638 1 1
1480401516687 9 -1
1480401517752 9 1
1480401522464 8 -1
1480401522906 11 -1
1480401523359 3 -1
1480401534568 10 -1
1480401535375 7 1
1480401544407 9 -1
1480401547447 7 -1
1480401548279 2 1
1480401551529 10 1
1480401552959 3 2
1480401557063 6 1
1480401559966 2 -1
1480401561615 6 -1
1480401563270 3 -2
1480401582031 5 -1
1480401583758 2 2
1480401592399 2 -2
1480401593007 10 -2
1480401593551 7 1
1480401596958 2 3
1480401598793 12 1
1480401600374 9 1
1480401601127 1 -1
1480401602742 12 -2
1480401603486 7 -2
1480401604447 2 -3
1480401605191 5 2
1480401605854 10 2
1480401606495 9 2
1480401615127 9 -1
1480401617270 9 1
1480401619870 4 1
1480401620527 6 -3
1480401621496 4 -1
1480401622959 9 -2
1480401624007 5 -3
1480401625151 9 2
1480401626967 2 2
1480401627567 4 2
1480401628302 0 2
1480401629718 6 2
1480401641735 1 -2
1480401644566 1 2
1480401645103 6 -2
1480401647551 0 -1
1480401653095 0 1
1480401660574 0 -1
1480401672352 1 -1
1480401674407 0 1
1480401676504 6 2
1480401677215 1 -1
1480401682023 0 -1
1480401684734 3 1
1480401685150 11 1
1480401685839 8 1
1480401686375 1 -1
1480401687158 0 -1
1480401690167 6 -1
1480401692254 4 -1
1480401692941 2 -3
1480401695295 7 1
1480401695862 4 2
1480401696502 9 -3
1480401699486 5 2
1480401703574 0 3
1480401705598 6 2
1480401706126 1 1
1480401706534 8 -1
1480401706959 11 -1
1480401707488 3 -1
1480401708038 0 2
