1482377344572 8 -1
1482377346056 8 1
1482377348244 10 -1
1482377348902 7 1
1482377350218 12 1
1482377351195 1 1
1482377353812 9 -1
1482377357517 9 1
1482377358985 9 -1
1482377362149 9 1
1482377364833 9 -1
1482377366019 8 -1
1482377367186 8 1
1482377375244 9 1
1482377376338 1 -1
1482377377300 12 -2
1482377378266 7 -2
1482377379076 5 1
1482377379791 10 1
1482377380978 9 2
1482377382427 2 1
1482377383401 4 1
1482377384877 6 -3
1482377386240 4 -1
1482377387328 4 1
1482377389788 4 -1
1482377390519 4 1
1482377395516 4 -1
1482377396433 2 -1
1482377397315 9 -2
1482377398087 2 1
1482377398949 5 -3
1482377400435 2 1
1482377401423 9 2
1482377402541 4 2
1482377403441 0 2
1482377404308 6 2
1482377405167 1 -3
1482377406557 0 -2
1482377408536 4 -1
1482377409737 2 -3
1482377410970 7 1
1482377411946 4 2
1482377412932 9 -3
1482377415091 5 2
1482377417513 0 3
1482377418630 1 1
1482377419367 8 -1
1482377420326 11 -1
1482377421265 3 -1
1482377421993 0 2
