1482544787614 1 1
1482544788622 9 -1
1482544789380 5 -1
1482544790618 2 2
1482544791878 10 -1
1482544792503 7 1
1482544793522 12 1
1482544795831 8 -1
1482544797376 11 -1
1482544798061 3 -1
1482544801653 10 -1
1482544802282 2 1
1482544803372 9 1
1482544804269 12 -1
1482544804869 1 -1
1482544805728 12 -1
1482544806385 7 -2
1482544807035 2 -3
1482544807871 5 2
1482544808720 10 2
1482544809437 9 2
1482544810619 2 1
1482544811455 4 1
1482544815936 4 -1
1482544817772 3 1
1482544818423 11 1
1482544819520 8 1
1482544824251 8 -1
1482544826996 R
1482544831606 8 -1
1482544832414 11 -1
1482544832971 3 -1
1482544844395 5 -1
1482544846325 2 2
1482544847201 1 1
1482544847950 9 -1
1482544849449 2 -2
1482544850285 5 1
1482544853028 U
1482544854427 R
1482544861102 12 -1
1482544861601 7 -1
1482544862252 5 1
1482544862817 9 2
1482544863858 4 1
1482544864882 6 -3
1482544865495 8 -1
1482544868956 4 -1
1482544871878 11 -1
1482544872736 3 -1
1482544878213 2 1
1482544880430 9 -2
1482544881197 10 -2
1482544882106 5 -3
1482544883276 9 1
1482544883962 2 2
1482544884719 7 2
1482544886176 12 2
1482544887465 1 1
1482544888130 9 -2
1482544889161 12 -1
1482544890296 2 -3
1482544891412 9 2
1482544893099 9 -2
1482544894010 10 1
1482544894438 7 -1
1482544895058 10 1
1482544895632 9 3
1482544896531 4 1
1482544897250 2 2
1482544898008 4 1
1482544899126 0 2
1482544900253 1 -2
1482544900973 12 -1
1482544901602 4 1
1482544902380 9 -2
1482544904314 10 -2
1482544905014 2 1
1482544905563 7 1
1482544907540 9 1
1482544910301 0 -1
1482544910840 9 -1
1482544911979 5 1
1482544920478 2 -1
1482544925765 2 1
1482544937410 R
1482544950798 10 -1
1482544952125 1 1
1482544953082 9 -1
1482544954082 5 -1
1482544955049 7 1
1482544955897 5 1
1482544958103 8 -1
1482544958832 11 -1
1482544959349 3 -1
1482544960846 10 -1
1482544961395 5 -1
1482544962182 2 3
1482544965616 9 1
1482544966614 1 -1
1482544967205 12 -1
1482544968622 2 -3
1482544969369 7 -2
1482544970117 5 2
1482544970746 10 2
1482544971412 9 2
1482544972681 2 1
1482544973511 4 1
1482544974924 6 -3
1482544975761 4 -1
1482544978645 3 1
1482544980043 11 1
1482544981390 9 -2
1482544982309 3 1
1482544984754 2 -1
1482544985381 5 -3
1482545018738 R
1482545025889 8 -1
1482545027327 3 1
1482545027948 6 1
1482545029313 11 -1
1482545030352 5 -1
1482545031142 2 2
1482545031900 12 -1
1482545032789 7 -1
1482545033397 2 -2
1482545034305 5 2
1482545034905 9 1
1482545035543 2 1
1482545036869 11 1
1482545037409 8 1
1482545040464 9 -1
1482545042320 6 -1
1482545043097 3 -1
1482545043717 9 2
1482545044536 4 1
1482545046785 R
1482545050932 5 -1
1482545051851 2 2
1482545052968 1 1
1482545053558 9 -1
1482545056347 8 -1
1482545056964 11 -1
1482545057663 3 -1
1482545059589 2 -2
1482545060366 5 1
1482545061595 9 1
1482545064284 R
1482545065484 R
