1482859780548 3 1
1482859784298 3 -1
1482859795436 12 -1
1482859797981 7 -1
1482859800134 5 1
1482859805162 9 2
1482859813290 9 -2
1482859816460 3 1
1482859818366 6 1
1482859820469 8 -1
1482859822952 11 -1
1482859824341 6 -1
1482859825894 3 -2
1482859830603 10 -2
1482859832109 5 -2
1482859836997 2 3
1482859840446 7 2
1482859842413 12 2
1482859844385 1 1
1482859845971 9 -1
1482859851178 12 -1
1482859853531 2 -3
1482859856585 7 -1
1482859859535 10 2
1482859869305 5 1
1482859874691 3 2
1482859881730 6 1
1482859883544 11 1
1482859884443 11 -1
1482859885542 6 -1
1482859888446 3 -2
1482859890038 5 -1
1482859891524 10 -2
1482859894087 2 3
1482859895563 7 1
1482859898965 9 1
1482859901327 1 -1
1482859903531 12 1
1482859907602 R
1482859921171 12 -1
1482859922488 7 -1
1482859923866 5 1
1482859926207 9 2
1482859929677 4 1
1482859945502 4 -1
1482859950935 8 -1
1482859952502 11 -1
1482859953978 3 -1
1482859964390 9 -2
1482859975551 3 2
1482859976715 6 1
1482859978161 11 1
1482859983338 5 -2
1482859984586 7 1
1482859985793 12 1
1482859987067 1 1
1482859989062 9 -1
1482859992602 5 1
1482859994078 6 -1
1482859995136 11 -1
1482859998839 3 -2
1482860001568 10 -2
1482860002985 5 -1
1482860004540 7 1
1482860006616 2 3
1482860012418 12 1
1482860014344 9 1
1482860016525 1 -1
1482860018263 12 -2
1482860020894 2 -3
1482860022222 7 -2
1482860023508 5 2
1482860024594 10 2
1482860028794 9 2
1482860032213 4 1
1482860037500 4 -1
1482860039135 2 1
1482860041229 4 1
1482860050483 6 -3
1482860052478 4 -1
1482860059440 9 -2
1482860065934 5 -3
1482860073247 10 -2
1482860075399 2 2
1482860081394 2 -3
1482860083049 10 2
1482860084915 9 2
1482860087637 2 2
1482860090879 4 2
1482860095794 7 1
1482860098019 4 1
1482860100062 0 2
1482860105757 1 -1
1482860108879 9 -2
1482860117675 10 -2
1482860124229 1 1
1482860125923 10 2
1482860127510 9 2
1482860128526 4 -1
1482860129881 12 1
1482860132575 1 1
1482860135846 0 -2
1482860139207 4 -2
1482860141833 9 -3
1482860143037 2 -2
1482860146199 5 2
1482860179684 9 1
1482860182946 3 2
1482860184232 11 1
1482860185649 8 1
1482860188132 9 -1
1482860190048 5 -2
1482860192587 3 -1
1482860196829 2 2
1482860198315 9 3
1482860200409 4 2
1482860206552 0 2
1482860210122 6 2
1482860212348 1 -4
1482860215522 12 -1
1482860217734 4 1
1482860222690 4 -1
1482860224009 0 -2
1482860225966 4 -1
1482860230210 2 -3
1482860232902 4 2
1482860235446 9 -3
1482860244699 6 -1
1482860246833 5 2
1482860251022 0 3
1482860256208 9 1
1482860257186 9 -1
1482860259031 1 1
