1482955539321 3 1
1482955543722 3 -1
1482955565988 2 1
1482955569256 1 1
1482955570643 9 -1
1482955571932 2 -1
1482955574192 8 -1
1482955583466 5 -1
1482955585090 10 -1
1482955586338 11 -1
1482955587394 3 -1
1482955589613 7 1
1482955591248 2 2
1482955592507 12 1
1482955595653 2 -2
1482955597566 5 1
1482955600949 5 -1
1482955601985 10 -1
1482955603412 2 3
1482955604703 9 1
1482955609266 1 -1
1482955610587 12 -2
1482955612849 2 -3
1482955614447 7 -2
1482955615552 5 2
1482955616558 10 2
1482955617728 9 2
1482955618930 2 1
1482955620187 4 1
1482955621540 6 -3
1482955625513 3 1
1482955626748 11 1
1482955628622 8 1
1482955631292 6 3
1482955632676 4 -1
1482955633661 8 -1
1482955639445 4 1
1482955644919 4 -1
1482955648846 11 -1
1482955650233 3 -1
1482955653111 4 1
1482955654267 6 -3
1482955656000 4 -1
1482955670110 2 -1
1482955671474 9 -2
1482955674864 3 2
1482955675917 11 1
1482955677423 8 1
1482955680191 9 1
1482955681456 3 -1
1482955682433 9 1
1482955684505 2 1
1482955687230 9 -1
1482955688707 10 -1
1482955690713 9 -1
1482955691923 5 -3
1482955693441 10 1
1482955694671 9 2
1482955696526 2 1
1482955697656 7 1
1482955698799 4 3
1482955705527 6 2
1482955706915 0 2
1482955708434 1 -3
1482955712364 9 -3
1482955716842 9 2
1482955718617 3 1
1482955721285 1 1
1482955722754 8 -1
1482955724561 11 -1
1482955725667 6 -1
1482955727362 3 -2
1482955733190 9 -2
1482955735735 10 -2
1482955737013 2 1
1482955738101 7 1
1482955739967 5 1
1482955743737 9 1
1482955745013 1 2
1482955747028 6 -1
1482955748720 0 -2
1482955754470 5 -1
1482955755804 2 -1
1482955757600 7 -1
1482955759221 9 1
1482955760173 10 2
1482955761351 9 1
1482955765710 4 -1
1482955766906 7 -1
1482955773432 4 -2
1482955774592 9 -2
1482955775700 2 -2
1482955776873 5 3
1482955778862 3 2
1482955780214 11 1
1482955782860 9 1
1482955784330 3 -1
1482955785346 9 1
1482955787536 2 1
1482955788593 4 1
1482955792595 11 -1
1482955793767 3 -1
1482955797127 4 -1
1482955802346 4 1
1482955803611 6 1
1482955805062 6 2
1482955807240 4 -1
1482955809860 2 -1
1482955811437 9 -1
1482955813079 9 -1
1482955814444 5 -2
1482955815839 10 -2
1482955817566 2 3
1482955818849 7 2
1482955823775 12 1
1482955824863 1 1
1482955826109 9 -1
1482955827738 2 -3
1482955829096 5 1
1482955830356 10 1
1482955840688 3 1
1482955841925 11 1
1482955848913 5 -1
1482955850461 7 -1
1482955851574 10 1
1482955852918 3 1
1482955855296 5 1
1482955857531 6 1
1482955859537 5 -1
1482955861710 2 2
1482955863394 9 1
1482955865142 1 -1
1482955866272 12 -1
1482955867741 7 -1
1482955868828 2 -1
1482955870928 5 2
1482955872346 6 -1
1482955873591 3 -1
1482955875506 9 2
1482955880562 4 1
1482955883014 8 1
1482955885862 6 -2
1482955887264 6 -1
1482955888531 4 -1
1482955892674 4 1
1482955895238 4 -1
1482955898183 9 -2
1482955899650 5 -3
1482955901867 9 2
1482955903238 2 1
1482955904631 7 1
1482955906262 4 3
1482955908522 0 2
1482955913132 6 1
1482955914625 1 -2
1482955916217 1 -1
1482955917663 9 -1
1482955919427 9 -1
1482955920911 9 -1
1482955923513 5 1
1482955926972 5 -1
1482955928766 9 2
1482955929234 9 1
1482955931300 4 -1
1482955932784 7 -1
1482955934758 0 -2
1482955952586 6 1
1482955956054 4 -1
1482955957558 2 -2
1482955958658 2 -1
1482955962391 7 1
1482955963457 4 2
1482955965103 9 -3
1482955972577 0 1
1482955974750 1 1
1482955975767 8 -1
1482955979226 11 -1
1482955980474 3 -1
1482955981749 5 2
1482955983637 0 2
1482955984819 0 1
1482955985995 0 1
