1482169539520 R
1482169543366 1 1
1482169546290 9 -1
1482169558828 3 1
1482169560059 6 1
1482169562674 8 -1
1482169565355 9 1
1482169566649 2 1
1482169569940 1 -1
1482169571111 12 -1
1482169572765 7 -1
1482169573693 5 1
1482169574481 9 1
1482169577707 6 -1
1482169579472 6 1
1482169581675 8 1
1482169590979 6 -1
1482169591984 3 -1
1482169593635 10 -1
1482169599714 2 -1
1482169600975 9 -1
1482169601958 5 -2
1482169602984 7 2
1482169604018 2 2
1482169604775 12 2
1482169606031 1 1
1482169609451 8 -1
1482169611030 11 -1
1482169611804 3 -1
1482169615075 10 -1
1482169619079 2 1
1482169626194 9 -1
1482169629588 12 -1
1482169637453 2 -3
1482169640146 10 1
1482169640749 5 1
1482169642361 3 1
1482169644772 11 1
1482169646042 8 1
1482169655035 8 -1
1482169656921 11 -1
1482169660131 7 -1
1482169660798 10 1
1482169661835 3 1
1482169662467 6 1
1482169667934 5 -1
1482169670433 2 2
1482169677893 U
1482169679510 U
1482169679750 U
1482169680641 U
1482169682079 U
1482169684470 U
1482169686929 U
1482169688114 R
1482169695812 12 -1
1482169696951 7 -1
1482169697876 5 1
1482169699401 9 2
1482169706300 4 1
1482169710622 8 -1
1482169712900 11 -1
1482169713693 3 -1
1482169715577 6 -3
1482169723084 2 1
1482169726782 2 -1
1482169732435 2 1
1482169737523 6 3
1482169738428 4 -1
1482169741683 2 -1
1482169745167 3 1
1482169746347 11 1
1482169748843 11 -1
1482169749843 3 -1
1482169756712 9 -2
1482169758366 5 -1
1482169759316 10 -1
1482169759998 7 2
1482169762037 2 1
1482169763464 12 2
1482169765170 1 1
1482169766322 9 -1
1482169772621 3 1
1482169774692 11 1
1482169777511 11 -1
1482169778151 3 -1
1482169779676 9 1
1482169781061 1 -1
1482169782711 1 1
1482169786874 9 -1
1482169788647 2 -1
1482169792439 10 -1
1482169793086 5 -1
1482169795887 2 3
1482169806203 12 -1
1482169811143 7 -1
1482169818578 U
1482169821739 U
