1482167238201 R
1482167246581 R
1482167249787 8 -1
1482167252427 11 -1
1482167254371 3 -1
1482167257069 10 -2
1482167258475 5 -1
1482167260365 7 1
1482167269906 12 -1
1482167271227 7 -2
1482167273243 10 2
1482167275579 5 2
1482167278794 9 2
1482167282283 2 1
1482167283899 4 1
1482167288931 2 -1
1482167297447 U
1482167299214 U
1482167303411 3 1
1482167305555 11 1
1482167311099 4 1
1482167317115 4 -1
1482167319066 2 -1
1482167372234 2 1
1482167379817 11 -1
1482167381282 3 -1
1482167391034 4 1
1482167400831 R
1482167403650 8 -1
1482167410482 11 -1
1482167411826 3 -1
1482167416586 1 1
1482167419018 9 -1
1482167422833 9 1
1482167427234 5 -1
1482167433834 10 -2
1482167434977 2 3
1482167439834 9 -1
1482167443122 9 1
1482167446499 1 -1
1482167447361 12 -1
1482167449474 7 -1
1482167454834 2 -3
1482167456346 5 2
1482167457865 10 2
1482167464859 3 2
1482167466091 6 1
1482167467058 11 1
1482167471305 9 1
1482167478490 8 1
1482167483410 9 -1
1482167487993 8 -1
1482167492257 9 1
1482167493327 U
1482167493944 U
1482167494769 R
1482167501338 12 -1
1482167503018 7 -1
1482167503898 5 1
1482167506354 2 1
1482167515226 3 1
