1482773302488 8 -1
1482773303664 11 -1
1482773305047 3 -1
1482773308511 10 -2
1482773310630 7 1
1482773314480 10 1
1482773315622 12 -1
1482773324303 3 1
1482773325095 11 1
1482773326670 8 1
1482773328150 8 -1
1482773351800 11 -1
1482773353734 3 -1
1482773365183 5 -1
1482773366144 10 -1
1482773367055 2 3
1482773380023 2 -3
1482773382320 10 1
1482773387184 5 1
1482773388400 2 1
1482773389872 12 2
1482773391216 1 1
1482773392680 9 -1
1482773400024 5 -1
1482773400848 10 -1
1482773402496 9 1
1482773403880 9 -1
1482773406817 2 2
1482773411864 9 1
1482773414152 9 -1
1482773417096 2 -1
1482773418112 10 1
1482773419624 3 1
1482773420384 11 1
1482773423392 8 1
1482773425192 8 -1
1482773429447 2 -2
1482773430960 5 1
1482773437105 12 -1
1482773446841 R
1482773454457 12 -1
1482773455912 7 -1
1482773457360 5 1
1482773462352 9 2
1482773466241 2 1
1482773467448 9 -2
1482773468864 10 -1
1482773470264 10 1
1482773471456 9 2
1482773473648 2 -1
1482773474649 2 1
1482773477168 4 1
1482773478712 6 -3
1482773480928 4 -1
1482773482408 9 -2
1482773483720 3 1
1482773487608 8 -1
1482773492512 11 -1
1482773494136 3 -2
1482773495616 3 2
1482773496576 11 1
1482773499456 5 -3
1482773501568 2 1
1482773502856 7 1
1482773504048 9 1
1482773506944 9 -1
1482773509936 11 -1
1482773511241 3 -2
1482773512448 9 2
1482773513879 4 3
1482773515096 0 2
1482773520352 9 -2
1482773521663 10 -2
1482773525232 1 -1
1482773527760 1 1
1482773529928 5 1
1482773531280 10 2
1482773534640 3 2
1482773535560 11 1
1482773536408 8 1
1482773538264 8 -1
1482773540256 11 -1
1482773541504 3 -2
1482773544264 5 -1
1482773545815 9 2
1482773547703 4 -1
1482773549352 7 -1
1482773556568 1 -1
1482773565593 7 1
1482773566960 4 1
1482773568376 9 -2
1482773570249 5 1
1482773575392 5 -1
1482773576640 10 -2
1482773577848 2 1
1482773579984 7 1
1482773584056 9 1
1482773590136 1 1
1482773592432 0 -2
1482773594200 6 2
1482773595792 9 -1
1482773597000 5 1
1482773597912 6 1
1482773599584 0 2
1482773601585 1 -2
1482773602952 9 -1
1482773604120 2 -1
1482773605345 7 -1
1482773606736 10 2
1482773609952 3 2
1482773610760 11 1
1482773611520 8 1
1482773612800 1 -1
1482773617472 6 -2
1482773619104 5 -1
1482773620072 3 -1
1482773623480 5 1
1482773624352 3 1
