1482859780739 1 1
1482859780739 1 1
1482859796993 8 -1
1482859796993 8 -1
1482859803209 9 -1
1482859803209 9 -1
1482859823768 8 1
1482859823768 8 1
1482859864182 9 1
1482859864182 9 1
1482859873141 9 -1
1482859873141 9 -1
1482859881497 5 -1
1482859881497 5 -1
1482859883066 R
1482859883066 R
1482859940477 1 1
1482859940477 1 1
1482859967494 9 -1
1482859967494 9 -1
1482859971336 3 1
1482859971336 3 1
1482859974567 6 1
1482859974567 6 1
1482859999208 6 -1
1482859999208 6 -1
1482860014916 R
1482860014916 R
1482860087827 12 -1
1482860087827 12 -1
1482860090697 7 -1
1482860090697 7 -1
1482860093115 5 1
1482860093115 5 1
1482860096254 9 2
1482860096254 9 2
1482860105374 4 1
1482860105374 4 1
1482860108798 6 -3
1482860108798 6 -3
1482860130727 R
1482860130727 R
1482860193917 1 1
1482860193917 1 1
1482860205241 10 -1
1482860205241 10 -1
1482860207872 7 1
1482860207872 7 1
1482860215548 7 -1
1482860215548 7 -1
1482860217711 10 1
1482860217711 10 1
1482860225956 R
1482860225956 R
1482860325280 8 -1
1482860325280 8 -1
1482860327740 11 -1
1482860327740 11 -1
1482860330161 3 -1
1482860330161 3 -1
1482860364482 12 -1
1482860364482 12 -1
1482860368154 7 -1
1482860368154 7 -1
1482860370489 5 1
1482860370489 5 1
1482860373876 9 2
1482860373876 9 2
1482860388672 4 1
1482860388672 4 1
1482860438184 4 -1
1482860438184 4 -1
1482860441043 9 -2
1482860441043 9 -2
1482860444464 5 -2
1482860444464 5 -2
1482860446578 10 -2
1482860446578 10 -2
1482860453277 7 2
1482860453277 7 2
1482860462054 12 2
1482860462054 12 2
1482860474253 U
1482860474253 U
1482860475464 U
1482860475464 U
1482860476131 U
1482860476131 U
1482860476230 U
1482860476230 U
1482860476429 U
1482860476429 U
1482860476600 U
1482860476600 U
1482860476787 U
1482860476787 U
1482860476973 U
1482860476973 U
1482860477170 U
1482860477170 U
1482860477344 U
1482860477344 U
