1482773756416 8 -1
1482773757648 11 -1
1482773758588 3 -1
1482773761360 5 -1
1482773763448 12 -1
1482773764323 7 -1
1482773765395 10 -2
1482773766096 5 2
1482773767551 9 1
1482773768105 10 2
1482773769095 9 1
1482773771547 4 1
1482773772302 6 -3
1482773774798 3 1
1482773775532 11 1
1482773776826 4 -1
1482773777589 9 -2
1482773779626 2 1
1482773781004 9 2
1482773783156 4 1
1482773784404 6 3
1482773785507 4 -1
1482773786066 8 1
1482773787788 4 1
1482773788361 6 -3
1482773789416 8 -1
1482773790315 11 -1
1482773791278 3 -1
1482773792400 4 -1
1482773793745 4 1
1482773795550 6 3
1482773796822 4 -1
1482773798662 4 1
1482773803047 4 -1
1482773803435 R
1482773809660 1 1
1482773813010 3 1
1482773815762 6 1
1482773817924 9 -1
1482773820054 6 -1
1482773822692 9 1
1482773824378 8 -1
1482773825830 11 -1
1482773826958 3 -2
1482773827768 10 -2
1482773828436 7 1
1482773830654 9 -1
1482773831934 5 -1
1482773832843 2 3
1482773834000 12 1
1482773835618 9 1
1482773836766 9 -1
1482773837627 2 -3
1482773838806 5 1
1482773840097 10 1
1482773840827 12 -1
1482773842063 7 -1
1482773842833 9 1
1482773843656 1 -1
1482773844325 12 -1
1482773845097 7 -1
1482773846182 5 1
1482773846715 10 1
1482773847479 9 2
1482773848736 4 1
1482773850667 6 -3
1482773852177 3 1
1482773852896 11 1
1482773854269 4 -1
1482773854984 9 -2
1482773856031 3 1
1482773858986 5 -2
1482773860371 7 1
1482773862251 2 2
1482773862817 5 -1
1482773866999 3 -1
1482773870384 9 2
1482773871866 4 3
1482773874199 0 2
1482773875252 1 -1
1482773877602 11 -1
1482773878233 3 -1
1482773879510 9 -2
1482773882004 9 2
1482773885115 6 2
1482773886211 1 -1
1482773886934 0 -1
1482773888153 6 -1
1482773889502 9 -2
1482773891341 9 2
1482773892521 4 -1
1482773894413 7 -1
1482773896145 0 1
1482773896876 1 2
1482773898335 6 -1
1482773900075 0 -2
1482773900832 4 -2
1482773902766 2 -2
1482773905188 9 -2
1482773906399 5 3
1482773909094 3 2
1482773909874 11 1
1482773911497 11 -1
1482773913429 11 1
1482773915371 11 -1
1482773916525 9 1
1482773917523 9 -1
1482773918394 3 -2
1482773919220 9 2
1482773920190 4 1
1482773921178 6 3
1482773923079 6 -2
1482773924295 3 1
1482773925972 11 1
1482773926859 8 1
1482773927572 6 -1
1482773928619 4 -1
1482773929297 9 -2
1482773930589 3 1
1482773932763 5 -3
1482773934907 7 1
1482773941298 12 1
1482773943032 1 1
1482773944522 1 -1
1482773946084 1 1
1482773947524 9 -1
1482773949060 3 -1
1482773949740 9 3
1482773951028 4 1
1482773952140 6 2
1482773955348 1 -1
1482773956034 12 -1
1482773957074 7 -1
1482773958791 6 -2
1482773960200 4 -1
1482773960884 9 -2
1482773961952 5 3
1482773964102 3 1
1482773965132 8 -1
1482773965943 11 -1
1482773966914 3 -2
1482773973881 2 1
1482773975231 5 -3
1482773975890 9 2
1482773977199 2 1
1482773978051 4 2
1482773979422 0 2
1482773981817 1 -1
1482773985904 6 2
1482773987268 1 -1
1482773988220 0 -1
1482773989482 3 1
1482773990155 11 1
1482773991455 8 1
1482773992419 1 -1
1482773993072 0 -1
1482773993918 6 -1
1482773996212 4 -1
1482773996990 2 -3
1482774001161 7 1
1482774002248 4 2
1482774003000 9 -3
1482774004589 5 2
1482774005601 0 3
1482774006939 6 2
1482774008009 1 1
1482774008657 8 -1
1482774009559 11 -1
1482774010216 3 -1
1482774010721 0 2
