1480911318062 5 -1
1480911319096 5 1
1480911320181 12 -1
1480911321270 7 -1
1480911322637 3 1
1480911323605 6 1
1480911328454 5 1
1480911329673 9 1
1480911331777 9 -1
1480911332742 8 -1
1480911335469 8 1
1480911337709 9 1
1480911340253 6 -1
1480911341053 3 -1
1480911343557 9 1
1480911346190 2 1
1480911348367 4 1
1480911350214 6 -3
1480911351365 4 -1
1480911352259 8 -1
1480911353848 11 -1
1480911354597 3 -1
1480911356821 4 1
1480911373886 R
1480911383400 8 -1
1480911386591 11 -1
1480911391602 3 -1
1480911395346 12 -1
1480911397330 7 -1
1480911398377 5 1
1480911402007 9 2
1480911410862 2 1
1480911413262 4 1
1480911418688 4 -1
1480911421675 3 1
1480911430666 4 1
1480911433191 R
1480911435754 8 -1
1480911440112 5 -1
1480911446392 1 1
1480911449096 9 -1
1480911454646 5 1
1480911456203 3 1
1480911457228 11 -1
1480911458236 3 -2
1480911462433 10 -1
1480911463713 7 1
1480911464807 12 1
1480911465921 2 1
1480911467521 9 1
1480911470821 9 -1
1480911473929 3 1
1480911474820 11 1
1480911475539 8 1
1480911476578 8 -1
1480911484756 5 -1
1480911487185 R
1480911489169 8 -1
1480911490632 11 -1
1480911491506 3 -1
1480911503425 5 -1
1480911507475 1 1
1480911512778 1 -1
1480911513357 12 -1
1480911514037 7 -1
1480911515074 5 2
1480911516411 9 2
1480911531591 2 1
1480911532546 4 1
1480911533795 4 -1
1480911538227 3 1
1480911541083 11 1
1480911568747 11 -1
1480911572587 3 -1
1480911582692 9 -2
1480911587477 3 2
1480911588740 6 1
1480911589576 11 1
1480911591780 8 1
1480911596622 2 -1
1480911598597 5 -2
1480911599981 2 2
1480911600890 7 1
1480911605477 12 1
1480911606344 1 1
1480911608694 9 -1
1480911611121 8 -1
1480911615504 2 -2
1480911618170 5 1
1480911623748 11 -1
1480911624659 6 -1
1480911625311 3 -2
1480911628690 9 1
