1479405650567 11 -1
1479405651827 3 1
1479405652802 4 1
1479405654206 2 -1
1479405655380 0 3
1479405657160 8 -1
1479405662662 2 2
1479405663392 2 -2
1479405664246 0 -3
1479405665558 7 2
1479405666261 2 2
1479405667318 5 -3
1479405668166 12 -3
1479405669263 6 -2
1479405671992 4 -3
1479405673233 9 -2
1479405675521 7 -2
1479405676289 3 -2
1479405677205 1 3
1479405678423 11 3
1479405681895 2 2
1479405685767 0 1
1479405686392 8 1
1479405687359 10 4
1479405688407 5 -1
1479405689155 12 -1
1479405690610 8 -1
1479405691511 0 -1
1479405692850 2 -4
1479405694362 1 -2
1479405695146 11 -2
1479405696484 9 2
1479405704008 0 1
1479405704607 8 1
1479405705274 10 -2
1479405706184 1 -1
1479405706731 11 -1
1479405708496 3 2
1479405709296 4 3
1479405710009 0 4
