1482190538992 2 -1
1482190540034 4 1
1482190541523 0 3
1482190549946 8 -1
1482190551186 11 -1
1482190555049 2 2
1482190560883 2 -2
1482190562120 0 -2
1482190564419 0 -1
1482190565489 3 1
1482190566721 7 2
1482190569843 12 -1
1482190570603 5 -1
1482190571687 6 -2
1482190577919 2 2
1482190578856 5 -2
1482190579720 12 -2
1482190582237 7 -2
1482190589165 7 2
1482190590415 5 1
1482190591339 12 2
1482190592125 5 1
1482190593026 2 -2
1482190594026 0 1
1482190594817 8 1
1482190597995 10 2
1482190601159 10 -2
1482190602112 0 -1
1482190603849 8 -1
1482190604591 2 2
1482190605465 5 -1
1482190606370 12 -2
1482190607055 5 -1
1482190610384 7 -2
1482190613378 3 -2
1482190614403 4 -3
1482190615268 9 -2
1482190616378 1 3
1482190617701 11 3
1482190624634 2 1
1482190625728 0 1
1482190626395 2 1
1482190627213 8 1
1482190628971 10 4
1482190630569 12 -1
1482190631410 5 -1
1482190632659 8 -1
1482190633463 0 -1
1482190636626 2 -4
1482190638560 1 -2
1482190639682 11 -2
1482190641049 4 3
1482190646491 8 1
1482190647449 10 -1
1482190648423 11 -1
1482190649112 0 1
1482190649893 10 -1
1482190650603 1 -1
1482190653104 3 2
1482190654079 0 2
1482190654861 9 2
1482190655898 0 2
