1480008049748 2 -1
1480008051243 4 1
1480008056517 8 -1
1480008057623 11 -1
1480008059240 3 1
1480008061926 2 2
1480008062936 7 2
1480008064432 5 -3
1480008065537 12 -3
1480008066972 6 -2
1480008071749 7 -2
1480008073414 4 -3
1480008084458 3 -2
1480008085357 11 2
1480008086317 1 2
1480008089777 6 2
1480008090500 4 1
1480008093952 1 -2
1480008094876 11 -2
1480008096870 3 2
1480008098061 4 2
1480008099278 6 -2
1480008107872 7 2
1480008108917 5 2
1480008109953 12 2
1480008111168 2 -2
1480008135650 R
1480008145085 11 1
1480008146888 3 -1
1480008148140 1 1
1480008150460 2 -1
1480008151481 0 1
1480008153050 10 4
1480008154789 8 -1
1480008156844 11 -1
1480008157903 4 1
1480008160833 0 -1
1480008168865 4 -1
1480008170037 11 1
1480008172999 8 1
1480008174130 0 1
1480008176647 10 -4
1480008177864 11 -2
1480008178665 1 -1
1480008179540 8 -1
1480008185884 3 2
1480008190334 7 2
1480008191452 5 -1
1480008192267 12 -1
1480008193387 6 -2
1480008198299 4 1
1480008202798 8 1
1480008204547 10 2
1480008206797 4 -1
1480008207733 9 -2
1480008209607 4 1
1480008212817 10 -2
1480008214045 0 -1
1480008215303 2 1
1480008216233 5 -2
1480008219955 9 2
1480008221938 6 2
1480008222767 12 1
1480008224066 7 -2
1480008226144 3 -2
1480008227142 1 1
1480008228917 1 -1
1480008230113 3 2
1480008231086 8 -1
1480008232966 2 1
1480008239155 7 2
1480008240262 12 -3
1480008241807 7 -2
1480008243302 6 -2
1480008249467 7 2
1480008250429 5 2
1480008251256 12 2
1480008252137 2 -2
1480008259828 2 2
1480008261031 5 -2
1480008263561 12 -2
1480008264400 7 -2
1480008267075 4 -3
1480008270103 3 -2
1480008270881 11 2
1480008272110 1 2
1480008274218 1 -2
1480008277344 9 -1
1480008278773 9 -1
1480008279733 11 1
1480008280974 1 3
1480008282178 2 2
1480008288963 4 1
1480008296881 R
1480008307402 2 -1
1480008308679 0 2
1480008312220 8 -1
1480008313253 11 -1
1480008314481 3 1
1480008315759 8 2
1480008317197 10 2
1480008321280 4 1
1480008322497 0 1
1480008325038 8 -1
1480008329489 3 -1
1480008330279 11 1
1480008332322 11 -1
1480008333411 3 1
1480008335011 2 1
1480008336542 10 -2
1480008337614 8 -1
1480008338610 2 1
1480008342817 2 -1
1480008349979 2 -1
1480008354156 3 -1
1480008365845 3 1
1480008371629 0 -1
1480008374195 4 -1
1480008375095 3 -1
1480008376359 11 2
1480008379540 8 1
1480008381529 10 2
1480008382757 0 -1
1480008383912 7 1
1480008385322 5 -1
1480008388303 11 -2
1480008391757 3 1
1480008394081 4 1
1480008395600 7 1
1480008396816 12 -1
1480008398190 6 -2
1480008403072 4 -1
1480008404380 9 -2
1480008406460 9 2
1480008409828 4 1
1480008412715 6 2
1480008413634 12 1
1480008414315 5 1
1480008415414 7 -2
1480008416735 0 2
1480008418961 10 -2
1480008420899 8 -1
1480008424706 3 -1
1480008429906 3 1
1480008450457 0 -3
1480008466554 3 -2
1480008469010 4 -1
1480008472694 4 1
1480008473315 3 2
1480008476731 7 2
1480008477741 5 -1
1480008478496 12 -1
1480008480569 6 -2
1480008482646 2 2
1480008483846 5 -2
1480008484819 12 -2
1480008487093 4 -3
1480008488758 7 -2
1480008490010 3 -2
1480008491068 11 2
1480008492175 1 2
1480008495707 1 -2
1480008496789 3 1
1480008497562 7 1
1480008499727 5 1
1480008500863 4 1
1480008501940 4 1
1480008503508 5 1
1480008505799 11 -2
1480008509090 3 1
1480008511381 5 -2
1480008512455 7 -1
1480008514247 4 1
1480008519152 7 2
1480008520016 5 2
1480008520806 12 2
1480008522223 2 -2
1480008538956 6 2
1480008540510 5 1
1480008540722 12 1
1480008544062 7 -2
1480008549447 0 3
1480008554125 3 -1
1480008555985 11 1
1480008557226 11 -1
1480008559573 2 2
1480008572282 11 1
1480008575855 11 -1
1480008578084 3 1
1480008579710 2 -2
1480008580999 8 2
1480008584526 8 -2
1480008601410 0 -3
1480008606097 2 2
1480008606949 7 1
1480008607941 7 1
1480008609016 5 -3
1480008610256 12 -3
1480008611511 6 -2
1480008612368 4 -3
1480008615505 7 -2
1480008616952 3 -2
1480008617863 9 -2
1480008618853 11 3
1480008620103 1 3
1480008621452 2 2
1480008624309 8 1
1480008627787 8 -1
1480008634389 0 1
1480008635374 10 1
1480008636140 8 1
1480008637530 10 3
1480008638425 5 -1
1480008639470 12 -1
1480008641707 8 -1
1480008643955 2 -1
1480008645140 11 -2
1480008647421 4 1
1480008649555 12 1
1480008650260 5 1
1480008652340 0 -1
1480008653307 2 -1
1480008654449 1 -2
1480008655568 4 2
1480008657664 9 2
1480008675975 4 -3
1480008676960 1 1
1480008678347 11 1
1480008692739 9 -2
1480008693425 1 1
1480008694247 11 1
1480008695924 2 2
1480008701944 8 1
1480008702831 10 -1
1480008717456 4 1
1480008719352 10 1
1480008720300 8 -1
1480008721638 2 -2
1480008724046 1 -2
1480008728217 11 -2
1480008729555 4 2
1480008734719 9 2
1480008736239 4 -3
1480008738416 9 -2
1480008739536 1 2
1480008741919 2 1
1480008743124 5 -1
1480008743808 12 -1
1480008746503 2 -3
1480008747854 1 -2
1480008751138 1 2
1480008755175 8 1
1480008756121 10 -1
1480008757122 11 -1
1480008759302 1 -2
1480008762119 4 3
1480008767000 4 -2
1480008767847 1 2
1480008773661 0 1
1480008774975 10 -1
1480008776126 1 -3
1480008778533 3 2
1480008779506 4 2
1480008780210 9 2
1480008781257 0 4
