1483564757820 11 -1
1483564758541 8 -1
1483564760319 2 -1
1483564762611 4 1
1483564764331 3 1
1483564766307 7 2
1483564770891 2 2
1483564777875 12 -1
1483564779755 2 -1
1483564780507 8 1
1483564782611 5 -3
1483564784579 8 -1
1483564785386 2 1
1483564787131 12 1
1483564788355 7 -2
1483564790755 2 -1
1483564796443 2 1
1483564797251 7 2
1483564799070 12 -3
1483564800258 7 -2
1483564801811 3 -2
1483564802868 4 -3
1483564803810 1 2
1483564805019 6 -2
1483564806003 9 -2
1483564806706 1 1
1483564807491 11 3
1483564808476 2 2
1483564810507 0 1
1483564811234 10 1
1483564812723 5 -1
1483564814323 8 1
1483564815531 10 2
1483564816754 10 -1
1483564817691 12 -1
1483564855427 10 2
1483564856259 8 -1
1483564857451 0 -1
1483564858738 2 -4
1483564859859 0 1
1483564860979 8 1
1483564862314 10 -2
1483564863379 1 -3
1483564864973 11 -3
1483564866563 3 2
1483564867754 4 3
1483564868538 9 2
1483564869603 0 5
