1481954670786 2 -1
1481954671513 8 -1
1481954672563 3 -1
1481954673498 11 1
1481954673672 1 1
1481954674454 8 1
1481954674758 0 1
1481954675201 10 4
1481954675892 8 -1
1481954676538 0 -1
1481954676787 2 2
1481954679096 11 -1
1481954679599 4 1
1481954681072 2 -2
1481954681424 0 1
1481954681669 8 1
1481954682069 10 -4
1481954682477 11 -1
1481954682788 1 -1
1481954683076 8 -1
1481954683328 0 -1
1481954683650 2 2
1481954684163 3 2
1481954684504 7 2
1481954684858 12 -3
1481954685175 5 -3
1481954685718 7 -2
1481954686021 4 -3
1481954686333 6 -2
1481954686717 9 -2
1481954687033 3 -2
1481954687438 1 3
1481954687774 11 3
1481954688089 2 2
1481954688392 8 1
1481954688638 0 1
1481954689014 10 4
1481954689393 8 -1
1481954689661 0 -1
1481954690215 5 -1
1481954691069 2 -2
1481954691491 12 -1
1481954691860 2 -2
1481954692263 0 1
1481954692544 8 1
1481954692879 10 -2
1481954693319 1 -3
1481954693751 11 -3
1481954694068 3 2
1481954694440 9 2
1481954694822 4 3
1481954695257 0 5
