1482780573926 4 1
1482780575550 2 -1
1482780576830 8 -1
1482780577790 11 -1
1482780579005 3 1
1482780586998 0 2
1482780588213 0 1
1482780590062 2 2
1482780590997 2 -2
1482780592630 2 2
1482780593678 10 1
1482780594670 2 -2
1482780595430 0 -2
1482780596254 7 2
1482780597014 5 -1
1482780597608 12 -1
1482780598742 6 -2
1482780599597 4 -1
1482780600814 9 -2
1482780603638 8 1
1482780604509 10 1
1482780606935 10 -2
1482780607569 0 -1
1482780608181 2 1
1482780609174 5 -2
1482780611835 8 -1
1482780612550 2 1
1482780613867 12 -2
1482780614974 7 -2
1482780615846 4 -2
1482780617286 3 -2
1482780618070 1 3
1482780619662 11 3
1482780620870 2 2
1482780621950 0 1
1482780622605 2 -1
1482780623502 11 -3
1482780625926 10 1
1482780626734 5 -1
1482780629254 4 1
1482780631318 11 3
1482780632038 2 1
1482780634014 5 1
1482780634738 10 -1
1482780636007 0 -1
1482780637087 2 -2
1482780637775 1 -3
1482780639873 11 -3
1482780642470 3 2
1482780643503 4 2
1482780644871 9 2
1482780647759 7 2
1482780648863 12 2
1482780649791 5 2
1482780650871 2 -2
1482780652406 0 1
1482780656578 0 -1
1482780657455 2 2
1482780658383 4 -1
1482780659519 9 -2
1482780660559 4 1
1482780661903 4 -1
1482780662743 12 -2
1482780664825 5 -2
1482780665967 7 -2
1482780667335 3 -2
1482780668263 11 3
1482780669774 4 -2
1482780670496 1 3
1482780672936 2 2
1482780673663 8 1
1482780676199 0 1
1482780677198 10 4
1482780678214 8 -1
1482780680178 12 -1
1482780680985 0 -1
1482780681979 5 -1
1482780683815 2 -2
1482780684551 1 -2
1482780685689 11 -2
1482780686796 4 3
1482780689383 9 2
1482780690133 4 -3
1482780691353 9 -2
1482780693111 1 2
1482780694566 11 2
1482780695588 2 2
1482780696182 8 1
1482780696710 0 1
1482780697253 12 1
1482780698654 5 1
1482780700582 10 -4
1482780702378 8 -1
1482780703195 2 -1
1482780704087 0 -1
1482780704710 2 -1
1482780705391 1 -3
1482780706446 11 -3
1482780708164 3 2
1482780709214 4 3
1482780710030 9 2
1482780711894 7 2
1482780712717 5 2
1482780713382 12 2
1482780714209 2 -2
1482780717678 0 1
1482780720453 0 -1
1482780721982 2 2
1482780726454 12 -2
1482780728085 6 2
1482780728798 5 1
1482780729646 7 -2
1482780732375 7 2
1482780733102 12 3
1482780734074 7 -2
1482780739318 3 -1
1482780741630 7 1
1482780742542 2 -2
1482780743326 0 1
1482780743885 7 -1
1482780744814 0 2
1482780745710 2 2
1482780746757 10 1
1482780748958 3 1
1482780758478 2 -2
1482780761982 0 -2
1482780763454 8 2
1482780764598 10 1
1482780767535 8 -1
1482780768877 7 2
1482780770390 7 -2
1482780773702 7 2
1482780775806 10 -2
1482780778358 0 -1
1482780781093 2 1
1482780782504 5 -3
1482780783710 8 -1
1482780785081 2 1
1482780789190 7 -2
1482780790462 2 -1
1482780791310 8 2
1482780792702 8 -2
1482780793438 3 -2
1482780794270 3 2
1482780795167 4 -1
1482780796390 7 2
1482780797254 2 1
1482780798782 12 -3
1482780799614 5 3
1482780800182 12 3
1482780800950 2 -2
1482780801694 7 -2
1482780802302 0 2
1482780802863 8 2
1482780804285 0 -2
1482780805365 0 2
1482780806047 8 -2
1482780807102 4 1
1482780807720 0 1
1482780808534 2 2
1482780810007 10 1
1482780810521 2 -2
1482780811079 8 2
1482780811726 10 1
1482780812654 2 1
1482780814133 8 -1
1482780814831 3 -1
1482780815510 11 1
1482780816889 2 -1
1482780817739 2 1
1482780818886 2 -1
1482780819687 0 -1
1482780821526 0 -1
1482780822299 7 1
1482780823046 5 -1
1482780826161 5 1
1482780827014 7 -1
1482780829278 0 2
1482780830857 11 -1
1482780831782 3 1
1482780833029 0 -2
1482780834182 7 2
1482780835669 12 -1
1482780836889 5 -1
1482780838302 10 -1
1482780839566 10 -1
1482780840808 0 -1
1482780841390 8 -1
1482780842310 2 2
1482780843931 5 1
1482780844558 12 1
1482780845606 7 -2
1482780846806 2 -2
1482780850062 3 -2
1482780853070 0 1
1482780853710 8 1
1482780854494 1 1
1482780855078 11 1
1482780856206 10 4
1482780857360 8 -1
1482780858323 0 -1
1482780858990 2 2
1482780861041 2 -2
1482780862286 4 -1
1482780863392 11 1
1482780865102 8 1
1482780866310 2 1
1482780867832 10 -1
1482780869233 11 -2
1482780870237 4 1
1482780871875 2 -1
1482780872790 0 1
1482780873555 10 -3
1482780874387 8 -1
1482780875048 0 -1
1482780875719 2 2
1482780878105 1 -1
1482780878877 3 2
1482780879798 2 -2
1482780885830 0 1
1482780887006 7 2
1482780887885 12 -1
1482780888670 5 -1
1482780889721 6 -2
1482780891206 4 -1
1482780891823 9 -2
1482780893334 0 -1
1482780894158 2 2
1482780894846 12 -2
1482780895598 5 -2
1482780896441 7 -2
1482780897087 4 -2
1482780900414 3 -2
1482780901278 1 3
1482780902118 11 3
1482780903373 2 2
1482780904285 0 1
1482780905648 8 1
1482780906344 10 3
1482780907086 12 -1
1482780907750 5 -1
1482780908582 0 -1
1482780909438 10 1
1482780910126 8 -1
1482780911518 2 -4
1482780913886 1 -2
1482780914933 8 1
1482780915584 10 -1
1482780916346 11 -3
1482780917486 1 2
1482780918496 1 -2
1482780919318 0 1
1482780920006 10 -1
1482780920817 1 -1
1482780921822 3 2
1482780922717 4 3
1482780923934 9 2
1482780925326 0 4
