1482715386264 7 -1
1482715387085 3 -2
1482715388289 6 -2
1482715389065 0 -1
1482715392518 2 1
1482715393328 8 -1
1482715399876 10 -1
1482715400742 9 -1
1482715406727 9 1
1482715408054 10 1
1482715409157 2 -2
1482715410288 1 2
1482715415097 4 -1
1482715416629 4 2
1482715417988 7 3
1482715421903 0 2
1482715423309 9 -3
1482715424502 10 -2
1482715429688 5 1
1482715431285 9 -1
1482715432782 0 -1
1482715435009 7 -2
1482715436348 1 -4
1482715437266 4 -4
1482715438716 7 2
1482715440319 3 3
1482715441163 2 2
1482715442059 0 4
