1483967715510 5 3
1483967716757 7 -1
1483967719600 6 -2
1483967722165 10 -1
1483967723681 0 -1
1483967725973 0 1
1483967727645 10 -1
1483967729490 4 -1
1483967730389 3 1
1483967731406 2 1
1483967732478 8 1
1483967733587 7 1
1483967734722 5 -3
1483967735811 7 -1
1483967737001 3 -3
1483967738225 8 -2
1483967739409 2 -2
1483967744766 4 2
1483967746002 1 2
1483967747023 7 3
1483967748752 0 1
1483967749991 5 1
1483967751326 9 -3
1483967752914 9 -1
1483967754135 0 -1
1483967755510 7 -2
1483967756874 1 -4
1483967758464 4 -4
1483967760090 7 2
1483967761327 3 3
1483967762706 2 2
1483967764148 0 3
1483967765681 0 1
