1479360845082 7 -1
1479360847633 3 -2
1479360848968 8 -1
1479360851697 2 1
1479360854136 9 -1
1479360858240 6 -2
1479360859448 10 -2
1479360860752 9 1
1479360867504 1 1
1479360868336 2 -2
1479360869336 1 1
1479360871744 7 2
1479360872504 4 1
1479360873528 7 1
1479360875184 0 1
1479360876616 9 -3
1479360879936 3 1
1479360881800 9 3
1479360883880 0 -1
1479360886480 3 -1
1479360888360 7 -3
1479360890947 7 3
1479360893559 7 -3
1479360894799 1 -2
1479360896327 9 -1
1479360897416 4 -4
1479360900007 3 3
1479360901498 2 2
1479360908559 7 1
1479360909511 5 2
1479360914351 10 1
1479360916063 0 -1
1479360919967 3 -2
1479360921887 1 1
1479360923367 5 -1
1479360924911 3 -1
1479360926775 5 -1
1479360927727 7 -1
1479360929847 2 -2
1479360935638 4 2
1479360937046 9 1
1479360938086 1 -1
1479360939510 3 3
1479360940774 2 2
1479360944846 0 1
1479360945734 10 -1
1479360947030 9 -1
1479360948126 4 -2
1479360951510 3 -3
1479360953766 1 1
1479360954566 2 -2
1479360955686 1 1
1479360956934 7 3
1479360959826 7 -3
1479360961734 1 -2
1479360962953 3 3
1479360970261 3 -3
1479360971209 1 2
1479360972253 7 3
1479360973213 0 1
1479360974166 9 -2
1479360978805 3 1
1479360981205 5 2
1479360982030 9 -1
1479360983333 0 -1
1479360984613 7 -2
1479360986053 1 -4
1479360987485 7 2
1479360988493 3 2
1479360989413 2 2
1479360990599 0 4
