1479255938516 6 -2
1479255944891 10 -2
1479255949293 9 -1
1479255950661 4 -3
1479255954745 3 1
1479255961290 5 3
1479255965967 4 2
1479255967295 9 1
1479255968557 10 2
1479255969975 0 -1
1479255971669 7 -1
1479255973052 0 1
1479255974534 6 2
1479255975652 7 1
1479255977222 5 -4
1479255979600 7 -1
1479255984771 5 1
1479255986238 6 -2
1479255987735 10 -2
1479255990886 9 -1
1479255991992 4 -2
1479255993919 3 -3
1479255996413 1 1
1479256001830 8 -1
1479256003064 2 -1
1479256003884 1 1
1479256005392 7 3
1479256007003 0 1
1479256008255 5 1
1479256009955 9 -3
1479256011627 0 -1
1479256012988 7 -2
1479256014288 1 -4
1479256015921 7 2
1479256017032 3 3
1479256018038 2 2
1479256019122 0 4
