1479998710745 0 1
1479998711441 0 -1
1479998712648 2 -1
1479998713464 7 -1
1479998714544 3 1
1479998715256 7 2
1479998716456 2 1
1479998717144 2 -1
1479998718448 4 -1
1479998719144 3 1
1479998720064 2 2
1479998721088 6 -2
1479998723592 8 2
1479998724480 10 -1
1479998727805 0 2
1479998729296 5 3
1479998731744 5 1
1479998732241 10 1
1479998732632 0 -2
1479998733351 8 -2
1479998734224 6 2
1479998735048 2 -4
1479998735992 7 -4
1479998737135 6 -2
1479998738135 3 -2
1479998744928 8 3
1479998747056 1 -4
1479998747944 8 -3
1479998749344 4 -1
1479998750000 9 -1
1479998751248 3 3
1479998751911 0 5
