1482901060397 6 1
1482901062492 0 3
1482901063684 5 1
1482901064708 7 -3
1482901066061 2 -1
1482901066884 0 -1
1482901068348 3 1
1482901069599 7 4
1482901071020 5 -1
1482901072029 0 -2
1482901073278 2 1
1482901074716 6 -1
1482901075780 4 -1
1482901076588 3 1
1482901078102 0 1
1482901080772 2 1
1482901082900 6 -2
1482901088141 0 2
1482901089948 8 2
1482901091262 10 -4
1482901094292 8 -2
1482901096372 8 1
1482901100670 8 -1
1482901103132 0 -3
1482901104322 6 2
1482901105608 7 -2
1482901106274 2 -2
1482901107302 3 -2
1482901108265 4 1
1482901109521 6 1
1482901110429 0 3
1482901113988 3 1
1482901115052 2 1
1482901116047 7 1
1482901117484 5 1
1482901118309 10 1
1482901119296 7 -3
1482901120212 2 -1
1482901121158 3 -1
1482901123412 2 1
1482901126844 3 1
1482901132868 7 4
1482901134401 5 -1
1482901135445 10 -1
1482901137332 0 -2
1482901138557 6 -1
1482901139596 4 -1
1482901140492 3 1
1482901142117 2 -1
1482901142894 7 -2
1482901144324 3 -2
1482901145205 4 1
1482901146220 6 1
1482901147013 0 2
1482901151172 0 -3
1482901152644 6 -1
1482901153420 4 -1
1482901155332 3 2
1482901166100 3 -2
1482901167260 4 1
1482901168565 6 1
1482901173428 0 3
1482901175061 0 -3
1482901175876 2 1
1482901176927 7 1
1482901177676 3 1
1482901178657 7 1
1482901179876 6 -1
1482901184500 4 -1
1482901187660 3 1
1482901188516 2 1
1482901189493 6 -2
1482901190239 8 2
1482901194349 0 3
1482901195438 5 4
1482901196524 10 4
1482901200601 8 -2
1482901202012 8 2
1482901209292 5 -4
1482901210188 10 -4
1482901213548 8 -2
1482901214560 0 -3
1482901216588 6 2
1482901217863 2 -2
1482901218552 7 -2
1482901219212 3 -2
1482901220111 4 1
1482901224653 2 1
1482901225804 7 1
1482901230152 R
1482901241333 0 1
1482901242556 6 1
1482901243501 0 2
1482901246525 5 1
1482901247694 7 -3
1482901248900 2 -1
1482901251460 0 -1
1482901252980 3 1
1482901253732 2 1
1482901254373 0 1
1482901255996 7 4
1482901256940 5 -1
1482901258031 0 -3
1482901258767 2 -1
1482901259551 2 1
1482901260372 6 -1
1482901263524 4 -1
1482901268933 0 1
1482901270162 2 -1
1482901271037 4 1
1482901271677 6 1
1482901273228 0 2
1482901274388 5 1
1482901275429 7 -4
1482901277143 3 -1
1482901277948 2 1
1482901290460 7 2
1482901291789 5 -1
1482901293988 2 -1
1482901295468 0 -3
1482901297037 2 1
1482901297728 7 1
1482901298789 6 -1
1482901304524 4 -1
1482901305597 3 2
1482901306380 2 1
1482901307200 7 1
1482901308841 6 -2
1482901310268 8 2
1482901311878 10 -1
1482901314228 0 1
1482901316012 10 -3
1482901317005 0 -1
1482901321391 6 1
1482901322381 7 -2
1482901331973 0 1
1482901332545 10 4
1482901334004 0 -1
1482901337293 7 2
1482901338117 6 -1
1482901340341 0 3
1482901341251 5 4
1482901344764 8 -2
1482901346900 0 -2
1482901348175 6 2
1482901348934 7 -4
1482901349743 2 -4
1482901350989 3 -2
1482901352180 6 -2
1482901353117 0 2
1482901356257 8 3
1482901357604 10 -2
1482901358365 5 -2
1482901359380 1 -4
1482901361668 4 -3
1482901362345 9 -3
1482901363252 8 -1
1482901364081 3 3
1482901365141 0 2
