1482315950060 0 1
1482315951211 0 -1
1482315958230 0 1
1482315959845 R
1482315972682 0 1
1482315975050 0 -1
1482315976722 0 1
1482315979088 U
1482315979871 U
1482315980474 U
1482315981604 R
1482315981682 R
1482315988617 6 1
1482315991543 2 -1
1482315992490 7 -1
1482315994594 0 3
1482315996594 5 1
1482315998466 7 -2
1482316002386 2 1
1482316010634 0 -1
1482316011778 2 -1
1482316012738 3 1
1482316015459 0 1
1482316017307 2 1
1482316019155 7 4
1482316020371 5 -1
1482316023308 0 -3
1482316028339 6 -1
1482316030772 4 -1
1482316032962 3 1
1482316034075 2 1
1482316035159 6 -2
1482316036561 8 2
1482316037507 0 3
1482316038747 10 -4
1482316039876 8 -2
1482316041395 8 2
1482316047779 8 -2
1482316048731 5 1
1482316049478 10 1
1482316053779 0 -1
1482316060131 0 1
1482316062436 5 -1
1482316063227 10 -1
1482316068087 0 -3
1482316073803 8 2
1482316078155 0 3
1482316080947 10 4
1482316083385 5 4
1482316086395 8 -2
1482316090270 0 -3
1482316096819 6 2
1482316097739 2 -4
1482316099293 6 -2
1482316100987 6 2
1482316101891 7 -4
1482316103116 3 -2
1482316105190 6 -2
1482316107611 0 3
1482316108715 3 2
1482316109667 3 -2
1482316112319 8 3
1482316114339 1 -4
1482316115539 4 -1
1482316116388 9 -1
1482316117842 8 -3
1482316119115 3 3
1482316120921 0 2
