1482718436158 3 1
1482718437085 4 -1
1482718437821 3 1
1482718438532 2 1
1482718439477 7 1
1482718440717 6 -2
1482718443469 8 2
1482718445141 0 2
1482718448862 10 -4
1482718451733 8 -2
1482718453565 8 2
1482718455556 5 4
1482718465140 10 4
1482718466086 8 -2
1482718467036 0 -2
1482718469507 6 2
1482718470288 2 -4
1482718471335 7 -4
1482718472637 3 -2
1482718473577 4 1
1482718476205 6 -2
1482718477421 8 3
1482718478685 1 -1
1482718479437 5 -1
1482718480335 10 -1
1482718481794 9 -3
1482718484593 1 -3
1482718485660 8 -1
1482718487029 4 -1
1482718488317 3 3
1482718489973 0 5
