1479519895323 6 1
1479519896290 0 3
1479519902276 5 1
1479519903379 7 -3
1479519904411 2 -1
1479519905602 0 -1
1479519906434 3 1
1479519907347 7 4
1479519908298 2 1
1479519908980 5 -1
1479519909963 0 -2
1479519912051 2 -1
1479519913763 6 -1
1479519914339 4 -1
1479519914938 3 1
1479519915539 2 2
1479519916323 6 -2
1479519917451 8 2
1479519921098 0 3
1479519922043 5 4
1479519922722 0 -3
1479519923619 8 -2
1479519928955 8 2
1479519929707 0 3
1479519930740 10 -4
1479519931451 5 -4
1479519932131 8 -2
1479519933098 0 -3
1479519934027 6 2
1479519934707 2 -2
1479519935484 7 -2
1479519936282 3 -2
1479519936980 4 1
1479519937643 6 1
1479519938890 0 3
1479519940978 2 1
1479519941683 7 1
1479519942580 0 -3
1479519944003 6 -1
1479519944980 3 1
1479519946147 4 -1
1479519947915 3 1
1479519948474 2 1
1479519948995 7 1
1479519949642 6 -2
1479519951106 8 2
1479519954836 0 3
1479519955634 5 4
1479519956307 10 4
1479519957073 0 -3
1479519957689 8 -2
1479519958532 6 2
1479519959082 2 -4
1479519959730 7 -4
1479519960617 6 -2
1479519961529 0 3
1479519962194 8 2
1479519962826 3 -2
1479519963458 4 1
1479519964817 8 1
1479519966026 1 -4
1479519968890 8 -1
1479519969754 4 -2
1479519970346 9 -1
1479519970945 3 3
1479519971626 0 2
