1482500045152 6 1
1482500052335 3 1
1482500063043 7 1
1482500065111 2 -1
1482500066535 6 -1
1482500068427 6 1
1482500070479 0 3
1482500073424 5 1
1482500074876 7 -4
1482500076903 3 -1
1482500085564 U
1482500092428 0 -1
1482500094248 7 4
1482500095754 5 -1
1482500096968 0 -2
1482500099635 6 -1
1482500109002 4 -1
1482500110264 3 1
1482500111703 2 2
1482500113215 6 -2
1482500114536 0 3
1482500116235 8 2
1482500118704 10 -4
1482500119947 8 -2
1482500130223 0 -3
1482500137767 6 2
1482500138803 2 -2
1482500140125 7 -2
1482500141361 3 -2
1482500143756 4 1
1482500144944 6 1
1482500161220 0 3
1482500162478 10 1
1482500163306 5 1
1482500164321 7 -2
1482500166938 2 1
1482500169892 3 1
1482500171509 7 4
1482500172279 5 -1
1482500173310 10 -1
1482500174333 0 -3
1482500175556 2 -1
1482500176691 7 -2
1482500177954 3 -1
1482500184904 2 1
1482500186225 2 -1
1482500187252 3 1
1482500197800 0 3
1482500198939 10 1
1482500199783 5 1
1482500200622 7 -2
1482500201947 0 -1
1482500203691 2 1
1482500205223 0 1
1482500208174 3 -1
1482500209090 2 -1
1482500215688 R
1482500234688 4 -1
1482500236155 3 2
1482500248408 2 1
1482500249424 7 1
1482500250707 6 -2
1482500265047 8 2
1482500268048 0 3
1482500269592 5 4
1482500271261 8 -2
1482500273182 0 -3
1482500274500 6 2
1482500275912 2 -4
1482500277155 7 -4
1482500278446 6 -2
1482500280255 3 -2
1482500292539 3 2
1482500296695 8 2
1482500306416 3 -2
1482500307437 8 1
1482500308750 1 -4
1482500315471 8 -3
1482500316373 4 -1
1482500317436 9 -1
1482500318414 3 3
1482500319495 0 6
