1482501957183 2 -2
1482501958805 1 -2
1482501961668 5 2
1482501963246 4 -2
1482501964529 5 1
1482501969722 8 -1
1482501971354 7 3
1482501974132 9 1
1482501975330 0 1
1482501976678 10 3
1482501980281 3 -2
1482501983634 2 -1
1482501987246 2 1
1482501988810 6 -2
1482502002054 10 -2
1482502003162 9 -1
1482502005351 7 -1
1482502006768 6 2
1482502008572 3 2
1482502013772 10 -1
1482502016686 7 1
1482502021493 0 -1
1482502023953 7 -3
1482502025602 5 -3
1482502028079 2 2
1482502030026 1 2
1482502031590 4 2
1482502033578 3 -1
1482502038039 2 -3
1482502041628 5 1
1482502048428 7 1
1482502051602 2 1
1482502053674 5 -1
1482502055336 2 2
1482502057603 3 1
1482502060537 7 -1
1482502064004 2 -2
1482502065299 1 -2
1482502066716 4 -2
1482502068291 5 3
1482502071040 7 3
1482502073265 9 1
1482502074685 0 1
1482502076223 10 3
1482502077566 0 -1
1482502082919 3 -2
1482502084886 2 -1
1482502086718 0 1
1482502088621 10 -2
1482502091604 9 -1
1482502094016 7 -1
1482502097080 7 1
1482502099068 2 1
1482502100819 6 -2
1482502102497 4 -1
1482502103695 1 -1
1482502108018 9 1
1482502109246 10 2
1482502110590 0 -1
1482502116330 1 1
1482502117447 4 1
1482502118676 6 2
1482502120871 3 2
1482502122492 0 1
1482502124015 10 -3
1482502129481 9 -1
1482502130979 0 -1
1482502132306 7 -3
1482502134909 8 3
1482502136799 5 -1
1482502136863 5 -1
1482502138718 5 -1
1482502154311 5 1
1482502170042 5 -1
1482502185042 5 3
1482502186643 7 3
1482502189181 0 1
1482502190333 9 1
1482502191613 10 4
1482502193612 9 -1
1482502194824 0 -1
1482502196849 3 -2
1482502199096 2 -1
1482502205310 7 -4
1482502207116 8 1
1482502208524 5 -2
1482502213468 5 2
1482502214898 7 4
1482502217522 2 1
1482502219185 7 -4
1482502221519 9 1
1482502222622 0 1
1482502224343 10 -3
1482502225577 5 -3
1482502228112 8 -4
1482502229801 2 2
1482502231100 1 2
1482502232493 4 2
1482502235592 0 4
