1482502010832 7 1
1482502017590 4 -2
1482502018227 1 -2
1482502018843 2 -2
1482502020641 5 3
1482502021689 8 3
1482502023989 7 2
1482502026834 3 -1
1482502027852 2 -1
1482502028924 0 1
1482502029814 10 1
1482502030390 3 -1
1482502035489 7 -1
1482502038534 8 -4
1482502046190 2 1
1482502047095 6 -2
1482502047904 4 -1
1482502049180 1 -1
1482502051132 7 1
1482502056955 9 1
1482502057635 10 2
1482502073665 R
1482502078521 3 -1
1482502103174 3 1
1482502109005 7 1
1482502110883 3 -1
1482502113647 2 -3
1482502118973 1 -2
1482502119703 4 -2
1482502120287 5 3
1482502121953 7 1
1482502123888 8 -1
1482502124881 7 1
1482502129404 9 2
1482502131535 0 1
1482502132181 10 3
1482502134124 3 -1
1482502135158 9 -1
1482502144433 R
1482502155121 R
1482502161515 2 -2
1482502164812 2 2
1482502165936 3 -1
1482502167214 2 -3
1482502169994 2 3
1482502173801 7 1
1482502185670 3 1
1482502187305 3 -1
1482502191038 3 1
1482502192988 2 -1
1482502194771 4 -1
1482502195342 1 -2
1482502201776 8 3
1482502202918 2 -1
1482502204456 5 2
1482502205469 5 -2
1482502207524 4 -1
1482502208802 5 3
1482502210072 7 2
1482502212414 0 1
1482502215656 3 -1
1482502217738 10 1
1482502218688 3 -1
1482502225398 6 -2
1482502226862 4 -1
1482502227639 1 -1
1482502230096 9 1
1482502231086 10 3
1482502246786 9 -1
1482502248092 7 -1
1482502251555 4 1
1482502252184 1 1
1482502252667 6 2
1482502253509 2 -1
1482502258028 7 1
1482502261232 0 -1
1482502262017 7 -4
1482502268360 0 1
1482502274354 5 -2
1482502276369 8 -3
1482502277300 1 2
1482502281406 4 2
1482502283358 2 1
1482502288609 9 1
1482502289624 10 -3
1482502290690 5 -1
1482502291477 2 2
1482502292323 0 5
