1482320929762 2 -2
1482320931283 1 -2
1482320932059 4 -2
1482320933057 5 3
1482320938097 8 2
1482320939553 7 2
1482320940897 0 1
1482320941601 7 1
1482320942313 9 1
1482320943626 10 3
1482320944689 3 -2
1482320952905 3 1
1482320954281 10 -3
1482320958545 10 4
1482320959377 9 -1
1482320960625 0 -1
1482320961961 3 -1
1482320963201 7 -4
1482320969049 2 -1
1482320973929 5 -2
1482320976121 8 -2
1482320979905 5 2
1482320982746 0 1
1482320984761 9 1
1482320985873 10 -1
1482320987769 10 -1
1482320988825 5 -3
1482320989985 2 3
1482320993025 0 1
1482320993766 1 2
1482320994577 4 2
1482320995441 0 4
