1482502208271 7 1
1482502209417 8 -1
1482502211048 3 -1
1482502212828 6 -1
1482502213447 6 1
1482502214011 3 1
1482502215404 7 -1
1482502219094 7 1
1482502221648 7 -1
1482502222763 2 -2
1482502223415 1 -2
1482502224045 4 -2
1482502224685 5 3
1482502225743 7 3
1482502226576 0 1
1482502227329 10 1
1482502227926 3 -2
1482502229321 6 -2
1482502230378 6 2
1482502231098 2 -1
1482502233236 7 -1
1482502233866 8 4
1482502234946 7 1
1482502237399 2 1
1482502238828 3 2
1482502242033 3 -2
1482502243643 6 -2
1482502244430 4 -1
1482502245375 1 -1
1482502246827 7 -1
1482502247580 8 -4
1482502251180 R
1482502251732 R
1482502257244 4 -2
1482502257728 1 -2
1482502258245 2 -2
1482502258864 5 3
1482502259764 8 3
1482502260540 9 1
1482502261148 9 -1
1482502262014 7 3
1482502263668 3 -1
1482502264500 2 -1
1482502265953 7 -3
1482502266773 5 -3
1482502267808 1 1
1482502268653 8 -4
1482502269507 1 1
1482502270261 4 2
1482502271982 5 1
1482502272646 9 2
1482502273320 9 -2
1482502273894 5 -1
1482502274705 2 3
1482502278080 7 1
1482502280532 R
1482502283862 8 -1
1482502286372 7 1
1482502287237 2 -2
1482502288081 5 1
1482502289443 1 -2
1482502290129 5 1
1482502290692 4 -2
1482502291344 5 1
1482502292266 7 2
1482502293121 0 1
1482502295788 10 1
1482502296418 3 -2
1482502297273 2 -1
1482502299467 7 -1
1482502300400 8 4
1482502301480 7 1
1482502302178 9 2
1482502304326 9 -1
1482502307589 R
1482502312618 9 1
1482502314373 9 -1
1482502317186 3 -1
1482502318142 2 -3
1482502321922 2 1
1482502322867 2 -1
1482502323947 2 1
1482502324815 3 1
1482502326401 3 -1
1482502327311 2 2
1482502328537 R
1482502334444 9 1
1482502335051 9 -1
1482502337830 2 -1
1482502339147 1 -1
1482502339990 8 2
1482502342240 7 1
1482502343714 4 -1
1482502345008 8 1
1482502345639 2 1
1482502352579 3 -1
1482502353625 6 -1
1482502354718 4 -2
1482502355729 1 -1
1482502357023 2 -2
1482502357766 5 3
1482502358485 7 2
1482502359262 0 1
1482502361276 7 -1
1482502362490 8 -4
1482502364594 7 1
1482502366147 9 1
1482502368645 9 -1
1482502369331 7 -1
1482502371468 4 1
1482502372470 6 1
1482502373054 2 -1
1482502374157 7 1
1482502375406 9 2
1482502377015 10 3
1482502378006 3 -1
1482502384980 10 -2
1482502386476 9 -2
1482502387860 7 -1
1482502390549 2 1
1482502392743 2 -1
1482502393946 7 1
1482502394464 9 2
1482502395071 10 1
1482502395836 10 1
1482502397367 3 1
1482502398435 10 -3
1482502399223 10 3
1482502399852 3 -1
1482502400854 10 -2
1482502402395 9 -2
1482502403858 7 -1
1482502404724 8 4
1482502408189 8 -4
1482502409427 R
1482502411497 4 -2
1482502412478 4 1
1482502413421 1 -1
1482502414681 2 -1
1482502415502 8 2
1482502417178 9 1
1482502418022 9 -1
1482502421398 7 1
1482502423850 R
1482502425718 2 -2
1482502426246 1 -2
1482502426776 4 -2
1482502428079 5 3
1482502428822 8 3
1482502429790 7 3
1482502430850 0 1
1482502431466 7 -1
1482502432434 10 1
1482502433469 7 1
1482502434189 9 1
1482502434774 10 3
1482502435741 3 -2
1482502437542 2 -1
1482502438632 9 -1
1482502441333 0 -1
1482502442649 7 -4
1482502443841 5 -2
1482502444685 0 1
1482502447790 5 2
1482502450648 9 2
1482502451752 10 -3
1482502452628 9 -2
1482502453280 5 -3
1482502455047 2 3
1482502455902 0 1
1482502460987 1 1
1482502462258 4 1
1482502463012 6 -1
1482502469841 4 -2
1482502471427 1 -1
1482502476581 9 1
1482502477086 10 1
1482502480506 10 -1
1482502481282 9 -1
1482502482419 9 1
1482502483465 10 1
1482502485895 4 2
1482502486289 1 1
1482502487988 6 1
1482502492083 0 -1
1482502497967 2 -1
1482502498405 8 -4
1482502499519 2 1
1482502500982 0 1
1482502504852 1 1
1482502505516 4 1
1482502506325 0 3
