1479885699597 2 -2
1479885700649 1 -2
1479885701232 4 -2
1479885701973 5 3
1479885702660 7 2
1479885703228 0 1
1479885704197 10 1
1479885704835 3 -2
1479885707368 8 -1
1479885716824 3 1
1479885717526 10 -1
1479885718352 0 -1
1479885719928 7 -1
1479885722159 5 -3
1479885722874 2 2
1479885723350 1 2
1479885724082 4 2
1479885726634 7 -1
1479885727622 R
1479885735534 2 -2
1479885736118 1 -2
1479885736704 4 -2
1479885737568 5 3
1479885738271 8 3
1479885739728 7 3
1479885740312 9 1
1479885740749 0 1
1479885741490 10 4
1479885747346 3 -2
1479885748280 0 -1
1479885748724 9 -1
1479885749460 7 -4
1479885750656 5 -2
1479885751249 8 -3
1479885756957 0 1
1479885757502 9 1
1479885758148 10 -3
1479885758669 5 -1
1479885759068 8 -1
1479885759582 2 2
1479885760479 1 2
1479885760955 4 2
1479885761797 0 4
