1479887848402 5 -1
1479887850128 8 1
1479887854184 6 -1
1479887862512 1 1
1479887863768 8 -1
1479887865024 5 1
1479887865920 3 1
1479887868881 3 -1
1479887869408 5 -1
1479887870416 8 1
1479887875728 9 2
1479887877852 6 1
1479887884864 4 -1
1479887891682 8 -3
1479887895497 1 -1
1479887896169 9 -1
1479887896929 5 1
1479887898137 2 3
1479887899200 6 2
1479887900104 0 1
1479887902009 4 -2
1479887902792 9 -2
1479887903984 1 -2
1479887905567 0 2
1479887906367 6 -1
1479887907415 5 -1
1479887910440 5 1
1479887911904 6 1
1479887914864 8 1
1479887917600 7 2
1479887918320 4 -1
1479887920599 6 -3
1479887923095 2 -3
1479887924791 8 1
1479887925607 5 -1
1479887926168 8 1
1479887926641 0 2
