1482809626591 6 -1
1482809627876 6 1
1482809628519 6 -1
1482809629554 2 2
1482809631589 3 1
1482809635240 6 1
1482809638812 6 -1
1482809639727 9 1
1482809641158 4 -1
1482809642076 8 -2
1482809643168 2 1
1482809644432 6 2
1482809645471 3 -1
1482809646368 6 1
1482809647256 0 1
1482809648381 7 3
1482809649963 0 -1
1482809651623 4 -3
1482809652939 9 -2
1482809653786 1 -2
1482809656032 6 -3
1482809656948 2 -2
1482809657695 5 -1
1482809658982 8 3
1482809660472 1 3
1482809663399 1 -3
1482809664285 8 -3
1482809665053 2 2
1482809666019 6 2
1482809668765 5 1
1482809669518 6 1
1482809670547 0 3
1482809671528 6 -3
1482809672352 2 -2
1482809673172 5 -1
1482809673964 8 3
1482809674866 0 2
