1482079782383 1 1
1482079790021 1 -3
1482079790668 2 1
1482079791137 7 1
1482079791687 5 2
1482079792093 9 -1
1482079792476 0 -1
1482079792882 8 2
1482079793859 1 1
1482079794352 11 4
1482079795029 8 -2
1482079795398 1 -1
1482079795800 0 1
1482079796421 9 1
1482079797023 5 -4
1482079797924 2 -1
1482079798316 7 -1
1482079798678 9 -1
1482079798995 0 -1
1482079800525 8 2
1482079801098 1 3
1482079801552 4 -3
1482079801902 11 -3
1482079802462 1 -3
1482079802863 10 -2
1482079803345 6 -2
1482079803767 3 -4
1482079804294 2 3
1482079805961 7 4
1482079806461 8 2
1482079808273 9 1
1482079809302 0 1
1482079809852 5 4
1482079810188 9 -1
1482079810453 0 -1
1482079810777 4 -1
1482079811816 11 -1
1482079812540 0 1
1482079812852 9 1
1482079813214 5 -2
1482079816889 1 1
1482079819101 5 2
1482079819465 9 -1
1482079819723 0 -1
1482079820125 8 -4
1482079820540 0 1
1482079820805 9 1
1482079821162 5 -2
1482079821587 2 -3
1482079821982 7 -4
1482079822349 1 2
1482079822667 6 2
1482079823169 0 5
