1482597870670 4 -1
1482597872018 3 -4
1482597874138 7 2
1482597877930 7 -2
1482597878738 1 1
1482597881172 3 2
1482597881862 4 1
1482597882950 1 -3
1482597884317 2 1
1482597884826 7 2
1482597885947 5 2
1482597886560 7 -1
1482597887454 0 -1
1482597889538 9 -1
1482597890402 8 2
1482597893798 1 1
1482597894966 11 4
1482597896218 8 -2
1482597896938 11 -1
1482597898202 0 1
1482597898722 9 1
1482597899758 5 -4
1482597901566 2 -1
1482597902739 1 2
1482597903802 9 -1
1482597904759 7 -1
1482597905782 0 -1
1482597906678 8 2
1482597908538 1 -2
1482597910298 11 -2
1482597911183 1 -1
1482597914546 1 3
1482597915362 4 -3
1482597916326 1 -3
1482597917062 10 -2
1482597917798 3 -2
1482597918870 6 -2
1482597919406 2 3
1482597920826 8 2
1482597923022 1 1
1482597925382 11 1
1482597926954 0 1
1482597927658 5 1
1482597928394 11 -2
1482597929678 1 -1
1482597930790 9 2
1482597931790 5 2
1482597933106 9 -1
1482597933714 4 -1
1482597934794 0 -1
1482597936718 1 1
1482597939026 1 -1
1482597939714 9 1
1482597941366 9 -1
1482597942758 9 1
1482597944202 9 -1
1482597944958 1 1
1482597946219 11 2
1482597948175 3 2
1482597949518 11 -2
1482597950290 1 -1
1482597951010 9 1
1482597952994 9 -1
1482597954118 1 1
1482597955830 3 -2
1482597959631 R
1482597962474 5 -1
1482597963098 9 -1
1482597965310 1 -1
1482597969538 1 2
1482597970802 4 -1
1482597971950 4 1
1482597973318 4 -1
1482597974442 3 -4
1482597976411 1 -1
1482597977454 7 2
1482597979502 3 2
1482597980467 4 1
1482597981426 1 -2
1482597982466 9 2
1482597983282 2 1
1482597984182 5 3
1482597984745 7 -1
1482597986230 9 -2
1482597987226 0 -1
1482597991470 8 2
1482597992238 1 1
1482597994850 1 -1
1482597995526 8 -2
1482597996294 9 2
1482597997494 0 1
1482597998554 5 -3
1482597999226 9 -2
1482597999755 2 -1
1482598000666 7 -1
1482598001420 1 3
1482598003278 3 2
1482598004762 4 -1
1482598005738 3 -4
1482598007690 1 -1
1482598008958 7 2
1482598010062 9 1
1482598010914 5 1
1482598013682 7 -2
1482598014598 1 1
1482598016230 7 1
1482598016671 7 -1
1482598017666 3 4
1482598018986 4 1
1482598020142 1 -3
1482598021550 9 1
1482598022094 2 1
1482598023362 9 -1
1482598024818 9 1
1482598025507 9 -1
1482598026086 1 1
1482598028391 5 1
1482598028874 0 -1
1482598029643 8 1
1482598030530 11 4
1482598032142 8 -1
1482598032782 1 -1
1482598033455 0 1
1482598034342 5 -3
1482598035282 9 -1
1482598035858 2 -1
1482598037395 7 2
1482598039174 3 -2
1482598039990 7 -2
1482598042100 1 3
1482598043194 0 1
1482598045182 5 1
1482598046702 11 -1
1482598047346 4 -1
1482598048162 3 -2
1482598049234 0 -1
1482598056630 5 -1
1482598057190 0 -1
1482598060138 8 2
1482598060780 4 -2
1482598061514 11 -2
1482598062638 10 -2
1482598063902 1 -3
1482598065650 6 -2
1482598068175 7 4
1482598070302 2 3
1482598071937 8 2
1482598072986 9 2
1482598074094 0 1
1482598075104 5 4
1482598075934 9 -2
1482598078514 0 -1
1482598079315 4 -1
1482598079874 11 -1
1482598081056 8 -4
1482598082647 2 -2
1482598083724 7 -3
1482598084922 6 2
1482598086327 3 4
1482598088159 0 1
1482598089038 0 -1
1482598089794 8 2
1482598090578 1 1
1482598091138 10 2
1482598092034 3 -4
1482598093095 10 -2
1482598093750 1 -1
1482598094982 6 -2
1482598095882 7 3
1482598097402 2 2
1482598098382 8 -2
1482598099134 9 2
1482598100390 5 -1
1482598100903 0 1
1482598101530 5 -1
1482598102394 9 -1
1482598103210 2 -3
1482598103978 7 -4
1482598105023 1 3
1482598105478 6 2
1482598106342 0 4
