1481046211932 4 -1
1481046218304 1 1
1481046234678 4 1
1481046237653 1 -3
1481046262477 1 3
1481046266594 4 -1
1481046276936 5 -1
1481046279315 9 -1
1481046282424 4 1
1481046286782 1 -3
1481046291383 7 2
1481046294139 7 -2
1481046307277 2 1
1481046312353 9 2
1481046314697 5 2
1481046317211 0 -1
1481046327240 3 -2
1481046332000 7 2
1481046333492 5 1
1481046335314 9 -2
1481046348950 7 -1
1481046351731 3 2
1481046381794 1 1
1481046389880 3 -2
1481046392721 7 1
1481046394591 1 -1
1481046405045 3 2
1481046446697 8 2
1481046458889 11 1
1481046460808 11 -1
1481046462568 8 -2
1481046466053 8 2
1481046469964 8 -2
1481046471299 0 1
1481046477456 R
1481046495805 R
1481046498524 1 -2
1481046503798 1 3
1481046530279 4 -1
1481046532611 4 1
1481046538038 7 1
1481046540456 1 -3
1481046549903 5 -1
1481046555076 1 3
1481046558682 4 -1
1481046561512 4 1
1481046564244 0 1
1481046569308 5 1
1481046574930 0 -1
1481046579338 0 1
1481046581840 5 -1
1481046583359 9 -1
1481046586528 0 -1
1481046588252 1 -3
1481046590439 7 -1
1481046593486 1 3
1481046597810 4 -1
1481046604671 3 -4
1481046615371 1 -1
1481046620520 7 2
1481046621977 7 -2
1481046635397 1 1
1481046641784 3 4
