1480267637154 1 1
1480267648449 1 -3
1480267650209 7 2
1480267651523 2 1
1480267652737 5 2
1480267655665 9 -1
1480267656968 1 1
1480267659145 1 -1
1480267660513 9 2
1480267661576 0 -1
1480267663335 9 -2
1480267664528 8 2
1480267665961 7 -1
1480267668056 1 1
1480267675239 11 4
1480267676752 1 -1
1480267677952 8 -2
1480267679033 0 1
1480267683201 9 2
1480267684454 5 -4
1480267685918 7 -1
1480267686739 2 -1
1480267687957 9 -2
1480267689025 1 3
1480267691586 11 -1
1480267693436 4 -1
1480267694512 3 -4
1480267700312 0 1
1480267710281 3 4
1480267711680 11 1
1480267715894 4 1
1480267720081 5 1
1480267720785 5 -1
1480267721971 9 1
1480267723162 9 -1
1480267724880 R
1480267729001 4 -1
1480267730616 3 -4
1480267731559 3 4
1480267732831 4 1
1480267737361 1 -2
1480267738617 9 1
1480267739561 2 1
1480267740721 7 2
1480267743264 5 2
1480267744132 9 -2
1480267746793 7 -1
1480267750889 1 1
1480267752829 1 -1
1480267754264 9 1
1480267757089 5 -2
1480267758177 2 -1
1480267759545 1 3
1480267765930 4 -1
1480267776129 7 -1
1480267777251 1 -1
1480267778379 5 -1
1480267779567 9 -1
1480267781250 1 1
1480267782512 0 1
1480267792008 3 -4
1480267797363 9 1
1480267798474 5 1
1480267799460 0 -1
1480267801377 1 -1
1480267802569 7 2
1480267806773 3 4
1480267810819 R
1480267817857 7 2
1480267819731 4 -1
1480267821904 4 1
1480267825673 7 -2
1480267826472 1 1
1480267827940 0 1
1480267831001 5 -1
1480267832672 9 -1
1480267837136 4 -1
1480267838416 3 -4
1480267841713 3 3
1480267844184 R
1480267846257 1 1
1480267858848 5 -1
1480267863379 1 -3
1480267864694 7 2
1480267866026 2 1
1480267868001 7 -1
1480267870209 5 2
1480267871225 0 -1
1480267875153 8 1
1480267876207 7 -1
1480267877465 8 -1
1480267878241 1 1
1480267879177 0 1
1480267880978 5 -2
1480267882707 2 -1
1480267885019 1 2
1480267887890 4 -1
1480267889105 0 1
1480267890169 9 -1
1480267893718 4 1
1480267897321 0 -1
1480267898802 1 -3
1480267901095 3 -2
1480267904845 R
1480267915602 1 1
1480267920730 5 -1
1480267921682 9 -1
1480267926826 0 1
1480267931897 4 -1
1480267937746 4 1
1480267942803 R
1480267948839 1 -2
1480267950700 7 1
1480267951718 2 1
1480267953025 5 2
1480267953975 9 -1
1480267954887 0 -1
1480267958198 8 2
1480267963390 11 1
1480267964311 1 1
1480267965774 1 -1
1480267968472 1 1
1480267970614 11 -1
1480267972431 8 -2
1480267973288 0 1
1480267974879 9 1
1480267977639 5 -3
1480267979599 7 -1
1480267980343 2 -1
1480267981617 1 2
1480267982103 9 -1
1480267984039 0 1
1480267985959 4 -1
