1481044995345 1 1
1481045007208 4 -1
1481045021345 4 1
1481045038249 1 -3
1481045048368 9 1
1481045055450 9 -1
1481045056386 1 3
1481045069975 0 1
1481045072289 5 -1
1481045073536 9 -1
1481045081858 7 1
1481045087793 4 -1
1481045092850 3 -4
1481045098664 7 -1
1481045106032 9 1
1481045108560 U
1481045111800 U
1481045112304 U
1481045112856 U
1481045113400 U
1481045114056 U
1481045114512 U
1481045114824 U
1481045119176 U
1481045120864 U
1481045122096 U
1481045126128 U
1481045127479 R
1481045173543 7 2
1481045174990 7 -2
1481045197438 1 -2
1481045206760 1 3
1481045241368 0 1
1481045249206 4 -1
1481045258119 3 -4
1481045283990 0 -1
1481045286126 1 -1
1481045290944 7 2
1481045311287 7 -2
1481045316951 1 1
1481045338358 3 3
1481045340534 3 1
1481045359919 4 1
1481045378654 1 -2
1481045380933 1 -1
1481045388773 2 1
1481045394510 5 1
1481045401126 0 -1
1481045402670 8 1
1481045404398 1 1
1481045410717 11 4
1481045434644 8 -1
1481045437477 1 -1
1481045439484 9 1
1481045443237 0 1
1481045445020 5 -3
1481045450686 2 -1
1481045451702 9 -2
1481045454788 1 3
1481045464382 0 1
1481045467510 4 -1
1481045468853 11 -1
1481045483045 R
1481045487484 R
1481045489173 R
1481045491021 R
1481045499060 R
1481045500156 R
1481045559366 1 -2
1481045562355 7 2
1481045564132 2 1
1481045567300 5 2
1481045574259 9 1
1481045580123 9 -1
1481045581452 0 -1
1481045589134 8 1
1481045593860 1 1
1481045599380 8 -1
1481045607844 1 -1
1481045611093 5 -1
1481045612198 7 -2
1481045614500 1 1
1481045618396 8 1
1481045619941 11 4
1481045621988 8 -1
1481045622844 1 -1
1481045626149 3 -2
1481045630931 R
1481045644764 1 1
1481045648725 0 1
1481045650572 4 -1
1481045659603 3 -4
1481045670747 R
1481045673043 R
1481045711460 3 -2
1481045717339 7 2
1481045727363 5 -1
1481045729442 9 -1
1481045734092 1 -2
1481045745364 2 1
1481045746204 9 2
1481045747394 5 2
1481045752266 5 1
1481045755867 0 -1
1481045758770 0 1
1481045759579 0 -1
1481045760571 0 1
1481045765220 3 2
1481045768683 9 -2
1481045771610 1 1
1481045775594 7 -1
1481045781203 3 -2
1481045785154 R
1481045865505 1 -2
1481045871442 7 2
1481045874057 2 1
1481045878066 5 2
1481045889777 9 -1
1481045909369 0 -1
1481045910946 8 2
1481045917041 1 1
1481045924040 7 -1
1481045932865 3 -2
1481045935001 7 1
1481045937777 11 4
1481045944641 8 -2
1481045958425 7 -1
1481045961490 1 -1
1481045964241 9 2
1481045967001 0 1
1481045968601 5 -4
1481045973499 7 -1
1481045976816 2 -1
1481045977913 9 -2
1481045979667 1 3
1481045982305 0 1
1481045985690 3 2
1481045991162 4 -1
1481045991905 11 -1
1481045997146 0 -2
1481045998186 8 2
1481046000112 4 -2
1481046000921 11 -2
1481046009009 10 -2
1481046010290 10 2
1481046011210 10 -2
1481046012625 1 -3
1481046014658 3 -4
1481046023728 6 -2
1481046024848 2 3
1481046025888 7 4
1481046027744 8 2
1481046031217 9 2
1481046036666 0 1
1481046038024 5 4
1481046039960 9 -2
1481046045655 11 -1
1481046046287 4 -1
1481046053855 0 -1
1481046054729 1 1
1481046055736 8 -4
1481046061127 1 -1
1481046062327 2 -2
1481046063615 6 1
1481046067918 7 -3
1481046069623 6 1
1481046071895 6 -2
1481046072735 2 2
1481046088638 2 -2
1481046090030 6 2
1481046093390 3 4
1481046098655 10 2
1481046099976 1 1
1481046100983 8 2
1481046106945 11 4
1481046109056 4 1
1481046111168 10 -1
1481046114625 4 -1
1481046115457 1 -1
1481046116817 8 -2
1481046119728 9 4
1481046127305 8 2
1481046129108 5 -1
1481046131720 7 -1
1481046134241 8 -2
1481046137689 1 1
1481046138992 8 2
1481046144335 11 -4
1481046145471 8 -2
1481046151096 1 -1
1481046154678 10 -1
1481046160238 9 -3
1481046173166 3 -4
1481046174464 6 -2
1481046175926 2 2
1481046178718 9 1
1481046179726 7 4
1481046184262 5 1
1481046185223 5 -1
1481046186943 8 1
1481046187822 9 -1
1481046190309 2 -2
1481046196678 7 -4
1481046197982 6 2
1481046200933 3 4
1481046206901 8 -1
1481046215062 1 1
1481046219990 10 2
1481046223342 7 2
1481046224254 5 1
1481046225069 9 -1
1481046226285 8 2
1481046234814 1 -1
1481046237782 1 1
1481046238901 11 4
1481046240479 4 1
1481046241985 10 -1
1481046243429 3 -3
1481046245950 6 -1
1481046251590 4 -1
1481046253071 7 2
1481046258039 1 -1
1481046261358 8 -2
1481046269613 9 2
1481046273493 5 -1
1481046275125 7 -4
1481046276655 6 1
1481046283670 R
1481046303400 4 -1
1481046311438 3 -4
1481046318015 5 -1
1481046319333 9 -1
1481046324646 1 1
1481046328158 7 1
1481046336893 3 4
1481046340526 0 1
1481046344030 4 1
1481046350158 9 1
1481046351254 0 -1
1481046360335 4 -1
1481046361758 4 1
1481046363510 9 -1
1481046364654 1 -3
1481046375374 3 -2
1481046376918 7 1
1481046377734 2 1
1481046378479 9 2
1481046385022 5 3
1481046389421 0 -1
1481046391990 8 1
1481046394181 11 1
1481046395965 3 2
1481046398627 5 -1
1481046399822 7 -2
1481046409996 7 2
1481046410916 5 1
1481046421126 11 -1
1481046422372 8 -1
1481046423956 9 -2
1481046425013 1 1
1481046428596 7 -1
1481046431653 1 -1
1481046433005 3 -2
1481046437212 7 1
1481046440997 8 2
1481046442028 1 1
1481046445044 11 4
1481046446381 8 -2
1481046452885 7 -1
1481046455165 1 -1
1481046460691 9 2
1481046464951 0 1
1481046465902 5 -4
1481046469493 2 -1
1481046471813 7 -1
1481046479205 9 -2
1481046479924 1 3
1481046488630 3 2
1481046495853 4 -1
1481046500819 11 -1
1481046503812 0 1
1481046506204 3 -4
1481046515588 7 1
1481046517812 9 1
1481046520830 5 2
1481046526133 0 -1
1481046529877 1 -1
1481046535429 7 1
1481046537158 5 -2
1481046539645 3 4
1481046545318 4 1
1481046547659 11 1
1481046553221 7 -2
1481046553877 1 1
1481046558908 R
1481046561196 R
1481046589123 4 -1
1481046593323 5 -1
1481046599116 1 1
1481046600075 0 1
1481046606044 7 1
1481046607651 9 -1
1481046614251 4 1
1481046616067 3 -2
1481046620211 7 -1
1481046622587 0 -1
1481046630348 1 -3
1481046632852 2 1
1481046634411 9 2
1481046635235 5 2
1481046641306 3 2
1481046645402 9 -1
1481046646364 1 1
1481046650060 7 2
1481046651348 5 1
1481046652275 9 -1
1481046660459 1 -1
1481046663923 0 -1
1481046664852 8 2
1481046665707 1 1
1481046671187 11 4
1481046673955 8 -2
1481046677038 9 1
1481046677651 0 1
1481046679604 5 -4
1481046682250 7 -2
1481046688275 11 -1
1481046690730 0 -1
1481046691564 8 1
1481046692483 11 -2
1481046697148 2 -1
1481046699204 1 2
1481046705466 11 3
1481046706171 8 -1
1481046707643 0 1
1481046708300 5 2
1481046711348 11 -1
1481046712332 4 -1
1481046721243 3 -4
1481046731626 5 -2
1481046736181 9 -1
1481046743587 1 -1
1481046745570 7 2
1481046750022 3 4
