1481045244899 1 1
1481045244899 1 1
1481045258643 4 -1
1481045258643 4 -1
1481045261603 4 1
1481045261603 4 1
1481045284828 1 -1
1481045284828 1 -1
1481045286395 7 2
1481045286395 7 2
1481045288860 1 -1
1481045288860 1 -1
1481045289956 2 1
1481045289956 2 1
1481045292156 5 2
1481045292156 5 2
1481045295812 9 -1
1481045295812 9 -1
1481045299043 0 -1
1481045299043 0 -1
1481045309691 8 2
1481045309691 8 2
1481045315836 8 -1
1481045315836 8 -1
1481045317548 9 1
1481045317548 9 1
1481045328292 9 -1
1481045328292 9 -1
1481045329764 8 1
1481045329764 8 1
1481045336515 8 -1
1481045336515 8 -1
1481045344116 9 1
1481045344116 9 1
1481045346099 5 -1
1481045346099 5 -1
1481045347612 7 -2
1481045347612 7 -2
1481045357699 7 2
1481045357699 7 2
1481045358908 5 1
1481045358908 5 1
1481045360036 9 -1
1481045360036 9 -1
1481045361133 8 -1
1481045361133 8 -1
1481045368548 1 -1
1481045368548 1 -1
1481045379163 0 1
1481045379163 0 1
1481045380092 9 1
1481045380092 9 1
1481045382012 5 -2
1481045382012 5 -2
1481045383036 2 -1
1481045383036 2 -1
1481045384235 7 -2
1481045384235 7 -2
1481045386332 1 3
1481045386332 1 3
1481045398972 0 1
1481045398972 0 1
1481045407539 0 -1
1481045407539 0 -1
1481045408579 5 -1
1481045408579 5 -1
1481045420650 5 1
1481045420650 5 1
1481045425698 1 -2
1481045425698 1 -2
1481045426555 2 1
1481045426555 2 1
1481045427627 5 1
1481045427627 5 1
1481045432803 0 -1
1481045432803 0 -1
1481045438435 8 1
1481045438435 8 1
1481045451450 8 -1
1481045451450 8 -1
1481045454066 1 -1
1481045454066 1 -1
1481045456042 0 1
1481045456042 0 1
1481045457611 5 -1
1481045457611 5 -1
1481045458530 2 -1
1481045458530 2 -1
1481045459699 1 3
1481045459699 1 3
1481045460803 0 1
1481045460803 0 1
1481045464419 7 1
1481045464419 7 1
1481045467395 4 -1
1481045467395 4 -1
1481045468530 3 -1
1481045468530 3 -1
1481045475642 3 1
1481045475642 3 1
1481045477187 4 1
1481045477187 4 1
1481045480226 5 -1
1481045480226 5 -1
1481045489499 9 -1
1481045489499 9 -1
1481045490539 9 1
1481045490539 9 1
1481045500930 9 -1
1481045500930 9 -1
1481045502868 9 1
1481045502868 9 1
1481045503730 5 1
1481045503730 5 1
1481045505260 0 -1
1481045505260 0 -1
1481045506386 1 -3
1481045506386 1 -3
1481045507219 9 1
1481045507219 9 1
1481045508011 2 1
1481045508011 2 1
1481045509291 5 2
1481045509291 5 2
1481045512284 0 -1
1481045512284 0 -1
1481045513524 9 -2
1481045513524 9 -2
1481045519762 7 1
1481045519762 7 1
1481045522717 R
1481045522717 R
1481045532836 4 -1
1481045532836 4 -1
1481045536692 3 -4
1481045536692 3 -4
1481045539172 3 4
1481045539172 3 4
1481045540692 1 1
1481045540692 1 1
1481045600684 4 1
1481045600684 4 1
1481045613860 5 -1
1481045613860 5 -1
1481045618308 1 -2
1481045618308 1 -2
1481045619308 2 1
1481045619308 2 1
1481045620628 7 1
1481045620628 7 1
1481045622692 5 2
1481045622692 5 2
1481045624492 0 -1
1481045624492 0 -1
1481045629477 7 -1
1481045629477 7 -1
1481045630996 1 -1
1481045630996 1 -1
1481045638452 1 1
1481045638452 1 1
1481045640276 7 2
1481045640276 7 2
1481045641636 5 1
1481045641636 5 1
1481045642828 9 -1
1481045642828 9 -1
1481045662821 R
1481045662821 R
1481045677740 3 -2
1481045677740 3 -2
1481045680804 3 2
1481045680804 3 2
1481045691355 4 -1
1481045691355 4 -1
1481045715347 4 1
1481045715347 4 1
1481045716300 1 -2
1481045716300 1 -2
1481045718092 2 1
1481045718092 2 1
1481045724525 1 1
1481045724525 1 1
1481045726460 5 -1
1481045726460 5 -1
1481045727500 2 -1
1481045727500 2 -1
1481045729068 1 2
1481045729068 1 2
1481045735605 0 1
1481045735605 0 1
1481045739165 5 1
1481045739165 5 1
1481045748012 0 -1
1481045748012 0 -1
1481045750372 0 1
1481045750372 0 1
1481045757421 0 -1
1481045757421 0 -1
1481045758524 1 -3
1481045758524 1 -3
1481045759620 9 1
1481045759620 9 1
1481045760604 2 1
1481045760604 2 1
1481045761500 7 2
1481045761500 7 2
1481045763412 5 1
1481045763412 5 1
1481045765269 0 -1
1481045765269 0 -1
1481045766853 8 1
1481045766853 8 1
1481045767908 11 1
1481045767908 11 1
1481045769637 7 -2
1481045769637 7 -2
1481045771708 11 -1
1481045771708 11 -1
1481045772572 8 -1
1481045772572 8 -1
1481045773301 0 1
1481045773301 0 1
1481045774388 5 -1
1481045774388 5 -1
1481045776340 2 -1
1481045776340 2 -1
1481045777387 5 -1
1481045777387 5 -1
1481045779387 9 -2
1481045779387 9 -2
1481045780220 1 3
1481045780220 1 3
1481045782604 0 1
1481045782604 0 1
1481045787947 9 1
1481045787947 9 1
