1480269277972 1 -1
1480269279880 1 -1
1480269281936 1 3
1480269282768 4 -1
1480269283916 3 -4
1480269286424 7 1
1480269287675 3 4
1480269288748 4 1
1480269289891 1 -3
1480269290675 2 1
1480269291240 7 1
1480269292031 5 2
1480269292604 9 -1
1480269293184 0 -1
1480269294376 8 2
1480269294955 1 1
1480269295767 11 4
1480269296752 1 -1
1480269297724 8 -2
1480269299071 0 1
1480269299932 9 2
1480269300755 5 -4
1480269301607 2 -1
1480269302235 7 -2
1480269302836 9 -2
1480269304543 1 3
1480269305348 0 1
1480269307903 4 -1
1480269308555 11 -1
1480269310819 3 -4
1480269313375 5 1
1480269314032 0 -1
1480269315227 9 1
1480269315807 7 1
1480269317599 1 -1
1480269318167 7 1
1480269322251 3 4
1480269332043 11 1
1480269332543 4 1
1480269333523 1 -2
1480269334659 9 1
1480269337055 7 -2
1480269338443 2 1
1480269339115 5 -1
1480269339811 0 -1
1480269340571 9 -2
1480269341459 2 -1
1480269342291 1 3
1480269343079 0 2
1480269347515 9 1
1480269349151 5 2
1480269349959 0 -1
1480269351567 7 1
1480269352831 4 -1
1480269353439 11 -1
1480269354255 3 -4
1480269355847 5 -2
1480269356427 9 -1
1480269357491 7 -1
1480269358895 1 -1
1480269360515 0 -1
1480269361639 8 2
1480269362267 4 -2
1480269362843 11 -2
1480269363635 1 -2
1480269364315 10 -2
1480269365615 6 -2
1480269366171 2 3
1480269367267 8 2
1480269368007 0 1
1480269369387 9 2
1480269370735 5 3
1480269371263 4 -1
1480269371911 11 -1
1480269372799 0 -1
1480269373639 9 -1
1480269376215 1 1
1480269378271 1 -1
1480269379891 9 1
1480269382883 0 1
1480269386307 5 -1
1480269387659 4 1
1480269388143 11 1
1480269388807 5 -2
1480269389371 0 -1
1480269389971 9 -2
1480269390999 8 -2
1480269391555 7 4
1480269392543 8 2
1480269393207 9 2
1480269393791 0 1
1480269394523 5 4
1480269395207 4 -1
1480269395819 11 -1
1480269396527 9 -2
1480269402239 0 -1
1480269402887 8 -4
1480269403863 2 -2
1480269404587 0 1
1480269405911 7 -3
1480269407015 6 2
1480269408695 1 1
1480269409767 10 2
1480269410615 3 4
1480269411155 10 -2
1480269412959 0 -1
1480269413519 8 2
1480269414491 4 1
1480269415355 11 1
1480269416335 1 -1
1480269419935 6 -2
1480269420755 3 -4
1480269421795 2 2
1480269422551 8 1
1480269423067 0 1
1480269423927 4 -1
1480269424447 11 -1
1480269426846 7 3
1480269427731 8 1
1480269428527 9 2
1480269429287 5 -2
1480269430363 9 -1
1480269432059 1 1
1480269433111 7 -1
1480269433827 4 1
1480269434347 11 2
1480269434911 5 -2
1480269435659 9 -1
1480269436091 0 -1
1480269437471 8 -2
1480269437934 7 -3
1480269440466 2 -3
1480269442342 1 2
1480269442923 11 -1
1480269443651 6 2
1480269444835 3 4
1480269448675 10 2
1480269449491 11 3
1480269450391 4 3
1480269451059 8 -2
1480269451959 0 2
1480269456463 9 1
1480269457287 5 2
1480269458527 0 -1
1480269458906 5 -2
1480269459598 0 -1
1480269460214 8 1
1480269461450 11 -3
1480269463207 4 -1
1480269464287 3 -4
1480269468414 7 1
1480269471239 3 4
1480269472158 4 1
1480269473786 1 -3
1480269515630 R
1480269519402 5 -1
1480269519826 9 -1
1480269520826 1 1
1480269521762 0 1
1480269523458 9 1
1480269525086 5 1
1480269527254 0 -1
1480269527826 4 -1
1480269528854 3 -4
1480269530734 1 -1
1480269531466 7 2
1480269534958 5 -1
1480269535606 9 -1
1480269537150 3 4
1480269537718 4 1
1480269538478 1 -2
1480269539382 9 2
1480269540254 2 1
1480269541150 5 3
1480269542890 9 -2
1480269543574 0 -1
1480269544682 7 -1
1480269545754 8 2
1480269546894 1 1
1480269547722 11 4
1480269548522 1 -1
1480269549246 8 -2
1480269550874 0 1
1480269551482 9 2
1480269552574 5 -4
1480269553150 9 -2
1480269553750 2 -1
1480269555050 1 3
1480269556062 0 1
1480269557946 7 -1
1480269560002 11 -1
1480269560570 4 -1
1480269561702 3 -4
1480269565890 0 -2
1480269566630 8 2
1480269567266 4 -2
1480269567902 11 -2
1480269570626 10 -2
1480269574674 6 -2
1480269575286 1 -3
1480269575890 2 3
1480269578214 2 -3
1480269580170 2 3
1480269581150 8 2
1480269583134 0 1
1480269584290 1 1
1480269585150 9 1
1480269586226 5 3
1480269588002 5 -3
1480269588538 9 -1
1480269588922 0 -1
1480269589930 8 -2
1480269590517 2 -3
1480269593870 2 2
1480269596198 3 4
1480269597886 2 -2
1480269599554 1 2
1480269602982 1 -3
1480269603878 2 2
1480269604281 3 -3
1480269604838 2 1
1480269605717 8 2
1480269606498 0 1
1480269608126 9 2
1480269609522 9 -2
1480269610226 8 -1
1480269610769 7 4
1480269612125 8 1
1480269612725 9 2
1480269614309 5 4
1480269615302 9 -2
1480269618426 8 -1
1480269619709 0 -1
1480269620218 4 -1
1480269620702 11 -1
1480269621493 8 -3
1480269622053 0 1
1480269622813 2 -2
1480269624473 9 1
1480269625221 5 -2
1480269625821 2 -1
1480269626925 1 3
1480269627977 6 1
1480269628745 3 2
1480269629297 0 4
