1482079811041 1 1
1482079812568 0 1
1482079816751 0 -1
1482079817999 4 -1
1482079823912 4 1
1482079827268 7 1
1482079828022 1 -3
1482079828904 2 1
1482079829464 9 1
1482079830336 5 2
1482079831242 0 -1
1482079832588 9 -2
1482079833343 8 2
1482079835088 1 1
1482079837910 3 -2
1482079840196 1 -1
1482079841130 8 -2
1482079842504 9 2
1482079843528 5 -1
1482079844204 7 1
1482079845020 5 1
1482079850108 9 -2
1482079852724 9 2
1482079853488 0 1
1482079854448 5 -3
1482079858825 R
1482079862860 1 1
1482079868396 1 -3
1482079869148 9 1
1482079869884 2 1
1482079870639 7 1
1482079871473 5 2
1482079872576 0 -1
1482079873427 9 -2
1482079874580 1 1
1482079875860 8 2
1482079876808 11 4
1482079878024 8 -2
1482079879996 1 -1
1482079881980 0 1
1482079883104 9 1
1482079884552 5 -4
1482079887724 9 -1
1482079891668 9 1
1482079901476 9 -1
1482079902307 2 -1
1482079903333 1 3
1482079906568 0 1
1482079910864 11 -1
1482079911760 4 -1
1482079914156 3 -4
1482079915966 9 1
1482079917617 5 2
1482079928092 7 -1
1482079931691 0 -1
1482079932540 1 -1
1482079934096 7 2
1482079935600 7 -2
1482079938292 3 4
1482079940103 4 1
1482079940888 11 1
1482079941864 1 -2
1482079945672 1 3
1482079947823 4 -1
1482079948772 4 1
1482079950036 0 1
1482079954096 5 -2
1482079954900 9 -1
1482079959056 5 1
1482079959920 0 -1
1482079960884 5 -1
1482079961355 0 -1
1482079963648 1 -3
1482079964289 0 1
1482079965568 9 2
1482079966224 2 1
1482079966964 7 2
1482079967948 5 4
1482079969712 0 -1
1482079970617 8 1
1482079971579 9 -2
1482079972456 8 1
1482079972940 1 1
1482079974700 11 -4
1482079979109 7 -1
1482079985602 3 -2
1482079988275 1 -1
1482079989928 8 -2
1482079991960 0 1
1482079994420 0 -1
1482079995904 9 2
1482079996560 0 1
1482079997664 5 -3
1482079998971 9 -2
1482079999596 2 -1
1482080000188 7 -1
1482080000925 1 3
1482080003352 0 1
1482080004216 4 -1
1482080004940 3 -2
1482080006028 3 4
1482080009847 4 1
1482080012125 R
1482080014994 4 -1
1482080016576 3 -4
1482080020392 1 1
1482080021127 0 1
1482080023067 5 -1
1482080023804 7 1
1482080024719 0 -1
1482080027880 R
1482080030556 1 -2
1482080031324 9 1
1482080031852 2 1
1482080032562 7 2
1482080033184 5 2
1482080035621 0 -1
1482080036340 9 -2
1482080040296 3 -2
1482080044985 8 2
1482080046696 8 -2
1482080058731 0 1
1482080059932 9 1
1482080061232 5 -3
1482080062096 2 -1
1482080063119 7 -2
1482080064484 1 3
1482080067384 7 1
1482080072115 5 1
1482080074956 7 -1
1482080080447 0 1
1482080081205 4 -1
1482080081939 3 -2
1482080089204 3 4
1482080090360 4 1
1482080091704 3 -2
1482080092440 3 2
1482080094814 0 -1
1482080096520 1 -3
1482080099524 9 1
1482080100419 2 1
1482080102120 5 1
1482080102807 0 -1
1482080103864 9 -1
1482080106139 7 2
1482080106892 5 1
1482080108384 0 1
1482080109071 5 -3
1482080111308 9 -1
1482080111908 2 -1
1482080112668 1 2
1482080115997 9 1
1482080117388 1 -1
1482080118044 2 1
1482080119471 5 2
1482080120368 0 -1
1482080121136 8 1
1482080121972 11 4
1482080123012 8 -1
1482080123445 1 -1
1482080126264 0 1
1482080127352 5 -3
1482080128108 9 -1
1482080128844 2 -1
1482080129964 7 -2
1482080131487 1 3
1482080132272 9 1
1482080133090 7 1
1482080134220 0 1
1482080135428 9 -1
1482080136244 7 -1
1482080139336 0 -2
1482080140396 1 -3
1482080144560 3 -2
1482080150700 1 3
1482080151724 8 2
1482080152716 4 -3
1482080153744 11 -3
1482080155616 10 -2
1482080156308 3 -2
1482080163333 1 -3
1482080164484 2 1
1482080165183 6 -2
1482080165768 2 2
1482080166625 8 2
1482080173296 8 -2
1482080174164 2 -3
1482080174981 6 2
1482080177607 1 3
1482080179466 1 -3
1482080180987 1 3
1482080182835 3 3
1482080183567 3 1
1482080185566 4 1
1482080187203 11 1
1482080188026 10 2
1482080188612 4 2
1482080190310 11 -1
1482080191135 4 -3
1482080194467 4 2
1482080196214 11 2
1482080197883 8 -2
1482080199867 0 2
1482080201615 5 1
1482080211453 5 -1
1482080212427 0 -2
1482080213599 8 2
1482080217746 8 -2
1482080219031 0 2
1482080219895 9 1
1482080221006 9 -1
1482080221778 0 -1
1482080222675 1 -1
1482080223299 9 1
1482080226407 7 1
1482080228291 4 1
1482080228850 11 1
1482080229699 1 -1
1482080230839 5 2
1482080232553 1 2
1482080233287 11 -1
1482080233870 4 -1
1482080235035 7 -1
1482080237776 0 1
1482080245155 0 -1
1482080245701 0 1
1482080246723 0 -1
1482080247448 0 1
1482080249896 0 -1
1482080250748 1 -1
1482080251371 4 1
1482080252539 11 1
1482080253256 1 -2
1482080257412 9 1
1482080257955 9 -1
1482080260528 7 1
1482080261440 2 1
1482080262324 5 2
1482080263428 9 -1
1482080270391 0 -1
1482080271177 8 2
1482080271930 1 1
1482080273293 11 -4
1482080274587 1 -1
1482080278619 8 -1
1482080280987 9 2
1482080281871 5 -1
1482080283544 5 1
1482080284311 9 -2
1482080285227 8 -1
1482080285883 0 1
1482080286924 9 1
1482080288031 5 -3
1482080288895 9 -1
1482080289520 2 -1
1482080290771 7 -1
1482080291734 1 3
1482080294199 0 1
1482080296292 0 -1
1482080301124 9 1
1482080301716 5 1
1482080302548 0 1
1482080305967 5 -1
1482080306643 9 -1
1482080308572 9 1
1482080309227 5 1
1482080311095 5 -1
1482080311788 9 -1
1482080312715 0 -1
1482080313740 1 -3
1482080315199 9 2
1482080316545 5 1
1482080318243 9 -1
1482080318997 1 3
1482080333475 1 -3
1482080340388 1 3
1482080342584 0 1
1482080344110 5 -1
1482080344651 9 -1
1482080348480 9 1
1482080349583 7 1
1482080350309 0 -1
1482080350979 1 -3
1482080351604 9 1
1482080352179 2 1
1482080352676 7 1
1482080353447 5 3
1482080354615 0 -1
1482080355520 9 -2
1482080362492 8 2
1482080365679 7 -1
1482080367183 1 1
1482080372725 1 -1
1482080374654 8 -1
1482080375774 9 2
1482080377170 8 -1
1482080377731 0 1
1482080379410 5 -2
1482080380182 2 -1
1482080380920 9 -1
1482080381895 7 -1
1482080382695 1 3
1482080389130 0 1
1482080390175 0 -1
1482080390991 4 -1
1482080392699 4 1
1482080393891 1 -3
1482080394978 9 1
1482080395590 2 1
1482080396374 5 1
1482080397862 9 -1
1482080398398 0 -1
1482080399418 8 1
1482080399898 1 1
1482080401638 11 4
1482080402582 8 -1
1482080404714 1 -1
1482080405546 0 1
1482080406330 5 -3
1482080407355 9 -1
1482080407974 2 -1
1482080411490 1 3
1482080424060 4 -1
1482080425610 3 -3
1482080427271 3 3
1482080431171 3 -2
1482080437519 4 1
1482080441871 R
1482080446011 1 -2
1482080446807 9 1
1482080448000 2 1
1482080450035 7 1
1482080450723 5 2
1482080451516 9 -2
1482080452367 0 -1
1482080453559 8 2
1482080456171 1 1
1482080461299 3 -2
1482080462534 R
1482080482503 3 -2
1482080484059 4 -1
1482080484876 3 -2
1482080488151 3 4
1482080489755 4 1
1482080494880 1 1
1482080499247 0 1
1482080500015 4 -1
1482080501219 3 -4
1482080502499 3 4
1482080504287 5 -1
1482080504928 9 -1
1482080506207 0 -1
1482080507476 4 1
1482080508307 1 -3
1482080509604 9 2
1482080510311 2 1
1482080510761 7 2
1482080511495 5 3
1482080512631 7 -1
1482080513827 9 -2
1482080514708 0 -1
1482080515851 1 1
1482080524024 8 2
1482080524671 11 4
1482080525963 1 -1
1482080527100 8 -2
1482080528591 0 1
1482080529983 9 1
1482080530671 5 -4
1482080533780 9 -1
1482080534471 0 -1
1482080535031 2 -1
1482080535703 7 -1
1482080536968 1 3
1482080537787 8 2
1482080538939 4 -3
1482080539732 11 -3
1482080542712 10 -2
1482080554447 1 -3
1482080555412 2 1
1482080558983 6 -2
1482080560215 3 -2
1482080560756 2 2
1482080561476 7 4
1482080563044 8 2
1482080564047 9 2
1482080566015 0 1
1482080567155 5 4
1482080569620 9 -2
1482080570720 4 -1
1482080571344 11 -1
1482080575035 8 -1
1482080575741 0 -1
1482080576655 8 -3
1482080578623 3 -2
1482080579700 2 -2
1482080580659 7 -3
1482080581340 2 2
1482080583543 1 1
1482080585275 2 -2
1482080587279 7 3
1482080589482 6 1
1482080591675 1 -1
1482080594399 9 2
1482080595312 0 1
1482080596403 5 -1
1482080597475 5 -1
1482080598068 2 -1
1482080598904 9 -1
1482080599655 1 3
1482080600343 0 4
