1482079558427 5 -1
1482079559781 9 -1
1482079562482 7 2
1482079563753 3 -2
1482079565562 1 -2
1482079570401 9 2
1482079575578 2 1
1482079576785 5 3
1482079581098 7 -1
1482079588537 3 2
1482079593193 0 -1
1482079595745 8 1
1482079597169 9 -2
1482079599969 1 1
1482079600921 8 -1
1482079604497 3 -2
1482079606170 7 1
1482079618905 R
1482079624417 4 -1
1482079626073 3 -4
1482079629529 1 1
1482079632201 1 -1
1482079634961 5 -1
1482079645986 R
1482079652033 1 1
1482079653353 0 1
1482079654785 4 -1
1482079658089 7 1
1482079660161 3 -4
1482079671590 7 -1
1482079674073 5 -1
1482079675362 9 -1
1482079686817 R
1482079692265 5 -1
1482079693113 9 -1
1482079694921 1 -2
1482079696169 2 1
1482079698297 9 2
1482079699256 7 2
1482079700705 5 3
1482079714722 3 -2
1482079739969 R
1482079745625 1 1
1482079763199 0 1
1482079768976 U
1482079776431 R
1482079779784 1 1
1482079784951 4 -1
1482079786991 3 -4
1482079791279 1 -1
1482079793319 7 2
1482079794888 5 -1
1482079795951 9 -1
1482079799463 U
1482079800583 R
1482079805431 1 -2
1482079808608 2 1
1482079809480 5 1
1482079811008 0 -1
1482079813808 8 1
1482079823856 3 -2
1482079832680 7 2
1482079833897 5 1
1482079835040 9 -1
1482079836688 8 1
1482079838344 1 1
1482079854192 11 4
1482079859052 8 -2
1482079867480 9 1
1482079868464 0 1
1482079871681 5 -4
1482079873000 2 -1
1482079874831 9 -1
1482079875760 7 -2
1482079876753 1 2
1482079879320 0 1
1482079880545 4 -1
1482079881601 3 -1
1482079898416 7 1
1482079899608 9 1
1482079905312 0 -2
1482079909423 1 -1
1482079912312 1 1
