1482077977187 4 -1
1482077986857 4 1
1482077989040 4 -1
1482078000495 4 1
1482078001911 4 -1
1482078004709 4 1
1482078006862 3 -2
1482078008095 4 -1
1482078009138 3 -2
1482078013692 7 2
1482078020586 3 3
1482078022641 3 1
1482078032960 7 -2
1482078034120 1 1
1482078037101 4 1
1482078039937 1 -3
1482078042101 9 1
1482078043328 5 -1
1482078045200 2 1
1482078046103 7 2
1482078047036 9 -2
1482078047755 2 -1
1482078048739 7 -2
1482078050644 3 -2
1482078053493 3 2
1482078054731 1 3
1482078056977 0 1
1482078059186 9 1
1482078060177 0 -1
1482078063688 5 1
1482078068393 0 1
1482078069993 4 -1
1482078072034 4 1
1482078072731 0 -1
1482078075036 1 -3
1482078078387 R
1482078080572 R
1482078082275 4 -1
1482078083567 3 -4
1482078086167 1 1
1482078088874 3 2
1482078089865 4 1
1482078091047 1 -3
1482078093227 9 1
1482078095481 5 -1
1482078096728 2 1
1482078097620 7 2
1482078098622 3 2
1482078101332 5 3
1482078102308 0 -1
1482078103255 8 1
1482078103811 9 -2
1482078104935 1 1
1482078105634 8 1
1482078106755 1 -1
1482078108450 1 1
1482078109492 11 4
1482078110822 8 -2
1482078111694 1 -1
1482078112714 9 2
1482078113736 0 1
1482078114982 5 -4
1482078115870 0 -1
1482078116584 9 -2
1482078117947 2 -1
1482078118616 7 -2
1482078120053 1 3
1482078122585 8 2
1482078123738 11 -3
1482078124604 4 -3
1482078125588 10 -2
1482078126512 1 -3
1482078129425 3 -4
1482078130394 6 -2
1482078131431 2 3
1482078132553 8 2
1482078133756 0 1
1482078134820 9 2
1482078136405 9 -2
1482078137206 8 -1
1482078139143 8 1
1482078140082 9 2
1482078141022 0 -1
1482078142121 9 -2
1482078143010 8 -2
1482078143885 2 -3
1482078145431 6 2
1482078147640 3 4
1482078149907 2 1
1482078151492 10 2
1482078152519 1 1
1482078153422 11 3
1482078155022 1 -1
1482078156423 10 -1
1482078159416 R
1482078161649 4 -1
1482078163048 3 -4
1482078164773 1 1
1482078166277 3 4
1482078167232 4 1
1482078168627 0 1
1482078170357 5 -1
1482078171149 9 -1
1482078172697 0 -1
1482078173629 1 -3
1482078177107 9 2
1482078178207 5 1
1482078179560 2 1
1482078180232 7 2
1482078181164 5 2
1482078181971 0 -1
1482078182852 8 1
1482078183777 9 -2
1482078185324 8 1
1482078186280 1 1
1482078188354 1 -1
1482078189925 1 1
1482078190899 11 4
1482078191640 1 -1
1482078192286 8 -2
1482078193124 0 1
1482078193782 9 2
1482078194685 5 -4
1482078195433 0 -1
1482078196233 9 -2
1482078197040 2 -1
1482078198001 7 -2
1482078199064 1 3
1482078200304 8 2
1482078201214 11 -3
1482078201998 4 -3
1482078202945 10 -2
1482078203687 1 -3
1482078205256 3 -4
1482078209063 6 -2
1482078210016 2 3
1482078211204 8 2
1482078214241 1 1
1482078214931 8 -2
1482078215760 2 -3
1482078216530 1 2
1482078217391 6 2
1482078218357 11 1
1482078219031 4 1
1482078221203 10 2
1482078221841 11 1
1482078222641 4 1
1482078223484 8 -2
1482078224283 0 2
1482078226242 9 1
1482078228057 5 2
1482078228671 0 -1
1482078230710 3 4
1482078231502 11 1
1482078232469 4 1
1482078233804 1 -3
1482078235184 9 1
1482078235916 2 1
1482078236745 7 2
1482078238067 5 2
1482078238933 9 -2
1482078240611 7 -1
1482078247054 0 -1
1482078249171 8 2
1482078249992 1 1
1482078251518 11 -4
1482078252654 1 -1
1482078253426 8 -2
1482078257451 0 1
1482078259762 9 2
1482078260473 0 -1
1482078263020 5 -1
1482078264082 9 -1
1482078265270 1 1
1482078269188 8 1
1482078269914 1 -1
1482078271485 8 -1
1482078274162 U
1482078276303 R
1482078282721 4 -1
1482078283982 3 -4
1482078285317 1 1
1482078288623 3 4
1482078289488 4 1
1482078290764 1 -3
1482078293919 3 -2
1482078295296 9 1
1482078296322 9 -1
1482078298185 1 3
1482078299190 0 1
1482078299908 4 -1
1482078300869 3 -2
1482078303501 5 -1
1482078304227 9 -1
1482078305606 0 -1
1482078307652 1 -1
1482078312850 9 1
1482078314700 7 2
1482078315953 5 1
1482078317866 7 -2
1482078318570 1 1
1482078320895 0 1
1482078322369 5 -1
1482078323329 9 -1
1482078325068 0 -1
1482078328293 0 1
1482078332033 R
1482078336220 4 -1
1482078337305 3 -4
1482078340098 7 2
1482078341315 5 -1
1482078342305 9 -1
1482078344637 3 4
1482078345422 4 1
1482078346206 1 -2
1482078347445 9 2
1482078349355 5 1
1482078349996 9 -1
1482078350905 1 2
1482078351983 4 -1
1482078353120 3 -4
1482078355833 5 -1
1482078356839 9 -1
1482078359521 7 -2
1482078360470 1 1
1482078361324 0 1
1482078364977 R
1482078367125 4 -1
1482078368070 3 -4
1482078370108 3 2
1482078371083 4 1
1482078372544 1 -2
1482078374023 9 1
1482078374866 2 1
1482078375732 7 2
1482078378055 5 2
1482078378811 0 -1
1482078379786 8 1
1482078380615 11 1
1482078382975 9 -2
1482078384084 7 -1
1482078385644 8 1
1482078387853 1 1
1482078389295 11 3
1482078390446 8 -2
1482078392235 1 -1
1482078393570 0 1
1482078394358 9 2
1482078395658 5 -4
1482078396538 2 -1
1482078397113 7 -1
1482078397765 9 -2
1482078398862 1 3
1482078400029 4 -1
1482078400630 11 -1
1482078401552 3 2
1482078402704 0 1
1482078408371 0 -2
1482078409250 0 2
1482078409888 11 1
1482078410534 4 1
1482078411398 0 -2
1482078412512 1 -3
1482078413467 0 1
1482078417013 1 3
1482078417900 0 1
1482078421386 11 -1
1482078422445 4 -1
1482078423811 3 -3
1482078425462 3 -1
1482078427504 0 -2
1482078429065 8 2
1482078430392 11 -2
1482078431250 4 -2
1482078432548 10 -2
1482078433494 1 -3
1482078435883 1 3
1482078438574 11 1
1482078440246 3 4
1482078441587 10 2
1482078443039 11 2
1482078444667 4 3
1482078445700 8 -2
1482078446968 0 2
1482078448596 11 -1
1482078449337 4 -1
1482078450502 3 -4
1482078454000 0 -2
1482078455107 8 2
1482078456026 11 -2
1482078456742 4 -2
1482078457651 10 -2
1482078459345 1 -3
1482078460981 6 -2
1482078462110 2 3
1482078463238 7 4
1482078464433 8 2
1482078466794 9 2
1482078467890 9 -2
1482078469133 1 1
1482078470754 11 1
1482078472813 3 2
1482078473894 3 -2
1482078475343 8 -2
1482078476853 2 -3
1482078478744 7 -4
1482078480006 1 2
1482078481325 6 2
1482078483606 3 4
1482078485354 11 -1
1482078487227 11 1
1482078488371 10 2
1482078489368 11 2
1482078490395 4 3
1482078491254 8 -2
1482078492747 0 2
1482078497881 11 -1
1482078498563 4 -1
1482078499903 3 -4
1482078502110 0 -2
1482078503298 8 2
1482078507978 R
1482078509640 1 -2
1482078510585 2 1
1482078512455 1 1
1482078514984 5 1
1482078516018 0 -1
1482078517286 8 1
1482078518187 1 -1
1482078519206 9 1
1482078520863 11 1
1482078522909 7 2
1482078525496 5 1
1482078526589 7 -1
1482078527923 11 -1
1482078528773 8 -1
1482078530203 9 -2
1482078531361 1 1
1482078533715 0 1
1482078534383 9 1
1482078535122 5 -3
1482078536185 2 -1
1482078537410 1 2
1482078538956 4 -1
1482078540730 4 1
1482078541890 5 1
1482078544168 0 1
1482078545862 4 -1
1482078553708 5 -1
1482078554427 9 -1
1482078555724 7 -1
1482078556552 0 -1
1482078557732 4 1
1482078558730 1 -3
1482078561963 3 -2
1482078569096 R
1482078574667 1 1
1482078576742 4 -1
1482078579740 4 1
1482078580583 5 -1
1482078582342 7 1
1482078583414 5 1
1482078585546 4 -1
1482078587965 3 -4
1482078589643 3 4
1482078590672 4 1
1482078591697 0 1
1482078593405 5 -1
1482078594283 0 -1
1482078595250 1 -3
1482078596636 9 -1
1482078597685 7 -1
1482078599399 1 3
1482078603775 0 1
1482078606011 4 -1
1482078607118 4 1
1482078607910 0 -1
1482078609031 1 -3
1482078610821 9 2
1482078611584 2 1
1482078612514 7 2
1482078614141 5 3
1482078615196 7 -1
1482078616531 9 -2
1482078617939 1 1
1482078619104 0 -1
1482078620087 8 2
1482078621310 11 4
1482078623563 8 -2
1482078626392 0 1
1482078627154 9 1
1482078627872 1 -1
1482078631705 9 -1
1482078632381 9 2
1482078633318 5 -3
1482078634557 5 -1
1482078638187 0 -1
1482078638875 9 -2
1482078640576 2 -1
1482078641272 7 -1
1482078642621 8 1
1482078643545 8 -1
1482078644725 1 3
1482078647578 8 2
1482078649865 11 -3
1482078650731 4 -3
1482078651778 1 -3
1482078653259 10 -2
1482078654469 1 3
1482078659214 11 1
1482078660062 4 1
1482078661529 11 -1
1482078662173 4 -1
1482078663324 10 2
1482078664630 11 3
1482078665552 4 3
1482078666432 8 -2
1482078667811 0 2
1482078669702 11 -1
1482078670391 4 -1
1482078671528 3 -4
1482078675339 0 -2
1482078677268 8 2
1482078679116 11 -2
1482078680692 4 -1
1482078683231 R
1482078686475 4 -1
1482078687341 4 1
1482078688454 1 -2
1482078689974 1 3
1482078690859 0 1
1482078692237 5 -1
1482078692985 9 -1
1482078695309 9 1
1482078696725 7 1
1482078697824 5 1
1482078698681 0 -1
1482078699517 4 -1
1482078700822 3 -4
1482078702170 3 4
1482078703205 4 1
1482078705404 5 -1
1482078707060 1 -3
1482078708131 9 1
1482078708878 2 1
1482078709542 7 1
1482078710704 5 3
1482078711950 0 -1
1482078712616 9 -2
1482078713431 7 -1
1482078714304 8 2
1482078715117 1 1
1482078720308 3 -2
1482078722015 11 4
1482078723730 8 -2
1482078725117 0 1
1482078726040 9 1
1482078727008 5 -4
1482078728745 9 -1
1482078729331 0 -1
1482078729933 2 -1
1482078730622 7 -1
1482078731677 1 -1
1482078735364 1 3
1482078738928 8 2
1482078740339 8 -2
1482078741524 0 2
1482078742205 9 1
1482078743106 5 2
1482078744001 0 -1
1482078746076 1 -3
1482078747175 7 2
1482078748546 1 2
1482078750921 11 -1
1482078752497 4 -1
1482078754081 5 -2
1482078754829 0 -1
1482078755430 9 -1
1482078756287 8 2
1482078757153 11 -2
1482078757812 4 -2
1482078758751 3 -2
1482078759406 10 -2
1482078760034 1 -2
1482078761646 6 -2
1482078763099 7 -2
1482078764222 1 3
1482078765422 6 2
1482078766323 3 4
1482078767753 10 2
1482078768728 11 3
1482078769696 4 3
1482078771257 8 -2
1482078772085 0 2
1482078773310 5 1
1482078774571 0 -1
1482078777453 1 -3
1482078778434 9 2
1482078779600 2 1
1482078780450 7 2
1482078782386 5 3
1482078783347 0 -1
1482078783969 9 -2
1482078784915 8 2
1482078785614 1 1
1482078786704 11 -4
1482078789147 7 -1
1482078792396 8 -2
1482078802050 0 1
1482078802774 9 1
1482078804035 5 -3
1482078805252 9 -1
1482078805914 2 -1
1482078806783 7 -1
1482078807767 1 2
1482078808881 4 -1
1482078810588 0 1
1482078813308 3 -4
1482078816349 0 -1
1482078817294 1 -1
