1482519725574 2 -2
1482519727893 0 1
1482519729006 1 1
1482519730166 2 -1
1482519732759 3 3
1482519736870 2 3
1482519737687 0 -1
1482519738933 1 -1
1482519739758 0 -1
1482519741687 10 -3
1482519743806 5 -2
1482519747278 7 2
1482519749318 8 -1
1482519750038 9 -2
1482519751134 4 -2
1482519752190 6 1
1482519753191 11 1
1482519755885 0 1
1482519756998 1 3
1482519758030 0 -1
1482519759477 10 1
1482519760470 2 -3
1482519763749 5 -1
1482519768542 6 -1
1482519769190 11 -1
1482519770151 4 2
1482519771061 9 2
1482519772101 1 1
1482519772864 8 1
1482519773501 7 -2
1482519774805 10 2
1482519777997 5 3
1482519779477 3 -4
1482519781924 11 -2
1482519783453 11 2
1482519784551 0 2
1482519786526 0 -2
1482519788573 6 -2
1482519790349 11 -2
1482519791693 0 2
1482519792728 2 1
1482519793580 3 2
1482519794717 2 -1
1482519798125 3 -2
1482519801004 11 2
1482519801917 6 2
1482519805637 0 -2
1482519806630 5 -3
1482519808677 11 -2
1482519810364 10 -2
1482519811757 6 -2
1482519813037 7 4
1482519816053 10 2
1482519817085 0 2
1482519819909 8 -2
1482519820662 1 -2
1482519821413 9 -2
1482519822710 4 -2
1482519823573 7 -1
1482519824470 6 3
1482519828799 4 1
1482519829620 10 1
1482519830277 7 -1
1482519831100 11 2
1482519837653 8 1
1482519838662 0 -1
1482519842094 1 1
1482519843757 0 -1
1482519845286 5 1
1482519846076 2 3
1482519847205 3 1
1482519848022 3 -1
1482519849844 2 -3
1482519850652 5 -1
1482519852044 0 2
1482519853196 8 -1
1482519853741 1 -1
1482519856086 11 -2
1482519857077 6 -3
1482519858406 7 2
1482519860285 10 -1
1482519861076 4 1
1482519862645 10 1
1482519869364 7 -2
1482519870692 6 2
1482519871645 11 2
1482519872213 4 -1
1482519873325 4 1
1482519874381 11 -2
1482519874934 6 -2
1482519875709 7 2
1482519876494 10 -1
1482519880344 R
1482519884509 3 3
1482519886973 0 -1
1482519888565 10 -3
1482519891357 10 1
1482519892118 2 -2
1482519895532 5 -2
1482519897924 7 2
1482519899532 8 -1
1482519900390 9 -2
1482519901174 4 -2
1482519937909 11 1
1482519938604 6 1
1482519943629 2 2
1482519944485 10 -1
1482519946750 0 1
1482519947756 1 3
1482519948637 0 -1
1482519953548 11 -1
1482519954180 6 -1
1482519956452 4 1
1482519957180 6 1
1482519958397 9 1
1482519959285 1 1
1482519964221 6 -1
1482519964909 4 1
1482519965869 9 1
1482519966892 8 1
1482519968293 7 -2
1482519970389 10 3
1482519971717 5 2
1482519972780 3 -4
1482519973676 2 -3
1482519980781 11 -2
1482519981621 6 -2
1482519983269 0 2
1482519989124 2 1
1482519990469 3 2
1482519992180 0 -2
1482519993653 10 -1
1482519994309 5 -1
1482521216492 2 -1
1482521217165 3 -2
1482521218293 5 -2
1482521219229 10 -1
1482521220077 7 4
1482521221669 8 -1
1482521222265 1 -1
1482521222957 9 -2
1482521223789 4 -2
1482521226190 10 2
1482521228070 10 -2
1482521228846 10 2
1482521229677 5 3
1482521230509 2 1
1482521232501 3 2
1482521233213 0 2
1482521234020 1 -3
1482521235237 8 -2
1482521239413 4 2
1482521240414 5 1
1482521241278 10 1
1482521242229 7 -4
1482521245541 7 4
1482521246502 5 -1
1482521247180 4 -1
1482521248468 4 1
1482521252173 10 -1
1482521254007 R
1482521312975 2 -2
1482521314495 11 -2
1482521316895 11 2
1482521318423 R
1482521322885 3 3
1482521323654 0 1
1482521325886 1 1
1482521326583 2 -3
1482521329126 0 -1
1482521330014 5 -2
1482521331735 5 -1
1482521332414 0 1
1482521335895 R
1482521338637 3 3
1482521340413 0 1
1482521343143 1 1
1482521344542 1 -1
1482521345574 0 -2
1482521346831 10 -3
1482521349695 0 2
1482521350358 7 1
1482521353678 0 -2
1482521354558 5 -2
1482521355238 7 1
1482521356597 8 -1
1482521357366 0 1
1482521358269 9 -2
1482521359454 4 -2
1482521361318 1 3
1482521364477 0 -1
1482521365597 10 1
1482521367069 2 -3
1482521375501 5 -1
1482521376677 5 1
1482521378279 2 3
1482521379197 10 -1
1482521380285 0 1
1482521381182 1 -3
1482521381781 0 -1
1482521385741 0 1
1482521386302 11 1
1482521386925 6 1
