1482345120509 2 -2
1482345122245 11 -2
1482345123319 6 -2
1482345127816 5 -2
1482345135762 5 2
1482345136510 11 2
1482345137410 6 2
1482345139012 3 3
1482345140166 2 2
1482345141253 1 1
1482345142418 0 1
1482345143926 1 -1
1482345147408 0 -2
1482345148484 10 -3
1482345150394 0 2
1482345152461 7 1
1482345154079 1 4
1482345156101 7 -1
1482345159056 0 -2
1482345160166 10 3
1482345161789 3 -4
1482345164140 2 -3
1482345164928 11 -2
1482345165685 6 -2
1482345167402 0 2
1482345172980 11 2
1482345173612 6 2
1482345175540 2 3
1482345177347 3 4
1482345179418 0 -2
1482345180842 10 -3
1482345185760 5 -2
1482345189073 5 2
1482345190572 3 -1
1482345191556 6 -1
1482345195738 10 3
1482345196527 5 -1
1482345198299 3 -3
1482345201587 5 -1
1482345203881 10 -3
1482345206343 0 1
1482345209556 11 -1
1482345212884 7 2
1482345214142 1 -2
1482345215127 8 -1
1482345216118 9 -2
1482345217453 6 1
1482345218498 6 -1
1482345219398 4 -2
1482345220211 6 2
1482345221257 11 2
1482345228932 1 1
1482345230041 0 -1
1482345231613 10 1
1482345232684 2 -3
1482345233857 5 -1
1482345238772 5 1
1482345240633 2 3
1482345241626 10 -1
1482345242727 0 1
1482345245289 1 -1
1482345250540 1 1
1482345255468 0 -1
1482345256550 10 1
1482345258247 2 -3
1482345259729 5 -1
1482345263880 11 -3
1482345264887 6 -3
1482345266105 7 2
1482345267179 10 2
1482345270261 5 3
1482345273087 0 2
1482345274092 2 1
1482345279275 1 -1
1482345279927 8 -1
1482345284164 2 -1
1482345285935 3 2
1482345287386 1 -1
1482345288019 8 -1
1482345289160 2 1
1482345289952 1 -1
1482345291983 8 2
1482345293272 0 -2
1482345298453 3 -1
1482345301006 5 -2
1482345302325 7 -1
1482345303209 6 3
1482345305824 4 1
1482345306567 10 1
1482345307741 7 -1
1482345308542 11 2
1482345309999 2 2
1482345317993 11 -1
1482345320763 11 1
1482345323310 6 -2
1482345324192 4 1
1482345325079 6 1
1482345328841 2 -2
1482345331660 2 2
1482345339013 R
1482345342906 2 -2
1482345343865 6 -2
1482345344601 11 -2
1482345345753 6 2
1482345346346 6 -2
1482345349181 0 1
1482345350176 1 1
1482345351132 2 -1
1482345352584 3 1
1482345356673 11 2
1482345357427 6 2
1482345358782 3 2
1482345359941 2 3
1482345361818 1 -1
1482345363407 1 1
1482345364433 2 -3
1482345365174 3 -3
1482345365878 11 -2
1482345366537 6 -2
1482345369056 3 1
1482345369625 2 1
1482345371442 1 -1
1482345373797 0 -2
1482345374962 11 2
1482345375543 6 2
1482345376347 2 2
1482345377670 3 2
1482345378829 10 -3
1482345381472 0 2
1482345385995 3 -1
1482345386641 6 -1
1482345389218 6 1
1482345390874 3 1
1482345393106 0 -2
1482345394486 5 -2
1482345396781 7 2
1482345398108 8 -1
1482345399222 9 -2
1482345400914 10 1
1482345402163 2 -2
1482345408081 4 -2
1482345409025 11 1
1482345409541 6 1
1482345414391 2 2
1482345416430 10 -1
1482345426294 0 1
1482345427340 1 3
1482345431072 0 -1
1482345432380 10 1
1482345433424 2 -3
1482345434670 5 -1
1482345442068 6 -1
1482345442729 11 -1
1482345444077 4 2
1482345446526 9 2
1482345447541 1 1
1482345448147 8 1
1482345449365 7 -2
1482345450196 10 2
1482345451772 5 3
1482345453522 3 -4
1482345454241 11 -2
1482345454812 6 -2
1482345456108 0 2
1482345458453 11 2
1482345459573 6 2
1482345462268 0 -2
1482345462981 0 2
1482345467458 2 3
1482345472536 3 4
1482345475907 2 -3
1482345479761 3 -4
1482345480823 11 -2
1482345481556 6 -2
1482345486266 2 1
1482345491383 0 -2
1482345492634 5 -2
1482345494434 2 -1
1482345494984 5 -1
1482345496456 0 2
1482345497513 11 2
1482345498178 6 2
1482345503373 11 -2
1482345504093 6 -2
1482345533517 11 2
1482345534158 6 2
1482345539262 0 -2
1482345542044 5 3
1482345545340 3 4
1482345548131 2 3
1482345549367 10 -3
1482345553957 5 -2
1482345555429 0 1
1482345557617 5 2
1482345558429 0 1
1482345560451 0 -2
1482345561644 10 3
1482345562630 0 2
1482345563723 3 -4
1482345565759 2 -3
1482345568809 11 -1
1482345569584 11 -1
1482345572463 11 2
1482345573714 3 2
1482345574743 11 -1
1482345575947 11 1
1482345577063 6 -2
1482345578994 3 1
1482345583119 2 2
1482345589652 2 -2
1482345590304 3 -3
1482345591399 6 2
1482345592435 11 -2
1482345598911 0 -2
1482345599714 10 -2
1482345601206 5 -3
1482345603378 11 2
1482345607106 7 2
1482345608193 5 1
1482345609072 2 3
1482345610266 10 -1
1482345611354 0 1
1482345612807 7 -2
1482345613408 5 2
1482345615121 11 -1
1482345615802 6 -1
1482345616892 0 1
1482345620256 0 -2
1482345621735 5 -2
1482345622284 11 1
1482345622817 6 1
1482345624243 5 2
1482345633598 10 3
1482345635383 3 4
1482345637894 10 -2
1482345638748 5 -2
1482345639590 7 2
1482345640819 8 -1
1482345641363 1 -1
1482345642255 9 -2
1482345643172 4 -2
1482345644067 11 1
1482345644682 6 1
1482345646208 2 -3
1482345647489 5 -1
1482345648595 5 1
1482345652500 2 3
1482345653246 10 -1
1482345654112 0 1
1482345657638 1 -3
1482345661702 0 -1
1482345663655 10 1
1482345664607 2 -2
1482345669684 11 -1
1482345670376 6 -1
1482345671217 6 1
1482345671748 11 1
1482345674535 2 2
1482345676195 10 -1
1482345677376 0 1
1482345679145 0 -1
1482345683092 0 1
1482345684974 1 3
1482345686339 0 -1
1482345687563 10 1
1482345688310 2 -3
1482345689189 5 -1
1482345694818 11 -1
1482345695769 4 1
1482345697898 4 -1
1482345698535 6 -1
1482345699143 4 2
1482345700984 9 2
1482345704103 8 1
1482345704566 1 1
1482345705672 7 -2
1482345707574 10 2
1482345709556 0 2
1482345714791 0 -2
1482345715564 10 -2
1482345717435 5 3
1482345717992 10 2
1482345718773 2 3
1482345720720 3 -4
1482345721727 2 -3
1482345722406 11 -2
1482345722982 6 -2
1482345723898 0 2
1482345726190 11 2
1482345726873 6 2
1482345727891 0 -2
1482345728600 5 -3
1482345731829 10 -2
1482345733710 7 2
1482345734809 8 -1
1482345735297 1 -1
1482345735937 9 -2
1482345736571 4 -2
1482345737126 11 1
1482345737701 6 1
1482345740174 5 1
1482345740871 2 3
1482345741737 10 -1
1482345742546 0 1
1482345750501 11 -2
1482345750960 6 -2
1482345753296 4 2
1482345754328 11 1
1482345755270 6 1
1482345757867 4 -2
1482345758386 11 1
1482345758904 6 1
1482345764999 1 -1
1482345773183 11 -2
1482345774621 6 -1
1482345775491 11 2
1482345776567 11 -1
1482345778757 4 2
1482345780324 9 2
1482345781341 8 1
1482345782772 1 2
1482345785577 7 -2
1482345786910 5 2
1482345789674 0 1
1482345791272 0 -2
1482345792697 10 3
1482345794415 2 -3
1482345795637 11 -2
1482345796362 6 -2
1482345798008 11 1
1482345801465 5 -3
1482345805348 0 2
1482345807067 11 1
1482345807646 6 2
1482345810264 0 -2
1482345811022 10 -2
1482345812402 5 3
1482345814119 10 2
1482345815068 0 2
1482345817229 11 -2
1482345818160 6 -2
1482345819592 6 2
1482345820251 11 2
1482345821288 2 3
1482345821956 3 4
1482345823389 0 -2
1482345824132 10 -3
1482345825129 0 2
1482345829908 3 -1
1482345830660 6 -1
1482345831901 6 1
1482345834937 0 -2
1482345835760 10 3
1482345837046 3 -3
1482345838741 0 2
1482345840377 0 -2
1482345841003 10 -2
1482345842365 10 -1
1482345844017 0 2
1482345848648 11 -1
1482345849118 6 -1
1482345851223 0 -2
1482345851829 10 3
1482345853178 0 2
1482345854148 2 -3
1482345856349 11 -1
1482345856859 6 -1
1482345858144 11 2
1482345858713 6 2
1482345860035 U
1482345864642 R
1482345866647 2 -2
1482345867415 11 -2
1482345868048 6 -2
1482345869074 0 1
1482345870780 1 1
1482345871651 2 -1
1482345872811 3 1
1482345874541 0 -1
1482345875891 5 -1
1482345877359 11 2
1482345877955 6 2
1482345878696 2 3
1482345879997 3 2
1482345880852 1 -1
1482345882219 0 -1
1482345883135 10 -3
1482345884389 0 1
1482345885664 0 -1
1482345889706 7 1
1482345890668 0 1
1482345892731 1 4
1482345894095 7 -1
1482345895187 5 1
1482345896109 0 -1
1482345896850 10 3
1482345898185 2 -3
1482345898846 3 -4
1482345900630 11 -2
1482345901473 6 -2
1482345902726 0 2
1482345905317 3 2
1482345906236 3 -2
1482345907088 3 2
1482345907886 2 1
1482345911602 11 2
1482345912530 6 2
1482345913382 2 2
1482345913940 3 2
1482345915486 0 -2
1482345916298 10 -3
1482345917867 5 -2
1482345918517 0 1
1482345919686 0 -1
1482345920617 5 2
1482345921352 7 1
1482345922105 0 2
1482345922906 1 -4
1482345924124 7 -1
1482345925730 0 -2
1482345926609 5 -2
1482345927300 7 2
1482345928567 8 -1
1482345929208 9 -2
1482345930025 4 -2
1482345930679 11 1
1482345931250 6 1
1482345933432 0 1
1482345934438 1 3
1482345935931 0 -1
1482345942762 0 1
1482345943382 1 -3
1482345946952 0 -1
1482345948233 10 1
1482345949136 2 -2
1482345952595 11 -1
1482345953384 6 -1
1482345955453 4 2
1482345958209 2 2
1482345960756 10 -1
1482345962002 0 1
1482345963970 1 3
1482345965383 0 -1
1482345965995 10 1
1482345967006 2 -3
1482345968081 5 -1
1482345970014 4 -2
1482345970855 11 1
1482345971346 6 1
1482345987653 5 1
1482345988321 2 3
1482345989261 10 -1
1482345989979 0 1
1482345995291 11 -1
1482345996010 6 -1
1482345997527 4 2
1482345999215 9 2
1482346000176 8 1
1482346001022 7 -1
1482346001675 5 2
1482346002762 0 1
1482346005469 1 -3
1482346006929 7 -1
1482346011301 0 -2
1482346012027 5 -2
1482346012770 0 1
1482346013630 0 -1
1482346014547 10 3
1482346015327 5 2
1482346016033 0 2
1482346017046 2 -2
1482346017756 3 -3
1482346018329 11 -2
1482346019027 6 -2
1482346022224 11 2
1482346022847 6 2
1482346025710 3 3
1482346026237 2 2
1482346028726 1 1
1482346030800 0 -1
1482346032796 2 -3
1482346034315 5 -2
1482346035198 5 -1
1482346035839 0 1
1482346047221 0 -1
1482346048035 5 3
1482346049156 3 -3
1482346049906 11 -2
1482346051044 11 2
1482346051937 0 1
1482346053035 6 -2
1482346055555 11 -2
1482346057783 2 1
1482346058386 3 1
1482346059122 1 -1
1482346060636 3 -1
1482346065187 11 2
1482346065823 6 2
1482346067089 2 2
1482346068404 3 3
1482346071071 0 -2
1482346071957 10 -3
1482346073732 0 2
1482346077018 1 1
1482346079139 0 -1
1482346081065 5 -2
1482346084354 5 2
1482346085287 0 1
1482346085851 3 -1
1482346086786 1 -1
1482346145076 1 1
1482346149053 1 -1
1482346149826 0 -2
1482346151019 10 3
1482346152132 3 -2
1482346153009 2 -2
1482346154241 6 -2
1482346154881 11 -2
1482346155872 0 2
1482346163385 0 -2
1482346164276 5 -2
1482346165521 10 -1
1482346168353 10 1
1482346170040 5 2
1482346171869 11 2
1482346172626 6 2
1482346173770 0 2
1482346174989 3 3
1482346176325 2 2
1482346178568 0 -2
1482346179381 10 -3
1482346181036 7 1
1482346182579 5 -2
1482346183287 7 1
1482346184205 8 -1
1482346184861 9 -2
1482346185753 4 -2
1482346187614 11 1
1482346188386 6 1
1482346190540 10 1
1482346191615 2 -2
1482346196805 2 2
1482346273817 R
1482346275447 2 -2
1482346276181 11 -2
1482346276796 6 -2
1482346277917 5 -2
1482346280077 6 2
