1482339662739 3 3
1482339664923 0 -1
1482339666442 10 -3
1482339670179 5 -2
1482339672779 7 2
1482339674259 0 1
1482339674907 0 -1
1482339676332 8 -1
1482339677123 9 -2
1482339678571 4 -2
1482339679309 11 1
1482339679939 6 1
1482339683570 0 1
1482339686787 0 -1
1482339692906 11 -1
1482339693842 6 -1
1482339694682 4 2
1482339695610 9 2
1482339696714 8 1
1482339697353 7 -2
1482339698354 5 2
1482339699946 0 2
1482339701225 7 1
1482339702779 0 -1
1482339703906 5 -2
1482339704978 7 1
1482339705618 0 -1
1482339706818 0 1
1482339707738 8 -1
1482339708562 9 -2
1482339710570 9 2
1482339711714 8 1
1482339712385 7 -2
1482339713834 7 2
1482339714610 0 -1
1482339715618 7 -2
1482339716433 5 2
1482339717289 0 2
1482339718409 7 1
1482339724186 0 -1
1482339725770 5 -2
1482339726754 7 1
1482339729137 1 4
1482339732571 0 -1
1482339734009 8 -1
1482339735321 8 1
1482339736730 7 -2
1482339737554 5 2
1482339739250 0 2
1482339740162 7 1
1482339741522 1 -4
1482339744938 7 -1
1482339746771 7 1
1482339748747 0 -1
1482339750059 5 -2
1482339751003 7 1
1482339752210 8 -1
1482339752906 9 -2
1482339753842 4 -2
1482339754595 11 1
1482339755467 6 1
1482339760890 0 -1
1482339762211 10 1
1482339764292 10 -1
1482339764979 0 1
1482339765779 1 2
1482339767787 1 1
1482339768762 0 -1
1482339769484 10 1
1482339770290 2 -3
1482339771754 5 -1
1482339775108 11 -1
1482339776131 4 1
1482339776795 9 1
1482339777483 1 1
1482339782155 5 1
1482339784410 2 3
1482339785707 10 -1
1482339786882 0 1
1482339788733 1 -4
1482339791771 0 -1
1482339793827 0 1
1482339796891 9 -1
1482339798467 4 -1
1482339799795 11 1
1482339803691 0 -1
1482339814122 0 1
1482339816218 1 3
1482339817203 0 -1
1482339818770 10 1
1482339819851 2 -3
1482339821361 5 -1
1482339822617 5 1
1482339826194 11 -1
1482339827266 4 1
1482339828866 9 1
1482339830124 9 -1
1482339831138 9 1
1482339831986 1 1
1482339837802 5 -1
1482339838818 5 1
1482339842626 6 -1
1482339844322 4 1
1482339845394 9 1
1482339846434 8 1
1482339847146 7 -2
1482339849810 10 2
1482339850530 5 2
1482339851530 0 2
1482339852490 3 -4
1482339853770 11 -2
1482339855034 6 -2
1482339858666 11 2
1482339860074 6 2
1482339861498 2 3
1482339862330 3 4
1482339869987 3 -4
1482339871435 2 -3
1482339872915 11 -2
1482339874259 6 -2
1482339881043 0 -2
1482339882731 5 -3
1482339883931 0 2
1482339892051 0 -2
1482339893402 10 -2
1482339894883 7 4
1482339895988 1 -1
1482339896604 8 -1
1482339897203 9 -2
1482339897931 4 -2
1482339899043 7 -2
1482339900723 11 3
1482339901691 6 3
1482339902996 6 -3
1482339904171 11 -3
1482339907275 7 2
1482339908195 10 2
1482339909226 0 2
1482339910080 1 -1
1482339911090 8 -1
1482339912643 7 -1
1482339914043 6 3
1482339916547 4 1
1482339917755 10 1
1482339918595 7 -1
1482339919739 11 2
1482339921323 6 -3
1482339922490 4 1
1482339925979 4 -1
1482339927506 11 -2
1482339929315 7 1
1482339930994 10 -1
1482339931706 4 -1
1482339933346 6 3
1482339940018 6 -3
1482339940963 7 1
1482339942401 4 2
1482339943578 10 1
1482339946941 8 1
1482339947571 1 1
1482339948570 0 -2
1482339951642 5 4
1482339954778 2 1
1482339957242 7 -2
1482339958250 11 2
1482339961626 0 2
1482339963185 6 2
1482339966738 11 -2
