1482839134301 0 1
1482839136906 0 -2
1482839146500 0 2
1482839147780 3 2
1482839154806 2 -2
1482839156624 6 -2
1482839159487 3 -1
1482839160630 11 -2
1482839169332 0 -2
1482839170579 10 -1
1482839171690 5 -1
1482839188977 11 2
1482839190214 6 2
1482839191475 3 2
1482839193725 2 2
1482839195353 10 -2
1482839196773 5 -1
1482839198325 0 1
1482839199526 7 2
1482839201463 8 -1
1482839202685 9 -2
1482839204345 4 -2
1482839205931 11 1
1482839206937 6 1
1482839213676 1 3
1482839216091 11 -1
1482839217247 6 -1
1482839219529 4 2
1482839221110 9 2
1482839222174 8 1
1482839223126 1 1
1482839224420 7 -2
1482839229503 0 -1
1482839230723 10 3
1482839231755 5 2
1482839233053 3 -4
1482839234909 2 -3
1482839239019 0 2
1482839241286 11 -2
1482839242813 6 -2
1482839244948 0 -2
1482839248189 5 -2
1482839249616 5 -1
1482839252550 10 -2
1482839256919 7 2
1482839258109 8 -1
1482839259163 1 -1
1482839260476 9 -2
1482839261985 4 -2
1482839263279 11 3
1482839264389 6 3
1482839268649 5 1
1482839269657 2 3
1482839271433 10 -1
1482839274563 10 1
1482839276554 2 -2
1482839279034 2 -1
1482839282444 5 -1
1482839285264 11 -2
1482839287374 6 -2
1482839290695 11 -1
1482839292000 6 -1
1482839295433 7 1
1482839296574 10 2
1482839297723 0 2
1482839300238 3 1
1482839302496 8 -1
1482839303700 1 -1
1482839305047 1 -1
1482839309398 1 1
1482839314332 3 -1
1482839320127 4 1
1482839321400 10 1
1482839322489 7 -1
1482839324842 11 2
1482839332217 3 1
1482839333393 1 -1
1482839337294 6 3
1482839338879 11 -2
1482839340506 7 1
1482839343483 10 -1
1482839345136 4 -1
1482839347734 8 1
1482839348878 1 2
1482839349932 3 -1
1482839353819 6 -3
1482839355145 7 1
1482839357724 4 2
1482839360311 8 -1
1482839362052 1 -1
1482839366890 10 1
1482839368489 7 -2
1482839372234 11 2
1482839375779 4 -1
1482839378807 6 1
1482839380572 6 2
1482839384398 11 -2
1482839385744 7 1
1482839387107 10 -1
1482839388583 4 -1
1482839390897 6 -3
1482839392476 7 1
1482839394964 8 1
1482839396738 0 -1
1482839398696 7 -1
1482839399958 6 3
1482839403625 1 1
1482839405164 0 -1
1482839406900 10 -2
1482839408630 7 -1
1482839410429 11 3
1482839412982 5 1
1482839414308 2 3
1482839415983 10 -1
1482839417189 0 1
1482839418691 1 -1
1482839422980 11 -2
1482839424783 6 -1
1482839426350 6 -1
1482839427900 4 1
1482839429836 9 1
1482839430799 4 1
1482839431870 9 1
1482839433021 8 1
1482839434074 1 2
1482839435200 7 -1
1482839436536 7 -1
1482839439380 5 2
1482839440616 0 1
1482839443558 0 -1
1482839445010 0 -1
1482839446136 10 3
1482839447281 0 2
1482839448679 3 2
1482839450662 2 -2
1482839453067 11 -1
1482839454221 6 -1
1482839455993 2 -1
1482839457059 3 -1
1482839459467 0 -1
1482839461280 5 -3
1482839465589 0 1
1482839467918 3 -1
1482839470127 0 -1
1482839471625 0 1
1482839473705 0 -2
1482839475031 10 -2
1482839483860 7 2
1482839485082 8 -1
1482839486226 1 -1
1482839487469 9 -2
1482839493462 7 2
1482839494554 10 3
1482839498507 10 -1
1482839501366 5 3
1482839502806 4 -2
1482839510091 4 2
1482839511150 5 1
1482839512140 10 1
1482839513397 7 -2
1482839515061 0 2
1482839516731 8 -1
1482839517801 1 -1
1482839520778 11 2
1482839521814 6 2
1482839525409 3 2
1482839527187 8 -1
1482839528366 1 -1
1482839529557 7 -2
1482839531285 10 -1
1482839532703 5 -1
1482839533890 4 -2
1482839534996 11 1
1482839536085 6 1
1482839537585 0 1
1482839540332 0 1
1482839543513 0 1
