1482920084398 2 -2
1482920086235 11 -2
1482920087420 6 -2
1482920091306 1 1
1482920092382 2 -1
1482920096668 5 -3
1482920103526 R
1482920121966 1 1
1482920122972 2 -3
1482920123878 6 -2
1482920124605 11 -2
1482920128975 11 2
1482920129668 6 2
1482920130467 2 3
1482920137728 3 3
1482920141148 1 -1
1482920143924 0 -1
1482920144998 10 -3
1482920146628 5 -2
1482920149012 7 2
1482920152492 8 -1
1482920153252 9 -2
1482920153910 4 -2
1482920155047 11 1
1482920155508 6 1
1482920162810 0 1
1482920163837 1 3
1482920170884 0 -1
1482920173117 10 1
1482920173780 2 -3
1482920175069 5 -1
1482920200653 5 1
1482920201434 2 3
1482920203839 10 -1
1482920207125 0 1
1482920208024 1 -3
1482920210950 0 -1
1482920225030 10 1
1482920225860 2 -2
1482920227822 2 2
1482920229275 10 -1
1482920230718 0 1
1482920231670 1 3
1482920236134 0 -1
1482920237542 10 1
1482920238170 2 -3
1482920247975 6 -1
1482920248575 11 -1
1482920249442 11 1
1482920249877 6 1
1482920251236 5 -1
1482920253182 11 -1
1482920254126 5 1
1482920255039 6 -1
1482920258166 4 2
1482920260534 9 2
1482920261234 8 1
1482920261640 1 1
1482920262198 7 -2
1482920268407 10 2
1482920268991 5 2
1482920270807 3 -3
1482920272359 3 -1
1482920280907 6 -2
1482920281776 11 -2
1482920283271 5 -3
1482920289447 10 -2
1482920290439 7 4
1482920292773 R
1482920310736 0 -1
1482920312368 2 -2
1482920314104 10 -1
1482920315144 5 -2
1482920320144 R
1482920381020 R
1482920383722 R
1482920394264 3 3
1482920403818 5 -2
1482920405239 0 -1
1482920406298 10 -3
1482920407834 7 2
1482920409426 8 -1
1482920410946 9 -2
1482920411808 4 -2
1482920413661 11 1
1482920414239 6 1
1482920421018 10 1
1482920421779 2 -2
1482920427274 11 -1
1482920427737 6 -1
1482920428853 11 1
1482920429282 6 1
1482920431222 2 2
1482920432834 10 -1
1482920435794 0 1
1482920437011 1 3
1482920439434 0 -1
1482920444117 10 1
1482920444968 2 -3
1482920446050 5 -1
1482920454466 11 -1
1482920456789 4 1
1482920457920 9 1
1482920458633 1 1
1482920463955 6 -1
1482920464703 4 1
1482920465315 9 1
1482920466100 8 1
1482920474517 5 1
