1482340975736 3 2
1482340977006 3 1
1482340980722 5 -2
1482340984825 0 -1
1482340987335 10 -3
1482340993186 7 2
1482340994412 10 1
1482340997317 8 -1
1482340999552 9 -2
1482341004004 10 -1
1482341007741 4 -2
1482341008607 6 1
1482341009475 11 1
1482341014681 10 1
1482341017036 2 -2
1482341022800 2 2
1482341045811 11 -1
1482341046886 6 -1
1482341048581 4 2
1482341049953 9 2
1482341052212 8 1
1482341059134 8 -1
1482341060145 9 -1
1482341061858 4 -1
1482341062863 6 1
1482341080760 10 -1
1482341084121 9 -1
1482341085116 4 -1
1482341086206 11 1
1482341129542 10 1
1482341132948 11 -1
1482341133811 6 -1
1482341138563 4 2
1482341139853 9 2
1482341140760 8 1
1482341142910 7 -2
1482341144060 10 2
1482341145101 0 1
1482341146363 1 1
1482341147604 2 -3
1482341148909 5 -1
1482341163578 5 3
1482341176315 3 -1
1482341183417 3 -2
1482341186260 11 -2
1482341187373 6 -2
1482341190243 5 -3
1482341192674 0 1
1482341214208 6 2
1482341215227 11 2
1482341225631 11 -2
1482341226574 6 -2
1482341270605 6 2
