1484164191641 3 3
1484164203367 0 1
1484164205793 0 -2
1484164209432 0 1
1484164212256 0 -1
1484164213574 10 -3
1484164215216 5 -2
1484164216884 7 2
1484164218197 8 -1
1484164219405 9 -2
1484164220909 4 -2
1484164222199 11 1
1484164223327 6 1
1484164225717 10 1
1484164227299 2 -2
1484164236503 11 -1
1484164237618 6 -1
1484164238677 4 2
1484164239838 9 2
1484164240943 8 1
1484164242823 7 -2
1484164243938 10 2
1484164245112 5 2
1484164246535 2 2
1484164248146 10 -3
1484164249236 0 2
1484164250480 7 1
1484164251699 1 4
1484164253014 0 -2
1484164254795 7 -1
1484164256236 5 -2
1484164258498 10 1
1484164259876 2 -3
1484164262146 5 -1
1484164264937 10 2
1484164266274 0 2
1484164273102 0 -1
1484164275806 5 2
1484164277903 0 -1
1484164279067 10 -2
1484164280158 7 1
1484164281233 5 -2
1484164282813 7 1
1484164284050 1 -1
1484164285404 8 -1
1484164286626 9 -2
1484164287986 4 -2
1484164288982 11 1
1484164290172 6 1
1484164291813 5 1
1484164293077 2 3
1484164294510 10 -1
1484164295529 0 1
1484164296860 1 -3
1484164298479 0 -1
1484164300141 0 1
1484164305330 0 -1
1484164308158 10 1
1484164309405 2 -2
1484164314108 11 -1
1484164315291 6 -1
1484164316445 4 2
1484164318026 9 2
1484164318990 8 1
1484164320169 7 -2
1484164321190 10 2
1484164322296 5 2
1484164323480 0 2
1484164325448 3 -3
1484164328443 11 -2
1484164329506 6 -2
1484164332571 3 1
1484164333786 1 1
1484164334928 2 -1
1484164336366 0 -1
1484164337441 3 -1
1484164338905 5 -3
1484164341347 11 2
1484164342819 6 2
1484164345879 11 -2
1484164346968 0 1
1484164348323 11 2
1484164352998 0 -1
1484164354778 5 3
1484164357854 3 1
1484164359758 2 1
1484164361381 1 -1
1484164362596 0 -1
1484164363754 10 -1
1484164364734 5 -1
1484164367155 3 2
1484164368341 10 -1
1484164369417 5 -1
1484164370703 7 2
1484164371923 8 -1
1484164373052 9 -1
1484164375223 9 -1
1484164377326 4 -2
1484164380102 2 1
1484164382737 11 1
1484164385043 6 1
1484164386748 2 1
1484164387831 10 -1
1484164388869 0 1
1484164391083 1 3
1484164392785 0 -1
1484164395400 10 1
1484164396547 2 -3
1484164397727 5 -1
1484164399511 11 -1
1484164400628 6 -1
1484164402111 4 1
1484164403760 9 1
1484164404831 1 1
1484164408237 5 1
1484164409411 2 3
1484164410978 10 -1
1484164412107 0 1
1484164415577 4 1
1484164416595 9 1
1484164417612 8 1
1484164419288 7 -2
1484164420331 5 2
1484164421604 0 1
1484164422845 0 -2
1484164423817 10 3
1484164425147 0 2
1484164426326 2 -3
1484164427612 3 -4
1484164429804 11 -2
1484164431060 6 -2
1484164433302 0 -2
1484164435247 5 -3
1484164436365 10 -2
1484164437801 7 4
1484164439240 8 -1
1484164440300 1 -1
1484164441330 9 -2
1484164445111 10 3
1484164446138 5 4
1484164449095 5 -4
1484164453479 10 -1
1484164455747 4 -2
1484164458060 7 -1
1484164459642 6 3
1484164461604 5 1
1484164462697 2 1
1484164463737 3 1
1484164464705 0 1
1484164465798 1 -3
1484164467086 0 -1
1484164470640 10 -1
1484164472550 4 1
1484164473701 10 2
1484164474945 7 -1
1484164476304 11 2
1484164478537 2 2
1484164481318 0 1
1484164483197 1 3
1484164484797 3 -1
1484164485945 2 -3
1484164487590 5 -1
1484164488985 0 1
1484164490075 8 -1
1484164491130 1 -1
1484164493559 11 -2
1484164494602 6 -3
1484164496599 7 2
1484164498278 10 -1
1484164499520 4 -1
1484164500623 7 -1
1484164504145 8 1
1484164505415 1 1
1484164508947 7 1
1484164514845 7 -1
1484164517936 4 2
1484164519785 10 1
1484164523519 4 -1
1484164525038 3 1
1484164526497 1 -2
1484164527619 8 -1
1484164528818 10 -1
1484164530001 10 1
1484164531060 7 -1
1484164533148 11 2
1484164537427 1 2
1484164538735 8 1
1484164539900 3 -1
1484164541818 0 -2
1484164543640 11 -2
1484164545034 7 2
1484164546171 10 -3
1484164547427 7 -2
1484164548705 4 -1
1484164549650 11 3
1484164551048 6 3
1484164552784 5 1
1484164554742 2 3
1484164556907 10 -1
1484164559125 0 1
1484164560236 1 -1
1484164563224 11 -2
1484164564408 6 -2
1484164567032 4 1
1484164569494 9 1
1484164574492 4 1
1484164575635 9 1
1484164576641 8 1
1484164577880 7 -1
1484164578978 5 2
1484164580176 0 1
1484164583033 1 2
1484164584265 7 -1
1484164585837 0 -2
1484164587071 5 -2
1484164588873 7 2
1484164590991 0 1
1484164592027 1 -2
1484164593079 8 -1
1484164594289 9 -1
1484164595416 9 -1
1484164597237 4 -2
1484164598256 11 2
1484164599331 6 2
1484164602753 1 1
1484164603913 0 -1
1484164606327 10 1
1484164607477 2 -3
1484164608786 5 -1
1484164610168 11 -3
1484164611216 6 -3
1484164612396 7 2
1484164613798 10 2
1484164615053 0 2
1484164616409 8 -1
1484164617466 1 -1
1484164619945 3 1
1484164621091 1 -1
1484164625371 4 1
1484164628508 10 1
1484164629790 7 -2
1484164634563 7 1
1484164639183 10 -1
1484164641830 9 1
1484164642823 4 1
1484164644599 9 1
1484164646573 8 2
1484164649395 8 -1
1484164651255 9 -2
1484164652547 10 1
1484164654282 7 -1
1484164657757 4 -1
1484164660287 8 -1
1484164675576 8 1
1484164676692 8 -1
1484164678191 4 1
1484164679203 7 2
1484164681054 8 1
1484164682178 0 -1
1484164683752 1 2
1484164685645 5 4
1484164687414 0 1
1484164689856 3 1
1484164690860 8 -2
1484164692304 7 -3
1484164695267 1 -2
1484164696507 7 -1
1484164698152 10 -1
1484164699140 5 -1
1484164700427 4 -2
1484164701679 11 3
1484164702854 6 3
1484164704451 0 2
1484164705952 0 1
