1481222365200 2 -2
1481222366553 6 -2
1481222367266 11 -2
1481222368811 5 -2
1481222373415 6 2
1481222373890 11 2
1481222374413 2 2
1481222376547 0 -1
1481222377243 5 2
1481222377714 3 3
1481222378408 10 -3
1481222380066 5 -2
1481222382667 7 2
1481222383522 8 -1
1481222384075 9 -2
1481222384818 4 -2
1481222385643 11 1
1481222386330 6 1
1481222388967 10 1
1481222389634 2 -2
1481222392844 2 2
1481222394299 10 -1
1481222395027 0 1
1481222395598 1 3
1481222398307 0 -1
1481222399258 10 1
1481222400098 2 -3
1481222400946 5 -1
1481222409051 5 1
1481222409541 2 3
1481222410394 10 -1
1481222412018 0 1
1481222413698 1 -3
1481222415291 1 3
1481222416290 0 -1
1481222419178 10 1
1481222421778 2 -3
1481222423115 5 -1
1481222440931 5 1
1481222441723 2 3
1481222443531 10 -1
1481222444164 0 1
1481222444779 1 -3
1481222451084 R
1481222455933 3 3
1481222456971 0 1
1481222460763 0 -2
1481222461460 10 -3
1481222463344 5 -2
1481222466811 7 2
1481222470996 7 -2
1481222472275 5 2
1481222473899 10 3
1481222474855 2 -2
1481222476067 3 -3
1481222476939 6 -2
1481222477659 11 -2
1481222478421 5 -2
1481222479083 10 -1
1481222483172 5 2
1481222483724 11 2
1481222484548 3 2
1481222485547 10 -1
1481222486939 2 1
1481222489908 6 2
1481222491325 2 1
1481222492493 10 -1
1481222495107 0 2
1481222498907 7 1
1481222502836 1 4
1481222505300 7 -1
1481222506379 0 -2
1481222507491 10 3
1481222509423 3 -3
1481222510917 2 -3
1481222512909 11 -2
1481222515260 6 -2
1481222516195 5 -3
1481222517219 10 -2
1481222519132 7 4
1481222520404 8 -1
1481222521596 1 -1
1481222522532 9 -2
1481222523500 10 3
1481222524956 5 4
1481222527827 5 -4
1481222528892 7 -2
1481222529876 7 2
1481222531867 4 -1
1481222533131 7 -2
1481222534256 6 3
1481222539116 7 1
1481222540236 10 -3
1481222542419 4 -1
1481222543483 7 -1
1481222544899 11 3
1481222549363 5 1
1481222550228 2 3
1481222550796 10 -1
1481222552572 0 1
1481222558740 0 -1
1481222559380 10 1
1481222560027 2 -3
1481222560740 5 -1
1481222561508 11 -3
1481222563020 6 -3
1481222564044 7 2
1481222565139 10 2
1481222565636 4 2
1481222566244 10 1
1481222568003 7 -2
1481222569827 11 2
1481222571388 4 -1
1481222572091 6 3
1481222574011 0 2
1481222575883 8 -1
1481222576499 1 -1
1481222582726 11 -2
1481222583824 6 -3
1481222588468 4 1
1481222589228 7 2
1481222590435 10 -1
1481222591099 4 -2
1481222592131 7 -1
1481222593109 6 3
1481222595932 4 1
1481222596671 10 1
1481222597347 7 -1
1481222598051 11 2
1481222602483 11 -2
1481222605468 7 1
1481222608780 R
1481222609987 3 3
1481222611931 0 1
1481222616675 2 -2
1481222617555 3 -3
1481222618347 11 -2
1481222618964 6 -2
1481222624011 0 -2
1481222624755 5 -2
1481222626203 10 -1
1481222628716 11 2
1481222629651 6 2
1481222631611 5 2
1481222632475 3 3
1481222633564 10 -1
1481222637044 5 -2
1481222637988 7 2
1481222639556 8 -1
1481222640243 9 -2
1481222644780 2 2
1481222645603 10 -1
1481222648178 0 1
1481222648900 1 3
1481222650355 0 -1
1481222651388 10 1
1481222653169 4 -2
1481222654077 11 1
1481222654587 6 1
1481222658668 10 -1
1481222659684 0 1
1481222660292 1 -3
1481222667108 0 -1
1481222668027 10 1
1481222669075 2 -2
1481222677261 2 2
1481222678104 10 -1
1481222679708 0 1
1481222680572 1 3
1481222681245 0 -1
1481222682051 10 1
1481222683196 2 -3
1481222684325 5 -1
1481222686812 11 -1
1481222687371 6 -1
1481222688057 4 2
1481222688955 9 2
1481222689659 1 1
1481222690212 8 1
1481222690676 7 -2
1481222691803 10 2
1481222696740 5 3
1481222698684 0 2
1481222704500 3 -4
1481222706860 11 -2
1481222707948 6 -2
1481222709436 0 -2
1481222711204 5 -3
1481222712404 0 2
1481222713488 0 -2
1481222714659 10 -2
1481222715783 7 4
1481222717092 8 -1
1481222717797 1 -1
1481222718452 9 -2
1481222719228 4 -2
1481222720211 10 2
1481222721438 0 2
1481222722420 1 -1
1481222723108 8 -1
1481222724773 4 2
1481222725428 10 1
1481222726380 7 -2
1481222728907 4 -1
1481222729639 6 3
1481222730900 11 2
1481222735668 11 -2
1481222737100 6 -3
1481222738875 4 1
1481222739716 7 2
1481222741380 10 -1
1481222742188 8 1
1481222742692 1 1
1481222746253 7 -1
1481222746770 6 2
1481222751403 6 -2
1481222752619 7 1
1481222753547 10 1
1481222755523 0 -2
1481222756281 5 4
1481222763043 2 1
1481222763875 3 2
1481222764884 0 2
1481222765651 1 -3
1481222766363 8 -2
1481222768515 1 1
1481222769507 10 -1
1481222771083 9 1
1481222771963 5 -1
1481222775019 9 -1
1481222775867 4 -2
1481222782859 4 2
1481222783430 5 1
1481222784307 10 1
1481222785267 7 -4
1481222786844 11 2
1481222787757 6 2
1481222789795 5 -1
1481222790664 10 -1
1481222791411 4 -2
1481222792164 11 1
1481222792739 6 1
1481222793892 0 3
