1482109689780 0 -1
1482109690485 3 3
1482109691187 10 -3
1482109691666 5 -2
1482109692433 7 2
1482109692822 8 -1
1482109693372 9 -2
1482109693895 4 -2
1482109694237 11 1
1482109695367 6 1
1482109695759 10 1
1482109696168 2 -2
1482109698529 11 -1
1482109698835 6 -1
1482109699194 4 2
1482109699772 9 2
1482109700053 8 1
1482109700375 7 -2
1482109700652 10 2
1482109700891 5 2
1482109701254 3 -3
1482109701717 11 -2
1482109702046 6 -2
1482109702957 5 -1
1482109703872 5 -1
1482109706203 0 1
1482109706552 1 1
1482109706870 2 -1
1482109707243 5 -1
1482109711175 0 1
1482109715935 0 -1
1482109716240 11 2
1482109716596 6 2
1482109716855 5 3
1482109717281 2 3
1482109717653 3 2
1482109717996 1 -1
1482109718294 0 -1
1482109718952 10 -3
1482109719435 0 2
1482109730063 0 -2
1482109732409 10 3
1482109732826 3 -2
1482109734052 5 -2
1482109738626 5 2
1482109738960 3 3
1482109739310 5 -2
1482109740922 10 -3
1482109742054 7 2
1482109743172 0 1
1482109743606 1 4
1482109744040 0 -1
1482109744571 10 1
1482109745544 2 -3
1482109745947 7 -2
1482109746479 10 2
1482109746768 5 2
1482109748420 0 2
1482109748745 3 -4
1482109749406 11 -2
1482109751429 6 -2
1482109751871 0 -2
1482109752237 10 -2
1482109752585 5 -2
1482109754267 7 4
1482109754970 5 2
1482109755365 10 2
1482109756406 0 2
1482109756741 3 2
1482109757527 1 -3
1482109757907 8 -3
1482109758647 9 -2
1482109758949 10 1
1482109759217 5 1
1482109759550 7 -4
1482109760257 5 -1
1482109760560 10 -1
1482109760892 4 -2
1482109761246 11 3
1482109761613 6 3
1482109762085 0 4
