1480107217138 0 -1
1480107227281 3 3
1480107229081 10 -3
1480107229840 5 -2
1480107230777 7 2
1480107231657 8 -1
1480107232473 9 -2
1480107233873 4 -2
1480107234458 11 1
1480107235048 6 1
1480107239752 0 1
1480107241073 1 3
1480107241737 0 -1
1480107242314 10 1
1480107242992 2 -3
1480107244113 5 -1
1480107246473 5 1
1480107249392 2 3
1480107250072 10 -1
1480107250929 0 1
1480107251816 1 -3
1480107255456 0 -1
1480107257296 0 1
1480107259833 0 -1
1480107260298 10 1
1480107260961 2 -2
1480107261865 2 2
1480107262882 R
1480107265256 0 1
1480107272104 0 -2
1480107273768 3 3
1480107274789 10 -3
1480107275448 5 -2
1480107276536 7 2
1480107278160 0 1
1480107279286 1 4
1480107280422 0 -1
1480107281486 7 -2
1480107286669 0 1
1480107287725 7 2
1480107288622 1 -4
1480107289293 8 -1
1480107292566 8 1
1480107293022 7 -2
1480107294045 5 2
1480107294853 0 1
1480107297885 7 1
1480107299150 7 -1
1480107299751 0 -2
1480107300757 5 -2
1480107302549 5 2
1480107304725 10 3
1480107305478 2 -2
1480107306733 3 -3
1480107307452 11 -2
1480107308116 6 -2
1480107309053 0 2
1480107312772 3 1
1480107313527 6 2
1480107313928 11 2
1480107314560 2 2
1480107315191 1 1
1480107317141 R
1480107321413 2 -2
1480107322189 11 -2
1480107322757 11 2
1480107323397 2 2
1480107326533 1 1
1480107333965 3 3
1480107334981 0 1
1480107337902 2 -3
1480107338402 3 -2
1480107338914 11 -2
1480107340081 6 -2
1480107340930 6 2
1480107342033 11 2
1480107342633 3 2
1480107344440 0 -1
1480107346296 2 1
1480107346912 1 -1
1480107347673 0 -1
1480107348344 5 -2
1480107349105 10 -2
1480107353121 7 2
1480107353825 8 -1
1480107354537 9 -2
1480107360288 4 -2
1480107362392 11 1
1480107362920 6 1
1480107363920 2 2
1480107365264 10 -1
1480107366194 0 1
1480107367241 1 3
1480107368049 0 -1
1480107369097 10 1
1480107369738 2 -3
1480107370881 5 -1
1480107376856 5 1
1480107377600 2 3
1480107378529 10 -1
1480107379441 0 1
1480107384553 1 -3
1480107385465 0 -1
1480107386233 10 1
1480107387865 10 -1
1480107388745 0 1
1480107390408 0 -1
1480107391848 10 1
1480107393065 2 -2
1480107394361 2 2
1480107395000 10 -1
1480107395872 0 1
1480107396794 1 3
1480107397433 0 -1
1480107397865 10 1
1480107398379 2 -3
1480107399277 5 -1
1480107401134 R
1480107404774 0 1
1480107416477 3 3
1480107421422 0 -2
1480107422325 10 -3
1480107423365 5 -2
1480107425789 0 1
1480107431325 7 2
1480107432020 8 -1
1480107433093 9 -2
1480107434085 0 -1
1480107435061 10 1
1480107435869 2 -2
1480107437237 2 2
1480107438086 10 -1
1480107438813 0 1
1480107439637 1 3
1480107440101 0 -1
1480107441070 10 1
1480107441902 2 -3
1480107442893 5 -1
1480107444845 5 1
1480107445508 2 3
1480107446461 10 -1
1480107448237 0 1
1480107448973 1 -3
1480107450765 1 3
1480107451525 9 2
1480107452260 1 1
1480107452692 8 1
1480107453501 7 -2
1480107454535 0 -1
1480107455391 10 3
1480107455894 5 2
1480107456781 3 -4
1480107457725 2 -3
1480107458493 0 2
1480107464113 2 3
1480107466569 0 -2
1480107467864 10 -3
1480107468672 0 2
1480107469296 7 1
1480107471049 1 -2
1480107471866 0 -1
1480107477801 5 -2
1480107478577 7 1
1480107479201 8 -1
1480107479785 9 -2
1480107480649 4 -2
1480107481385 11 1
1480107482297 6 1
1480107483896 1 1
1480107484608 0 -1
1480107485274 10 1
1480107486001 2 -3
1480107486752 5 -1
1480107490186 5 1
1480107491873 2 3
1480107492986 10 -1
1480107495769 11 -2
1480107496402 6 -2
1480107497008 4 2
1480107498194 10 1
1480107498992 2 -3
1480107499922 11 -1
1480107500466 6 -1
1480107501049 7 2
1480107501808 10 3
1480107502880 5 3
1480107503800 0 2
1480107504575 1 -1
1480107505224 8 -1
1480107507137 10 -1
1480107507754 5 -1
1480107509073 10 1
1480107509457 5 1
1480107510056 7 -2
1480107514682 11 2
1480107515368 6 2
1480107516704 3 4
1480107517656 2 3
1480107518616 1 -2
1480107519425 8 -2
1480107520576 7 -2
1480107521689 10 -1
1480107522098 5 -1
1480107522522 4 -2
1480107522913 11 1
1480107523257 6 1
1480107523921 0 4
