1482342340714 6 -1
1482342348862 1 1
1482342351782 2 -3
1482342352926 6 -1
1482342356511 0 1
1482342358863 6 2
1482342359758 2 3
1482342362598 3 3
1482342363522 0 -1
1482342364742 2 -3
1482342366638 3 -3
1482342368134 11 -2
1482342369038 0 1
1482342370838 6 -2
1482342373607 0 -1
1482342374407 5 -3
1482342379967 0 1
1482342382271 0 -1
1482342383014 6 2
1482342383671 11 2
1482342386062 5 3
1482342386738 2 3
1482342387521 3 3
1482342389110 0 1
1482342390094 1 -1
1482342395071 3 -2
1482342410615 3 -1
1482342411778 11 -1
1482342412559 6 -1
1482342413702 1 1
1482342456593 2 -2
1482342457878 2 2
1482342463375 0 -1
1482342464879 2 -3
1482342465584 11 -1
1482342466518 6 -1
1482342467926 5 -3
1482342469950 0 1
1482342472640 R
1482342478632 0 1
1482342479740 1 1
1482342480608 2 -3
1482342481976 11 -2
1482342482824 6 -2
1482342507527 U
1482342513528 6 -2
1482342518640 11 2
1482342519400 6 2
1482342520200 3 3
1482342522272 0 -1
1482342523080 0 1
1482342526951 2 3
1482342528151 0 -1
1482342529567 5 -2
1482342542351 5 2
1482342546695 2 -1
1482342547919 3 -3
1482342550032 6 -2
1482342551376 11 -1
1482342553521 0 1
1482342554856 1 -1
1482342557263 2 -1
1482342558463 11 -1
1482342559727 1 1
1482342560392 1 -1
1482342565391 1 1
1482342567232 2 -1
1482342569088 3 1
1482342571744 2 1
1482342572608 1 -1
1482342573214 1 1
1482342578127 U
1482342578743 R
1482342603559 0 1
1482342606391 3 3
1482342608782 2 -2
1482342618791 0 -2
1482342620239 3 -3
1482342623103 5 -2
1482342624326 5 2
1482342625814 10 -1
1482342627167 5 -2
1482342628366 11 -2
1482342629623 6 -2
1482342632014 10 1
1482342632734 5 2
1482342633622 3 1
1482342636215 11 2
1482342636920 6 2
1482342637686 3 2
1482342641936 5 -2
1482342643311 10 -2
1482342644430 7 2
1482342648161 8 -1
1482342649198 9 -2
1482342650142 4 -2
1482342651159 11 1
1482342651958 6 1
1482342656440 6 -1
1482342658471 6 1
1482342662559 2 2
1482342663423 10 -1
