1481463810147 7 -1
1481463811992 1 -1
1481463813104 4 -1
1481463814072 0 2
1481463815672 0 -1
1481463816544 0 -1
1481463817831 3 3
1481463819360 0 2
1481463821536 5 -3
1481463823265 0 -1
1481463824009 9 -1
1481463824736 9 1
1481463825413 3 -3
1481463827632 1 2
1481463828463 7 1
1481463829009 5 -1
1481463829840 0 -1
1481463831472 1 -1
1481463832112 4 1
1481463832577 6 1
1481463833831 7 2
1481463834496 1 1
1481463835911 0 1
1481463837289 0 -1
1481463839071 7 -2
1481463839856 1 -1
1481463840298 4 -1
1481463840736 6 -1
1481463841503 10 -1
1481463842271 2 -1
1481463844446 0 1
1481463845040 5 1
1481463845567 7 -1
1481463846178 1 -1
1481463846815 0 1
1481463848800 4 1
1481463849247 6 1
1481463850767 2 1
1481463851399 10 1
1481463852239 3 1
1481463853000 5 3
1481463853776 3 -1
1481463855888 0 -1
1481463856570 1 2
1481463857295 7 3
1481463861048 0 -1
1481463861855 1 -1
1481463862471 7 -3
1481463863160 1 -1
1481463863768 4 -1
1481463864216 6 -1
1481463865504 3 3
1481463866375 9 -3
1481463868635 3 -3
1481463869872 10 -2
1481463870613 2 -3
1481463871207 8 -3
1481463872184 10 2
1481463872951 4 3
1481463873495 6 3
1481463874183 1 2
1481463874893 7 3
1481463875455 9 -1
1481463876272 1 -1
1481463876895 0 1
1481463879927 1 1
1481463881795 0 -1
1481463882313 9 1
1481463882911 7 -3
1481463883422 1 -1
1481463883991 1 -1
1481463884888 4 -3
1481463885376 6 -3
1481463886600 3 3
1481463887368 9 1
1481463890121 9 -1
1481463891441 3 -3
1481463892378 10 -2
1481463893160 8 3
1481463893680 2 3
1481463895008 10 2
1481463896817 3 3
1481463897552 9 3
1481463898448 0 2
1481463899952 5 -3
1481463901592 3 -3
1481463902544 0 -1
1481463903817 1 2
1481463904977 7 1
1481463905528 5 -1
1481463906052 0 -1
1481463906753 1 -1
1481463907377 3 3
1481463908008 9 -3
1481463909534 3 -3
1481463910233 10 -1
1481463910813 2 -4
1481463911844 10 1
1481463912536 3 3
1481463913233 9 3
1481463914193 3 -3
1481463916552 10 -1
1481463917937 0 1
1481463918417 5 1
1481463918881 7 -1
1481463920001 1 -1
1481463921092 10 -1
1481463921693 8 -1
1481463922322 6 3
1481463922817 4 1
1481463923993 4 -1
1481463924777 6 -3
1481463925416 8 1
1481463925968 10 2
1481463926569 0 1
1481463927689 3 3
1481463928249 5 1
1481463929536 0 -1
1481463930297 1 1
1481463932144 1 -1
1481463932758 0 1
1481463934476 5 1
1481463934985 9 -1
1481463936985 2 1
1481463937552 5 1
1481463938645 0 -2
1481463939293 9 -2
1481463939994 3 -3
1481463942000 10 -2
1481463942553 8 -3
1481463943249 10 2
1481463944675 4 3
1481463945260 6 3
1481463946248 1 2
1481463947174 7 3
1481463948194 9 -1
1481463949625 0 1
1481463954386 R
1481463958337 7 -1
1481463958935 1 -1
1481463959445 4 -1
1481463960274 0 2
1481463961602 3 3
1481463963543 5 -2
1481463964354 5 -1
1481463965978 3 -3
1481463968121 3 1
1481463969202 5 3
1481463972860 3 -1
1481463973802 10 -1
1481463974724 2 -1
1481463975993 4 1
1481463976763 6 1
1481463978081 0 -1
1481463978785 1 1
1481463979394 7 3
1481463980978 0 -1
1481463983409 2 1
1481463984378 10 1
1481463985066 1 1
1481463985714 1 -1
1481463986234 3 1
1481463986993 0 1
1481463988794 5 -2
1481463990018 5 -2
1481463992603 3 -1
1481463994066 0 -1
1481463995073 1 1
1481463995842 7 -2
1481463996556 4 -1
1481463997034 6 -1
1481463997683 0 1
1481463998414 5 1
1481463998962 7 -1
1481463999606 1 -1
1481464000448 1 -1
1481464001274 0 1
1481464002770 3 3
1481464005786 5 3
1481464007042 3 -3
1481464008514 0 -2
1481464011249 1 2
1481464013114 1 -2
1481464017777 0 2
1481464020864 3 3
1481464021849 0 -2
1481464022665 3 -3
1481464023505 10 -2
1481464025369 10 2
1481464025930 3 3
1481464026774 9 -3
1481464027440 3 -3
1481464028521 10 -2
1481464029354 8 -3
1481464030065 2 -3
1481464031329 10 2
1481464032217 3 3
1481464036521 9 1
1481464038337 1 1
1481464039009 7 1
1481464040289 9 -1
1481464042385 3 -3
1481464043114 1 1
1481464043793 4 3
1481464044339 6 2
1481464044945 7 2
1481464045483 9 -1
1481464046449 0 1
1481464047138 1 -1
1481464048169 4 -2
1481464048762 6 -1
1481464049337 3 1
1481464050489 5 -4
1481464051130 8 -1
1481464051632 2 -1
1481464052241 3 -1
1481464059971 10 -1
1481464060697 8 1
1481464062519 8 -1
1481464063225 4 1
1481464064241 6 2
1481464064705 4 1
1481464065619 10 1
1481464067842 0 -1
1481464068346 9 1
1481464068898 7 -2
1481464069642 1 1
1481464071385 7 2
1481464072371 9 -1
1481464074417 1 -1
1481464078226 8 1
1481464078650 2 1
1481464079394 4 -2
1481464079882 6 -2
1481464080617 3 1
1481464081809 0 1
1481464082714 5 4
1481464083530 0 -1
1481464086682 3 -1
1481464087685 1 1
1481464088378 4 2
1481464088898 6 2
1481464089620 9 1
1481464090306 7 -3
1481464091088 1 -2
1481464091871 4 -3
1481464092370 6 -3
1481464093537 10 -2
1481464094121 8 3
1481464094730 2 3
1481464095836 10 2
1481464096634 3 3
1481464097433 9 3
1481464098305 0 2
1481464099402 5 -2
1481464100170 9 -1
1481464101921 0 -1
1481464103033 1 1
1481464103610 7 1
1481464104178 5 -2
1481464105121 9 1
1481464105818 3 -3
1481464108772 10 -1
1481464109329 2 -1
1481464110419 6 1
1481464110787 4 1
1481464111329 7 2
