1480151060512 0 1
1480151061526 3 1
1480151063420 7 -1
1480151064522 1 -1
1480151065450 0 1
1480151066946 5 -3
1480151069430 4 -1
1480151071503 3 2
1480151076386 5 3
1480151077226 0 -2
1480151078382 9 -3
1480151079393 3 -3
1480151080800 10 -2
1480151081766 8 -3
1480151082772 2 -3
1480151083960 10 2
1480151084970 4 3
1480151086143 1 2
1480151089064 6 3
1480151089895 7 3
1480151090994 9 -1
1480151095494 1 -1
1480151097370 4 -2
1480151098282 6 -2
1480151100044 3 1
1480151101276 0 1
1480151102354 5 -4
1480151104282 3 -1
1480151106003 8 -1
1480151106955 2 -1
1480151110472 4 2
1480151111520 6 2
1480151114098 3 1
1480151115346 5 2
1480151116284 5 -2
1480151117014 0 -1
1480151117871 9 1
1480151118800 7 -2
1480151120463 3 -1
1480151122037 1 1
1480151123019 7 2
1480151124110 9 -1
1480151126464 1 -1
1480151127513 3 1
1480151129422 9 1
1480151130186 7 -2
1480151132624 3 -1
1480151133510 1 1
1480151135224 7 2
1480151136334 9 -1
1480151141032 1 -1
1480151148728 4 -2
1480151150450 4 2
1480151154393 3 1
1480151155353 9 1
1480151156247 7 -2
1480151157160 4 -3
1480151158091 6 -3
1480151159157 3 2
1480151160179 9 3
1480151160862 3 -3
1480151162323 4 3
1480151163060 6 3
1480151163868 7 2
1480151167369 1 1
1480151170483 7 -2
1480151172063 0 1
1480151172751 5 1
1480151173495 7 -1
1480151174477 1 -2
1480151175575 0 4
