1479976523823 0 1
1479976524214 3 1
1479976524837 5 -4
1479976527907 3 -1
1479976528407 0 -1
1479976537770 0 1
1479976538332 5 1
1479976538760 7 -1
1479976539367 1 -1
1479976540452 0 1
1479976544637 4 -1
1479976545197 3 3
1479976546158 9 -1
1479976555193 9 1
1479976555995 3 -3
1479976556923 10 -1
1479976560440 R
1479976574083 7 -1
1479976574619 1 -1
1479976578333 10 -2
1479976578916 8 -1
1479976579266 2 -1
1479976579898 6 3
1479976584971 6 -3
1479976585728 4 -1
1479976586812 8 1
1479976587201 2 1
1479976588487 10 2
1479976589103 3 3
1479976594489 1 1
1479976595348 7 1
1479976600771 7 -1
1479976602985 3 -3
1479976603960 1 -1
1479976604941 10 -1
1479976609918 10 1
1479976610609 3 3
1479976611334 0 2
1479976612853 3 -3
1479976613478 10 -1
1479976617701 10 1
1479976619363 3 1
1479976622371 5 -3
1479976627041 0 -1
1479976627548 1 1
1479976628460 7 1
1479976629024 5 -1
1479976630985 3 -1
1479976632145 3 1
1479976633020 5 1
1479976634556 7 -1
1479976635008 1 -1
1479976653809 3 -1
1479976655235 10 -2
1479976655773 8 -1
1479976656164 2 -1
1479976665619 R
1479976667952 6 1
1479976668801 7 2
1479976671637 7 -3
1479976672350 1 -1
1479976672737 4 -1
1479976673104 6 -1
1479976673750 3 3
1479976675024 9 -3
1479976675503 3 -3
1479976676222 1 1
1479976676626 4 1
1479976676967 6 1
1479976677710 7 3
1479976679587 9 -1
1479976680172 3 1
1479976680572 0 1
1479976681309 5 -4
1479976681982 0 -1
1479976682332 3 -1
1479976687789 10 -1
1479976688568 2 -4
1479976689183 10 1
1479976697759 9 1
1479976698750 7 -2
1479976699521 4 -1
1479976700168 6 -1
1479976708475 3 3
1479976711173 9 2
1479976711687 0 1
1479976712279 5 3
1479976712710 0 -1
1479976713902 9 -2
1479976714439 3 -2
1479976716317 4 1
1479976716910 6 1
1479976719468 7 -1
1479976720020 4 -1
1479976720425 6 -1
1479976721391 3 2
1479976724395 1 -1
1479976730761 9 2
1479976731385 0 2
1479976732018 5 -2
1479976732827 0 -1
1479976733863 1 1
1479976734315 7 1
1479976735228 5 -1
1479976736381 0 -1
1479976737245 9 -2
1479976740013 3 -3
1479976761780 3 3
1479976762419 9 3
1479976762958 3 -3
1479976767158 0 1
1479976767762 5 1
1479976768118 7 -1
1479976768624 1 -1
1479976769371 10 -2
1479976776552 10 2
1479976777509 3 1
1479976778233 5 2
1479976780041 1 1
1479976780365 4 1
1479976780628 6 1
1479976781328 7 3
1479976782731 5 -3
1479976783775 3 -1
1479976787002 3 1
1479976791165 0 -1
1479976792467 7 -2
1479976793012 4 -1
1479976793442 6 -1
1479976794055 3 2
1479976794736 9 -3
1479976795304 3 -3
1479976795974 4 1
1479976796861 6 1
1479976797407 7 2
1479976798685 9 -1
1479976799307 0 1
1479976803167 10 -1
1479976824361 0 -1
1479976826278 9 1
1479976828477 10 1
1479976829686 7 -2
1479976830293 4 -1
1479976830698 6 -1
1479976831439 3 3
1479976832365 9 3
1479976834033 3 -3
1479976835655 4 1
1479976836052 6 1
1479976838264 7 2
1479976838770 3 1
1479976839435 3 -1
1479976839762 0 1
1479976840255 5 1
1479976840766 7 -3
1479976841804 1 -1
1479976842505 10 -2
1479976843845 8 -1
1479976849878 6 2
1479976850425 4 -1
1479976851485 4 1
