1480283137175 4 -1
1480283138617 7 -1
1480283140121 1 -1
1480283144060 3 3
1480283145227 5 -1
1480283147384 9 -3
1480283148963 3 -2
1480283150430 3 2
1480283152865 9 3
1480283154148 0 2
1480283155197 3 -2
1480283156224 5 -2
1480283157253 3 -1
1480283164001 3 1
1480283165355 3 -1
1480283168239 3 3
1480283170085 5 3
1480283171568 0 -2
1480283172931 9 -3
1480283175503 3 -3
1480283176933 10 -2
1480283178023 8 -3
1480283179215 2 -3
1480283180318 10 2
1480283182388 4 3
1480283183717 6 3
1480283185573 1 2
1480283186765 7 3
1480283187743 9 -1
1480283189324 1 -1
1480283194855 9 1
1480283195946 7 -3
1480283199382 3 1
1480283200398 1 -1
1480283201463 4 -3
1480283205589 3 1
1480283207860 6 -3
1480283208800 3 1
1480283211335 3 -3
1480283214193 10 -2
1480283216025 8 3
1480283218984 8 -3
1480283220728 6 3
1480283221781 4 3
1480283225531 10 1
1480283227725 10 1
1480283229169 1 2
1480283231163 7 3
1480283232591 9 -1
1480283233721 1 -1
1480283237684 0 1
1480283241233 4 -2
1480283243165 10 -1
1480283246501 0 -1
1480283251318 9 1
1480283252260 7 -3
1480283253731 1 -1
1480283255419 4 -1
1480283256139 R
1480283262281 4 -1
1480283264551 0 1
1480283265541 3 2
1480283266934 5 -4
1480283272741 3 -2
1480283277004 1 1
1480283283091 4 1
1480283284205 7 1
1480283285875 1 -1
1480283288924 6 1
1480283289813 7 1
1480283292398 3 1
1480283295474 0 -1
1480283298560 3 -1
1480283300110 7 -2
1480283300821 4 -1
1480283309077 6 -1
1480283311410 10 -1
1480283313994 2 -1
1480283318648 6 1
1480283319801 4 1
1480283320618 7 2
1480283322929 0 1
1480283326581 R
1480283339953 6 1
1480283341140 7 2
1480283347263 0 1
1480283349146 3 1
1480283351742 5 -4
1480283355330 3 -1
1480283356408 10 -1
1480283358892 2 -1
1480283363822 2 1
1480283364825 10 1
1480283371235 R
1480283386110 7 -1
1480283388632 1 -1
1480283394133 4 -1
1480283398129 3 3
1480283401026 9 -3
1480283409492 3 -3
1480283413532 10 -2
1480283414811 8 -3
1480283416306 2 -3
1480283419942 10 2
1480283424433 3 3
1480283425852 3 -3
1480283427083 4 3
1480283429351 4 -3
1480283435083 10 -2
1480283438946 2 2
1480283442483 4 2
1480283444917 4 -2
1480283446687 6 3
1480283464007 2 -2
1480283467030 10 2
1480283474982 4 3
1480283478434 6 -3
1480283479537 4 -3
1480283482884 4 3
1480283484229 6 3
1480283485934 1 2
1480283487563 7 3
1480283491042 9 -1
1480283494376 1 -1
1480283497775 0 1
1480283498590 3 1
1480283499885 5 -4
1480283501376 3 -1
1480283502129 0 -1
1480283503247 1 1
1480283508352 9 1
1480283509331 7 -2
1480283510685 7 2
1480283511940 9 -1
1480283516318 0 1
1480283517347 1 -1
1480283518189 3 1
1480283519643 5 4
1480283520596 0 -1
1480283521879 3 -1
1480283529383 9 1
1480283530682 7 -3
1480283532703 1 -1
1480283538537 4 -3
1480283539728 6 -3
1480283541121 3 3
1480283544395 9 1
1480283548334 9 -1
1480283549877 5 -1
1480283551482 2 -1
1480283555463 3 -2
1480283556702 4 3
1480283558043 6 3
1480283559962 1 1
1480283561269 7 3
1480283562282 9 -1
1480283563424 0 1
1480283564657 5 -3
1480283567526 3 -1
1480283568454 8 -1
1480283569645 1 1
1480283572944 8 1
1480283574011 2 1
1480283575918 4 -2
1480283576921 6 -2
1480283579557 1 -1
1480283580810 3 1
1480283583004 5 4
1480283584036 3 -1
1480283585891 1 1
1480283588387 4 2
1480283589516 6 2
1480283592563 0 -1
1480283593567 9 1
1480283594432 7 -3
1480283596100 1 -2
1480283600566 3 1
1480283607916 4 -3
1480283609184 6 -3
1480283610865 3 -1
1480283612721 3 3
1480283613974 3 -3
1480283615648 10 -2
1480283616987 8 3
1480283618540 2 3
1480283620385 10 2
1480283621829 3 3
1480283623359 9 3
1480283625178 3 -3
1480283628478 4 1
1480283629556 4 -1
1480283631425 0 2
1480283633282 3 1
1480283634411 5 -3
1480283635690 3 -1
1480283640319 0 -1
1480283641397 0 1
1480283645890 3 3
1480283647192 9 -1
1480283653403 0 -1
1480283656167 5 3
1480283657297 0 -1
1480283658509 9 1
1480283659938 3 -3
1480283662524 3 3
1480283664029 9 -3
1480283665249 3 -3
1480283666300 10 -2
1480283667641 8 -3
1480283668684 2 -3
1480283670928 4 3
1480283671998 6 3
1480283677224 10 2
1480283678265 1 2
1480283679658 7 3
1480283681827 9 -1
1480283685065 1 -1
1480283688691 R
1480283702663 7 -1
1480283704332 4 -1
1480283707836 3 3
1480283711534 5 -1
1480283715093 9 -1
1480283717489 9 -2
1480283718717 3 -2
