1480085437981 1 2
1480085440870 1 -2
1480085488971 9 1
1480085490556 8 1
1480085495808 1 3
1480085500091 6 1
1480085503107 2 1
1480085503723 11 1
1480085504506 6 2
1480085505611 10 -1
1480085507795 1 -3
1480085508811 1 3
1480085509859 0 2
1480085522642 0 -1
1480085523698 1 -3
1480085524867 4 1
1480085525659 5 1
1480085526643 7 4
1480085530773 0 -1
1480085532203 4 -1
1480085533610 1 1
1480085535554 1 -1
1480085536538 4 1
1480085537242 0 1
1480085538226 7 -4
1480085539420 4 -1
1480085540115 5 -1
1480085540970 3 -1
1480085542570 1 3
1480085543538 6 -1
1480085544186 11 -1
1480085545818 1 -2
1480085547778 3 2
1480085548770 3 -2
1480085549938 1 2
1480085556858 11 1
1480085557601 6 1
1480085560209 0 1
1480085562009 6 -1
1480085563018 11 -1
1480085564281 9 -1
1480085565524 0 -2
1480085566401 10 1
1480085567252 6 -2
1480085569274 1 -3
1480085570409 2 -1
1480085571625 8 -1
1480085586626 1 3
1480085588789 1 -3
1480085608555 9 1
1480085609593 8 1
1480085617824 1 3
1480085619480 11 1
1480085620169 2 1
1480085620967 6 3
1480085623072 10 -1
1480085624008 0 1
1480085625184 7 1
1480085627704 1 -3
1480085628737 4 1
1480085629496 5 1
1480085630376 3 2
1480085631916 7 3
1480085633794 4 -1
1480085635807 1 1
1480085636538 0 -1
1480085637632 10 1
1480085638616 6 -4
1480085639776 10 -1
1480085640639 1 -1
1480085641808 2 -1
1480085642679 11 -1
1480085647607 3 -1
1480085648928 8 -1
1480085649906 9 -1
1480085651387 0 1
1480085653560 4 1
1480085654783 7 -3
1480085655674 4 -1
1480085656311 5 -1
1480085656999 3 -1
1480085658687 1 3
1480085659519 8 1
1480085660143 9 1
1480085661134 0 4
