1482108461618 1 3
1482108468491 1 -3
1482108478852 4 1
1482108479606 5 1
1482108480472 3 1
1482108481935 9 1
1482108482722 8 1
1482108486536 2 1
1482108489292 4 -1
1482108491216 5 -1
1482108493927 2 -1
1482108495784 9 -1
1482108496348 8 -1
1482108497347 3 2
1482108498764 5 1
1482108499417 4 1
1482108501386 4 -1
1482108502083 5 -1
1482108503046 1 3
1482108504299 6 1
1482108507629 1 -1
1482108508506 3 -4
1482108509328 8 1
1482108510037 9 1
1482108510757 11 1
1482108511432 2 1
1482108512433 6 2
1482108513490 10 -1
1482108515438 0 1
1482108516528 7 1
1482108517451 1 -2
1482108518193 4 1
1482108518710 5 1
1482108519539 3 2
1482108520713 7 3
1482108523525 0 -1
1482108527226 10 1
1482108528644 4 -1
1482108529386 1 1
1482108530331 6 -4
1482108531300 10 -1
1482108535630 1 -1
1482108537801 3 -1
1482108539029 11 -1
1482108539624 2 -1
1482108545507 9 -1
1482108546227 8 -1
1482108547521 8 1
1482108548185 9 1
1482108552223 0 1
1482108553585 4 1
1482108554631 7 -3
1482108555430 5 -1
1482108555980 4 -1
1482108557038 3 -1
1482108558175 1 3
1482108559243 0 3
1482108563560 0 1
