1480017394542 4 1
1480017396843 R
1480017399592 1 3
1480017402662 9 1
1480017403757 8 1
1480017406256 6 1
1480017410955 3 -1
1480017412700 1 -2
1480017414352 R
1480017417282 3 -1
1480017419837 8 1
1480017420915 9 1
1480017422392 5 1
1480017423301 4 1
1480017426809 11 1
1480017427992 4 -1
1480017429172 5 -1
1480017430116 1 3
1480017432412 11 -1
1480017442085 2 1
1480017443094 11 1
1480017444099 6 3
1480017445199 10 -1
1480017446705 6 -1
1480017448703 11 -1
1480017451104 R
1480017454715 3 -1
1480017456923 1 3
1480017458936 8 1
1480017460110 9 1
1480017466066 R
1480017486601 3 3
1480017488183 5 1
1480017489126 4 1
1480017496848 R
1480017498021 8 1
1480017498670 9 1
1480017499994 1 3
1480017503142 6 1
1480017506113 6 -1
1480017507080 2 1
1480017507744 11 1
1480017509641 6 3
1480017511717 10 -1
1480017513135 0 1
1480017514541 0 1
1480017515796 7 1
1480017520313 7 -1
1480017522265 3 -1
1480017527760 6 -1
1480017528817 11 -1
1480017535312 9 -1
1480017541355 R
1480017543801 8 1
1480017544997 9 1
1480017546202 1 3
1480017547113 3 -1
1480017556905 6 1
