1481905563171 1 3
1481905563470 8 1
1481905563723 9 1
1481905564074 2 1
1481905564322 11 1
1481905564771 6 3
1481905565128 10 -1
1481905566566 0 2
1481905568724 0 -1
1481905569249 1 -3
1481905569637 4 1
1481905569984 5 1
1481905570628 7 4
1481905571142 0 -1
1481905571432 4 -1
1481905571789 10 1
1481905572709 1 1
1481905573150 6 -4
1481905574072 1 -1
1481905574563 2 -1
1481905575448 8 -1
1481905577038 8 1
1481905580334 11 -1
1481905581590 8 -1
1481905581970 9 -1
1481905582910 4 1
1481905595158 8 1
1481905595628 9 1
1481905596687 4 -1
1481905596968 1 1
1481905597254 2 1
1481905597498 11 1
1481905598003 6 4
1481905598477 10 -1
1481905599098 0 1
1481905599999 1 -1
1481905601762 4 1
1481905602974 7 -4
1481905603332 5 -1
1481905603613 4 -1
1481905604056 1 3
1481905607564 0 -1
1481905608224 3 -1
1481905608942 1 -3
1481905609667 4 1
1481905611082 5 1
1481905612577 5 -1
1481905614011 4 -1
1481905614370 10 1
1481905614619 1 1
1481905615067 6 -3
1481905616614 1 -1
1481905617665 2 -1
1481905617972 11 -1
1481905629380 1 1
1481905629730 2 1
1481905630720 11 1
1481905631137 6 3
1481905631487 10 -1
1481905632697 1 2
1481905646582 1 -3
1481905647106 4 1
1481905647419 5 1
1481905647771 0 1
1481905648362 7 3
1481905648938 3 2
1481905649354 7 1
1481905649738 0 -1
1481905650751 4 -1
1481905651033 10 1
1481905652765 1 1
1481905653146 6 -4
1481905653761 10 -1
1481905654221 1 -1
1481905656195 4 1
1481905658469 0 1
1481905660400 7 -3
1481905660922 4 -1
1481905661249 5 -1
1481905662370 3 -2
1481905662760 1 3
1481905663125 2 -1
1481905663510 11 -1
1481905664107 0 5
