1480580268634 3 3
1480580273686 1 3
1480580280151 6 1
1480580285126 1 -2
1480580287103 5 1
1480580290032 3 -4
1480580294177 9 1
1480580299011 8 1
1480580300784 2 1
1480580304016 6 -1
1480580305940 1 -1
1480580307833 4 1
1480580309186 2 -1
1480580311959 9 -1
1480580313520 8 -1
1480580315962 3 3
1480580317497 3 1
1480580328495 3 -4
1480580330958 8 1
1480580331979 9 1
1480580334213 5 -1
1480580335379 4 -1
1480580339499 1 3
1480580342945 6 1
1480580349458 6 -1
1480580361921 2 1
1480580363800 11 1
1480580369389 6 1
1480580372196 6 1
1480580376337 6 1
1480580378919 10 -1
1480580383345 6 -1
1480580386014 0 1
1480580387566 7 1
1480580389974 11 -1
1480580392230 11 1
1480580399988 1 -2
1480580402155 5 1
1480580405170 3 2
1480580407815 6 1
1480580409572 1 -1
1480580410783 4 1
1480580412467 7 3
1480580415932 0 -1
1480580417936 10 1
1480580419343 4 -1
1480580420511 1 1
1480580424600 6 -4
1480580426990 11 -1
1480580428327 2 -1
1480580429539 10 -1
1480580432409 1 -1
1480580435390 3 -1
1480580441590 0 1
1480580470233 3 1
1480580472607 4 1
1480580479825 7 -2
1480580481501 7 -1
1480580484346 4 -1
1480580485582 5 -1
1480580487004 3 -2
1480580488760 1 3
1480580490187 0 4
