1481208910442 1 3
1481208912457 1 -3
1481208920098 8 1
1481208920642 9 1
1481208921698 1 3
1481208924105 2 1
1481208925257 6 2
1481208926458 10 -1
1481208928650 0 2
1481208930922 7 1
1481208937106 0 -1
1481208938226 0 1
1481208940474 3 -1
1481208943730 9 -1
1481208945538 0 -1
1481208949353 7 -1
1481208950922 0 -1
1481208953842 0 2
1481208955706 9 1
1481208958266 11 1
1481208958946 6 1
1481208964834 0 -2
1481208965602 10 1
1481208967169 1 -3
1481208969730 4 1
1481208970641 5 1
1481208972178 3 2
1481208974570 10 -1
1481208975226 0 1
1481208976114 7 4
1481208977538 0 -1
1481208978786 10 1
1481208980842 4 -1
1481208982538 3 -1
1481208984465 1 1
1481208986265 10 -1
1481208987346 0 1
1481208993546 3 1
1481208996299 R
1481208999122 1 1
1481208999938 1 -1
1481209001849 3 3
1481209004562 5 1
1481209006089 4 1
1481209008937 5 -1
1481209009401 4 -1
1481209009970 1 3
1481209019449 1 -3
1481209021921 3 -3
1481209024817 4 1
1481209025721 5 1
1481209086513 4 -1
1481209087489 5 -1
1481209089296 3 -1
1481209092032 1 3
1481209093633 8 1
1481209094193 9 1
1481209098065 2 1
1481209098969 6 2
1481209099721 10 -1
1481209106880 11 1
1481209107769 6 1
1481209109033 6 -1
1481209111561 0 2
1481209112713 11 -1
1481209130001 0 -2
1481209136185 0 1
1481209137672 7 1
1481209140033 7 -1
1481209141320 0 -1
1481209142704 10 1
1481209145960 6 -2
1481209147552 2 -1
1481209149665 6 1
1481209152008 6 -1
1481209164576 3 1
1481209175489 2 1
1481209177208 11 1
1481209178480 6 3
1481209179529 10 -1
1481209181224 0 2
1481209188808 6 -1
1481209190985 6 1
1481209192784 7 1
1481209200944 0 -1
1481209201848 7 -1
1481209202808 0 -1
1481209204136 10 1
1481209207672 10 -1
1481209215040 0 2
1481209216824 7 1
1481209221327 6 -1
1481209222696 R
1481209232896 1 3
1481209248984 6 1
1481209252160 8 1
1481209252704 9 1
1481209255504 2 1
1481209256216 6 1
1481209256864 10 -1
1481209276136 0 2
1481209279936 11 1
1481209280815 6 1
1481209284407 0 -2
1481209285784 10 1
1481209288528 10 -1
1481209290520 0 1
1481209292024 0 1
1481209294120 6 -1
1481209296024 11 -1
1481209301144 7 1
1481209302776 7 -1
1481209305008 0 -2
1481209318591 11 1
1481209319768 6 1
1481209323936 0 2
1481209325576 7 1
1481209327600 0 -1
1481209329280 7 -1
1481209331256 0 -1
1481209332584 10 1
1481209334512 6 -3
1481209335967 2 -1
1481209338616 11 -1
1481209370632 2 1
1481209372352 2 -1
1481209380745 1 -2
1481209383889 6 1
1481209388544 6 -1
1481209389552 6 1
1481209390135 2 1
1481209390688 6 1
1481209391656 10 -1
1481209392439 0 1
1481209393616 5 1
1481209396703 11 1
1481209397455 6 1
1481209398232 1 -1
1481209399247 4 1
1481209400256 7 4
1481209404304 4 -1
1481209409495 1 1
1481209410096 0 -1
1481209410831 10 1
1481209411776 6 -4
1481209412784 10 -1
1481209414048 2 -1
1481209414584 11 -1
1481209418784 1 -1
1481209419832 1 1
1481209420928 8 -1
1481209421824 9 -1
1481209422407 9 1
1481209422848 8 1
1481209424799 3 1
1481209429015 1 -1
1481209429616 4 1
1481209430376 7 -1
1481209431400 3 -2
1481209435311 2 1
1481209436312 2 -1
1481209438328 0 1
1481209476880 7 -2
1481209477735 4 -1
1481209478280 5 -1
1481209478935 1 3
1481209480119 0 4
