1482818666023 4 1
1482818667658 8 1
1482818668905 9 1
1482818671648 3 -1
1482818673192 4 -1
1482818676531 1 3
1482818680869 6 1
1482818684046 2 1
1482818685243 11 1
1482818686336 6 2
1482818688242 10 -1
1482818689366 0 1
1482818690648 7 1
1482818694168 1 -3
1482818695633 4 1
1482818697367 7 1
1482818701232 5 1
1482818702705 7 1
1482818704990 0 -1
1482818706405 10 1
1482818707847 10 -1
1482818709169 3 1
1482818710783 3 1
1482818715995 7 1
1482818717306 4 -1
1482818720593 1 1
1482818721851 10 1
1482818725553 6 -3
1482818726764 6 -1
1482818728203 10 -1
1482818729646 1 -1
1482818731136 4 1
1482818732480 7 -1
1482818733811 3 -2
1482818735570 2 -1
1482818736511 11 -1
1482818737674 9 -1
1482818738684 8 -1
1482818740139 3 2
1482818741552 3 2
1482818743631 7 1
1482818745358 4 -1
1482818747356 1 1
1482818749376 0 1
1482818751456 1 -1
1482818752819 4 1
1482818754081 7 -3
1482818755229 4 -1
1482818756214 5 -1
1482818757309 1 2
1482818788278 3 -3
1482818789473 1 1
1482818790651 0 1
1482818791509 8 1
1482818792392 9 1
1482818793382 0 2
1482818794412 0 1
