1481209393878 8 1
1481209394872 9 1
1481209396302 1 3
1481209399673 2 1
1481209400605 11 1
1481209402346 6 2
1481209403266 10 -1
1481209404487 11 -1
1481209418711 0 2
1481209420775 7 1
1481209422566 0 -1
1481209423475 7 -1
1481209424418 0 -1
1481209425723 10 1
1481209426768 6 -2
1481209427899 2 -1
1481209430573 2 1
1481209431507 6 2
1481209433532 10 -1
1481209434503 0 2
1481209437523 11 1
1481209438618 6 1
1481209440284 0 -2
1481209441265 10 1
1481209445045 10 -1
1481209447408 1 -3
1481209451287 5 1
1481209452182 4 1
1481209453577 3 1
1481209454544 0 1
1481209455602 7 4
1481209458535 0 -1
1481209459518 10 1
1481209461731 4 -1
1481209464741 3 -1
1481209468146 10 -1
1481209470647 0 1
1481209471553 1 1
1481209473679 6 -1
1481209474662 11 -1
1481209477124 9 -1
1481209488177 0 -1
1481209489458 10 1
1481209490527 6 -3
1481209492156 10 -1
1481209496060 1 -1
1481209497091 2 -1
1481209498509 8 -1
1481209502227 4 1
1481209503744 7 -1
1481209504776 3 -1
1481209505894 8 1
1481209506764 9 1
1481209510222 3 2
1481209511428 7 1
1481209512422 4 -1
1481209513591 1 1
1481209519112 10 1
1481209520156 2 1
1481209521051 11 1
1481209523389 10 -1
1481209524322 1 -1
1481209525203 2 -1
1481209526049 11 -1
1481209528200 4 1
1481209529345 7 -1
1481209530388 3 -2
1481209532640 8 -1
1481209534441 9 -1
1481209535299 9 1
1481209536133 8 1
1481209537450 3 2
1481209538784 7 1
1481209539838 0 1
1481209541516 0 -1
1481209542871 10 1
1481209544426 6 1
1481209545618 2 1
1481209546489 11 1
1481209547621 4 -1
1481209548603 1 1
1481209549624 6 3
1481209550730 1 -1
1481209551549 10 -1
1481209552670 4 1
1481209553825 0 1
1481209555030 7 -4
1481209556200 4 -1
1481209557294 5 -1
1481209558441 3 -2
1481209560131 1 3
1481209563499 6 -1
1481209564581 11 -1
1481209567439 0 -1
1481209569292 10 1
1481209570498 6 -2
1481209571555 2 -1
1481209573295 1 -3
1481209579636 1 2
1481209580595 1 1
1481209584472 2 1
1481209585555 6 2
1481209586636 10 -1
1481209588413 0 1
1481209590478 7 1
1481209592268 0 1
1481209594257 0 -1
1481209595376 7 -1
1481209596309 0 -1
1481209597328 10 1
1481209598454 6 -2
1481209602152 2 -1
1481209604340 9 -1
1481209605149 8 -1
1481209605956 1 -2
1481209608322 3 4
1481209610147 1 2
1481209615841 1 -3
1481209616948 4 1
1481209617817 5 1
1481209619919 5 -1
1481209621002 4 -1
1481209622183 3 -4
1481209623514 8 1
1481209624508 9 1
1481209626446 1 2
1481209627517 1 1
1481209630028 1 -3
1481209630836 1 3
1481209633175 6 1
1481209634094 2 1
1481209634892 11 1
1481209635872 6 2
1481209636904 10 -1
1481209638858 6 -1
1481209640124 11 -1
1481209642039 0 2
1481209647715 3 1
1481209649356 9 -1
1481209653745 7 1
1481209657058 0 -1
1481209659658 0 1
1481209680733 0 -1
1481209683444 9 1
1481209697239 1 -2
1481209698768 3 1
1481209699625 5 1
1481209702995 9 -1
1481209705059 9 1
1481209705930 11 1
1481209706900 6 1
1481209707982 1 -1
1481209709524 5 -1
1481209710618 3 -2
1481209714074 4 1
1481209715852 5 1
1481209716749 3 2
1481209717830 7 3
1481209718985 4 -1
1481209720290 1 1
1481209722802 0 -1
1481209723796 10 1
1481209724880 6 -4
1481209725922 10 -1
1481209726718 1 -1
1481209727601 2 -1
1481209728420 11 -1
1481209730782 4 1
1481209731765 7 -1
1481209732816 3 -2
1481209734217 0 1
1481209735059 7 -2
1481209736142 4 -1
1481209737124 5 -1
1481209738428 1 3
1481209747540 0 4
