1479247922963 4 1
1479247924731 1 3
1479247927139 2 -1
1479247929035 6 -1
1479247930115 5 1
1479247933067 1 -3
1479247934043 4 -1
1479247935171 7 -2
1479247937162 8 1
1479247939450 3 3
1479247940578 9 1
1479247942323 8 -1
1479247943578 3 -2
1479247944730 4 1
1479247945891 1 3
1479247946803 7 1
1479247949082 10 1
1479247949677 6 1
1479247950322 2 3
1479247951674 5 -2
1479247952554 0 1
1479247953890 9 -4
1479247955394 8 -1
1479247956482 3 -1
1479247958105 7 1
1479247961418 0 -1
1479247962675 5 3
1479247964458 6 1
1479247966098 2 -2
1479247967546 1 -3
1479247968466 10 -1
1479247973545 4 -1
1479247974218 6 -1
1479247975025 7 -1
1479247975841 3 3
1479247977025 5 1
1479247980770 1 2
1479247985401 0 1
1479247986242 9 2
1479247986993 2 -1
1479247988002 6 -1
1479247988817 0 1
1479247990257 9 -1
1479247991369 5 -1
1479247992201 3 -3
1479247993088 7 1
1479247993793 4 1
1479247994393 1 1
1479247995217 0 3
