1479894136483 4 1
1479894140149 1 3
1479894145036 2 -1
1479894146427 6 -1
1479894147558 5 1
1479894159480 7 -2
1479894160983 8 1
1479894172209 8 -1
1479894173948 7 2
1479894178601 10 1
1479894179754 6 2
1479894180860 2 3
1479894183210 5 -2
1479894184874 0 1
1479894188852 6 -1
1479894197080 9 -3
1479894198201 8 -1
1479894203843 6 1
1479894208530 6 -1
1479894211714 7 -1
1479894213081 3 1
1479894215206 3 -1
1479894217170 7 1
1479894223374 0 -1
1479894224989 5 3
1479894230994 2 -2
1479894232148 10 -1
1479894238874 6 1
1479894240528 0 1
1479894251341 9 2
1479894252623 2 -1
1479894259310 6 -2
1479894260900 0 4
