1479407359666 2 -1
1479407360617 6 -1
1479407362649 7 -2
1479407363370 3 3
1479407364409 9 1
1479407365794 8 1
1479407368025 8 -1
1479407368706 3 -2
1479407369465 4 1
1479407370186 1 3
1479407371777 7 1
1479407372801 5 1
1479407374913 5 -1
1479407375553 7 -1
1479407378113 4 -1
1479407378617 1 -3
1479407379337 3 2
1479407380257 8 1
1479407381377 5 1
1479407382729 9 -1
1479407387961 3 -3
1479407388874 1 3
1479407389889 4 1
1479407390754 8 -1
1479407391642 7 2
1479407394610 10 1
1479407395153 6 2
1479407395705 2 3
1479407396889 6 -1
1479407398538 5 -2
1479407399410 6 1
1479407400802 0 1
1479407402113 9 -3
1479407402961 8 -1
1479407404513 0 -1
1479407405194 5 3
1479407407273 2 -2
1479407408177 10 -1
1479407409441 6 -1
1479407411537 0 1
1479407412266 9 2
1479407412841 2 -1
1479407413601 6 -1
1479407414649 0 4
