1479508438638 0 -1
1479508439685 2 2
1479508440589 1 1
1479508441269 3 -1
1479508442405 4 -1
1479508444293 1 -3
1479508445207 6 -2
1479508445981 2 -2
1479508446941 1 1
1479508447557 12 2
1479508449422 9 1
1479508449868 4 1
1479508450879 8 1
1479508451542 7 3
1479508452245 1 -2
1479508453149 0 1
1479508454853 11 -2
1479508455389 6 -1
1479508455914 2 -1
1479508458884 5 -3
1479508462516 4 3
1479508463349 8 1
1479508464005 9 1
1479508466573 9 -1
1479508467333 5 2
1479508468101 6 1
1479508468679 2 1
1479508469447 11 2
1479508470045 0 -1
1479508470694 1 2
1479508471598 7 -3
1479508472581 9 -1
1479508473405 8 -2
1479508475165 1 -1
1479508475774 5 -3
1479508483205 5 1
1479508484070 11 -1
1479508484534 5 3
1479508486462 2 -1
1479508488349 1 1
1479508489405 9 1
1479508490695 7 2
1479508491637 8 1
1479508492680 7 1
1479508493357 1 -2
1479508493949 0 1
1479508494605 11 -1
1479508495070 6 -1
1479508498557 9 1
1479508500430 6 1
1479508500862 2 1
1479508501454 11 2
1479508501908 0 -1
1479508504284 1 2
1479508506212 1 -2
1479508507468 1 2
1479508508044 3 3
1479508508948 1 -2
1479508510599 0 1
1479508511245 11 -4
1479508512756 0 -1
1479508513428 6 -1
1479508513869 2 -1
1479508514772 1 4
1479508515340 7 -2
1479508518739 3 -2
1479508519621 8 -1
1479508521556 0 1
1479508522356 11 2
1479508522876 3 -1
1479508524622 7 -1
1479508525316 9 -2
1479508525900 0 4
