1484870941488 0 -1
1484870942905 3 -1
1484870944224 1 -2
1484870946846 6 -2
1484870947857 12 2
1484870949683 5 -4
1484870952724 4 3
1484870958021 9 1
1484870961926 8 1
1484870970601 5 4
1484870972104 9 -1
1484870973267 8 -1
1484870981298 1 1
1484870982376 3 1
1484870984173 3 -1
1484870985198 1 -1
1484870986219 9 2
1484870987370 7 2
1484870988925 8 1
1484870990185 7 1
1484870991621 9 -1
1484870993994 1 1
1484870996153 1 -2
1484870997437 9 1
1484870999601 0 1
1484871001657 11 -2
1484871002927 6 -1
1484871004266 2 -1
1484871007365 9 -1
1484871009663 9 1
1484871021278 9 -1
1484871022559 5 -3
1484871024668 9 1
1484871025772 8 1
1484871028912 6 1
1484871030019 2 1
1484871031205 11 2
1484871034137 5 -1
1484871035215 0 -1
1484871036551 1 2
1484871038111 7 -3
1484871043045 9 -2
1484871044317 8 -2
1484871053085 3 1
1484871055103 3 -1
1484871056231 1 -1
1484871058174 5 3
1484871059578 1 1
1484871062962 5 1
1484871066669 9 2
1484871068400 3 3
1484871069740 7 2
1484871071979 8 1
1484871073239 7 1
1484871075163 1 -2
1484871076538 0 1
1484871077827 11 -4
1484871079126 6 -1
1484871080329 2 -1
1484871081956 0 -1
1484871083682 1 4
1484871085219 3 -2
1484871086767 7 -2
1484871089067 7 2
1484871092681 7 -2
1484871100200 0 1
1484871102286 11 1
1484871103630 7 -1
1484871104867 9 -2
1484871106376 8 -1
1484871108136 0 2
1484871110263 0 1
1484871111666 0 1
