1482582962268 8 1
1482582965035 8 -1
1482582969491 11 -3
1482582970514 2 -1
1482582971451 1 1
1482582973148 1 -1
1482582974762 11 2
1482582975507 3 -1
1482582976394 3 1
1482582980443 11 -2
1482582982347 1 1
1482582987198 R
1482582990242 2 2
1482582995605 3 -1
1482582996099 0 -1
1482582997139 1 -2
1482582998571 6 -2
1482582999474 2 -2
1482583000843 12 2
1482583002395 5 -4
1482583003579 4 3
1482583006907 5 4
1482583008564 1 1
1482583009770 9 2
1482583011123 3 3
1482583013691 8 1
1482583015762 7 3
1482583016891 1 -2
1482583019698 0 1
1482583020706 11 -4
1482583021442 6 -1
1482583022187 2 -1
1482583023435 0 -1
1482583024485 1 4
1482583025194 7 -2
1482583026251 3 -2
1482583028763 8 -1
1482583029450 9 -1
1482583030256 5 -4
1482583031571 9 1
1482583033386 4 -4
1482583038771 1 -2
1482583040476 10 -2
1482583041947 6 1
1482583043887 6 -1
1482583044706 9 -1
1482583045596 12 -1
1482583046418 2 4
1482583048084 12 1
1482583049012 1 2
1482583049988 5 3
1482583051010 1 -2
1482583051699 6 1
1482583054203 R
1482583106958 11 -3
1482583108606 2 -1
1482583113370 2 3
1482583114990 2 -3
1482583122096 2 2
1482583123739 11 3
1482583124390 3 -1
1482583125018 0 -1
1482583127100 1 -2
1482583129321 2 1
1482583132565 1 3
1482583137299 1 -3
1482583140195 6 -2
1482583146768 2 -2
1482583148040 12 2
1482583149302 5 -4
1482583157382 5 4
1482583159084 12 -2
1482583162190 12 2
1482583164600 5 -4
1482583166621 4 3
1482583173221 9 2
1482583176148 8 2
1482583177194 7 3
1482583179798 1 -1
1482583186431 9 -1
1482583187638 8 -1
1482583192456 5 3
1482583194421 11 -1
1482583195370 2 -1
1482583198470 0 1
1482583199737 11 -1
1482583200772 6 -1
1482583205581 5 -2
1482583207383 9 1
1482583211960 9 -1
1482583213667 5 3
1482583242141 R
1482583249638 0 -1
1482583250990 1 -1
1482583255054 11 -1
1482583256646 2 -1
1482583263814 R
