1482779305188 11 -1
1482779306816 11 -2
1482779308008 2 -1
1482779310960 1 1
1482779312743 11 2
1482779313624 3 -1
1482779315016 1 -1
1482779319712 1 1
1482779321657 11 -1
1482779323921 4 -1
1482779329129 1 -1
1482779332008 3 1
1482779333409 R
1482779335672 3 -1
1482779337904 4 -1
1482779340936 11 -2
1482779341944 2 -1
1482779344696 1 1
1482779353704 R
1482779362488 0 -1
1482779364888 3 -1
1482779373937 4 -1
1482779377992 11 -1
1482779381080 1 -2
1482779382055 2 -1
1482779386472 6 -2
1482779388576 12 2
1482779396592 5 -3
1482779399048 4 4
1482779400248 9 2
1482779401464 7 2
1482779404249 8 2
1482779405264 7 1
1482779406888 1 -1
1482779409120 0 1
1482779414544 0 -1
1482779415800 1 1
1482779416736 7 -3
1482779419456 9 -2
1482779420664 5 2
1482779423664 1 1
1482779424952 1 -1
1482779437824 5 -2
1482779439264 8 -2
1482779440543 9 2
1482779441408 9 -2
1482779442242 2 1
1482779443104 11 1
1482779443912 5 -1
1482779445537 9 2
1482779451177 9 -2
1482779453760 4 -4
1482779455392 12 -2
1482779456512 6 2
1482779457392 2 2
1482779458648 1 3
1482779459872 0 1
1482779466833 4 2
1482779468416 3 1
1482779469960 5 1
1482779471032 11 -3
1482779472296 5 -1
1482779474609 1 -1
1482779476016 2 -3
1482779477618 1 1
1482779479024 4 -2
1482779504152 R
1482779513088 4 -1
1482779515992 11 -3
1482779518648 2 -1
1482779520504 1 1
1482779542456 1 -1
1482779543378 2 3
1482779545056 11 3
1482779546136 3 -1
1482779548993 0 -1
1482779549896 1 -2
1482779550864 6 -2
1482779552144 12 1
1482779553448 12 -1
1482779554512 2 -2
1482779555712 12 2
1482779559664 5 -4
1482779563640 4 4
1482779564984 9 1
1482779566104 7 2
1482779567577 7 -2
1482779568347 8 2
1482779569280 7 3
1482779570096 1 -1
1482779571064 0 1
1482779574304 9 1
1482779579720 0 -1
1482779580961 1 2
1482779582024 7 -3
1482779584864 7 3
1482779586720 7 -3
1482779587728 9 -2
1482779592145 1 -1
1482779593976 12 -2
1482779594945 6 1
1482779598519 4 -2
1482779599424 6 1
1482779600408 1 2
1482779601448 0 1
1482779606609 4 -2
1482779608216 8 -2
1482779609928 10 -2
1482779610792 6 1
1482779611672 12 2
1482779614856 0 2
1482779615824 12 -1
1482779618153 12 1
1482779619232 1 -2
1482779626088 5 3
1482779627273 11 -2
1482779628098 2 -1
1482779630104 5 -2
1482779637520 12 -1
1482779641848 11 1
1482779644608 2 3
1482779645593 11 1
1482779646624 5 -1
1482779647849 1 3
1482779648872 2 1
1482779651952 0 -1
1482779654000 4 2
1482779655784 0 -1
1482779658360 4 -2
1482779662698 12 -1
1482779663434 6 -1
1482779664056 2 -1
1482779665192 10 2
1482779674400 4 2
1482779676256 8 2
1482779684496 4 -2
1482779685249 8 -2
1482779687184 1 -1
1482779694144 2 -2
1482779695304 10 -2
1482779696033 6 1
1482779696808 12 2
1482779699616 0 2
1482779700944 0 -1
1482779702560 12 -1
1482779705992 12 1
1482779708600 0 1
1482779709569 1 -2
1482779711656 12 -1
1482779719775 2 3
1482779720936 1 3
1482779724128 0 -2
1482779725560 4 2
1482779726488 4 -2
1482779730600 0 2
1482779731552 12 1
1482779732680 1 -3
1482779736288 12 -1
1482779737112 2 -3
1482779738008 12 1
1482779741752 1 2
1482779744776 0 -1
1482779752617 0 1
1482779753744 1 -2
1482779756368 5 3
1482779757417 11 -2
1482779758272 5 -2
1482779759087 2 -1
1482779759951 12 -1
1482779765872 12 1
1482779769200 2 1
1482779769928 11 2
1482779770728 5 -1
1482779772449 1 2
1482779774161 1 -2
1482779774896 12 -1
1482779778055 12 1
1482779779280 12 -1
1482779780488 2 3
