1480935100363 4 -1
1480935105845 11 -3
1480935107087 2 -1
1480935108213 1 1
1480935109931 1 -1
1480935116309 U
1480935116695 U
1480935117133 U
1480935118361 U
1480935119070 R
1480935119957 R
1480935129911 4 -1
1480935136611 11 -1
1480935137729 2 -1
1480935140103 1 1
1480935141537 11 -2
1480935147905 8 1
1480935148677 4 1
1480935150071 4 -1
1480935150735 8 -1
1480935153063 1 -1
1480935157011 R
1480935163095 3 -1
1480935166589 3 1
1480935168007 2 2
1480935169527 1 1
1480935173065 4 -1
1480935177623 1 -1
1480935179357 11 -3
1480935181023 2 -3
1480935183759 1 1
1480935185857 4 1
1480935186567 8 1
1480935188356 R
1480935192271 3 -1
1480935193629 0 -1
1480935195695 1 -2
1480935198209 6 -2
1480935199921 12 2
1480935201177 5 -4
1480935203437 4 3
1480935206929 9 2
1480935209135 7 2
1480935209697 8 2
1480935210653 7 1
1480935211879 1 -1
1480935219659 1 2
1480935220769 3 4
1480935225133 1 -2
1480935226775 9 -1
1480935233853 0 1
1480935235581 9 1
1480935236621 9 -1
1480935240985 12 -1
1480935241887 4 -2
1480935243259 2 2
1480935245381 4 1
1480935246575 R
1480935250007 4 -1
1480935253399 3 -1
1480935255843 11 -2
1480935256675 2 -1
1480935257793 1 1
1480935261555 R
1480935270963 4 -1
1480935276059 11 -3
1480935277153 2 -1
1480935278711 1 1
1480935284601 8 1
1480935285172 4 1
1480935286575 R
1480935293175 3 -1
1480935293761 0 -1
1480935294725 1 -2
1480935295773 6 -2
1480935296983 12 2
1480935298155 9 2
1480935300537 7 2
1480935301423 8 1
1480935302457 7 1
1480935303597 1 -1
1480935304663 9 -1
1480935308633 5 -4
1480935314239 12 -1
1480935320499 10 -1
1480935321555 2 3
1480935324029 12 1
1480935325541 4 2
1480935330823 1 2
1480935331731 9 1
1480935333043 7 -3
1480935334561 8 -1
1480935335293 9 -2
1480935339041 12 -2
1480935342525 12 2
1480935343959 9 2
1480935346797 9 -2
1480935347929 4 -3
1480935350367 12 -2
1480935351445 2 -3
1480935353565 2 3
1480935354932 6 2
1480935356317 1 2
1480935357397 0 1
1480935360497 1 -1
1480935361845 2 -3
1480935364375 10 1
1480935368762 R
1480935373905 4 -1
1480935379009 2 2
1480935380481 1 1
1480935383757 1 -1
1480935385507 11 -1
1480935386387 2 -3
1480935392855 3 -1
1480935395207 11 -1
1480935396249 1 1
1480935398483 4 1
1480935399094 4 -1
