1482779705176 4 -1
1482779725863 11 -2
1482779729398 11 -1
1482779730971 2 -1
1482779745170 1 1
1482779758242 11 2
1482779760412 0 -1
1482779761447 3 -1
1482779766097 1 -3
1482779768763 6 -2
1482779770909 12 2
1482779776800 5 -3
1482779778875 4 4
1482779784522 9 2
1482779786165 7 2
1482779790119 7 -2
1482779797092 9 -2
1482779799239 5 3
1482779802849 1 1
1482779804316 1 -1
1482779809528 12 -2
1482779812267 2 2
1482779813285 11 1
1482779817953 11 -1
1482779822316 2 -2
1482779823933 12 2
1482779832913 5 -3
1482779835038 9 2
1482779838970 7 2
1482779841568 7 -2
1482779875282 9 -2
1482779876676 5 3
1482779879371 12 -2
1482779880511 6 1
1482779883019 2 2
1482779885661 11 1
1482779886834 6 -1
1482779888541 6 1
1482779894988 6 -1
1482779895572 2 -1
1482779896535 12 2
1482779898574 5 -4
1482779899859 1 1
1482779900924 9 2
1482779903011 3 3
1482779905849 1 -1
1482779907712 5 1
1482779908776 5 -1
1482779909931 1 1
1482779912408 3 -3
1482779913609 8 2
1482779915258 9 -2
1482779916151 12 -2
1482779917997 12 2
1482779918709 9 2
1482779919573 1 -1
1482779922223 R
1482779929454 11 -3
1482779932051 2 -1
1482779933081 1 1
1482779943324 4 -1
1482779947885 1 -1
1482779949769 2 3
1482779950905 1 1
1482779953148 11 3
1482779958416 0 -1
1482779959705 1 -2
1482779960986 6 -2
1482779964057 12 1
1482779968530 2 -2
1482779971668 12 1
1482779974324 9 2
1482779975318 3 1
1482779979065 4 1
1482779980235 8 1
1482779981160 7 3
1482779982352 3 -2
1482779983925 1 -2
1482779988715 1 2
1482779990872 7 -2
1482779992459 1 -1
1482779993550 9 -1
1482779996649 4 -1
1482779997202 8 -1
1482779998633 5 -4
1482779999182 5 3
1482780001014 5 -3
1482780002580 12 -1
1482780003476 2 2
1482780008329 2 -2
1482780009336 4 4
1482780010374 12 1
1482780012875 5 4
1482780014837 7 -1
1482780015878 9 -1
1482780017804 1 1
1482780023651 1 -1
1482780027081 11 -1
1482780027724 2 -1
1482780029615 5 -3
1482780084201 9 2
1482780085462 7 2
1482780086973 7 -2
1482780088580 9 -2
1482780090941 4 -4
1482780094780 12 -2
1482780096751 2 3
1482780097691 11 1
1482780099285 5 -1
1482780103382 12 1
1482780104691 1 1
1482780106927 4 3
1482780108613 9 1
1482780110860 7 2
1482780112104 1 -1
1482780113052 1 1
1482780113847 3 1
1482780115964 3 -1
1482780118909 R
1482780123559 4 -1
1482780127903 11 -3
1482780128953 2 -1
1482780130215 1 1
1482780137355 4 1
1482780140191 4 -1
1482780141234 11 2
1482780142153 0 -1
1482780143733 1 -2
1482780147164 6 -2
1482780148267 12 2
1482780149819 2 1
1482780150861 11 1
1482780163796 3 -1
1482780166265 12 -2
1482780168204 6 2
1482780172728 2 2
1482780173951 1 2
1482780176457 1 -2
1482780177592 2 -2
1482780179008 1 1
1482780181505 2 2
1482780183260 1 1
1482780190555 1 -2
1482780192039 6 -2
1482780192651 2 -1
1482780193527 2 -1
1482780194381 12 2
1482780198421 1 -1
1482780199294 5 -4
1482780203788 8 2
1482780204318 4 3
1482780205877 9 2
1482780211649 7 2
1482780213133 7 1
1482780213833 1 -1
1482780217002 1 2
1482780218398 4 1
1482780222591 7 -3
1482780224046 9 -2
1482780225646 1 -1
1482780227250 4 -4
1482780228433 8 -2
1482780234628 1 1
1482780237357 12 -2
1482780239920 2 2
1482780244985 6 2
1482780247227 1 2
1482780247990 5 1
1482780249228 11 -1
1482780251588 11 1
1482780252301 5 -1
1482780252946 1 -3
1482780253891 5 1
1482780254715 11 -1
1482780256269 2 -3
1482780260509 6 -2
1482780262072 12 2
1482780263234 5 3
1482780265322 12 -2
1482780266179 6 2
1482780268133 1 3
1482780274619 1 -2
1482780275780 6 -2
1482780277216 6 2
1482780278763 2 2
1482780281069 1 1
1482780282405 2 -2
1482780283625 1 -1
1482780284829 1 -1
1482780286656 6 -2
1482780287496 12 2
1482780288676 9 2
1482780290404 4 1
1482780291222 8 1
1482780292127 7 3
1482780293276 1 -1
1482780295823 9 -1
1482780298272 9 1
1482780299475 1 2
1482780302154 7 -3
1482780305000 4 -1
1482780305518 8 -1
1482780309060 9 -2
1482780314453 12 -2
1482780316512 6 2
1482780322591 1 2
1482780323842 0 1
1482780324793 11 -1
1482780326769 1 -1
1482780328889 3 1
1482780329515 11 -1
1482780338856 1 1
1482780352444 4 1
1482780353047 8 1
1482780357348 R
1482780361086 11 -3
1482780362420 8 1
1482780363591 2 -1
1482780366039 1 1
1482780368458 1 -1
1482780370814 8 -1
1482780371586 4 -1
1482780376117 2 3
1482780376818 1 1
1482780380301 11 3
1482780381161 0 -1
1482780382145 1 -2
1482780383487 2 -2
1482780384093 6 -2
1482780386463 11 -1
1482780387306 2 -1
1482780388372 6 2
1482780389238 1 2
1482780390307 0 1
1482780391008 11 -2
1482780392178 1 -1
1482780394088 1 1
1482780397247 11 2
1482780398297 0 -1
1482780399678 1 -2
1482780400718 6 -2
1482780401446 12 2
1482780408281 9 2
1482780408951 3 1
1482780410863 7 1
1482780411431 4 1
1482780411998 8 1
1482780412680 7 2
1482780413938 3 -2
1482780414954 1 -2
1482780416197 0 1
1482780418227 11 -1
1482780420765 9 -1
1482780422497 6 -1
1482780426885 5 -2
1482780427691 5 -1
1482780428843 8 1
1482780430359 8 -1
1482780431001 4 3
1482780432128 9 1
1482780433949 8 1
1482780439624 6 1
1482780440228 2 1
1482780441099 11 2
1482780441857 5 -1
1482780443246 0 -1
1482780444055 1 2
1482780445966 3 4
1482780446925 1 -2
1482780449446 5 1
1482780450401 0 1
1482780451481 11 -4
1482780452426 5 -1
1482780452979 6 -1
1482780453654 2 -1
1482780454796 0 -1
1482780455572 1 4
1482780457641 7 -2
1482780458614 9 -1
1482780459748 9 1
1482780460612 3 -3
1482780461773 9 -1
1482780462790 8 -2
1482780469211 9 1
1482780516920 8 2
1482780517981 7 2
1482780521279 0 1
1482780522254 11 1
1482780524020 5 1
1482780525205 11 1
1482780526139 3 -1
1482780527580 7 -3
1482780528414 9 -2
1482780529675 0 2
1482780530618 8 -2
1482780573352 0 2
