1480911657791 4 -1
1480911659932 11 -3
1480911660965 2 -1
1480911661726 1 1
1480911667340 1 -1
1480911670973 4 1
1480911672204 8 1
1480911673541 1 1
1480911677232 R
1480911686695 0 -1
1480911688926 3 -1
1480911690381 0 1
1480911693455 0 -1
1480911694319 1 -2
1480911695275 6 -2
1480911701488 8 1
1480911703218 12 2
1480911704140 9 2
1480911705870 7 3
1480911707105 1 -1
1480911720448 9 -1
1480911728810 12 -1
1480911731711 2 2
1480911735414 11 -1
1480911736473 2 -3
1480911738185 12 1
1480911739722 5 -3
1480911741794 1 1
1480911742551 7 -3
1480911743616 9 -1
1480911744249 4 -1
1480911745200 8 -1
1480911747078 5 3
1480911750497 12 -2
1480911751392 6 2
1480911752483 1 3
1480911753846 0 1
1480911754778 11 -1
1480911757478 1 -1
1480911760313 2 3
1480911761212 1 1
1480911764156 3 1
1480911766321 11 -1
1480911768035 1 -1
1480911769680 2 -3
1480911771122 1 1
1480911778181 1 -1
1480911779671 11 2
1480911780848 0 -1
1480911781713 1 -1
1480911782699 6 -2
1480911784069 12 2
1480911787019 3 -1
1480911787857 1 -1
1480911790179 5 -3
1480911792376 5 3
1480911793427 5 -3
1480911794289 4 4
1480911799162 5 3
1480911804090 12 -1
1480911805147 12 -1
1480911809363 12 2
1480911810242 5 -3
1480911812146 12 -2
1480911812919 12 2
1480911813651 4 -1
1480911815251 5 1
1480911817383 10 -1
1480911819435 4 -1
1480911820061 10 -1
1480911821098 5 -1
1480911821778 12 -1
1480911822775 2 4
1480911823486 10 1
1480911824387 4 1
1480911825688 12 1
1480911827422 11 1
1480911828627 5 -1
1480911831355 12 -2
1480911832163 6 1
1480911833586 5 1
1480911835099 11 -1
1480911838085 6 -1
1480911838938 12 2
1480911843463 9 2
1480911844350 7 2
1480911845451 7 -2
1480911846709 8 1
1480911847509 7 3
1480911848451 1 -1
1480911849491 0 1
1480911857028 11 -1
1480911857919 6 -1
1480911861489 9 -1
1480911867239 9 1
1480911873084 R
1480911888706 11 -3
1480911891202 2 -1
1480911892279 1 1
1480911894381 1 -1
1480911895922 2 3
1480911896922 1 1
1480911898493 1 -1
1480911900849 2 -3
1480911904532 4 -1
1480911905913 1 1
1480911910941 R
1480911914542 8 1
1480911920806 11 -1
1480911922784 2 -1
1480911924425 1 1
1480911925494 1 -1
1480911927279 0 -1
1480911928166 1 -1
1480911929478 6 -2
1480911930672 12 2
1480911934606 4 -1
1480911935694 9 2
1480911938152 8 -1
1480911939043 9 -2
1480911941838 12 -2
1480911943855 6 2
1480911947670 2 1
1480911948464 11 1
1480911949425 1 1
1480911950110 0 1
1480911950850 11 -3
1480911956018 2 -1
1480911959486 1 1
1480911963474 4 1
1480911964154 8 1
1480911966073 1 -1
1480911970159 11 1
1480911972492 3 -1
1480911976694 8 -1
1480911977380 4 -1
1480911980609 1 1
1480911984402 1 -1
