1481954236541 2 2
1481954237109 1 1
1481954237673 0 -1
1481954237980 3 -1
1481954238490 1 -3
1481954240038 11 -1
1481954240472 6 -2
1481954241012 2 -2
1481954241605 12 2
1481954242030 5 -3
1481954243198 4 3
1481954243290 9 2
1481954243624 8 2
1481954244202 7 3
1481954244559 1 -1
1481954244949 0 1
1481954245348 11 -1
1481954245950 2 -1
1481954248213 6 -1
1481954250523 9 -1
1481954250898 8 -1
1481954251896 12 -1
1481954252239 4 -3
1481954253931 10 -1
1481954254627 2 4
1481954255387 6 1
1481954256854 11 2
1481954257196 5 -1
1481954257464 0 -1
1481954257776 1 2
1481954258133 7 -3
1481954258696 9 -1
1481954259032 4 -1
1481954259355 8 -1
1481954262914 2 -3
1481954263437 12 1
1481954263843 10 1
1481954264723 9 2
1481954265315 4 4
1481954265753 8 2
1481954266248 7 3
1481954266956 1 -2
1481954267488 0 1
1481954267786 5 1
1481954268233 11 -2
1481954268767 2 -1
1481954269156 6 -1
1481954278927 9 -1
1481954279346 8 -1
1481954279970 5 3
1481954283999 6 1
1481954284339 2 1
1481954285376 11 2
1481954285764 0 -1
1481954286082 1 2
1481954286507 7 -3
1481954286974 9 -1
1481954287292 8 -1
1481954293873 1 -1
1481954294520 5 -4
1481954297591 12 -2
1481954298457 4 -3
1481954299625 4 -1
1481954300708 10 -2
1481954301442 6 3
1481954302400 12 2
1481954302849 1 2
1481954313903 1 -2
1481954316929 12 -2
1481954317553 6 -3
1481954319145 12 2
1481954319504 10 2
1481954320188 9 2
1481954320557 4 2
1481954320884 8 1
1481954321404 7 3
1481954321928 1 -1
1481954322631 0 1
1481954322936 5 1
1481954323404 11 -2
1481954324003 9 -1
1481954324426 4 -1
1481954325006 5 3
1481954327740 6 -1
1481954328127 2 -1
1481954337793 5 -3
1481954342855 5 3
1481954343292 6 1
1481954343583 2 1
1481954343964 11 2
1481954344299 0 -1
1481954344565 1 2
1481954345025 7 -3
1481954349201 9 -1
1481954349602 4 -1
1481954349984 8 -1
1481954350533 5 -1
1481954351076 10 -2
1481954353590 1 -1
1481954353998 5 -3
1481954354717 12 -2
1481954355131 6 3
1481954356143 2 3
1481954356686 1 3
1481954357085 12 2
1481954359503 0 3
1481954360050 5 3
1481954363061 1 -3
1481954363771 5 -3
1481954365835 5 3
1481954368318 5 -3
1481954368667 1 3
1481954369035 0 -3
1481954369603 1 -3
1481954370442 12 -2
1481954370947 6 -3
1481954371514 2 -3
1481954374699 6 3
1481954375120 2 3
1481954375451 12 2
1481954377135 5 3
1481954377931 1 3
1481954378365 0 3
1481954379472 3 1
1481954380449 0 -2
1481954381144 5 -2
1481954381894 9 2
1481954382325 4 2
1481954382951 7 2
1481954386224 4 -1
1481954386641 9 -1
1481954389496 5 -1
1481954389833 0 -1
1481954390247 3 -1
1481954394018 1 -3
1481954396394 5 2
1481954398344 5 1
1481954400362 11 -1
1481954401569 11 1
1481954401987 5 -3
1481954404707 7 -2
1481954405174 9 -1
1481954405646 12 -2
1481954407506 6 -3
1481954407955 2 -3
1481954408443 12 2
1481954408860 10 2
1481954409861 4 3
1481954415428 9 1
1481954415881 8 1
1481954416410 7 3
1481954419778 1 -1
1481954438214 5 4
1481954440139 0 1
1481954441360 9 1
1481954442224 9 -1
1481954442972 0 -1
1481954444242 1 2
1481954445745 9 1
1481954446937 7 -3
1481954452948 9 -2
1481954454474 5 -1
1481954456640 8 1
1481954457401 1 -1
1481954459932 5 -1
1481954460557 4 -4
1481954461614 5 1
1481954461983 8 -2
1481954462743 5 1
1481954467791 12 -2
1481954468482 6 2
1481954468901 2 2
1481954469615 1 3
1481954470445 0 1
1481954470806 3 1
1481954471308 11 -3
1481954473325 1 -1
1481954475284 2 -3
1481954498938 2 3
1481954499322 1 1
1481954500333 11 3
1481954500715 0 -1
1481954501002 3 -1
1481954501402 1 -3
1481954502677 6 -2
1481954503012 2 -2
1481954503313 12 2
1481954503711 5 -4
1481954506117 12 -2
1481954506418 10 -2
1481954506784 2 3
1481954507459 6 3
1481954509093 1 3
1481954509831 12 2
1481954513902 5 3
1481954514327 0 3
1481954526874 11 -2
1481954529206 1 -3
1481954532806 1 3
1481954535235 3 1
1481954535773 11 -1
1481954537406 0 -2
1481954539730 9 1
1481954540132 7 1
1481954540591 11 -1
1481954541003 0 -1
1481954541850 1 -2
1481954543537 1 2
1481954543996 5 -3
1481954544333 1 -2
1481954545144 12 -1
1481954547858 2 -4
1481954551657 1 1
1481954554354 1 -1
1481954554759 4 1
1481954559133 7 1
1481954561084 7 -1
1481954562172 4 -1
1481954563488 12 1
1481954564002 1 2
1481954567130 5 3
1481954574040 0 1
1481954574505 11 1
1481954574826 7 -1
1481954575179 9 -1
1481954580425 0 2
1481954583570 11 2
1481954584847 3 -1
1481954585290 1 -3
1481954586950 2 1
1481954587285 11 1
1481954587653 5 -3
1481954590543 12 -1
1481954591883 2 3
1481954592954 12 1
1481954593419 5 3
1481954595016 1 3
1481954596779 0 -3
1481954597774 1 -3
1481954598164 5 -3
1481954599534 1 3
1481954600712 0 3
1481954602537 5 3
1481954602973 1 -3
1481954603956 5 -3
1481954604371 1 3
1481954607395 0 -3
1481954607808 9 2
1481954608083 4 2
1481954609131 7 2
1481954609521 3 3
1481954610618 0 1
1481954610905 5 1
1481954611283 11 -4
1481954612128 0 -1
1481954612607 5 -1
1481954613229 1 -3
1481954615009 7 -1
1481954617257 5 1
1481954622316 7 1
1481954632002 5 -1
1481954632419 1 3
1481954632785 5 1
1481954633018 0 1
1481954633564 11 4
1481954634448 5 -1
1481954634732 0 -1
1481954639945 7 -2
1481954640459 3 -3
1481954640900 9 -2
1481954641319 12 -2
1481954641756 6 -1
1481954642588 2 -1
1481954643895 10 2
1481954644298 8 2
1481954646021 1 -2
1481954646997 6 -2
1481954647375 2 -2
1481954648132 12 2
1481954648553 4 2
1481954649335 9 2
1481954649754 7 3
1481954650180 3 4
1481954651619 1 -2
1481954652255 0 1
1481954652556 5 1
1481954652974 11 -4
1481954653613 6 -1
1481954653924 2 -1
1481954654291 5 -1
1481954654557 0 -1
1481954654935 1 4
1481954655572 5 1
1481954656321 0 1
1481954656640 11 2
1481954657049 3 -4
1481954657399 7 -3
1481954657780 9 -2
1481954658127 8 -2
1481954658452 0 5
