1482779071247 4 -1
1482779073654 2 2
1482779074978 1 1
1482779076556 3 -1
1482779078809 0 -1
1482779080638 1 -3
1482779081549 6 -2
1482779082357 2 -2
1482779083485 12 2
1482779084380 5 -4
1482779086085 12 -2
1482779086790 6 2
1482779087525 2 2
1482779089765 1 2
1482779090661 0 1
1482779093749 1 1
1482779094430 5 1
1482779095261 11 -2
1482779096693 3 1
1482779097389 11 -1
1482779097974 5 -1
1482779098862 1 -1
1482779099613 2 -3
1482779100549 10 -2
1482779101213 6 1
1482779102157 12 2
1482779103493 0 2
1482779104310 1 -1
1482779104981 12 -1
1482779107085 12 1
1482779110694 1 1
1482779111757 0 -2
1482779112797 12 -2
1482779113446 6 -1
1482779114591 10 2
1482779116501 1 1
1482779117181 1 -1
1482779118343 10 -2
1482779119037 6 1
1482779120173 12 1
1482779121333 0 2
1482779122589 12 1
1482779123837 1 -1
1482779126901 12 -1
1482779127621 1 2
1482779128453 0 -2
1482779129261 12 -1
1482779129981 1 -1
1482779130917 2 4
1482779131718 1 1
1482779133031 5 1
1482779133845 11 3
1482779134741 3 -1
1482779135286 5 -1
1482779136142 0 -1
1482779137109 1 -3
1482779138309 6 -3
1482779140678 2 -3
1482779143013 12 2
1482779144894 12 -2
1482779146509 5 1
1482779147383 11 -1
1482779148877 2 -1
1482779149502 6 3
1482779150471 12 2
1482779151061 5 2
1482779152582 1 3
1482779153813 0 3
1482779154775 1 -3
1482779155507 5 -2
1482779156773 12 -1
1482779158462 12 1
1482779159277 5 2
1482779160806 5 -2
1482779161662 12 -1
1482779164332 12 1
1482779167333 5 2
1482779168429 11 -1
1482779170590 1 2
1482779171493 0 -2
1482779172221 1 1
1482779172941 5 -2
1482779173862 12 -2
1482779174613 6 -1
1482779176941 10 2
1482779178749 3 1
1482779179381 11 -1
1482779179923 5 -1
1482779180631 1 -1
1482779183294 1 1
1482779184205 5 1
1482779185694 11 2
1482779186374 3 -1
1482779188909 0 -1
1482779191566 10 -2
1482779191997 6 1
1482779192709 12 2
1482779193414 5 2
1482779194317 1 -3
1482779195926 1 2
1482779196741 3 1
1482779197437 0 2
1482779198180 11 -2
1482779199173 1 1
1482779202994 5 -3
1482779206285 0 1
1482779207861 1 -2
1482779208429 1 2
1482779209168 0 -2
1482779209918 12 -2
1482779210581 6 -1
1482779211957 10 2
1482779217917 5 1
1482779218757 11 2
1482779219413 3 -1
1482779220011 0 -1
1482779221646 10 -2
1482779222197 6 1
1482779223093 12 2
1482779223701 5 2
1482779224621 1 -3
1482779225735 5 -2
1482779226469 12 -2
1482779227270 6 -3
1482779228141 12 2
1482779229437 5 2
1482779231118 9 1
1482779231741 7 1
1482779232389 4 1
1482779233013 7 1
1482779234437 10 2
1482779235117 8 2
1482779235750 7 1
1482779236999 1 -1
1482779238837 5 -2
1482779239837 4 3
1482779240590 8 -1
1482779241861 9 1
1482779243054 0 1
1482779244389 9 -1
1482779245118 5 3
1482779246446 12 -1
1482779247302 12 1
1482779249022 5 -3
1482779250917 8 1
1482779251533 9 1
1482779252494 9 -1
1482779254773 5 2
1482779256110 0 -1
1482779256742 1 2
1482779257613 7 -3
1482779258357 9 -1
1482779261717 1 -1
1482779262397 9 1
1482779263925 7 3
1482779264998 5 -2
1482779266029 1 -1
1482779266997 0 1
1482779267829 11 -1
1482779269302 6 -1
1482779271158 9 1
1482779278022 9 -1
1482779278653 5 2
1482779282941 6 1
1482779283621 11 1
1482779284245 0 -1
1482779286535 8 -1
1482779287541 10 -1
1482779288503 5 -2
1482779289416 4 -3
1482779290901 5 2
1482779293269 1 2
1482779295125 3 1
1482779297415 3 -1
1482779298142 1 -2
1482779298861 0 1
1482779299789 0 -1
1482779301269 5 -2
1482779301965 9 1
1482779302925 9 -1
1482779303981 1 1
1482779304800 7 -3
1482779307926 9 -1
1482779308765 4 -1
1482779309613 8 -1
1482779311317 12 -2
1482779314278 6 2
1482779316005 6 -2
1482779317030 12 2
1482779317655 5 2
1482779319205 5 -2
1482779320016 12 -2
1482779320757 10 -1
1482779321646 2 4
1482779322597 6 3
1482779324550 11 1
1482779325294 5 -1
1482779326829 1 3
1482779329006 12 2
1482779330133 0 3
1482779331093 5 3
1482779332670 1 -3
1482779333565 5 -3
1482779334565 1 3
1482779335415 12 -1
1482779336125 2 -1
1482779337677 2 1
1482779339247 1 -3
1482779341109 5 1
1482779342118 11 -2
1482779343350 12 1
1482779343942 5 2
1482779344942 1 3
1482779346765 3 1
1482779347606 11 -1
1482779348341 5 -3
1482779349166 0 -2
1482779350005 9 2
1482779350733 7 1
1482779351502 3 1
1482779352520 11 -1
1482779356565 1 -1
1482779357589 3 -1
1482779358813 9 -1
1482779360869 1 1
1482779361917 5 3
1482779363613 5 -3
1482779364422 12 -1
1482779365221 1 -1
1482779366325 2 -4
1482779367877 1 1
1482779368549 12 1
1482779370461 11 1
1482779371341 7 -1
1482779372173 9 -1
1482779373397 0 2
1482779374357 1 -2
1482779375237 12 -1
1482779377021 1 2
1482779377789 5 1
1482779378566 11 2
1482779379470 3 -1
1482779381198 12 1
1482779383970 12 -1
1482779386112 11 -1
1482779387901 12 1
1482779388678 5 2
1482779389695 1 -3
1482779391142 5 -2
1482779393702 12 -1
1482779394605 2 4
1482779395789 11 2
1482779397288 5 -1
1482779398222 1 3
1482779398941 3 1
1482779399520 0 -3
1482779400523 12 -1
1482779401565 1 -2
1482779402397 6 -3
1482779403885 2 -3
1482779404877 12 2
1482779406478 9 2
1482779407862 7 1
1482779408861 4 4
1482779410677 10 2
1482779411605 3 -1
1482779412118 7 1
1482779413712 7 -2
1482779415421 7 2
1482779416096 8 2
1482779416621 7 1
1482779417630 1 -2
1482779425573 0 1
1482779427485 0 -1
1482779428637 1 2
1482779429607 9 -1
1482779431198 1 -2
1482779433502 5 3
1482779434974 1 2
1482779435957 7 -3
1482779436942 9 -1
1482779437743 1 -1
1482779443008 5 -2
1482779444141 12 -2
1482779445445 4 -2
1482779446861 6 2
1482779447893 5 -1
1482779449237 1 2
1482779450366 1 -2
1482779451343 1 1
1482779452549 6 -2
1482779454469 12 2
1482779455461 4 2
1482779458302 1 -1
1482779460429 1 1
1482779461574 9 1
1482779463229 7 3
1482779468069 7 -3
1482779468910 9 -1
1482779470357 3 1
1482779471309 9 1
1482779472069 7 3
1482779473886 3 -1
1482779474597 1 -2
1482779475622 5 3
1482779476341 0 1
1482779477406 11 -2
1482779479029 5 -2
1482779480549 6 -1
1482779482693 2 -1
1482779485421 5 2
1482779486782 5 -2
1482779487502 4 -3
1482779488118 12 -1
1482779489645 6 1
1482779490286 2 1
1482779491117 11 2
1482779491822 5 -1
1482779492493 0 -1
1482779493301 1 2
1482779494549 3 1
1482779496157 3 -1
1482779496833 1 -2
1482779497782 1 2
1482779498685 7 -3
1482779499341 12 1
1482779500877 9 -1
1482779501485 4 -1
1482779503221 12 -2
1482779503814 6 2
1482779504485 2 2
1482779505333 1 2
1482779506853 0 1
1482779507534 1 -1
1482779508286 2 -2
1482779509845 4 2
1482779510711 4 -2
1482779511431 8 -2
1482779512862 10 -2
1482779513567 6 1
1482779514279 12 2
1482779515981 0 2
1482779516925 1 -2
1482779517677 12 -1
1482779521286 1 2
1482779521934 3 1
1482779523088 0 -3
1482779523957 4 2
1482779525589 9 1
1482779526365 7 2
1482779527085 3 -1
1482779527981 1 -2
1482779528797 5 1
1482779529573 11 -1
1482779531463 12 1
1482779532117 5 1
1482779534357 2 -1
1482779535365 5 -1
1482779536325 12 -1
1482779537534 4 -1
1482779538240 12 1
1482779538853 5 2
1482779541592 1 3
1482779542888 0 1
1482779543599 11 -1
1482779545022 7 -2
1482779545705 9 -1
1482779546254 4 -1
1482779548005 5 -2
1482779549917 5 2
1482779551141 1 -1
1482779552101 1 1
1482779552958 0 2
1482779553643 1 -3
1482779554681 5 -2
1482779555452 5 2
1482779556806 1 2
1482779557881 0 -2
1482779559326 0 2
1482779559998 3 1
1482779560774 11 -1
1482779561510 1 -1
1482779563038 1 2
1482779563822 5 -3
1482779564716 1 -2
1482779565867 12 -1
1482779566935 2 4
1482779567574 12 1
1482779571710 12 -1
1482779572710 2 -4
1482779573694 1 1
1482779574558 0 -2
1482779575169 12 -1
1482779575727 6 -1
1482779576831 10 2
1482779586451 1 1
1482779588550 5 1
1482779589782 11 2
1482779590838 3 -1
1482779591781 10 -2
1482779592343 6 1
1482779593086 12 2
1482779594767 4 2
1482779596014 4 -2
1482779600406 0 2
1482779601406 5 2
1482779602550 1 -2
1482779606783 1 -1
1482779607622 5 -2
1482779608564 12 -1
1482779610895 2 2
1482779611671 11 1
1482779612455 5 -1
1482779613326 1 2
1482779615070 0 -3
1482779616766 1 -2
1482779617495 12 -1
1482779618453 6 -3
1482779619669 2 -1
1482779621501 6 1
1482779623709 1 1
1482779625046 6 1
1482779626989 10 2
1482779630437 3 1
1482779635037 4 2
1482779636694 8 2
1482779638025 6 -2
1482779639085 12 2
1482779639917 4 2
1482779641301 9 2
1482779642333 3 3
1482779643453 9 -2
1482779644278 1 -1
1482779645614 9 2
1482779646413 7 3
1482779647181 9 -1
1482779648238 1 -1
1482779649014 0 1
1482779650629 9 1
1482779651949 9 -1
1482779652969 0 -1
1482779653797 1 2
1482779656661 9 1
1482779658381 4 -2
1482779660254 7 -2
1482779661438 3 -2
1482779663029 8 -2
1482779663861 4 -2
1482779664654 3 -2
1482779665549 7 -1
1482779669990 9 -1
1482779671917 9 -1
1482779674742 1 -1
1482779677830 5 4
1482779680102 12 -1
1482779681902 12 1
1482779682942 1 1
1482779683718 9 2
1482779684422 4 1
1482779685542 3 2
1482779686502 8 1
1482779689839 7 1
1482779691481 3 -2
1482779694726 7 2
1482779696414 1 -2
1482779697942 0 1
1482779698998 11 -2
1482779699893 6 -1
1482779701103 2 -1
1482779702390 9 -1
1482779706008 12 -1
1482779707678 12 1
1482779709663 9 1
1482779711126 6 1
1482779711751 11 1
1482779712518 0 -1
1482779713334 1 2
1482779714408 7 -3
1482779715495 9 -2
1482779717278 12 -2
1482779717867 6 2
1482779718560 1 2
1482779719199 0 1
1482779721535 11 -1
1482779722503 1 -1
1482779723774 2 3
1482779724550 1 1
1482779726670 4 -1
1482779727674 8 -1
1482779728742 1 -1
1482779729374 2 -3
1482779730358 1 1
1482779731527 1 -1
1482779733606 1 1
1482779734751 11 1
1482779735318 0 -1
1482779736190 3 1
1482779736783 0 1
1482779737374 11 -2
1482779738584 1 -1
1482779739246 1 1
1482779741303 11 2
1482779742223 3 -1
1482779743280 0 -1
1482779744065 1 -3
1482779746329 6 -2
1482779748599 12 2
1482779752022 12 -2
1482779752686 6 2
1482779753502 1 3
1482779758447 1 -2
1482779759160 6 -2
1482779760558 12 2
1482779762558 1 -1
1482779769047 9 1
1482779770166 7 1
1482779771670 4 1
1482779772446 7 1
1482779774294 8 1
1482779775094 7 1
1482779776222 1 -1
1482779778382 0 1
1482779781414 11 -1
1482779784400 6 -1
1482779786741 5 -3
1482779788270 12 -1
1482779789326 12 1
1482779790550 4 3
1482779796166 5 3
1482779798941 5 -3
1482779799806 4 -3
1482779800629 10 -1
1482779801463 12 -1
1482779803701 6 1
1482779804469 11 1
1482779805109 0 -1
1482779805696 1 1
1482779806557 7 -3
1482779807573 9 -1
1482779808437 4 -1
1482779809245 8 -1
1482779813037 12 -1
1482779813861 6 2
1482779815214 10 1
1482779817122 6 -2
1482779819702 6 2
1482779821037 6 -2
1482779822181 12 2
1482779822919 5 3
1482779824101 12 -2
1482779825061 6 2
1482779828848 1 2
1482779830477 0 1
1482779831637 11 -1
1482779833038 3 1
1482779834479 11 -1
1482779835310 1 1
1482779837020 1 -1
1482779838383 11 2
1482779839093 3 -1
1482779839677 0 -1
1482779840631 1 -2
1482779841869 6 -2
1482779843957 12 1
1482779844781 9 1
1482779845597 7 1
1482779847093 4 1
1482779847605 8 1
1482779848917 7 2
1482779849454 1 -1
1482779854990 1 2
1482779855693 3 1
1482779857886 12 1
1482779858709 5 -1
1482779859566 8 1
1482779862960 2 1
1482779865021 11 1
1482779865949 3 -1
1482779866765 1 -2
1482779869217 5 -3
1482779875349 0 1
1482779877397 4 3
1482779881549 5 3
1482779882965 0 -1
1482779884205 5 -3
1482779885838 12 -1
1482779886837 4 -2
1482779888133 2 2
1482779890117 1 2
1482779891358 7 -3
1482779892415 9 -1
1482779893349 1 -1
1482779894158 12 -1
1482779895261 6 2
1482779896189 1 3
1482779897397 4 -2
1482779899197 1 -1
1482779900232 0 1
1482779902413 1 1
1482779903093 5 1
1482779904397 8 -2
1482779905727 10 -2
1482779906341 6 1
1482779907013 2 1
1482779908141 12 2
1482779909261 0 2
1482779911493 5 -1
1482779913309 12 -1
1482779914309 2 -1
1482779915055 1 -2
1482779916789 3 1
1482779917709 3 -1
1482779918693 1 -1
1482779919494 5 1
1482779920286 11 -2
1482779922118 2 -3
1482779923894 12 1
1482779924670 5 2
1482779926630 1 3
1482779927222 3 1
1482779928142 11 -1
1482779929615 5 -3
1482779930655 12 -1
1482779932422 1 -2
1482779933306 12 1
1482779939655 R
1482780010574 2 2
1482780011677 1 1
1482780013022 11 -3
1482780015053 4 -1
1482780016445 1 -1
1482780017670 1 1
1482780018598 11 2
1482780019272 0 -1
1482780019943 3 -1
1482780021365 1 -3
1482780025517 11 1
1482780028030 6 -2
1482780028830 2 -2
1482780030701 12 2
1482780032205 5 -4
1482780034878 5 1
1482780035766 11 -1
1482780036637 2 -1
1482780039733 5 1
1482780040965 5 1
1482780041592 1 1
1482780042381 3 1
1482780045453 5 1
1482780046277 12 -2
1482780047046 6 2
1482780047829 1 2
1482780048509 0 1
1482780049421 11 -2
1482780053984 1 -1
1482780054773 2 3
1482780056021 1 1
1482780061628 1 -1
1482780062246 2 -3
1482780064814 11 2
1482780065725 0 -1
1482780066469 1 -1
1482780068485 6 -2
1482780069365 3 -1
1482780071238 12 2
1482780072005 5 -1
1482780073149 8 2
1482780075166 8 -2
1482780077141 1 -1
1482780078214 5 -2
1482780083166 2 1
1482780083862 11 1
1482780084637 5 -1
1482780085389 1 1
1482780086182 3 1
1482780087486 3 -1
1482780089157 12 -1
1482780090222 2 2
1482780092078 12 -1
1482780093614 6 2
1482780094997 1 2
1482780096133 0 1
1482780096814 3 1
1482780097381 5 1
1482780098677 11 -3
1482780100917 5 -1
1482780101621 1 -1
1482780102629 2 -3
1482780104085 1 1
1482780105085 5 1
1482780106174 11 2
1482780106727 3 -1
1482780108549 10 -2
1482780109005 6 1
1482780109902 12 2
1482780117070 0 2
1482780118253 5 2
1482780120886 0 -3
1482780121829 5 -2
1482780123613 9 2
1482780124598 0 1
1482780125652 7 1
1482780126341 3 2
1482780127262 11 -3
1482780128482 3 -1
1482780129481 9 -1
1482780130412 9 1
1482780133470 11 1
1482780134384 7 -1
1482780135718 9 -2
1482780138041 5 -1
1482780141430 0 2
1482780142478 12 -1
1482780145926 0 -2
1482780146767 12 -1
1482780147654 6 -1
1482780148518 10 2
1482780150550 5 1
1482780154966 10 -2
1482780156103 5 -1
1482780156790 1 -1
1482780158014 2 4
1482780158713 6 1
1482780159846 1 1
1482780161015 12 2
1482780162422 0 2
1482780163480 1 -2
1482780164184 1 2
1482780165166 5 3
1482780166822 1 -2
1482780168683 11 2
1482780169519 3 -1
1482780170103 1 -1
1482780170974 5 -2
1482780174622 5 1
1482780176198 5 -1
1482780178478 11 1
1482780179366 11 -2
1482780180321 12 -1
1482780181230 2 -4
1482780184326 2 4
1482780186224 11 2
1482780186934 5 -1
1482780188161 1 2
1482780191975 2 -3
1482780194390 3 1
1482780195589 1 -1
1482780196669 1 1
1482780197269 2 1
1482780198429 2 1
1482780199301 1 1
1482780200013 5 1
1482780201102 11 -3
1482780202383 5 -1
1482780205948 2 1
1482780207117 12 1
1482780209981 5 3
1482780211703 11 3
1482780212997 3 -1
1482780215317 1 -3
1482780217207 5 -2
1482780218103 12 -1
1482780218981 2 -3
1482780219886 12 1
1482780220753 5 2
1482780222045 11 -2
1482780223166 2 -1
1482780224429 1 3
1482780225183 3 1
1482780226190 1 -2
1482780227181 2 1
1482780228773 11 -1
1482780229838 2 -1
1482780231005 1 2
1482780232199 1 -2
1482780236077 1 2
1482780236823 5 -3
1482780237776 1 -2
1482780238697 1 2
1482780239326 12 -1
1482780240998 5 1
1482780242071 11 1
1482780243039 3 -1
1482780244045 11 1
1482780247422 0 -1
1482780248949 4 2
1482780251879 0 -1
1482780252680 12 1
1482780254830 0 1
1482780256453 0 -1
1482780257342 9 2
1482780258045 7 2
1482780258853 3 3
1482780260061 0 -1
1482780264662 3 -1
1482780265979 4 -1
1482780268103 3 -1
1482780268846 9 -1
1482780269893 5 2
1482780271853 1 -2
1482780273181 1 2
1482780273861 0 1
1482780274565 3 -1
1482780276518 11 -1
1482780277286 1 -1
1482780278053 1 1
1482780279344 7 -2
1482780280293 9 -1
1482780281047 5 -2
1482780281926 9 2
1482780282661 3 2
1482780284029 7 2
1482780287285 11 -2
1482780288128 5 -1
1482780289133 1 -1
1482780293167 3 -1
1482780293893 9 -1
1482780295190 12 -1
1482780295789 12 1
1482780296549 1 1
1482780299023 7 -1
1482780299718 9 1
1482780300590 4 1
1482780301830 1 -1
1482780303085 3 2
1482780303852 0 -1
1482780304518 1 -2
1482780308294 1 1
1482780309109 3 -2
1482780310614 7 1
1482780311422 9 -1
1482780312534 12 -1
1482780313057 12 1
1482780317944 4 -1
1482780319406 12 -1
1482780321111 1 2
1482780321876 12 1
1482780322815 5 3
1482780323847 1 -2
1482780325518 2 1
1482780326623 1 1
1482780327254 0 1
1482780328057 11 3
1482780331029 3 -1
1482780333159 7 -2
1482780334183 9 -1
1482780334839 4 -1
1482780336302 0 2
1482780337255 1 -2
1482780338038 5 -2
1482780338798 12 -1
1482780339655 2 3
1482780340464 12 1
1482780341281 5 2
1482780342525 1 3
1482780343609 3 1
1482780344320 11 -2
1482780345033 1 -2
1482780348878 1 2
1482780349577 0 -2
1482780350217 5 -3
1482780350935 12 -2
1482780351547 6 -1
1482780352152 2 -1
1482780353463 1 -1
1482780354184 2 -2
1482780355694 2 -1
1482780357662 1 1
1482780360144 5 1
1482780361007 11 2
1482780361855 3 -1
1482780363224 0 -1
1482780364863 6 1
1482780366118 12 2
1482780366878 5 2
1482780367782 1 -3
1482780369175 5 -2
1482780369903 12 -2
1482780370943 6 -3
1482780375527 2 1
1482780376455 11 1
1482780377074 5 -1
1482780377903 1 1
1482780378877 3 1
1482780379614 12 2
1482780382302 9 2
1482780383222 3 1
1482780384757 4 2
1482780385479 3 1
1482780386998 1 -1
1482780387678 5 1
1482780388374 11 -1
1482780390366 7 2
1482780391342 10 2
1482780391845 8 2
1482780392638 7 1
1482780394678 1 -1
1482780395806 0 1
1482780397869 11 -3
1482780400957 5 -1
1482780401598 6 -1
1482780402085 2 -1
1482780402932 0 -1
1482780404717 1 4
1482780407158 7 -2
1482780407903 3 -2
1482780409870 7 2
1482780411910 3 3
1482780413238 7 -2
1482780414733 0 1
1482780415382 11 1
1482780416142 7 -1
1482780417142 9 -2
1482780417798 9 2
1482780418710 3 -3
1482780419454 9 -2
1482780420070 4 -2
1482780421301 8 -2
1482780424558 0 4
