1480935956984 4 -1
1480935961696 8 1
1480935962640 4 1
1480935965016 4 -1
1480935965657 8 -1
1480935968313 8 1
1480935969641 4 1
1480935973649 2 2
1480935974665 1 1
1480935975744 0 -1
1480935977488 0 1
1480935980928 0 -1
1480935983369 3 -1
1480935986617 1 -3
1480935990681 11 -1
1480935991768 2 -3
1480935994496 6 -2
1480935996608 12 2
1480935999872 5 -3
1480936001609 4 -1
1480936002241 8 -1
1480936004913 10 -2
1480936008497 12 -2
1480936009762 2 4
1480936011624 6 3
1480936015616 12 2
1480936017937 5 2
1480936022352 5 -2
1480936026136 5 2
1480936029768 5 -2
1480936030543 12 -2
1480936031336 2 -4
1480936032199 6 -3
1480936033151 10 2
1480936034039 12 2
1480936036048 5 3
1480936038952 12 -2
1480936039920 6 2
1480936040857 1 3
1480936042776 0 1
1480936043576 1 -1
1480936045455 1 1
1480936046919 11 -1
1480936048615 1 -1
1480936049615 11 1
1480936050263 0 -1
1480936050975 1 -2
1480936053000 6 -2
1480936054304 12 2
1480936055896 1 1
1480936060536 1 -1
1480936063687 12 -2
1480936065295 6 2
1480936067111 2 3
1480936069031 1 3
1480936071984 0 1
1480936073600 11 -1
1480936075712 1 -1
1480936077171 2 -3
1480936081215 4 1
1480936082664 8 1
1480936083152 8 -1
1480936083728 4 -1
1480936086440 11 1
1480936087809 0 -1
1480936089593 1 -2
1480936123393 2 3
1480936124866 11 1
1480936126122 1 3
1480936139184 1 -3
1480936140665 6 -2
1480936141913 2 -2
1480936143288 12 2
1480936144704 5 -4
1480936151688 4 4
1480936152911 1 1
1480936155929 9 2
1480936157143 8 2
1480936158240 7 3
1480936160056 1 -2
1480936160904 9 -1
1480936166312 0 1
1480936167383 5 3
1480936168855 11 -2
1480936169575 6 -1
1480936170199 2 -1
1480936173175 6 1
1480936173783 11 1
1480936175288 0 -1
1480936176792 1 2
1480936178040 7 -3
1480936179184 9 -1
1480936180352 8 -2
1480936181768 5 1
1480936184408 12 -2
1480936184999 6 1
1480936188375 6 -1
1480936191055 1 -1
1480936196648 R
1480936220912 4 -1
1480936228873 11 -3
1480936230057 2 -1
1480936236227 11 2
1480936236905 0 -1
1480936237664 1 -1
1480936238624 6 -2
1480936240800 12 2
1480936243968 5 -1
1480936244776 3 -1
1480936245569 1 -1
1480936246657 5 -2
1480936255425 4 4
1480936263899 5 3
1480936273128 9 2
1480936274008 8 1
1480936275112 7 3
1480936276200 1 -1
1480936277424 0 1
1480936278256 11 -1
1480936278936 6 -1
1480936280673 9 -1
1480936283176 5 -3
1480936284552 9 1
1480936286168 8 1
1480936286960 9 -1
1480936287472 8 -1
