1482901521561 5 2
1482901525017 1 1
1482901526897 5 -3
1482901528745 2 -2
1482901529993 1 1
1482901533089 8 1
1482901536976 7 1
1482901538489 0 2
1482901550954 0 -2
1482901552339 7 -2
1482901554291 8 -2
1482901555234 1 -2
1482901556649 2 3
1482901558267 6 3
1482901564034 10 1
1482901565179 3 3
1482901566426 7 -1
1482901567981 0 1
1482901569899 0 -1
1482901574491 6 -2
1482901577732 1 1
1482901578883 5 2
1482901584027 2 -3
1482901585388 5 1
1482901587092 1 -1
1482901588380 6 1
1482901589836 2 2
1482901595427 7 1
1482901600964 5 -3
1482901602213 6 1
1482901605253 2 -2
1482901606612 6 -2
1482901607837 1 2
1482901609877 5 3
1482901613790 1 -2
1482901617102 6 1
1482901621761 R
1482901638303 2 -3
1482901641391 5 2
1482901645247 1 2
1482901647480 7 2
1482901651248 8 -1
1482901653336 6 1
1482901655265 10 1
1482901659112 3 2
1482901664072 3 -2
1482901665295 10 -1
1482901666601 0 2
1482901671905 6 -1
1482901676401 5 -1
1482901678216 8 2
1482901679434 7 -1
1482901680609 5 -2
1482901682028 8 -1
1482901687945 2 2
1482901691618 2 -2
1482901693003 8 1
1482901697019 0 -2
1482901700963 0 2
1482901705515 5 3
1482901707131 7 1
1482901712275 9 2
1482901715098 9 -2
1482901717627 5 -1
1482901718811 7 -1
1482901720036 5 -2
1482901723774 0 -2
1482901725004 7 -2
1482901726317 1 -2
1482901727501 8 -2
1482901728506 6 3
1482901730645 10 1
1482901734317 3 2
1482901735755 2 3
1482901736868 3 1
1482901737955 7 -1
1482901739028 0 1
1482901745245 2 1
1482901751574 6 -2
1482901754381 5 2
1482901756349 2 -2
1482901757454 5 1
1482901760301 5 -3
1482901763040 R
1482901790584 2 -3
1482901794248 7 -1
1482901795296 8 -1
1482901796911 6 3
1482901800920 5 -1
1482901804215 10 1
1482901814457 3 2
1482901816392 2 3
1482901817648 3 1
1482901818776 7 -1
1482901820394 0 1
1482901821780 0 -1
1482901823804 6 -2
