1481178172106 2 -1
1481178173521 2 -2
1481178177849 5 2
1481178178937 1 2
1481178180017 7 2
1481178181065 8 1
1481178183328 9 2
1481178184849 9 -2
1481178186717 10 2
1481178188793 10 -2
1481178189521 7 -3
1481178190473 1 -2
1481178191809 5 -3
1481178192601 8 -2
1481178193672 6 3
1481178194594 2 4
1481178196889 6 -3
1481178203266 5 2
1481178204385 6 2
1481178205098 10 1
1481178205681 3 3
1481178206833 7 -1
1481178207634 0 1
1481178208869 0 -1
1481178210257 6 -1
1481178211009 2 -3
1481178211768 5 1
1481178213568 1 2
1481178215986 7 1
1481178216592 7 -1
1481178217224 1 -2
1481178217848 5 -3
1481178218627 6 2
1481178219179 2 3
1481178219874 R
1481178221570 2 -3
1481178226353 7 -1
1481178228521 8 -1
1481178230538 5 2
1481178231152 1 2
1481178232145 8 2
1481178232995 7 3
1481178233864 0 2
1481178234481 9 2
1481178235312 4 -3
1481178236017 9 -2
1481178237193 0 -1
1481178238922 7 -1
1481178239593 5 -4
1481178243424 5 4
1481178244372 7 1
1481178245114 0 1
1481178245777 9 2
1481178247689 9 -2
1481178249545 7 -1
1481178250384 5 -4
1481178251145 7 1
1481178252120 9 2
1481178252880 0 -1
1481178256890 4 2
1481178257689 0 -1
1481178258905 9 -1
1481178260650 10 2
1481178261579 3 1
1481178262368 0 1
1481178263113 4 -3
1481178263897 0 -1
1481178265113 9 -1
1481178266433 7 -3
1481178267296 1 -3
1481178268286 10 2
1481178270761 7 1
1481178273097 7 -1
1481178273785 8 -2
1481178274585 6 3
1481178275841 3 1
1481178277922 2 4
1481178278594 3 1
1481178279274 7 -1
1481178279824 0 5
