1482717631942 2 -3
1482717639926 1 2
1482717641882 5 -1
1482717643588 7 1
1482717649212 5 3
1482717650498 7 1
1482717652946 0 2
1482717654123 7 -1
1482717655595 5 -3
1482717660528 R
1482717668360 7 -1
1482717669874 8 -1
1482717671563 6 3
1482717673279 2 -3
1482717684807 5 -1
1482717686347 6 -3
1482717687454 1 2
1482717689850 1 -2
1482717693079 R
1482717708992 2 -3
1482717710051 1 2
1482717712976 5 2
1482717715146 7 1
1482717717478 5 -3
1482717725099 8 1
1482717729890 10 2
1482717731050 0 1
1482717732666 10 -2
1482717736059 0 -1
1482717737347 7 -2
1482717738532 1 -2
1482717740251 8 -2
1482717742566 1 2
1482717744923 8 1
1482717745947 7 2
1482717748383 7 -2
1482717749274 9 1
1482717750185 4 -1
1482717751392 5 -1
1482717752769 1 -2
1482717756298 2 4
1482717758153 8 1
1482717760398 10 2
1482717762152 10 -2
1482717763199 R
1482717769567 5 2
1482717774047 2 -3
1482717775104 1 2
1482717776351 7 2
1482717778395 0 2
1482717779495 8 -1
1482717786089 8 2
1482717786962 7 -1
1482717789987 5 -3
1482717796557 R
1482717801689 1 1
1482717806494 2 1
1482717807856 1 -1
1482717809408 8 1
1482717811715 10 2
1482717816017 5 -1
1482717818363 1 1
1482717819664 1 -1
1482717820951 7 -1
1482717821633 10 -2
1482717823045 8 -2
1482717824240 6 3
1482717830460 2 -4
1482717831681 6 -3
1482717836751 1 2
1482717837889 8 2
1482717838708 7 2
1482717846858 5 3
1482717847804 7 1
1482717850742 9 2
1482717852358 0 2
1482717853696 4 -3
1482717855638 4 3
1482717856596 9 -2
1482717857494 7 -1
1482717858931 7 1
1482717860785 9 1
1482717861931 4 -3
1482717865690 9 -1
1482717866525 7 -1
1482717867418 5 -4
1482717868490 7 1
1482717869601 8 -2
1482717871872 8 2
1482717879516 8 -2
1482717881004 8 2
1482717881964 7 -1
1482717887449 7 1
1482717890591 9 2
1482717891712 4 1
1482717892532 4 1
1482717893807 9 -1
1482717894993 8 -1
1482717896569 8 1
1482717898702 R
1482717904664 10 1
1482717905722 3 1
1482717906724 7 -1
1482717907882 7 1
1482717910394 2 -3
1482717911122 8 1
1482717912258 5 2
1482717913166 1 2
1482717915347 7 2
1482717920466 0 1
1482717921415 9 2
1482717925779 4 -4
1482717928089 9 -2
1482717929225 8 -2
1482717931735 8 2
1482717932669 7 -1
1482717936478 0 -1
1482717937501 7 -2
1482717946596 1 -3
1482717951072 1 3
1482717955057 5 -4
1482717957440 1 -3
1482717959120 1 3
1482717962827 8 -2
1482717963721 1 -3
1482717965122 6 3
1482717967417 3 1
1482717969540 2 4
1482717971163 3 1
1482717972111 7 -1
1482717978997 6 -2
1482717980245 6 2
1482717983498 6 -2
1482717985299 1 2
1482717989588 U
1482717991049 U
1482717992876 U
1482717999763 6 2
1482718002336 7 1
1482718002853 7 -1
1482718004706 R
1482718011487 10 1
1482718012357 3 1
1482718015372 2 -2
1482718016569 8 1
1482718017579 1 2
1482718018424 5 2
1482718019747 10 1
1482718022004 7 2
1482718024236 0 1
1482718025207 9 1
1482718026546 4 -4
1482718027971 9 -1
1482718030129 0 -1
1482718033762 7 -2
1482718035225 5 -4
1482718038341 7 2
1482718042064 2 -1
1482718045358 10 -1
1482718046756 8 -2
1482718050110 U
1482718051385 R
1482718052695 2 -3
1482718059244 5 -1
1482718060099 7 -1
1482718061967 8 1
1482718064567 9 2
1482718065400 4 -1
1482718066168 5 -1
1482718067933 9 -1
1482718070822 10 2
1482718071844 3 1
1482718073522 10 -1
1482718074342 8 -1
1482718076496 2 4
1482718077656 8 1
1482718078477 8 -1
1482718079208 2 -4
1482718081175 1 2
1482718084834 R
1482718093391 7 -1
1482718095221 8 -1
1482718096290 6 3
1482718099205 2 -2
1482718100971 2 -1
1482718112063 5 -1
1482718113702 6 -3
1482718115000 1 2
1482718115807 8 2
1482718117459 9 2
1482718118394 4 -1
1482718119127 5 -1
1482718120273 9 -1
1482718121432 1 -2
1482718123991 1 2
1482718126302 10 2
1482718130312 1 -2
1482718133111 2 1
1482718134688 5 4
1482718135947 4 1
1482718137032 9 -1
1482718138420 7 1
1482718141091 1 2
1482718143787 7 2
1482718145049 10 -2
1482718147367 8 -2
1482718148578 8 2
1482718150019 7 -3
1482718153283 2 -1
1482718154542 8 -2
1482718162387 5 -3
1482718163782 1 -2
1482718165485 6 3
1482718171424 6 -3
1482718173632 5 1
1482718174466 5 -1
1482718175788 1 2
1482718178891 6 1
1482718179987 10 1
1482718181448 2 2
1482718182824 3 3
1482718184223 1 -2
1482718185458 2 2
1482718187010 6 2
1482718189369 3 -3
1482718191713 10 -1
1482718194121 2 -1
1482718195028 5 1
1482718196204 5 -1
1482718205618 10 1
1482718207926 3 3
1482718209051 7 -1
1482718216750 7 1
1482718217756 3 -3
1482718219006 10 -1
1482718220292 6 -3
1482718221073 8 1
1482718221869 9 1
1482718223672 10 1
1482718224907 3 1
1482718227691 2 1
1482718228789 8 1
1482718229872 9 1
1482718232381 9 -2
1482718233491 8 -2
1482718234666 6 3
1482718236464 3 2
1482718238203 6 -2
1482718239819 2 -3
1482718241154 1 2
1482718338545 5 3
1482718340687 1 -2
1482718341736 6 1
1482718343832 2 2
1482718345102 7 -1
1482718348846 7 1
1482718351584 3 -2
1482718352832 6 -2
1482718354195 2 -3
1482718355390 1 2
1482718356752 8 2
1482718357999 7 3
1482718362588 3 -1
1482718363448 10 -1
1482718365640 8 -2
1482718370317 8 2
1482718371437 9 2
1482718372285 0 2
1482718373519 9 -2
1482718375447 9 2
1482718376911 4 -3
1482718377718 9 -2
1482718381564 0 -1
1482718386454 7 -1
1482718389997 7 1
1482718391092 9 2
1482718393627 9 -2
1482718395078 7 -1
1482718399641 5 -4
1482718401177 7 1
1482718402867 0 1
1482718407521 9 2
1482718408467 4 2
1482718409414 9 -1
1482718410889 8 -1
1482718416487 8 1
1482718417624 9 1
1482718419438 4 -2
1482718420361 9 -2
1482718422364 7 -1
1482718425149 0 -1
1482718426046 8 -1
1482718426864 2 1
1482718428036 2 1
1482718428892 0 1
1482718431340 7 1
1482718432766 8 -1
1482718433987 6 1
1482718436472 0 -1
1482718437404 10 1
1482718438337 3 3
1482718440092 4 -1
1482718441412 3 -2
1482718443051 6 -1
1482718448956 2 -2
1482718453275 8 2
1482718454121 10 1
1482718456981 R
1482718540272 2 -3
1482718541658 8 1
1482718542577 7 -1
1482718543851 9 2
1482718546803 1 2
1482718548201 1 -1
1482718550333 9 -2
1482718551152 8 -2
1482718552349 2 4
1482718553408 8 2
1482718554455 9 2
1482718557797 4 -1
1482718559286 1 -1
1482718559989 5 -2
1482718561931 9 -1
1482718565889 10 2
1482718566959 3 1
1482718568272 3 -1
1482718574107 10 -2
1482718574901 9 1
1482718575923 9 -1
1482718578646 8 -1
1482718580649 2 -4
1482718586647 1 2
1482718587934 8 1
1482718589409 9 1
1482718592197 5 3
1482718592713 5 1
1482718593935 4 1
1482718595057 9 -2
1482718596368 7 3
1482718597958 0 2
1482718598714 7 -1
1482718599810 5 -3
1482718601877 5 3
1482718604549 7 1
1482718605321 9 2
1482718606290 4 -3
1482718607162 9 -2
1482718608008 7 -1
1482718610908 5 -4
1482718612091 7 1
1482718613564 0 -1
1482718614585 0 1
1482718615920 8 -2
1482718630367 8 2
1482718631040 7 -1
1482718633998 7 1
1482718635497 9 2
1482718636748 4 2
1482718638802 4 -1
1482718640189 0 -1
1482718641123 9 -1
1482718643391 4 -1
1482718644349 9 -1
1482718645006 8 -2
1482718645912 6 1
1482718647159 10 1
1482718648116 3 2
1482718648949 4 -1
1482718653726 2 2
1482718655062 3 1
1482718656902 0 -1
1482718658287 0 1
1482718660320 R
1482718662701 2 -1
1482718665210 10 1
1482718665929 3 1
1482718673578 5 -1
1482718674536 2 2
1482718676301 R
1482718678129 2 -3
1482718683912 10 1
1482718684732 3 1
1482718687225 3 -1
1482718688777 10 -1
1482718689433 7 -1
1482718690266 8 -1
1482718691562 6 3
1482718696476 6 -2
1482718697471 1 2
1482718699108 5 2
1482718702939 1 -2
1482718704591 6 -1
1482718705877 5 -3
1482718706848 6 3
1482718710452 5 1
1482718715370 6 -2
1482718715937 1 2
1482718716833 5 2
1482718723787 10 1
1482718725400 3 2
1482718726975 2 2
1482718727644 3 1
1482718729662 7 -1
1482718730908 0 1
1482718734779 2 -1
1482718737009 1 -2
1482718737778 5 -3
1482718738785 6 2
1482718741647 2 3
1482718743489 6 -2
1482718745267 6 2
1482718747953 0 -1
1482718748634 7 1
1482718749690 3 -3
1482718751870 10 -1
1482718754290 10 1
1482718755526 6 -3
1482718757490 8 2
1482718758767 7 1
1482718759443 10 1
1482718761889 7 -1
1482718762506 10 -2
1482718764498 8 -2
1482718765431 2 -3
1482718766211 8 2
1482718766853 1 2
1482718768329 7 2
1482718772951 0 2
1482718777767 8 -1
1482718778471 2 1
1482718779782 2 -2
1482718781232 2 2
1482718786072 0 -1
1482718789209 10 1
1482718790203 3 1
1482718795194 5 3
1482718795964 7 1
1482718799153 8 -1
1482718800438 8 1
1482718801471 9 1
1482718802668 4 -4
1482718803500 9 -1
1482718804886 7 -1
1482718806070 5 -4
1482718808086 5 4
1482718813063 5 -4
1482718814058 2 -2
1482718815521 7 1
1482718816367 8 -1
1482718817246 6 1
1482718818105 3 1
1482718822400 2 2
1482718823057 3 1
1482718824987 4 1
1482718830657 3 -3
1482718831603 10 -1
1482718832371 6 -1
1482718837185 2 -2
1482718837917 8 2
1482718839152 7 -1
1482718843534 0 1
1482718846499 7 1
1482718852129 9 2
1482718854021 4 2
1482718855885 4 -2
1482718858543 9 -2
1482718859438 8 -2
1482718861491 2 2
1482718862360 2 -2
1482718869970 8 2
1482718873058 0 -1
1482718874998 10 2
1482718876308 3 1
1482718877731 4 -1
1482718880039 10 -1
1482718881249 10 1
1482718882622 2 1
1482718886299 U
1482718890948 0 -1
1482718891652 7 -3
1482718892571 1 -3
1482718893792 10 2
1482718895145 8 -2
1482718897622 8 2
1482718900433 10 -3
1482718903367 1 3
1482718904552 7 3
1482718906303 7 -2
1482718907197 1 -3
1482718908698 8 -1
1482718911192 2 4
1482718912299 8 1
1482718913849 10 3
1482718917201 7 -1
1482718918093 7 1
1482718918914 10 -3
1482718919643 1 2
1482718920476 1 -2
1482718921964 8 -1
1482718923476 2 -2
1482718924268 1 3
1482718926296 7 2
1482718928615 8 -1
1482718929331 6 1
1482718931276 6 -1
1482718932167 2 -2
1482718933741 2 2
1482718934421 8 1
1482718935316 7 -3
1482718936612 9 1
1482718938064 9 -1
1482718938947 7 2
1482718939564 0 1
1482718940371 4 1
1482718941064 3 -1
1482718941757 10 -1
1482718942485 0 1
1482718944512 0 -1
1482718945485 7 1
1482718946505 8 -1
1482718947449 2 -2
1482718950083 8 2
1482718951747 10 2
1482718953169 3 1
1482718953878 4 -1
1482718955085 7 -1
1482718955663 0 -1
1482718956523 7 -2
1482718957553 1 -3
1482718958311 7 1
1482718963489 10 2
1482718964169 8 -1
1482718965353 2 4
1482718967430 8 1
1482718969007 7 -1
1482718969799 8 -2
1482718971600 6 3
1482718972672 6 -3
1482718973842 8 2
1482718976794 7 1
1482718979472 10 -2
1482718981023 5 3
1482718982902 10 1
1482718986744 5 -3
1482718987663 10 -2
1482718988757 10 3
1482718989462 7 -1
1482718990583 9 2
1482718993370 9 -2
1482718994052 8 -2
1482718995437 6 3
1482718996886 3 2
1482718998298 7 -1
1482719001548 0 5
