1482100894820 2 -3
1482100896138 1 2
1482100896470 5 2
1482100897476 8 1
1482100897872 7 2
1482100898272 9 2
1482100898624 0 1
1482100899835 0 1
1482100901423 4 -3
1482100901919 9 -2
1482100903105 0 -1
1482100903857 10 2
1482100904575 10 -1
1482100904919 8 -2
1482100905212 6 1
1482100905567 2 2
1482100906048 3 3
1482100906546 4 -1
1482100906889 0 -1
1482100909709 3 -2
1482100910061 6 -1
1482100910444 2 -2
1482100911179 8 2
1482100911681 7 -3
1482100912260 9 2
1482100912942 1 -3
1482100913870 9 -2
1482100914200 10 3
1482100915368 8 -2
1482100915741 6 2
1482100916068 2 3
1482100916638 3 2
1482100916993 7 -1
1482100917746 0 2
1482100919392 4 1
1482100922288 4 -1
1482100924869 0 -2
1482100927396 6 -1
1482100927966 2 -2
1482100929146 7 1
1482100929472 3 -2
1482100929887 6 -1
1482100930317 8 2
1482100930752 10 -3
1482100931168 5 -4
1482100931586 10 3
1482100932010 8 -2
1482100932290 6 3
1482100932621 2 3
1482100933011 3 2
1482100933310 7 -1
1482100933631 0 6
