1482901951035 2 -2
1482901951945 2 -1
1482901953421 8 1
1482901955519 8 -1
1482901957216 2 4
1482901959074 8 1
1482901963453 5 1
1482901964168 1 1
1482901977303 8 -1
1482901979864 2 -4
1482901984421 7 -1
1482901989011 8 -1
1482901989909 1 -1
1482901990745 5 -2
1482901992069 6 3
1482901994257 2 3
1482901998493 6 -2
1482901999217 6 -1
1482902000106 2 -3
1482902001028 8 2
1482902002089 1 2
1482902003537 10 2
1482902004288 1 -2
1482902006956 5 3
1482902008764 1 2
1482902010198 7 3
1482902012432 10 -2
1482902014468 0 2
1482902019064 8 -2
1482902020377 6 1
1482902021340 6 -1
1482902022950 8 2
1482902024772 7 -1
1482902025784 5 -3
1482902027014 8 -1
1482902030840 0 -1
1482902031749 10 1
1482902033196 8 1
1482902034311 10 1
1482902038204 R
1482902049528 7 -1
1482902051186 1 1
1482902052557 5 2
1482902057164 7 1
1482902060262 5 -3
1482902062850 2 -3
1482902064414 1 1
1482902066864 5 3
1482902068312 7 2
1482902071441 0 2
1482902073472 8 1
1482902083265 8 -2
1482902102938 8 2
1482902105964 0 -1
1482902110446 5 -1
1482902121540 8 -2
1482902128634 8 2
1482902130164 9 2
1482902131643 0 -1
1482902142433 10 1
1482902143681 3 1
1482902149607 9 -2
1482902152651 3 -1
1482902154091 10 -1
1482902155871 8 -2
1482902157343 6 1
1482902168155 2 2
1482902170611 0 2
1482902172163 6 -1
1482902173960 6 1
1482902178876 0 -2
1482902183202 10 1
1482902185774 3 3
1482902187922 0 1
1482902192826 R
1482902200616 5 -1
1482902203651 2 1
1482902207727 8 1
1482902212132 8 -1
1482902218620 10 1
1482902221234 1 1
1482902224122 R
1482902228529 2 1
1482902235271 7 -1
1482902236631 8 -1
1482902238673 6 3
1482902258590 10 1
1482902262240 R
1482902265104 2 1
1482902283976 1 1
1482902285345 5 1
1482902288531 8 1
1482902290177 8 -1
1482902292144 1 -1
1482902294204 8 1
1482902297866 10 2
1482902301826 3 1
1482902304454 3 -1
1482902307968 1 1
1482902751646 10 -1
1482902752578 10 -1
1482902754914 5 -2
1482902755750 1 -1
1482902757788 7 -1
1482902759217 8 -2
1482902760361 6 3
1482902765508 10 1
1482902766322 3 2
1482902767120 3 1
1482902768022 7 -1
1482902775955 7 1
1482902776680 3 -3
1482902777760 10 -1
1482902779499 6 -1
1482902780513 6 -2
1482902781457 2 -4
1482902816075 8 2
1482902816825 1 2
1482902817620 5 3
1482902818815 7 3
1482902824234 10 1
1482902825329 10 1
1482902828637 10 -2
1482902829512 8 -2
1482902830544 6 1
1482902831396 2 2
1482902834058 0 2
1482902838507 0 -2
1482902840282 R
1482902843068 1 1
1482902844380 5 1
1482902846995 2 -3
1482902847856 8 1
1482902848942 7 -1
1482902849796 9 2
1482902850746 4 -1
1482902852800 9 -1
1482902853475 1 -1
1482902855179 8 -1
1482902856325 2 4
1482902857683 8 1
1482902859398 9 1
1482902860523 1 1
1482902886319 5 -2
1482902887123 5 -1
1482902888093 1 -1
1482902902946 9 -1
1482902904644 10 2
1482902909361 10 -2
1482902910263 8 -1
1482902911162 2 -3
1482902912434 8 1
1482902913681 1 2
1482902915797 5 2
1482902917190 4 1
1482902918238 9 -1
1482902919074 1 -2
1482902920119 5 -1
1482902921931 7 1
1482902922834 10 2
1482902926705 3 1
1482902929194 2 -1
1482902930691 10 -1
1482902931385 7 -1
1482902933442 8 -1
1482902934179 8 -1
1482902935608 6 3
1482902938318 2 4
1482902939620 3 2
1482902953095 R
1482902956736 1 1
1482902957547 2 -1
1482902958337 2 -2
1482902959199 5 2
1482902959896 1 1
1482902961128 7 2
1482902961938 5 -1
1482902966352 8 -1
1482902972034 8 2
1482902973083 10 2
1482902974506 3 1
1482902976046 3 -1
1482902979693 7 -3
1482902980690 1 -2
1482902981544 5 -2
1482902983452 10 -1
1482902984618 9 2
1482902986502 4 -1
1482902987299 5 -1
1482902988553 10 -1
1482902991523 9 -1
1482902992682 10 2
1482902993970 1 2
1482902995176 1 -2
1482903000657 1 2
1482903002356 5 3
1482903003491 4 1
1482903004375 9 -1
1482903005198 10 -1
1482903006382 1 -2
1482903007203 8 -2
1482903008249 10 -1
1482903009729 6 2
1482903010775 2 2
1482903011871 10 1
1482903012707 3 3
1482903015886 7 -1
1482903018801 5 -2
1482903019576 6 1
1482903020397 2 1
1482903021773 7 1
1482903022732 3 -3
1482903023728 10 -1
1482903033691 6 -2
1482903036341 2 -1
1482903037203 1 2
1482903037966 5 2
1482903039779 1 -2
1482903041447 5 -2
1482903042316 6 -1
1482903043372 2 -1
1482903048252 10 1
1482903049338 10 -1
1482903050176 8 1
1482903051762 1 1
1482903052866 1 1
1482903053680 7 1
1482903054379 5 2
1482903056722 7 2
1482903060984 2 -1
1482903063030 0 2
1482903064317 0 -1
1482903066542 8 1
1482903067870 0 1
1482903069159 7 -1
1482903070045 5 -2
1482903078453 8 -1
1482903079960 2 2
1482903081296 2 -2
1482903082367 5 2
1482903083253 7 1
1482903083977 8 -1
1482903137254 6 1
1482903138107 2 2
1482903143625 6 -1
1482903144284 2 -2
1482903151565 8 2
1482903152183 9 2
1482903153083 4 -3
1482903154216 9 -2
1482903155213 8 -2
1482903157213 8 2
1482903159457 7 -1
1482903160276 5 -3
1482903163002 8 -1
1482903165746 7 1
1482903166804 8 -1
1482903169217 6 1
1482903169916 6 -1
1482903170938 2 2
1482903171930 2 -2
1482903308314 0 -1
1482903309836 10 1
1482903311784 8 2
1482903317630 10 -1
1482903318457 0 1
1482903319779 0 -1
1482903321333 7 -1
1482903322510 5 3
1482903323651 7 1
1482903324982 8 -1
1482903325657 8 -1
1482903329013 2 2
1482903330673 6 1
1482903331687 10 1
1482903332592 3 3
1482903333597 4 -1
1482903334815 0 -1
1482903340555 3 -1
1482903341184 3 -1
1482903342415 6 -1
1482903343429 8 1
1482903344226 7 -2
1482903345073 1 -3
1482903346609 2 1
1482903347543 2 1
1482903348388 5 -3
1482903350697 7 -1
1482903351431 8 -1
1482903352783 6 3
1482903355074 3 2
1482903360549 1 1
1482903361828 5 1
1482903364684 R
1482903366195 10 1
1482903368521 7 -1
1482903371004 5 -1
1482903373347 8 -1
1482903375560 2 1
1482903378511 10 -1
1482903380956 8 1
1482903382662 7 1
1482903384318 1 1
1482903385338 5 1
1482903387525 1 -1
1482903388338 5 -1
1482903390049 8 1
1482903390974 10 2
1482903395388 1 1
1482903396963 1 -1
1482903398869 10 -1
1482903399625 7 -1
1482903400379 9 2
1482903403123 1 1
1482903404024 5 1
1482903405897 9 -2
1482903407199 10 1
1482903409105 10 -1
1482903410037 8 -2
1482903412089 5 -1
1482903413174 1 -1
1482903414557 6 3
1482903420892 10 -1
1482903427369 10 1
1482903428316 3 3
1482903431026 7 -1
