1479545074039 7 -1
1479545076682 10 1
1479545080381 10 -1
1479545085103 2 -3
1479545087151 8 1
1479545090530 1 2
1479545092592 5 2
1479545097425 7 3
1479545099501 0 2
1479545102750 8 -2
1479545104286 6 1
1479545108247 5 -1
1479545117047 2 2
1479545118044 6 -1
1479545119822 2 -2
1479545121723 2 2
1479545125763 0 -2
1479545127267 10 1
1479545128779 8 1
1479545132213 0 1
1479545134687 3 1
1479545136554 0 -1
1479545138889 9 1
1479545140245 4 -1
1479545460937 3 -1
1479545463665 10 -1
1479545589369 5 1
1479545591678 2 -2
1479545595313 8 1
1479545598825 10 1
1479545604792 10 -1
1479545607377 8 -1
1479545610446 8 1
1479545614171 10 2
1479545615856 3 1
1479545625053 10 -1
1479545630167 8 -1
1479545637146 2 2
1479545638481 2 -2
1479545640454 3 -1
1479545642098 10 -1
1479545645322 8 1
1479545659223 4 1
1479545661162 9 -1
1479545662920 8 -2
1479545664825 6 1
1479545666724 5 -1
1479545673487 0 2
1479545677090 6 -1
1479545680699 8 2
1479545684690 7 -1
1479545688198 U
1479545693068 R
1479545699036 7 -1
1479545701699 8 -1
1479545704114 6 3
1479545711017 10 1
1479545712017 3 3
1479545713680 7 -1
1479545720221 7 1
1479545721992 3 -3
1479545723843 10 -1
1479545739257 10 1
1479545740264 3 3
1479545742087 7 -1
1479545745838 7 1
1479545748943 3 -3
1479545750921 10 -1
1479545755431 2 1
1479545759942 5 -1
1479545771055 10 1
1479545776596 3 3
1479545779225 7 -1
1479545784322 6 -2
1479545786227 1 1
1479545789239 2 -1
1479545795892 5 3
1479545798159 1 -1
1479545801203 1 1
1479545807246 5 -3
1479545809667 2 1
1479545812222 1 -1
1479545813940 6 2
1479545835999 7 1
1479545837574 3 -3
1479545839927 10 -1
1479545849536 2 -4
1479545855813 6 -3
1479545858777 8 2
1479545863834 7 1
1479545866273 1 2
1479545868305 7 1
1479545871404 10 2
1479545883343 5 3
1479545885388 7 1
1479545896355 10 -2
1479545904812 8 -1
1479545905697 8 -1
1479545907669 6 1
1479545913242 2 2
1479545919976 0 2
1479545922699 6 -1
1479545924516 2 -2
1479545934650 5 -1
1479545939686 8 2
1479545941225 8 -2
1479545944451 6 1
1479545949837 2 2
1479545956996 0 -2
1479545958780 10 1
1479545960525 3 3
1479545962477 0 1
