1482902390631 5 1
1482902391633 5 1
1482902394246 1 1
1482902396594 1 -1
1482902397847 5 -3
1482902399042 2 1
1482902399708 8 1
1482902403779 8 -1
1482902404846 2 -4
1482902405492 8 1
1482902407253 1 2
1482902409500 7 1
1482902410709 10 2
1482902411598 0 1
1482902414412 2 1
1482902415095 10 -2
1482902415943 8 -1
1482902416810 2 1
1482902420302 0 1
1482902421983 5 3
1482902422874 7 1
1482902423766 8 -1
1482902424871 6 1
1482902426398 2 -2
1482902440004 6 -1
1482902445153 6 1
1482902445975 6 -1
1482902449825 0 -2
1482902450831 8 2
1482902451810 7 -3
1482902453562 10 2
1482902455172 1 -2
1482902458079 10 -2
1482902462222 8 -2
1482902463570 2 3
1482902466533 5 -3
1482902467343 6 3
1482902472154 10 1
1482902472761 3 3
1482902473921 7 -1
1482902475366 0 1
1482902477123 2 -2
1482902478038 6 -2
1482902479444 1 2
1482902480668 5 3
1482902496293 2 1
1482902497519 5 -3
1482902501595 1 -2
1482902502802 2 1
1482902504145 6 2
1482902505966 2 -2
1482902508330 0 -1
1482902508975 7 1
1482902509755 3 -3
1482902510796 10 -1
1482902513747 2 3
1482902515966 6 -1
1482902518076 5 2
1482902519071 6 -2
1482902520060 8 2
1482902520925 9 2
1482902523632 9 -2
1482902524729 7 1
1482902526133 1 1
1482902526974 8 -1
1482902527684 2 -4
1482902528301 8 1
1482902529360 1 1
1482902530149 7 2
1482902531161 0 2
1482902531877 9 2
1482902533004 4 -3
1482902534465 9 -2
1482902535523 8 -2
1482902537615 2 2
1482902538436 6 1
1482902541365 0 -1
1482902542111 10 1
1482902547638 10 -1
1482902548151 0 1
1482902550719 6 -1
1482902551342 2 -2
1482902552012 8 2
1482902556663 9 2
1482902557491 4 2
1482902558719 4 1
1482902559558 0 -2
1482902561191 10 1
1482902561895 9 -2
1482902563498 7 -3
1482902565353 10 1
1482902566299 1 -2
1482902567355 5 -2
1482902568946 2 1
1482902569836 10 -2
1482902570663 8 -2
1482902571759 6 3
1482902576963 2 -1
1482902578523 6 -3
1482902580178 8 2
1482902582647 10 2
1482902584613 1 2
1482902585598 7 2
1482902587146 0 1
1482902587851 10 -2
1482902588822 0 1
1482902593774 8 -1
1482902597524 8 1
1482902598522 0 -2
1482902601122 7 -2
1482902602342 8 -2
1482902603142 6 1
1482902605812 1 -2
1482902606798 6 2
1482902608330 2 4
1482902614098 U
1482902614976 R
1482902619505 10 1
1482902620491 2 1
1482902621071 8 1
1482902625092 7 -1
1482902625767 8 -2
1482902626485 6 3
1482902628614 10 -1
1482902630131 6 -3
1482902631089 8 2
1482902632399 7 1
1482902633104 7 -1
1482902633945 1 1
1482902634745 8 -2
1482902635527 2 -4
1482902636280 1 1
1482902637792 8 2
1482902638683 7 2
1482902640420 0 2
1482902644234 5 2
1482902645081 7 1
1482902645982 9 2
1482902646890 4 -3
1482902648009 9 -2
1482902648969 8 -2
1482902653572 0 -1
1482902654482 10 1
1482902655092 6 1
1482902656014 2 2
1482902656817 3 3
1482902657979 4 -1
1482902658939 0 -1
1482902661509 3 -2
1482902662398 6 -1
1482902663334 2 -2
1482902664789 8 2
1482902666511 7 -3
1482902667391 10 1
1482902668032 1 -3
1482902669354 10 2
1482902670114 8 -2
1482902671149 6 2
1482902672397 2 3
1482902673207 3 2
1482902673955 7 -1
1482902674860 0 2
1482902676919 6 -1
1482902678442 4 1
1482902702710 0 -1
1482902707278 4 -1
1482902707945 0 -1
1482902708644 7 1
1482902709590 3 -2
1482902710348 6 -1
1482902711727 8 1
1482902712629 9 1
1482902714709 2 -3
1482902715638 8 1
1482902716691 10 -3
1482902717946 8 -1
1482902718989 9 -1
1482902719524 8 -1
1482902720534 5 -4
1482902722108 6 3
1482902723181 2 4
1482902724144 3 2
1482902725685 7 -1
1482902727246 6 -2
1482902731524 R
1482902754800 2 -3
1482902767476 2 4
1482902768516 8 1
1482902770550 10 2
1482902774883 3 1
1482902776588 3 -1
1482902777207 R
1482902785685 2 1
1482902788465 8 1
1482902791326 10 2
1482902793524 3 1
1482902794333 7 -1
1482902794863 10 -1
1482902795539 8 -2
1482902796518 6 3
1482902798015 3 2
1482902799366 7 -1
1482902800767 0 1
1482902802827 6 -2
1482902803648 1 1
1482902804650 5 1
1482902805427 2 -3
1482902806265 1 1
1482902806966 5 1
1482902811819 0 -1
1482902813038 7 1
1482902814502 3 -3
1482902815597 10 -1
1482902816351 6 -1
1482902817060 2 -1
1482902818083 8 2
1482902819187 7 3
1482902821478 0 2
1482902822175 8 -2
1482902825811 0 -2
1482902826545 10 1
1482902827405 3 1
1482902827972 6 1
1482902828543 3 1
1482902829163 2 2
1482902830007 3 1
1482902830801 2 -1
1482902833960 3 -3
1482902834844 6 -1
1482902837196 8 2
1482902838507 10 1
1482902840336 7 -3
1482902843298 10 -2
1482902844408 8 -2
1482902845134 6 1
1482902846902 1 -2
1482902847613 5 -3
1482902848422 6 2
1482902854951 2 3
1482902858452 6 -3
1482902859139 8 2
1482902860742 1 1
1482902862753 5 2
1482902863686 7 1
1482902864142 7 -1
1482902864826 9 2
1482902865767 4 -1
1482902866523 5 -3
1482902869489 1 -1
1482902871095 9 -1
1482902872811 8 -1
1482902873489 2 -4
1482902874209 8 1
1482902875027 1 2
1482902876555 10 2
1482902877737 3 1
1482902883669 R
1482902892699 7 -1
1482902893878 8 -1
1482902895151 6 3
1482902898237 10 1
1482902899009 3 3
1482902899954 7 -1
1482902901269 6 -2
1482902901900 2 -2
1482902903031 1 2
1482902903829 5 2
1482902905942 0 1
1482902906882 0 -1
1482902907839 R
1482902944887 2 1
1482902946169 1 1
1482902947398 2 -3
1482902948177 1 1
1482902949273 7 1
1482902950893 0 2
1482902955971 8 1
1482902957063 8 -1
1482902959129 0 -2
1482902960528 0 2
1482902963594 8 1
1482902964421 0 -2
1482902968562 7 -2
1482902969484 10 2
1482902970139 3 1
1482902971340 10 -1
1482902972854 9 2
1482902974006 4 -1
1482902974909 5 -2
1482902975947 1 -2
1482902978130 2 -1
1482902979654 R
1482903019991 2 1
1482903020780 8 1
1482903022609 10 2
1482903023881 3 1
1482903025889 3 -1
1482903031955 10 -1
1482903032713 7 -1
1482903033270 10 -1
1482903034111 8 -2
1482903035502 6 3
1482903037986 10 1
1482903038588 3 3
1482903039766 7 -1
1482903040595 0 1
1482903043982 6 -2
1482903044886 1 1
1482903051186 2 -3
1482903051750 1 1
1482903052607 5 2
1482903054505 0 -1
1482903056767 1 -2
1482903057454 6 1
1482903058424 5 -3
1482903059228 6 1
1482903060614 2 3
1482903065500 6 -2
1482903066297 6 2
1482903066982 7 1
1482903067581 3 -3
1482903068268 10 -1
1482903069767 6 -3
1482903070817 8 2
1482903073118 9 2
1482903074828 4 -1
1482903075605 5 -1
1482903076968 1 1
1482903079978 9 -1
1482903080950 10 2
1482903082092 3 1
1482903114767 3 -1
1482903115983 10 -2
1482903117697 1 -1
1482903118701 8 -1
1482903119499 2 -4
1482903120730 8 1
1482903122172 8 -1
1482903122918 8 1
1482903124598 9 1
1482903125572 10 1
1482903128508 1 2
1482903130683 5 4
1482903131861 4 1
1482903132527 9 -2
1482903138382 7 3
1482903139757 9 2
1482903140396 0 1
1482903141269 4 -3
1482903142732 9 -2
1482903146788 7 -1
1482903150340 10 -1
1482903151079 0 1
1482903152334 7 1
1482903153066 9 2
1482903153870 4 3
1482903154463 0 -2
1482903156606 9 -2
1482903159182 7 -3
1482903160559 10 1
1482903161294 3 1
1482903164177 7 2
1482903165782 5 -3
1482903169454 7 -2
1482903170274 10 1
1482903171577 1 -2
1482903173354 2 1
1482903431544 R
1482903542143 7 -1
1482903546909 8 -1
1482903551886 6 1
1482903556958 6 1
1482903625318 6 1
1482903626743 10 1
1482903627839 3 3
1482903628814 7 -1
1482903629983 0 1
1482903631524 2 -2
1482903632382 6 -2
1482903633340 1 2
1482903634865 5 2
1482903636149 2 1
1482903637614 0 -1
1482903640136 1 -2
1482903641038 6 1
1482903641847 5 -2
1482903642533 6 1
1482903643583 7 1
1482903644281 3 -3
1482903645049 6 -3
1482903646267 8 1
1482903646782 7 1
1482903647503 10 -1
1482903648999 2 2
1482903649576 8 1
1482903650910 1 1
1482903652042 8 -1
1482903652751 2 -4
1482903653378 8 1
1482903655149 1 1
1482903656222 7 1
1482903658582 5 1
1482903659824 7 1
1482903660557 9 2
1482903662782 0 2
1482903720106 4 -3
1482903721237 9 -2
1482903723527 8 -2
1482903736751 2 2
1482903737958 5 1
1482903741902 6 1
1482903742421 2 -1
1482903744131 5 -1
1482903744617 0 -1
1482903746063 2 1
1482903746538 6 -1
1482903747245 8 1
1482903748982 7 -1
1482903749420 5 -3
1482903750398 7 1
1482903751054 8 -1
1482903752547 6 1
1482903755031 0 1
1482903757428 0 -1
1482903757909 10 1
1482903758477 3 3
1482903760919 2 -1
1482903762859 4 -1
1482903763945 0 -1
1482903787596 R
1482903942510 2 -1
1482903944486 1 2
1482903946252 5 1
1482903947511 7 2
1482903949316 8 -1
1482903951317 0 2
1482903954047 0 -2
1482903978394 2 -1
1482903979602 8 2
1482903981814 10 2
1482903984764 9 1
1482903985343 9 -1
1482903988993 7 -3
1482903989866 9 1
1482903992029 1 -2
1482903994115 1 2
1482903994772 9 -1
1482903995662 7 3
1482903996646 10 -2
1482903997559 0 2
1482903999572 8 -2
1482904001298 2 1
1482904114731 2 -2
1482904117141 8 2
1482904118335 9 2
1482904119488 4 -3
1482904120862 0 -1
1482904121862 9 -2
1482904122883 7 -1
1482904123775 5 -3
1482904125328 7 1
1482904127043 10 2
1482904127902 3 1
1482904129668 4 -1
1482904132484 0 -1
1482904133351 7 -3
1482904134334 1 -3
1482904135475 10 2
1482904137458 7 1
1482904140472 8 -1
1482904141314 2 4
1482904142252 8 1
1482904161098 7 -1
1482904162623 10 -2
1482904163435 1 2
1482904164980 7 1
1482904166864 1 -2
1482904168846 10 -1
1482904169436 8 -1
1482904170069 2 -4
1482904170605 8 1
1482904172117 10 3
1482904173911 10 -3
1482904174635 1 3
1482904176740 7 2
1482904177153 0 1
1482904178051 9 2
1482904180271 9 -2
1482904180898 7 -1
1482904181513 5 4
1482904183140 7 1
1482904183865 8 -2
1482904184742 6 1
1482904186218 3 1
1482904187107 0 -1
1482904190985 2 2
1482904192068 5 -1
1482904194859 2 -2
1482904197553 0 1
1482904199342 4 1
1482904200019 3 -2
1482904201119 10 -1
1482904202259 6 -1
1482904202920 8 2
1482904204681 7 -1
1482904205348 5 -3
1482904206302 7 1
1482904208180 0 1
1482904208765 9 2
1482904210278 4 1
1482904210996 0 -1
1482904211618 4 1
1482904212080 0 -1
1482904213224 10 1
1482904214025 9 -1
1482904214685 10 1
1482904226526 2 1
1482904227138 10 -2
1482904228005 0 2
1482904228687 8 -1
1482904230685 8 1
1482904231332 4 -1
1482904232291 4 -1
1482904232857 9 -1
1482904233482 8 -2
1482904235663 8 2
1482904236340 7 -1
1482904237762 0 -1
1482904238918 0 1
1482904241462 5 4
1482904242133 7 1
1482904242811 8 -2
1482904243685 6 1
1482904245604 2 -1
1482904268199 2 2
1482904269220 2 -1
1482904270073 2 -1
1482904271229 6 -1
1482904275315 0 -1
1482904276203 8 2
1482904277032 0 1
1482904277875 7 -1
1482904278831 5 -4
1482904280798 7 1
1482904281598 8 -2
1482904282571 2 2
1482904283565 6 1
1482904327468 R
1482904330371 2 1
1482904335158 8 1
1482904337645 7 -1
1482904338427 9 2
1482904341391 4 -1
1482904343135 5 -2
1482904345890 9 -1
1482904347353 10 2
1482904348576 3 1
1482904350685 3 -1
1482904352014 10 -2
1482904353021 8 -1
1482904354053 2 -3
1482904355015 8 1
1482904355964 1 2
1482904356890 9 1
1482904358882 5 4
1482904359893 9 -1
1482904360934 10 2
1482904361741 3 1
1482904363424 3 -1
1482904364836 10 -2
1482904369148 R
1482904576740 2 -3
1482904578178 8 1
1482904580682 10 2
1482904582259 3 1
1482904584487 1 2
1482904585606 7 1
1482904586424 0 1
1482904588100 10 -1
1482904589212 0 -1
1482904590323 3 -1
1482904591127 3 1
1482904592372 8 -1
1482904594493 5 -1
1482904597086 7 -2
1482904597814 1 -2
1482904598978 2 4
1482904599874 8 -1
1482904600962 6 3
1482904601591 3 2
1482904603601 7 -1
1482904603606 0 1
1482904605411 6 -2
1482904606326 1 1
1482904608518 5 2
1482904610032 0 -1
1482904610553 7 1
1482904611116 3 -3
1482904611774 10 -1
1482904612668 6 -1
1482904615641 8 2
1482904616266 8 -2
1482904617034 2 -4
1482904619620 8 2
1482904620995 7 1
1482904626274 1 1
1482904627724 7 2
1482904628823 0 2
1482904629422 9 2
1482904630404 4 -3
1482904631484 9 -2
1482904632702 8 -2
1482904633619 8 2
1482904634337 7 -1
1482904635117 5 -3
1482904636382 7 1
1482904637232 9 2
1482904639617 4 2
1482904640806 0 -2
1482904642067 10 1
1482904643568 9 -1
1482904644873 8 -1
1482904646558 8 1
1482904649373 9 1
1482904649907 0 1
1482904651068 4 -2
1482904652175 9 -2
1482904654659 10 -1
1482904655794 7 -1
1482904658074 10 2
1482904658762 3 1
1482904659402 4 -1
1482904660644 0 -1
1482904661769 7 -2
1482904663110 1 -3
1482904664566 10 2
1482904665523 8 -2
1482904666865 6 3
1482904668025 3 1
1482904669547 2 4
1482904670277 3 1
1482904672463 7 -1
1482904673767 0 5
