1480079139078 1 1
1480079140845 2 1
1480079142461 8 1
1480079143929 5 1
1480079163556 10 2
1480079168941 5 -2
1480079169986 1 -1
1480079173801 10 -2
1480079175862 1 1
1480079176782 7 -1
1480079178727 9 2
1480079180550 5 2
1480079183415 4 -1
1480079186619 10 1
1480079189052 3 1
1480079191346 3 -1
1480079193578 9 -1
1480079194741 8 -1
1480079198206 1 -1
1480079199252 5 -3
1480079201270 2 -4
1480079207532 1 2
1480079209389 8 1
1480079210754 10 1
1480079215358 5 4
1480079216953 4 1
1480079220902 10 -2
1480079249019 1 -2
1480079250226 5 -3
1480079252391 R
1480079267122 2 -3
1480079268873 8 1
1480079270507 1 2
1480079271982 5 2
1480079274207 7 2
1480079276764 5 -1
1480079284036 7 -3
1480079287824 8 -2
1480079289041 1 -2
1480079290271 5 -2
1480079292077 6 3
1480079295726 2 4
1480079299793 10 1
1480079301900 3 3
1480079303313 7 -1
1480079317990 0 1
1480079320521 5 1
1480079340200 5 -1
1480079359838 5 1
1480079389766 2 -3
1480079390961 6 -2
1480079392990 1 2
1480079394472 5 2
1480079399081 0 -1
1480079405023 U
1480079407061 R
1480079414387 1 1
1480079418426 2 1
1480079420304 8 1
1480079424963 8 -1
