1479512287551 2 1
1479512292312 5 -1
1479512293766 8 1
1479512296046 10 2
1479512300461 1 1
1479512301869 5 2
1479512303182 10 -2
1479512305007 7 -1
1479512307437 8 -2
1479512309694 1 -1
1479512311366 5 -2
1479512313341 6 3
1479512317727 2 -4
1479512320966 6 -3
1479512325133 8 2
1479512327848 9 2
1479512331353 9 -2
1479512334135 1 2
1479512335821 7 2
1479512338808 0 2
1479512341581 8 -1
1479512343550 2 2
1479512344575 2 -2
1479512347160 5 3
1479512348543 7 1
1479512349788 8 -1
1479512353424 6 1
1479512354672 2 2
1479512355584 2 -2
1479512358770 0 -2
1479512360121 10 1
1479512361511 3 2
1479512363681 0 1
1479512364413 0 -1
1479512365526 3 -2
1479512369103 10 -1
1479512372024 6 -1
1479512373256 8 2
1479512377382 7 -3
1479512379994 9 2
1479512381663 4 -1
1479512382878 1 -2
1479512384648 5 -4
1479512385673 9 -1
1479512387803 8 -1
1479512389776 2 4
1479512392199 8 1
1479512394282 10 2
1479512396808 10 -2
1479512398169 8 -1
1479512400193 2 -4
1479512409968 8 1
1479512414105 9 1
1479512415304 9 -1
1479512417084 1 2
1479512419952 9 1
1479512421848 5 4
1479512423093 4 1
1479512424569 9 -2
1479512428330 1 -2
1479512433670 1 2
1479512435129 7 3
1479512436139 0 2
1479512437097 9 2
1479512440004 4 -3
1479512451196 9 -2
1479512452452 7 -1
1479512453921 5 -4
1479512456947 7 1
1479512461662 8 -2
1479512465182 6 1
1479512466079 6 -1
1479512467005 2 2
1479512467946 2 -2
1479512471148 0 -1
1479512472411 8 2
1479512473914 10 2
1479512475086 3 1
1479512476909 4 -1
1479512479812 0 -1
1479512481683 7 -3
1479512483244 1 -3
1479512484914 10 2
1479512486338 8 -2
1479512488018 6 3
1479512491228 2 4
1479512493431 3 2
1479512494427 7 -1
1479512495314 0 6
