1480903724813 3 -1
1480903727796 1 -2
1480903732452 4 -2
1480903741139 4 2
1480903749669 2 2
1480903751814 1 2
1480903753112 7 2
1480903754469 3 1
1480903757825 8 -1
1480903761246 8 1
1480903764768 2 -2
1480903765533 6 1
1480903766726 8 -1
1480903767982 8 1
1480903773210 7 -2
1480903774103 3 -1
1480903775001 1 -2
1480903777933 4 -2
1480903778953 12 -2
1480903780090 6 2
1480903781316 8 1
1480903788195 0 1
1480903789733 5 1
1480903790787 9 -1
1480903791665 3 -1
1480903793276 4 -1
1480903797205 11 3
1480903801267 8 1
1480903802220 10 1
1480903803379 5 3
1480903810749 7 -1
1480903812177 4 1
1480903817383 10 -1
1480903818291 8 -1
1480903820399 11 -2
1480903822681 0 -1
1480903823998 8 -1
1480903825477 6 -2
1480903826384 12 2
1480903828198 1 2
1480903829539 3 2
1480903833559 4 2
1480903836783 7 3
1480903837914 8 -2
1480903848148 3 -1
1480903851949 10 1
1480903853337 0 1
1480903855775 5 -3
1480903857160 6 -1
1480903858006 11 -1
1480903858833 2 2
1480903859756 0 2
1480903863198 8 1
1480903864519 3 1
1480903865657 10 -1
1480903866614 8 1
1480903867402 7 -2
1480903868244 3 -2
1480903870114 1 -2
1480903871176 0 3
