1482868115832 2 2
1482868118367 7 2
1482868125815 4 -1
1482868127895 U
1482868129503 3 -1
1482868131177 7 -2
1482868132385 1 -2
1482868139066 4 -2
1482868142666 4 2
1482868145207 7 1
1482868151543 U
1482868156242 2 -2
1482868157319 6 1
1482868160839 11 1
1482868163423 4 -2
1482868164943 6 1
1482868166063 11 1
1482868172305 12 -2
1482868173336 6 1
1482868174431 11 1
1482868176247 8 2
1482868187407 0 1
1482868190087 10 1
1482868194343 5 4
1482868200048 7 -1
1482868200855 9 -1
1482868202671 3 -1
1482868204470 4 -1
1482868208561 10 -1
1482868209856 0 -1
1482868212776 7 1
1482868214810 8 -2
1482868215831 6 -2
1482868217098 11 -2
1482868218492 12 2
1482868219675 4 3
1482868227522 3 1
1482868231815 1 2
1482868234695 7 2
1482868237608 8 -2
1482868239143 0 1
1482868240351 10 1
1482868248704 5 -3
1482868250631 6 -1
1482868251943 10 -1
1482868253008 11 -1
1482868254873 2 2
1482868256287 0 2
1482868260417 8 2
1482868262915 3 -1
1482868264007 7 -2
1482868265431 1 -2
1482868273432 0 3
