1480902562377 2 2
1480902564669 3 -1
1480902566166 1 -2
1480902571581 1 2
1480902573960 7 2
1480902575339 3 1
1480902577461 9 1
1480902578898 9 -1
1480902587324 2 -2
1480902589862 4 -1
1480902591567 7 -2
1480902593519 4 -1
1480902594389 1 -1
1480902596222 3 -1
1480902596976 1 -1
1480902597983 12 -2
1480902599950 6 3
1480902601004 11 3
1480902602033 8 2
1480902606000 8 -2
1480902606987 6 -3
1480902608005 11 -3
1480902608943 2 2
1480902613034 12 2
1480902614581 4 2
1480902616493 1 2
1480902617400 3 1
1480902618663 7 2
1480902622701 8 -1
1480902623605 10 2
1480902625070 10 -2
1480902626642 8 1
1480902628007 9 1
1480902632565 8 -1
1480902634610 10 2
1480902635437 4 -1
1480902640985 4 1
1480902644635 9 -1
1480902646556 9 1
1480902653871 10 -2
1480902655109 8 1
1480902656959 7 -2
1480902661268 9 -1
1480902662383 3 -1
1480902663655 1 -2
1480902674906 4 -2
1480902675784 2 -2
1480902680589 2 2
1480902683380 2 -2
1480902684341 12 -2
1480902685017 6 3
1480902686586 11 3
1480902687364 8 2
1480902689021 10 1
1480902689669 0 1
1480902690736 5 4
1480902694281 10 -1
1480902695404 0 -1
1480902697818 8 -2
1480902699148 6 -2
1480902700242 11 -2
1480902702376 7 -1
1480902704160 9 -1
1480902705028 3 -1
1480902706335 4 2
1480902707118 12 2
1480902710141 3 1
1480902710902 1 2
1480902711533 3 1
1480902712396 2 -2
1480902714471 2 2
1480902715278 7 3
1480902716302 8 -2
1480902726578 4 -1
1480902731436 4 1
1480902733879 8 1
1480902735057 3 -2
1480902736715 3 2
1480902738301 8 -1
1480902739794 8 2
1480902740856 7 -3
1480902743102 2 -2
1480902748759 2 2
1480902749554 3 -2
1480902750543 1 -2
1480902751537 2 -1
1480902759686 4 -3
1480902762942 12 -2
1480902763706 6 2
1480902764430 11 2
1480902765443 8 2
1480902770999 10 3
1480902773473 8 -2
1480902774184 6 -2
1480902775080 11 -2
1480902776133 12 2
1480902777998 5 -1
1480902779295 11 -1
1480902788341 10 1
1480902789239 2 1
1480902797682 2 -1
1480902798173 10 -1
1480902803253 12 -2
1480902804829 11 3
1480902805912 6 2
1480902807373 8 2
1480902810531 10 -2
1480902816010 2 1
1480902819019 4 1
1480902824804 2 -1
1480902827825 5 1
1480902828671 10 -1
1480902829737 8 -2
1480902831931 6 -2
1480902832744 11 -2
1480902833981 12 2
1480902838479 4 2
1480902840215 3 1
1480902840782 1 2
1480902841470 3 1
1480902842129 2 -1
1480902843240 1 -1
1480902846524 4 -2
1480902849662 12 -1
1480902850865 11 2
1480902851698 6 1
1480902854335 2 1
1480902855333 3 -2
1480902856010 1 -1
1480902857353 4 -1
1480902858082 12 -1
1480902858749 6 1
1480902859937 4 1
1480902861663 8 2
1480902875264 0 1
1480902877147 10 2
1480902878093 5 -2
1480902880742 10 -1
1480902885713 2 1
1480902886567 3 1
1480902889487 7 1
1480902890306 5 -1
1480902891069 9 1
1480902891838 5 -1
1480902894898 10 -1
1480902895746 0 -1
1480902896718 8 -2
1480902897922 6 -3
1480902899014 11 -3
1480902900382 2 2
1480902904103 4 2
1480902905525 12 2
1480902907573 1 2
1480902908842 7 2
1480902909883 3 1
1480902913469 8 -1
1480902914398 10 2
1480902919492 3 -1
1480902921351 3 1
1480902936130 10 -1
1480902936909 4 -1
1480902937812 2 -2
1480902938537 11 2
1480902942106 3 -1
1480902950147 10 -1
1480902967778 6 1
1480902968473 10 1
1480902970414 11 -2
1480902971183 4 1
1480902974744 3 1
1480902976408 9 1
