1482559667234 3 -1
1482559669261 1 -2
1482559672396 2 2
1482559673596 4 -2
1482559675730 12 -2
1482559676889 2 -2
1482559677838 6 3
1482559678821 11 3
1482559681267 8 2
1482559682736 0 1
1482559683926 5 1
1482559684795 9 -1
1482559685513 3 -1
1482559686564 4 -1
1482559689345 10 1
1482559690415 5 3
1482559691624 7 -1
1482559692901 2 -1
1482559694504 10 -1
1482559696222 8 -1
1482559697146 11 -2
1482559698854 11 2
1482559699869 8 1
1482559703577 10 3
1482559708799 0 -1
1482559709587 10 -3
1482559714980 2 1
1482559737406 4 1
1482559739208 3 1
1482559741019 7 1
1482559745124 8 -2
1482559746026 6 -2
1482559747663 11 -2
1482559764404 4 2
1482559764898 12 2
1482559766336 1 2
1482559767149 3 1
1482559767954 7 -1
1482559769114 2 -2
1482559771809 2 2
1482559772389 7 3
1482559773784 8 -2
1482559775345 0 1
1482559779117 0 -1
1482559781277 8 2
1482559782214 7 -3
1482559784307 2 -2
1482559786918 1 -1
1482559788095 4 -2
1482559789400 12 -1
1482559790612 11 2
1482559803656 4 1
1482559805353 2 2
1482559805993 3 -2
1482559807004 4 -2
1482559807792 1 -1
1482559808478 12 -1
1482559809265 6 2
1482559812641 8 2
1482559816575 7 1
1482559859686 0 1
1482559863781 7 -1
1482559874996 8 -1
1482559882555 0 -1
1482559887249 8 -1
1482559888202 6 -2
1482559889232 11 -2
1482559890216 12 2
1482559891118 4 3
1482559893327 1 2
1482559894160 3 2
1482559897835 7 3
1482559899479 8 -2
1482559904957 0 1
1482559907856 3 -1
1482559911819 4 -1
1482559914096 11 1
1482559914930 10 1
1482559916160 5 -3
1482559917236 11 -2
1482559917851 6 -1
1482559919594 2 2
1482559921248 0 1
1482559927343 10 -1
1482559934348 4 1
1482559935239 0 1
1482559936819 8 2
1482559939749 7 -2
1482559940808 1 -2
1482559941684 0 2
