1480057036952 1 -1
1480057037861 3 -1
1480057038699 1 -1
1480057039444 2 2
1480057040914 7 1
1480057041760 1 2
1480057042685 7 1
1480057043557 3 1
1480057044348 9 1
1480057046510 8 -1
1480057047517 2 -2
1480057048868 4 -1
1480057050612 4 1
1480057051132 2 2
1480057052251 10 2
1480057054188 10 -2
1480057055209 8 1
1480057057386 7 -2
1480057058160 1 -1
1480057059142 4 -2
1480057060021 12 -1
1480057061393 2 -2
1480057062402 11 3
1480057063169 6 2
1480057066102 6 -2
1480057067122 2 1
1480057067739 4 1
1480057068966 7 1
1480057070080 9 -1
1480057071332 7 -1
1480057072308 3 -1
1480057073547 1 -1
1480057076902 2 -1
1480057077752 12 -1
1480057078379 4 -1
1480057079099 6 3
1480057079998 8 2
1480057080963 0 1
1480057081529 10 1
1480057082449 5 4
1480057083336 0 -1
1480057084133 7 -1
1480057084585 9 -1
1480057085693 3 -1
1480057087304 2 -1
1480057088495 3 1
1480057090584 10 -1
1480057091303 8 -2
1480057092227 6 -2
1480057092927 11 -2
1480057094392 12 2
1480057095257 1 2
1480057096003 3 1
1480057096754 2 -1
1480057098763 4 2
1480057100396 2 2
1480057102290 7 3
1480057103000 8 -2
1480057103987 0 1
1480057104584 10 1
1480057105354 5 -3
1480057106279 6 -1
1480057107199 11 -1
1480057108479 2 2
1480057109415 0 2
1480057110410 10 -1
1480057111245 8 2
1480057112214 9 2
1480057112911 5 -1
1480057113827 7 -2
1480057118372 9 -1
1480057119064 3 -1
1480057120177 1 -2
1480057129485 0 2
