1481893967869 8 -3
1481893970107 3 2
1481893971212 9 -1
1481893972444 10 -1
1481893973291 2 -1
1481893974667 9 4
1481893977275 6 -1
1481893979580 5 -3
1481893981269 3 -3
1481893982428 9 -3
1481893983307 2 3
1481893984076 10 3
1481893985363 4 3
1481893986252 0 1
1481893987412 7 3
1481893988243 1 -1
1481893989212 6 -1
1481893990211 3 -1
1481893995507 7 -2
1481893996851 4 -1
1481893998052 8 4
1481893999003 7 3
1481894003307 8 -3
1481894004091 0 -1
1481894006964 4 -2
1481894007827 10 -2
1481894008626 2 -3
1481894010995 9 1
1481894012042 3 4
1481894013083 5 3
1481894013835 6 2
1481894014819 4 -1
1481894015499 9 -2
1481894016131 0 5
