1482502487207 2 -1
1482502487989 10 -1
1482502488964 3 -1
1482502489860 6 -1
1482502490820 5 -3
1482502491589 10 3
1482502492486 2 3
1482502493492 4 3
1482502495292 0 1
1482502496156 7 4
1482502498125 1 -1
1482502499164 6 -1
1482502501660 6 1
1482502502292 0 -1
1482502503228 4 -4
1482502504156 0 1
1482502504873 2 -3
1482502505644 10 -2
1482502508124 2 1
1482502509156 7 -3
1482502509909 2 -1
1482502510757 10 -1
1482502511599 8 -3
1482502513381 9 3
1482502514364 3 3
1482502516133 5 3
1482502517117 0 4
