1480272389947 10 -1
1480272405063 3 -1
1480272406199 2 1
1480272411367 2 -2
1480272414791 3 2
1480272415425 9 2
1480272419299 8 -2
1480272420426 8 -1
1480272421348 9 1
1480272422091 3 1
1480272424324 2 2
1480272425778 5 -2
1480272427124 6 -1
1480272427879 5 -1
1480272428657 2 1
1480272429348 4 1
1480272444820 8 1
1480272446001 8 -1
1480272450950 4 -1
1480272457856 2 -2
1480272463997 5 2
1480272465758 2 1
1480272467530 5 1
1480272476851 6 1
1480272480266 1 1
1480272487591 1 -1
1480272497630 5 -2
1480272502396 2 -2
1480272507056 9 -4
1480272509235 10 1
1480272515178 5 2
1480272517405 3 -3
1480272521549 5 -2
1480272523057 10 2
1480272526538 2 2
1480272533589 8 4
1480272535535 10 -3
1480272538112 2 -2
1480272540475 5 1
1480272543422 5 -1
1480272545192 9 4
1480272547341 3 2
1480272549170 2 1
1480272552555 3 -2
1480272554014 6 -1
1480272555404 5 -1
1480272557213 2 2
1480272561278 2 -3
1480272562785 9 -3
1480272564808 2 3
1480272566607 10 3
1480272568804 4 3
1480272570788 2 -3
1480272573841 2 3
1480272577974 4 -2
1480272582670 4 2
1480272584508 0 1
1480272587639 2 -3
1480272592520 9 1
1480272594697 3 1
1480272595787 5 1
1480272599452 6 1
1480272601280 9 -2
1480272602962 0 1
1480272605742 3 -1
1480272608999 7 1
1480272611420 1 -1
1480272616446 0 -1
1480272618089 9 2
1480272623621 9 -2
1480272625148 2 2
1480272626927 7 3
1480272630611 0 1
1480272635122 2 -2
1480272654168 0 -1
1480272656939 9 2
1480272658874 6 -2
1480272660556 3 -1
1480272663385 5 -1
1480272666515 9 -1
1480272669199 2 3
1480272673476 4 -1
1480272676120 8 -3
1480272691412 7 -3
1480272692244 8 -1
1480272692956 4 1
1480272697168 7 2
1480272697922 0 -1
1480272699750 2 -2
1480272701023 2 2
1480272702093 4 -3
1480272703011 10 -2
1480272703898 2 -2
1480272705265 5 3
1480272706097 3 4
1480272707913 6 2
1480272708865 4 -1
1480272709457 9 -1
1480272710400 0 5
