1482719205134 10 -1
1482719205711 2 -1
1482719207182 8 -3
1482719208060 9 3
1482719208816 3 2
1482719210475 6 -1
1482719211096 5 -3
1482719211944 3 -3
1482719212583 9 -2
1482719213849 8 4
1482719216302 8 -1
1482719217068 9 1
1482719219063 9 -2
1482719219452 2 3
1482719220399 10 3
1482719221171 4 3
1482719221914 0 1
1482719222857 7 4
1482719223509 0 -1
1482719224312 1 -1
1482719225175 4 -4
1482719229571 2 -3
1482719230065 10 -2
1482719231200 8 -2
1482719232045 5 3
1482719232780 6 1
1482719234213 2 2
1482719236771 2 -2
1482719237753 3 3
1482719238451 9 -1
1482719239208 0 6
