1481739268214 3 -1
1481739268901 5 -2
1481739269692 8 -3
1481739270006 10 -1
1481739270927 2 -1
1481739271367 9 3
1481739271749 3 3
1481739272085 5 2
1481739275252 5 -2
1481739275619 6 -1
1481739275968 5 -1
1481739276954 2 3
1481739280274 2 -3
1481739280664 9 -3
1481739281010 3 -3
1481739281364 2 3
1481739281765 10 3
1481739283404 8 4
1481739283902 4 3
1481739284319 0 1
1481739284727 7 4
1481739285174 0 -1
1481739285469 1 -1
1481739286035 4 -4
1481739286541 0 1
1481739287006 7 -3
1481739287445 2 -3
1481739287811 10 -3
1481739288206 8 -4
1481739288629 9 3
1481739289031 3 3
1481739289485 5 3
1481739290065 0 5
