1482810547508 10 1
1482810549603 2 -1
1482810556815 6 -1
1482810558087 3 -1
1482810559202 5 -3
1482810561535 2 3
1482810564348 4 1
1482810567836 4 -1
1482810568748 2 -3
1482810571548 10 1
1482810573256 8 -3
1482810574553 10 -3
1482810577878 9 3
1482810578999 3 3
1482810580078 5 3
1482810582817 6 1
1482810585650 1 1
1482810587559 2 2
1482810590117 5 -2
1482810592329 5 2
1482810593325 1 -1
1482810594070 6 -1
1482810595125 5 -3
1482810596175 2 1
1482810597269 4 1
1482810604193 4 -1
1482810606098 2 -3
1482810607675 5 3
1482810609125 9 -3
1482810611045 3 -3
1482810612092 2 2
1482810613759 2 -2
1482810615383 9 3
1482810616377 3 3
1482810618640 6 1
1482810620520 1 1
1482810621903 2 2
1482810623443 5 -2
1482810624521 2 -1
1482810625395 2 -1
1482810626325 9 -3
1482810627825 3 -3
1482810629095 2 2
1482810630203 10 3
1482810631667 8 4
1482810634121 2 -2
1482810635471 9 1
1482810636739 3 1
1482810637520 10 -3
1482810639427 9 2
1482810641204 3 1
1482810642333 5 1
1482810645052 9 -3
1482810652939 1 -1
1482810654038 9 -1
1482810655667 2 1
1482810656529 3 -2
1482810657480 2 1
1482810658333 5 -1
1482810661712 5 1
1482810663399 2 -2
1482810664127 3 2
1482810665469 9 3
1482810666819 6 -1
1482810667715 5 -2
1482810669360 9 -2
1482810670782 3 -2
1482810673093 2 3
1482810675100 10 3
1482810676116 4 2
1482810677363 0 1
1482810678671 7 3
1482810679961 1 -1
1482810682325 7 -2
1482810683844 6 -1
1482810685755 6 1
1482810687297 7 3
1482810688910 6 -1
1482810689744 3 -1
1482810691309 3 1
1482810695354 8 -3
1482810696514 7 -2
1482810697372 8 -1
1482810698588 7 1
1482810699620 4 1
1482810701459 4 -1
1482810703591 4 1
1482810704794 0 -1
1482810705739 6 1
1482810706903 4 -4
1482810707992 0 1
1482810709696 8 4
1482810711228 8 -3
1482810712202 10 -2
1482810713057 2 -2
1482810715079 5 3
1482810716555 3 3
1482810718085 6 1
1482810718825 9 -1
1482810719674 0 4
