1479515891920 2 -1
1479515892309 10 -1
1479515892869 9 2
1479515894869 8 -2
1479515895484 3 -1
1479515895925 9 -3
1479515896362 2 2
1479515896753 10 2
1479515897217 2 -2
1479515897595 5 -2
1479515898306 10 1
1479515898769 2 2
1479515899233 8 3
1479515900347 2 -2
1479515901025 9 2
1479515901839 1 1
1479515902348 1 -1
1479515902824 9 -2
1479515903560 9 1
1479515903880 2 2
1479515904469 2 -2
1479515905315 6 -1
1479515905693 5 -1
1479515906558 2 3
1479515907091 4 3
1479515907674 0 1
1479515908136 2 -3
1479515910553 9 1
1479515910912 3 1
1479515911527 5 1
1479515912071 6 1
1479515912628 1 1
1479515913543 9 -1
1479515913827 3 -1
1479515914306 2 2
1479515917180 7 4
1479515917786 1 -2
1479515918865 2 -2
1479515920101 9 -1
1479515920679 9 2
1479515921048 6 -2
1479515921526 3 -1
1479515921913 5 -1
1479515922624 9 -1
1479515923715 2 3
1479515924322 7 -3
1479515925022 4 -1
1479515925674 8 -3
1479515926289 8 -1
1479515926679 4 1
1479515927558 4 -1
1479515928140 4 1
1479515928610 2 -3
1479515929214 9 1
1479515930517 3 2
1479515931239 6 1
1479515931669 1 1
1479515932025 7 -1
1479515932578 0 -1
1479515933585 9 -1
1479515933916 3 -1
1479515934604 2 3
1479515935219 4 -3
1479515936583 10 -2
1479515937132 10 -1
1479515937588 2 -3
1479515939247 5 3
1479515939779 2 2
1479515940241 10 2
1479515940810 5 -2
1479515941486 5 -1
1479515941891 2 1
1479515942221 10 1
1479515942683 4 3
1479515943203 0 1
1479515944094 7 3
1479515944671 1 -1
1479515945173 6 -1
1479515945732 3 -1
1479515947082 4 -1
1479515947574 4 1
1479515948089 2 -2
1479515949270 7 -2
1479515949720 2 -1
1479515952386 2 2
1479515952812 2 -2
1479515953420 9 1
1479515953833 3 2
1479515954268 5 1
1479515954839 6 2
1479515955360 6 -2
1479515956083 5 -1
1479515956424 3 -2
1479515956888 9 -1
1479515957575 2 3
1479515959113 4 -1
1479515959528 8 1
1479515959959 8 3
1479515960809 7 3
1479515965550 4 1
1479515965926 2 -3
1479515966474 9 1
1479515967192 3 2
1479515967585 5 1
1479515968167 5 -1
1479515968793 9 -1
1479515969290 9 1
1479515969586 3 -2
1479515972454 9 -1
1479515973093 2 3
1479515974086 4 -1
1479515974738 7 -3
1479515975366 7 2
1479515975795 0 -1
1479515976100 4 -2
1479515976692 2 -2
1479515977775 7 1
1479515978186 2 -1
1479515979003 9 1
1479515979677 3 2
1479515980046 5 1
1479515980566 6 2
1479515980956 4 -1
1479515981310 9 -2
1479515981642 3 -1
1479515982119 0 2
1479515982984 2 2
1479515983458 7 -3
1479515984335 2 -2
1479515984843 10 -3
1479515985469 8 -3
1479515986061 3 3
1479515986463 5 2
1479515986882 0 4
