1482810557780 8 -3
1482810559747 9 -1
1482810561054 3 2
1482810563540 2 1
1482810565217 10 -1
1482810571304 2 -2
1482810578281 9 4
1482810581493 6 -1
1482810586770 6 1
1482810592213 1 1
1482810603162 R
1482810619068 5 -2
1482810621106 3 -1
1482810623662 8 1
1482810625097 10 2
1482810632824 2 -1
1482810635258 10 -3
1482810636865 9 3
1482810644996 9 -1
1482810646443 8 -4
1482810648641 9 1
1482810653163 6 -1
1482810654609 5 -1
1482810656483 2 3
1482810660161 2 -3
1482810661868 9 -3
1482810662970 2 3
1482810664536 10 3
1482810666907 4 3
1482810669972 2 -3
1482810698779 0 1
1482810700780 7 1
1482810701695 1 -1
1482810702908 6 -1
1482810705329 3 -1
1482810709663 2 3
1482810716717 7 2
1482810721775 0 -1
1482810729140 4 -3
1482810738442 10 -2
1482810741722 2 -2
1482810743258 5 3
1482810745634 3 4
1482810749029 6 2
1482810749806 9 -1
1482810750536 4 -1
1482810751590 0 5
