1481525094982 1 -1
1481525096342 10 2
1481525097517 0 1
1481525112410 0 -1
1481525113255 10 -2
1481525119460 10 2
1481525120532 6 -2
1481525121732 7 -2
1481525132148 3 -1
1481525137244 7 2
1481525138491 10 -1
1481525141116 4 -1
1481525141907 5 3
1481525143437 10 2
1481525151300 7 -2
1481525156411 R
1481525187179 1 -1
1481525189257 10 2
1481525194156 6 -2
1481525210016 3 -1
1481525211456 7 -2
1481525213012 4 -1
1481525213715 5 3
1481525217449 10 1
1481525218991 1 1
1481525223321 R
1481525231416 1 -1
1481525242407 1 1
1481525245935 2 1
1481525248455 2 -1
1481525251599 1 -1
1481525254726 10 2
1481525256703 0 1
1481525257726 12 1
1481525258534 2 -1
1481525260623 6 -2
1481525261646 3 -2
1481525263886 7 -2
1481525265238 4 -2
1481525273942 9 -1
1481525274993 11 2
1481525277927 11 -2
1481525278748 9 1
1481525279485 4 2
1481525280989 0 2
1481525288982 R
1481525294181 1 -1
1481525295557 10 2
1481525308516 0 1
1481525309268 12 1
1481525310396 2 -1
1481525324252 R
1481525345299 1 -1
1481525348938 10 2
1481525351468 6 -2
1481525352826 3 -1
1481525354138 4 -1
1481525355893 5 3
1481525364522 10 1
1481525365690 0 1
1481525366783 12 1
1481525369474 2 -1
1481525370601 3 -1
1481525371502 7 -2
1481525375177 7 2
1481525375937 3 1
1481525376545 2 2
1481525377561 12 -1
1481525379354 10 -1
1481525381714 5 -3
1481525394001 12 1
1481525394720 2 -2
1481525397736 3 -1
1481525399416 4 -1
1481525401128 9 -1
1481525402256 11 2
1481525412557 11 -2
1481525413247 9 1
1481525414360 9 -1
1481525418139 11 2
1481525421447 11 -2
1481525422279 5 3
1481525426959 10 1
1481525427727 1 1
1481525429015 12 3
1481525432855 1 -1
1481525433743 0 -1
1481525435896 6 -1
1481525437663 10 -3
1481525440304 5 -2
1481525448903 9 -2
1481525456230 4 1
1481525458462 7 2
1481525460054 11 2
1481525462103 8 2
1481525464478 3 1
1481525471581 2 3
1481525473829 10 -1
1481525478093 10 2
1481525482862 2 -3
1481525485886 7 -4
1481525492844 7 4
1481525494332 3 -1
1481525496276 4 -1
1481525497765 9 1
1481525498996 10 -1
1481525500164 1 1
1481525501141 12 -1
1481525502388 5 -1
1481525503477 9 -1
1481525504676 4 2
1481525510341 3 2
1481525511460 2 3
1481525512371 10 -1
1481525513141 0 1
1481525514108 12 -1
1481525514942 9 -1
1481525522028 9 1
1481525522945 12 1
1481525525147 0 -1
1481525525923 10 1
1481525526511 2 -3
1481525529574 8 -2
1481525536034 3 -2
1481525539562 1 3
1481525550666 4 -2
1481525552578 5 1
1481525554786 12 1
1481525563393 4 1
1481525564701 3 1
1481525565897 2 2
1481525567154 10 1
1481525568177 6 1
1481525570680 2 -2
1481525572001 3 -1
1481525572881 3 1
1481525577560 2 2
1481525578384 6 -1
1481525579448 10 -1
1481525582565 12 -1
1481525583496 5 -1
1481525584576 4 1
1481525587232 1 -3
1481525591888 2 -2
1481525595921 8 2
1481525596816 2 3
1481525599192 10 -1
1481525602971 3 1
1481525603755 R
1481525655304 1 -1
1481525661880 10 2
1481525663673 2 1
1481525665551 10 -2
1481525666688 1 1
1481525668880 2 -1
1481525670583 2 1
1481525671328 1 -1
1481525672040 10 2
1481525672730 0 1
1481525673406 12 1
1481525674135 2 -2
1481525675015 6 -2
1481525680431 3 -2
1481525681928 4 -2
1481525683040 9 -1
1481525684615 5 3
1481525690886 10 1
1481525692608 1 1
1481525695127 12 3
1481525702966 1 -1
1481525705541 0 -1
1481525707527 6 -1
1481525709003 10 -3
1481525712565 9 -2
1481525716039 5 -2
1481525718189 11 2
1481525727645 7 -2
1481525728614 4 1
1481525743716 3 1
1481525744996 7 4
1481525746172 2 2
1481525748716 10 1
1481525750964 10 -1
1481525751997 2 -2
1481525753524 3 -1
1481525754268 10 1
1481525756772 3 1
1481525757220 10 -1
1481525766923 8 2
1481525767667 2 3
1481525788490 10 -1
1481525791242 1 1
1481525792091 12 -1
1481525793277 5 -1
1481525795514 4 1
1481525797986 3 1
1481525802030 10 1
1481525803034 2 -3
1481525805673 3 -2
1481525811505 4 -2
1481525819561 9 1
1481525821849 5 1
1481525823313 12 1
1481525824689 1 -1
1481525832048 9 -1
1481525834248 4 1
1481525836169 3 1
1481525838103 2 3
1481525842744 10 -1
1481525846968 1 1
1481525847952 0 1
1481525849161 12 -2
1481525850904 9 -1
1481525851479 5 -1
1481525860407 4 1
1481525866543 1 2
1481525870815 1 -2
1481525872599 3 1
1481525874918 8 -1
1481525877446 3 -1
1481525878439 4 -1
1481525879006 7 -2
1481525879862 11 -1
1481525881550 7 1
1481525882566 5 3
1481525884062 9 1
1481525885322 12 2
1481525887478 0 -1
1481525888724 10 1
1481525889758 2 -3
1481525893966 3 -1
1481525896445 4 -1
1481525901541 9 1
1481525902224 12 -1
1481525904062 12 1
1481525904501 1 -1
1481525906533 10 1
1481525910556 5 -2
1481525914013 7 -1
1481525915965 7 -2
1481525917573 9 1
1481525923092 10 -1
1481525938884 1 1
1481525944134 9 -2
1481525944828 12 -1
1481525945644 5 -1
1481525954371 9 2
1481525955603 9 -2
1481525956875 8 -1
1481525958083 11 -1
1481525959795 9 3
1481525963786 5 3
1481525966779 12 1
1481525967770 1 -1
1481525972618 10 3
1481525983969 1 1
1481525984802 0 1
1481525985387 6 1
1481525986266 12 -3
1481525989219 12 3
1481525990011 6 -1
1481525990650 0 -1
1481525991178 1 -1
1481525993697 4 1
1481525994929 0 3
1481525998081 10 -3
1481525999873 1 1
1481526000881 12 -2
1481526002362 5 -3
1481526006538 5 3
1481526008850 12 2
1481526009537 1 -1
1481526016008 10 3
1481526018851 10 -3
1481526023529 1 1
1481526024289 12 -2
1481526025716 5 -3
1481526027777 4 1
1481526059559 4 -1
1481526060855 5 3
1481526062031 12 2
1481526063754 1 -1
1481526065047 10 3
1481526067318 6 1
1481526068046 1 1
1481526069536 12 -3
1481526070206 1 -1
1481526071662 10 -2
1481526072598 5 -3
1481526074406 4 1
1481526087191 4 -1
1481526088325 5 3
1481526089213 10 2
1481526090485 1 1
1481526091142 12 3
1481526092525 6 -1
1481526095661 0 -1
1481526099053 0 -1
1481526100725 3 1
1481526101981 7 2
1481526107709 0 -1
1481526112060 1 -1
1481526113556 10 -1
1481526114756 5 -2
1481526119628 3 -1
1481526122372 10 -2
1481526123260 4 -1
1481526124044 9 -3
1481526125116 11 2
1481526129611 7 2
1481526131603 4 1
1481526132419 3 1
1481526133129 2 2
1481526137618 8 2
1481526139150 2 1
1481526140171 10 -1
1481526142811 1 1
1481526143435 12 -1
1481526144049 5 -1
1481526144979 4 1
1481526146560 3 1
1481526151212 0 1
1481526152011 12 -1
1481526152840 9 -1
1481526158303 9 1
1481526160371 12 1
1481526160938 0 -1
1481526162963 10 1
1481526164650 2 -3
1481526168146 3 -2
1481526170714 8 -2
1481526173801 7 -4
1481526175458 4 -2
1481526178121 11 -2
1481526184057 9 3
1481526185134 4 2
1481526186817 1 2
1481526192545 10 2
1481526197849 3 1
1481526198713 7 1
1481526199592 2 2
1481526201145 6 1
1481526202309 0 1
1481526203363 12 -3
1481526204187 0 -1
1481526210978 0 1
1481526211882 12 3
1481526214538 6 -1
1481526215810 0 -1
1481526216669 10 -2
1481526219954 10 2
1481526222403 10 -2
1481526225322 2 -2
1481526226542 1 -2
1481526229666 3 -1
1481526230842 4 -2
1481526232089 9 -3
1481526234281 4 2
1481526238537 3 2
1481526242193 7 3
1481526243969 2 2
1481526245474 2 -2
1481526246826 11 2
1481526247490 8 1
1481526248010 8 1
1481526249190 2 3
1481526250273 10 -1
1481526253937 0 1
1481526254817 12 -1
1481526265896 3 -1
1481526271392 12 1
