1482636500458 2 1
1482636501507 1 -1
1482636502415 10 2
1482636504413 0 1
1482636505442 12 1
1482636506462 2 -2
1482636507654 6 -2
1482636508482 3 -2
1482636509600 7 -2
1482636518408 0 2
1482636519388 10 -1
1482636521391 4 -1
1482636522915 5 3
1482636523807 10 2
1482636524849 1 1
1482636525490 12 3
1482636526625 6 -1
1482636528684 1 -1
1482636530124 10 -3
1482636531167 10 3
1482636531983 0 -3
1482636533163 10 -3
1482636534077 4 -1
1482636534956 9 -3
1482636536365 5 -2
1482636537425 11 2
1482636538334 4 1
1482636541177 7 4
1482636542279 8 2
1482636543529 4 -1
1482636545694 4 1
1482636546416 10 1
1482636547111 3 1
1482636548401 2 3
1482636549530 10 -2
1482636550583 0 1
1482636552137 1 1
1482636552949 12 -2
1482636553693 5 -1
1482636554395 9 -1
1482636555006 4 1
1482636556005 3 1
1482636557367 8 -1
1482636558178 7 -3
1482636559138 11 -1
1482636559842 7 3
1482636560236 11 1
1482636564298 3 -1
1482636565108 1 3
1482636578967 3 1
1482636581783 3 -1
1482636582379 9 1
1482636583424 1 -3
1482636584465 3 1
1482636585551 8 1
1482636587615 12 1
1482636588527 0 -1
1482636589147 10 1
1482636590075 2 -3
1482636591306 3 -2
1482636594275 8 -2
1482636595133 1 3
1482636598350 3 1
1482636599140 2 2
1482636601112 2 -2
1482636602219 8 1
1482636602720 2 3
1482636603897 10 -1
1482636610543 1 -3
1482636612658 7 -3
1482636615235 4 -1
1482636616196 5 2
1482636616680 11 -1
1482636617509 12 1
1482636619236 1 -1
1482636622110 10 2
1482636622971 6 1
1482636624146 2 -3
1482636625252 6 -1
1482636625932 10 -1
1482636627069 5 1
1482636628269 5 -2
1482636628820 3 -1
1482636629280 7 -1
1482636629762 8 -1
1482636636250 10 1
1482636636690 3 1
1482636637060 7 2
1482636637651 8 1
1482636638315 2 3
1482636639545 10 -2
1482636643143 10 2
1482636645776 10 -2
1482636646693 7 2
1482636647172 11 1
1482636647913 R
1482636650671 2 1
1482636652046 1 -1
1482636653073 10 2
1482636658262 6 -2
1482636659178 3 -1
1482636659803 7 -1
1482636661395 4 -1
1482636662549 5 3
1482636663207 10 1
1482636667072 2 -1
1482636667863 7 -1
1482636669371 1 1
1482636671104 0 1
1482636673722 R
1482636676330 2 1
1482636677825 1 -1
1482636678568 10 2
1482636679262 6 -2
1482636680229 3 -1
1482636680695 7 -1
1482636683364 4 -1
1482636683756 5 3
1482636684374 10 1
1482636685305 1 1
1482636686525 0 1
1482636687228 12 4
1482636688398 2 -2
1482636690439 6 -1
1482636691646 1 -1
1482636693730 3 -1
1482636694291 7 -1
1482636696811 4 -1
1482636697654 9 -1
1482636698205 11 1
1482636701863 10 -1
1482636702826 0 -1
1482636706464 10 -2
1482636707169 9 -2
1482636708205 4 1
1482636716866 10 1
1482636717285 3 1
1482636717664 8 1
1482636718583 7 1
1482636719350 2 3
1482636720292 10 -2
1482636722900 7 2
1482636724817 7 -2
1482636725787 5 -2
1482636727824 11 1
1482636729448 7 3
1482636731188 8 1
1482636733511 10 2
1482636734291 2 -3
1482636735513 3 -1
1482636737966 10 -1
1482636740292 7 -1
1482636741220 5 1
1482636742188 5 -1
1482636742718 4 -1
1482636743347 7 -2
1482636743756 7 -1
1482636744702 8 -2
1482636748777 5 1
1482636752319 9 2
1482636753285 10 2
1482636754229 0 1
1482636754995 R
1482636756636 2 1
1482636758060 1 -1
1482636758877 10 2
1482636759573 0 1
1482636763525 2 -1
1482636764522 6 -2
1482636765067 3 -1
1482636765542 7 -2
1482636768148 12 1
1482636769663 4 -1
1482636770307 5 3
1482636772558 10 1
1482636773172 1 1
1482636773974 12 3
1482636775117 2 -1
1482636775937 3 -1
1482636777120 3 1
1482636781604 3 -1
1482636782246 4 -1
1482636783244 9 -1
1482636784250 1 -1
1482636784838 10 -1
1482636785718 5 -2
1482636787854 9 1
1482636792333 4 1
1482636794191 5 2
1482636795025 10 1
1482636795680 1 1
1482636796399 12 -3
1482636797568 1 -1
1482636798256 10 -1
1482636798958 5 -3
1482636803147 4 1
1482636804583 4 -2
1482636808551 4 2
1482636812255 4 -2
1482636813059 9 -1
1482636813933 11 2
1482636821994 11 -2
1482636822503 9 1
1482636823091 5 3
1482636826118 10 1
1482636827129 4 1
1482636828245 0 2
1482636829195 10 -1
1482636830107 5 -3
1482636830887 4 1
1482636832327 10 -1
1482636841624 4 -1
1482636852043 4 1
1482636852643 10 1
1482636853512 0 -2
1482636854464 4 -2
1482636855990 9 -1
1482636858734 11 2
1482636862863 11 -2
1482636864494 11 2
1482636866288 5 2
