1482626008540 1 -1
1482626010261 10 2
1482626012738 6 -2
1482626029526 7 -2
1482626033258 3 -1
1482626035699 4 -1
1482626036927 0 1
1482626038242 12 1
1482626039603 2 -1
1482626041373 3 -1
1482626046191 0 2
1482626051994 4 1
1482626053501 10 -1
1482626063039 10 1
1482626067093 R
1482626077566 1 -1
1482626082626 10 2
1482626092425 0 1
1482626093538 12 1
1482626095161 2 -1
1482626102825 6 -2
1482626106035 3 -2
1482626107737 4 -2
1482626109915 9 -1
1482626111888 11 2
1482626113448 7 -2
1482626127691 11 -2
1482626128765 9 1
1482626130149 4 2
1482626137444 0 2
1482626144140 10 -1
1482626154529 4 -1
1482626156417 10 1
1482626160608 0 -1
1482626162747 7 2
1482626167733 7 -1
1482626168731 7 -1
1482626181934 R
1482626208367 1 -1
1482626222222 2 1
1482626227296 10 2
1482626245109 6 -2
1482626246541 2 -1
1482626263145 0 1
1482626264471 12 1
1482626266427 2 -1
1482626271870 7 -2
1482626273641 3 -2
1482626279933 4 -2
1482626285466 9 -1
1482626287701 11 2
1482626303474 8 2
1482626306465 7 2
1482626310484 8 -2
1482626313786 7 -2
1482626318929 11 -2
1482626320013 9 1
1482626321254 4 2
1482626323607 0 2
1482626332760 10 -1
1482626339816 4 -1
1482626343032 10 1
1482626346344 0 -1
1482626362128 0 1
1482626364211 10 -1
1482626369402 5 3
1482626376026 10 2
1482626377828 1 1
1482626381208 12 3
1482626386612 6 -1
1482626388569 1 -1
1482626390273 10 -3
1482626391552 5 -2
1482626399280 10 2
1482626401985 0 -3
1482626403842 10 -2
1482626404840 4 -1
1482626408453 9 -3
1482626410544 11 2
1482626413460 4 1
1482626417034 4 -1
1482626418527 9 2
1482626423067 10 2
1482626424413 0 1
1482626431349 8 2
1482626433152 7 2
1482626437742 7 -2
1482626439185 8 -2
1482626442034 0 -1
1482626443322 10 -2
1482626444688 9 -2
1482626447151 4 1
1482626451498 7 4
1482626455918 3 1
1482626457824 8 2
1482626458977 2 3
1482626461186 10 -1
1482626463200 0 1
1482626466465 1 1
1482626469537 0 -1
1482626471783 10 1
1482626475369 10 -1
1482626481509 7 -3
1482626483291 5 1
1482626484201 5 -1
1482626485634 7 3
1482626488037 0 1
1482626490904 8 -1
1482626492308 7 -3
1482626506170 7 3
1482626510239 0 -1
1482626511420 10 1
1482626512496 2 -3
1482626514326 3 -1
1482626515703 8 -1
1482626519343 1 -1
1482626524136 7 -4
1482626527350 5 1
1482626531426 11 -1
1482626532734 5 1
1482626534187 4 -1
1482626535378 9 2
1482626536589 10 3
1482626541342 0 1
1482626542377 10 -1
1482626545793 5 -2
1482626548776 11 1
1482626549949 11 -2
1482626550983 9 1
1482626552261 4 1
1482626553850 0 2
1482626557916 10 -2
1482626567948 1 1
1482626569082 12 -2
1482626570205 5 -1
1482626572857 4 1
1482626575675 4 -1
1482626588022 5 3
1482626590937 12 2
1482626591964 1 -1
1482626600350 5 -2
1482626604050 5 2
1482626606973 1 1
1482626608077 12 -2
1482626609461 5 -3
1482626623367 5 3
1482626624328 12 2
1482626627649 1 -1
1482626633778 10 3
1482626640994 0 -1
1482626642766 7 2
1482626647512 7 -2
1482626649778 10 -1
1482626668854 0 1
1482626670248 10 -2
1482626671207 1 1
1482626672388 12 -2
1482626673965 5 -3
1482626675351 4 1
1482626677014 4 -1
1482626692355 12 1
1482626702931 12 -1
1482626704741 12 1
1482626705516 5 3
1482626706931 12 1
1482626708015 1 -1
1482626710783 10 3
1482626712400 0 -1
1482626715674 0 -2
1482626716971 0 1
1482626718026 4 -1
1482626719596 0 -1
1482626721077 10 -3
1482626722414 9 -3
1482626725098 4 1
1482626728001 11 1
1482626735671 7 3
1482626739428 1 1
1482626740669 12 -1
1482626742143 5 -3
1482626743729 4 1
1482626749134 7 1
1482626750316 11 1
1482626756272 3 2
1482626757572 2 2
1482626758927 2 -2
1482626761174 3 -1
1482626761853 3 -1
1482626766899 1 3
1482626774010 3 2
1482626776829 8 1
1482626777914 2 3
1482626779308 10 -1
1482626780452 0 1
1482626789179 0 -1
1482626791134 10 2
1482626792230 2 -3
1482626794253 3 -2
1482626797269 8 -1
1482626814130 4 -2
1482626822750 4 2
1482626825201 1 -1
1482626826799 11 -2
1482626830973 11 2
1482626835740 1 1
1482626837997 10 -1
1482626853774 4 -2
1482626860869 4 2
1482626862051 1 -3
1482626865180 11 -2
1482626867330 7 -4
1482626871517 4 -2
1482626872467 9 3
1482626878164 4 2
1482626879463 1 2
1482626880625 10 2
1482626883855 0 1
1482626892730 12 -1
1482626904155 6 1
1482626905483 12 -1
1482626920183 0 1
1482626922402 0 1
1482626928584 12 2
1482626929837 6 -1
1482626931136 10 -2
1482626935930 1 -2
1482626950872 12 -1
1482626961231 4 -1
1482626990430 4 1
