1481538817464 1 -1
1481538818967 10 2
1481538820999 6 -2
1481538825007 7 -2
1481538827255 3 -1
1481538829136 4 -1
1481538831271 0 1
1481538832440 12 1
1481538834554 4 1
1481538835914 3 1
1481538836944 2 -1
1481538838276 3 -2
1481538841000 4 -2
1481538842339 9 -1
1481538843404 11 2
1481538847520 11 -2
1481538848464 9 1
1481538849452 4 2
1481538850545 0 1
1481538852698 4 -1
1481538854848 0 1
1481538855737 4 1
1481538856537 10 -1
1481538858377 4 -1
1481538860305 10 1
1481538862977 0 -2
1481538863968 4 -1
1481538864740 9 -1
1481538865888 11 2
1481538867829 7 2
1481538870012 8 2
1481538871921 5 2
1481538875301 8 -2
1481538876273 7 -2
1481538878262 5 -2
1481538880914 11 -2
1481538882068 9 1
1481538883778 4 2
1481538888502 7 2
1481538889393 3 2
1481538891580 R
1481538900355 1 -1
1481538901150 10 2
1481538902156 6 -2
1481538905099 7 -2
1481538907388 3 -1
1481538908490 0 1
1481538909514 12 1
1481538910610 2 -1
1481538912082 3 -1
1481538917658 4 -1
1481538918490 4 -1
1481538919619 9 -1
1481538921458 11 2
1481538922859 8 2
1481538925204 7 2
1481538927514 5 2
1481538931202 7 -2
1481538931847 8 -2
1481538933805 5 -2
1481540864055 R
1481540868017 1 -1
1481540869341 10 1
1481540871716 6 -2
1481540872811 3 -1
1481540874235 10 1
1481540876049 7 -2
1481540877329 0 1
1481540878613 12 1
1481540879792 2 -1
1481540881322 3 -1
1481540883017 0 1
1481540885389 4 -1
1481540889081 5 3
1481540890786 10 1
1481540896626 0 1
1481540897835 1 1
1481540898969 12 3
1481540900385 6 -1
1481540902154 1 -1
1481540903858 10 -3
1481540905274 5 -2
1481540907239 10 2
1481540908425 0 -3
1481540909625 7 2
