1482637213339 1 -1
1482637213867 10 2
1482637214733 2 1
1482637218946 2 -1
1482637219914 6 -2
1482637221363 7 -2
1482637222451 3 -1
1482637227264 10 -1
1482637229117 4 -1
1482637230798 4 1
1482637232259 7 2
1482637233170 2 1
1482637233876 7 -1
1482637237676 2 -1
1482637238524 10 1
1482637241048 2 1
1482637243559 3 1
1482637243993 7 1
1482637244573 6 2
1482637245393 6 -2
1482637246113 2 -1
1482637247774 6 2
1482637249029 10 -2
1482637249528 1 1
1482637254180 2 1
1482637255898 R
1482637257105 1 -1
1482637257770 10 2
1482637258488 10 -2
1482637258953 1 1
1482637263235 2 1
1482637265118 1 -1
1482637266021 10 2
1482637267175 10 -2
1482637270076 1 1
1482637270762 1 -1
1482637271668 10 2
1482637272590 0 1
1482637273674 12 1
1482637274644 2 -2
1482637276648 2 2
1482637278282 12 -1
1482637281065 2 -1
1482637282910 6 -1
1482637285940 12 1
1482637289503 7 -2
1482637290882 7 1
1482637292628 6 -1
1482637294169 3 -1
1482637298407 4 -1
1482637301579 5 3
1482637303435 10 1
1482637304542 1 1
1482637305716 12 -1
1482637306715 1 -1
1482637309228 10 -1
1482637310704 7 -1
1482637312406 5 -3
1482637313833 4 1
1482637320434 3 1
1482637321385 7 2
1482637324640 6 2
1482637326922 12 1
1482637327556 2 -1
1482637328484 6 -2
1482637329163 3 -2
1482637329768 7 -2
1482637335492 0 1
1482637340281 0 1
1482637340833 10 -1
1482637341835 4 -1
1482637343146 5 3
1482637344171 5 -3
1482637344828 4 1
1482637345455 4 -1
1482637350046 R
1482637375067 1 -1
1482637375754 10 2
1482637376805 6 -2
1482637378153 0 1
1482637379530 12 1
1482637380712 2 -1
1482637383173 6 2
1482637387474 R
1482637392346 2 1
1482637393035 2 -1
1482637394751 1 -1
1482637399260 10 2
1482637399661 0 1
1482637400552 12 1
1482637401037 2 -1
1482637404309 6 -2
1482637405398 3 -2
1482637405980 7 -2
1482637406698 7 2
1482637407766 3 2
1482637408355 6 2
1482637409072 2 2
1482637409684 12 -1
1482637410348 0 -1
1482637411049 10 -2
1482637414572 10 1
1482637415410 6 -2
1482637418484 7 -1
1482637419056 3 -1
1482637422760 2 -1
1482637424301 10 1
1482637425201 0 1
1482637425915 12 1
1482637426697 2 -1
1482637432275 3 -1
1482637432746 7 -1
1482637434294 4 -2
1482637435087 4 1
1482637438055 4 -1
1482637439521 9 -1
1482637441633 11 1
1482637442562 5 3
1482637445739 10 1
1482637447200 1 1
1482637448168 12 3
1482637449860 6 -1
1482637452188 1 -1
1482637455235 10 -1
1482637456356 5 -2
1482637458763 11 -1
1482637459258 9 1
1482637461157 4 1
1482637464046 0 2
1482637465148 10 -2
1482637468397 1 1
1482637469252 12 -1
1482637469916 12 -1
1482637471954 5 -1
1482637475253 4 1
1482637477302 1 2
1482637482489 10 2
1482637486293 6 1
1482637488914 12 -1
1482637492008 0 -2
1482637492620 3 1
1482637493090 7 1
1482637493646 2 2
1482637502050 12 -1
1482637502553 2 -1
1482637503140 7 -1
1482637506111 0 -1
1482637507279 10 -1
1482637511323 10 1
1482637512593 0 1
1482637523214 7 1
1482637524789 2 1
1482637528914 12 3
1482637529716 6 -1
1482637530356 2 -2
1482637530984 3 -1
1482637533659 7 -1
1482637535590 0 -1
1482637536782 10 -2
1482637538779 10 2
1482637539397 0 3
1482637540069 10 -2
1482637540775 1 -2
1482637543635 4 -1
1482637545343 5 3
1482637546057 12 -1
1482637546848 5 -3
1482637549456 5 3
1482637552612 5 -3
1482637553439 4 1
1482637554369 1 2
1482637556814 12 1
1482637560779 10 2
1482637561784 6 1
1482637562855 10 -1
1482637563708 12 -2
1482637564753 10 1
1482637569077 0 -2
1482637570782 0 2
1482637571511 10 -1
1482637574480 12 1
1482637575137 6 -1
1482637575740 10 -1
1482637578929 1 -2
1482637587859 1 2
1482637588500 10 2
1482637589287 0 -2
1482637590325 0 2
1482637590965 12 1
1482637591683 0 -3
1482637592718 10 -2
1482637594351 1 -2
1482637595300 4 -2
1482637596011 9 -3
1482637596716 4 2
1482637597724 1 2
1482637601999 1 -2
1482637602768 3 2
1482637603238 7 2
1482637605155 7 2
1482637606400 2 2
1482637607603 2 -2
1482637608411 11 2
1482637609199 8 2
1482637609766 2 3
1482637610526 10 -1
1482637615934 10 1
1482637617056 10 -1
1482637618915 3 -1
1482637619471 8 -1
1482637620221 1 3
1482637622013 10 2
1482637623731 10 -2
1482637625300 1 -3
1482637625801 3 1
1482637627806 3 -1
1482637628911 10 1
1482637629406 2 -3
1482637630513 3 -1
1482637631187 8 -1
1482637632602 1 3
1482637634712 10 1
1482637636383 10 -1
1482637641163 4 -2
1482637644883 4 2
1482637649299 1 -3
1482637652383 3 1
1482637653051 8 1
1482637654404 2 3
1482637655155 10 -1
1482637658179 0 1
1482637659066 3 1
1482637660267 8 1
1482637662255 0 -1
1482637662810 0 1
1482637663328 12 -1
1482637663993 9 -1
1482637665555 3 -1
1482637666605 4 -1
1482637667836 9 1
1482637668756 12 1
1482637669446 12 -1
1482637670392 9 -1
1482637673381 7 -3
1482637674688 4 1
1482637676644 1 2
1482637683131 9 1
1482637683993 12 1
1482637691880 1 -2
1482637693243 7 3
1482637694403 3 1
1482637697080 0 -1
1482637697496 10 1
1482637698567 2 -3
1482637699414 3 -2
1482637700542 8 -2
1482637702282 1 3
1482637704193 4 -2
1482637704787 9 1
1482637707308 9 -1
1482637708051 4 2
1482637708790 1 -3
1482637709706 7 -4
1482637710403 4 -2
1482637710925 11 -2
1482637711599 9 3
1482637713300 4 2
1482637714006 1 2
1482637714693 10 2
1482637716600 0 3
1482637718716 10 -2
1482637721604 12 -1
1482637722420 1 -2
1482637731152 1 2
1482637732614 1 -2
1482637735436 1 2
1482637736535 10 2
1482637737376 0 -1
1482637743989 0 -1
1482637745914 0 2
1482637746598 10 -2
1482637747801 1 -2
1482637748491 4 -1
1482637749726 5 3
1482637752035 12 2
1482637752456 1 -1
1482637757221 10 3
1482637761638 10 -3
1482637762527 5 -2
1482637764243 5 2
1482637764685 1 1
1482637765109 12 -2
1482637765644 5 -3
1482637766187 4 1
1482637767486 4 -1
1482637768582 4 1
1482637778599 4 -1
1482637779835 4 1
1482637781236 1 2
1482637781863 10 2
1482637787904 0 -2
1482637788531 12 1
1482637788939 0 -1
1482637789628 10 -2
1482637791495 1 -2
1482637792289 4 -2
1482637793412 9 -3
1482637794238 4 2
1482637795390 11 2
1482637796148 1 3
1482637799491 10 1
1482637802137 3 1
1482637802939 2 1
1482637807789 4 -1
1482637809374 4 1
1482637810056 7 1
1482637810983 8 1
1482637815105 2 2
1482637818360 10 -1
1482637821099 4 -1
1482637821790 5 2
1482637823164 12 1
1482637828167 12 -1
1482637830643 5 -2
1482637831462 4 1
1482637832730 10 -1
1482637834424 1 -3
1482637841415 7 3
1482637844111 8 1
1482637844890 3 1
1482637846683 10 1
1482637847124 2 -3
1482637853127 3 -2
1482637854564 1 2
1482637856468 10 1
1482637857349 3 1
1482637857753 2 3
1482637858492 6 1
1482637859267 6 -1
1482637859775 10 -2
1482637862014 0 1
1482637864864 1 -2
1482637868082 7 -3
1482637868932 7 3
1482637869604 8 -1
1482637870397 8 1
1482637872900 12 -1
1482637873441 9 -1
1482637875358 1 2
1482637878366 1 -1
1482637880742 9 1
1482637881228 12 1
1482637884199 7 -1
1482637886481 7 -1
1482637888100 7 -1
1482637889242 1 1
1482637895980 0 -1
1482637896888 10 1
1482637898593 2 -3
1482637903589 3 -1
1482637904093 7 -1
1482637904797 1 -2
1482637905572 4 -2
1482637906652 9 2
1482637909535 9 -1
1482637911062 9 1
1482637918741 9 -2
1482637919314 4 2
1482637920133 1 2
1482637921298 10 1
1482637922388 8 -2
1482637925333 1 1
1482637927096 10 -1
1482637928959 4 -2
1482637929542 4 2
1482637933979 10 1
1482637934492 6 1
1482637935536 6 -1
1482637936687 3 1
1482637938704 10 -1
1482637940517 7 1
1482637940942 8 1
1482637945744 4 -1
1482637951158 5 2
1482637952410 2 3
1482637952959 10 -1
1482637957836 10 1
1482637958421 2 -3
1482637959565 2 3
1482637960432 2 -3
1482637963181 12 1
1482637964588 12 -1
1482637966697 2 2
1482637967577 2 1
1482637968036 10 -1
1482637968598 0 1
1482637969156 12 -1
1482637969789 9 -1
1482637972596 5 -2
1482637973362 4 1
1482637977106 9 1
1482637977556 12 1
1482637980121 3 1
1482637980809 3 -1
1482637981259 3 1
1482637982773 3 -1
1482637983803 1 -3
1482637985164 7 3
1482637990819 12 -1
1482637991396 9 -1
1482637994035 4 -1
1482637995126 7 -1
1482637996535 11 -1
1482637997693 5 3
1482637999087 9 1
1482637999720 12 2
1482638007206 0 -1
1482638007645 10 1
1482638008188 2 -3
1482638009498 1 -1
1482638011012 2 3
1482638014413 10 1
1482638015142 6 1
1482638020679 6 -1
1482638021077 10 -1
1482638021580 1 1
1482638022265 12 -1
1482638023656 10 -1
1482638025784 0 1
1482638027642 0 -1
1482638027935 10 1
