1481526236013 1 -1
1481526237474 10 2
1481526239323 6 -2
1481526240738 3 -1
1481526241666 7 -2
1481526243930 10 -1
1481526245938 4 -1
1481526247538 4 1
1481526248570 10 1
1481526251578 4 -1
1481526252258 5 3
1481526254194 10 1
1481526255211 0 1
1481526256834 12 1
1481526260140 2 -1
1481526261035 3 -1
1481526264106 4 -1
1481526265370 10 -1
1481526266090 5 -3
1481526266811 9 -1
1481526268331 11 2
1481526271626 8 2
1481526275650 8 -2
1481526276746 11 -2
1481526277547 9 1
1481526280546 4 2
1481526282252 4 -2
1481526284274 5 3
1481526285348 10 1
1481526286290 4 1
1481526287155 0 2
1481526288730 10 -2
1481526289850 5 -3
1481526294380 10 1
1481526295442 0 -2
1481526298572 4 -1
1481526299307 9 -1
1481526302930 9 1
1481526303899 5 3
1481526305138 10 1
1481526306082 1 1
1481526306795 12 3
1481526310602 6 -1
1481526311890 1 -1
1481526313186 10 -1
1481526314274 5 -2
1481526315258 4 1
1481526317282 4 -1
1481526317860 0 -1
1481526319018 10 -2
1481526320898 9 -3
1481526322259 11 2
1481526327098 4 1
1481526328154 5 1
1481526329258 4 -1
1481526330338 9 2
1481526333394 10 2
1481526335906 10 -2
1481526338890 5 -1
1481526341564 7 2
1481526344706 7 -2
1481526346290 11 -2
1481526349250 9 -2
1481526354298 4 1
1481526354915 11 2
1481526357186 8 2
1481526357850 7 2
1481526359042 7 2
1481526360042 3 1
1481526360796 2 3
1481526361866 10 -1
1481526367122 10 2
1481526368650 2 -3
1481526370834 7 -4
1481526372786 5 1
1481526374874 3 -1
1481526375858 10 -1
1481526376818 4 -1
1481526377706 9 2
1481526378945 10 2
1481526381802 10 -2
1481526382762 1 1
1481526383714 12 -1
1481526385074 5 -2
1481526386458 9 -2
1481526387420 4 2
1481526388978 1 2
1481526393594 1 -2
1481526394378 7 4
1481526396962 8 -2
1481526398114 3 2
1481526401547 3 -2
1481526402331 1 3
1481526404786 10 1
1481526405666 6 1
1481526406746 3 2
1481526407498 6 2
1481526408426 2 2
1481526409545 10 -1
1481526410546 8 1
1481526411218 2 1
1481526412129 10 -1
1481526414498 0 1
1481526415498 12 -3
1481526416410 9 -1
1481526421282 0 -1
1481526423900 10 3
1481526424563 2 -2
1481526426746 6 -2
1481526427722 3 -1
1481526428898 1 -1
1481526429650 8 -1
1481526430825 1 1
1481526432898 10 -1
1481526435204 4 -1
1481526436255 5 1
1481526437617 10 1
1481526439091 2 1
1481526442842 R
1481526450939 1 -1
1481526452195 10 2
1481526453121 6 -2
1481526454033 3 -1
1481526454994 7 -2
1481526458809 10 -1
1481526460202 4 -1
1481526461450 5 3
1481526462850 10 2
1481526464577 1 1
1481526465419 0 1
1481526466913 12 4
1481526469083 2 -1
1481526470241 3 -1
1481526471938 0 2
1481526472762 1 -1
1481526473650 10 -2
1481526474785 5 -2
1481526476417 10 1
1481526477746 5 2
1481526478674 10 -1
1481526483834 10 2
1481526484585 1 1
1481526485451 12 -3
1481526486721 1 -1
1481526487757 10 -2
1481526489852 5 -3
1481526491393 4 1
1481526495460 10 1
1481526496417 0 -2
1481526497386 4 -2
1481526498130 9 -1
1481526499276 11 2
1481526503418 11 -2
1481526505418 R
1481526515049 1 -1
1481526517473 10 1
1481526518841 6 -2
1481526520681 7 -2
1481526522249 3 -1
1481526523849 4 -1
1481526525353 5 3
1481526527410 10 2
1481526528321 1 1
1481526529226 0 1
1481526530690 12 4
1481526531569 2 -1
1481526532426 6 -1
1481526533641 3 -1
1481526537274 0 2
1481526538258 1 -1
1481526539466 10 -3
1481526542249 1 1
1481526543057 12 -2
1481526544201 5 -3
1481526545106 4 1
1481526546249 4 -1
1481526549153 4 1
1481526549937 1 2
1481526551483 10 2
1481526552569 6 1
1481526553371 12 -1
1481526554818 0 -2
1481526560193 0 2
1481526563065 12 2
1481526563713 6 -1
1481526564994 10 -2
1481526566618 1 -2
1481526568801 12 -1
