1482798755296 1 -1
1482798757492 10 2
1482798759350 6 -2
1482798761577 0 1
1482798765033 7 -2
1482798766382 12 1
1482798767542 2 -1
1482798769518 3 -2
1482798775742 4 -2
1482798780241 9 -1
1482798783086 9 1
1482798785182 4 2
1482798790958 7 2
1482798792542 3 2
1482798794862 6 2
1482798797398 6 -2
1482798799950 3 -2
1482798805440 7 -2
1482798810958 4 -2
1482798814693 9 -1
1482798816301 11 2
1482798820706 8 2
1482798824517 7 2
1482798826736 R
1482798837054 2 1
1482798839165 2 -1
1482798845517 1 -1
1482798847381 10 2
1482798852941 6 -2
1482798856093 7 -2
1482798866820 0 1
1482798868324 12 1
1482798869684 2 -1
1482798871421 3 -2
1482798876452 4 -2
1482798879156 9 -1
1482798881268 11 2
1482798886300 11 -2
1482798887445 9 1
1482798889492 4 1
1482798891284 0 2
1482798893108 10 -1
1482798896636 4 1
1482798908996 4 -1
1482798910695 5 3
1482798912348 10 2
1482798914580 0 -2
1482798917259 4 -1
1482798923229 R
1482798930123 1 -1
1482798931643 10 2
1482798933307 6 -2
1482798937875 0 1
1482798939171 12 1
1482798940579 2 -1
1482798943291 3 -2
1482798946403 7 -2
1482798949347 0 2
1482798951148 10 -1
1482798953915 4 -1
1482798956163 10 1
1482798960883 4 1
1482798963027 R
1482798967963 1 -1
1482798969347 10 2
1482798971851 0 1
1482798973763 12 1
1482798977315 2 -1
1482798979418 6 -2
1482798992225 6 2
1482798993707 2 2
1482798995457 12 -1
1482798999049 0 -1
1482799000545 10 -2
1482799006753 2 -1
1482799010083 10 1
1482799011313 6 -2
1482799013134 7 -2
1482799014930 3 -1
1482799016513 4 -1
1482799017793 10 1
1482799020265 0 1
1482799021785 12 1
1482799023201 2 -1
1482799025302 3 -1
1482799034625 4 1
1482799038145 4 -1
1482799042897 0 2
1482799044425 10 -1
1482799046881 10 1
1482799048230 0 -2
1482799080521 4 -1
1482799081792 9 -1
1482799083208 11 2
1482799087662 5 2
1482799090488 8 2
1482799092176 7 1
1482799093304 7 1
1482799096449 R
1482799100192 1 -1
1482799101776 10 2
1482799104032 6 -2
1482799105728 7 -2
1482799117935 6 1
1482799123727 0 1
1482799125559 12 1
1482799126991 2 -1
1482799128599 6 -1
1482799131079 3 -2
1482799137671 4 -2
1482799139967 4 2
1482799142359 0 2
1482799144255 10 -1
1482799151119 4 -1
1482799155231 R
1482799157383 2 1
1482799160546 1 -1
1482799162520 10 2
1482799168366 0 1
1482799170166 12 1
1482799171540 2 -2
1482799173430 6 -2
1482799175614 3 -2
1482799183125 4 -2
1482799185718 5 3
1482799187942 10 1
1482799189958 1 1
1482799191734 12 3
1482799193646 6 -1
1482799197246 1 -1
1482799200249 4 1
1482799204764 7 -2
1482799206862 10 -1
1482799209198 5 -2
1482799211822 4 -1
1482799213614 9 -1
1482799215398 11 2
1482799218341 8 2
1482799220997 7 2
1482799222133 0 -1
1482799224405 6 1
1482799227125 10 -1
1482799233301 9 -2
1482799235437 7 2
1482799237061 4 1
1482799239461 3 1
1482799242309 2 3
1482799244117 6 -1
1482799246237 10 -2
1482799248561 0 1
1482799255703 R
1482799258829 2 1
1482799261269 1 -1
1482799263805 10 2
1482799266045 0 1
1482799267981 12 1
1482799270173 2 -2
1482799272213 6 -2
1482799280310 3 -2
1482799282596 4 -2
1482799287492 9 -1
1482799288918 11 2
1482799291052 8 2
1482799295764 5 2
1482799301317 R
1482799304772 1 -1
1482799306013 10 2
1482799307332 0 1
1482799308500 12 1
1482799309769 2 -1
1482799312469 6 -2
1482799314628 3 -2
1482799317524 7 -2
1482799326668 0 2
1482799328508 10 -1
1482799331923 4 -1
