1482248779511 2 1
1482248780327 2 -1
1482248788031 1 -1
1482248793919 10 1
1482248797183 10 1
1482248799335 0 1
1482248800239 12 1
1482248800991 2 -1
1482248801831 6 -2
1482248803520 3 -2
1482248807735 4 -2
1482248808456 9 -1
1482248810151 9 1
1482248813087 4 2
1482248821143 7 -2
1482248835839 0 2
1482248838951 10 -1
1482248841143 4 -1
1482248857455 10 1
1482248859023 0 -2
1482248861288 4 -1
1482248862000 9 -1
1482248863103 11 2
1482248872999 11 -2
1482248874112 9 1
1482248874855 4 2
1482248879783 0 2
1482248882887 0 -2
1482248883823 3 2
1482248884928 7 2
1482248885847 6 2
1482248887551 2 2
1482248888391 12 -1
1482248889623 0 -1
1482248890480 10 -2
1482248895983 1 1
1482248899455 1 -1
1482248900247 10 2
1482248900911 6 -2
1482248901592 3 -1
1482248903151 7 -1
1482248906695 0 1
1482248909567 12 1
1482248910367 2 -2
1482248911240 3 -1
1482248911960 7 -1
1482248920727 R
1482248931175 1 -1
1482248931983 10 2
1482248932791 6 -2
1482248940935 6 2
1482248942175 2 1
1482248943184 2 -1
1482248944071 6 -2
1482248947927 6 1
1482248948631 0 1
1482248949440 12 1
1482248950295 2 -1
1482248951335 6 -1
1482248953351 3 -2
1482248955088 4 -2
1482248962527 5 3
1482248963847 10 1
1482248964943 1 1
1482248965959 12 3
1482248968079 1 -1
1482248968736 10 -1
1482248969807 5 -2
1482248976263 0 -1
1482248977216 6 -1
1482248978168 10 -2
1482248979615 9 -3
1482248980455 1 1
1482248981543 12 -1
1482248986127 4 1
1482248987207 7 2
1482248988159 11 2
1482248988935 8 2
1482248990071 3 1
1482248991087 2 3
1482248993215 10 -1
1482248996208 0 1
1482248998559 5 -1
1482249002247 4 1
1482249003231 3 1
1482249005360 0 -1
1482249006311 3 -1
1482249008207 8 -1
1482249009983 1 2
1482249011607 10 2
1482249015399 1 1
1482249016279 3 1
1482249017407 6 3
1482249018696 10 -2
1482249021959 0 1
1482249023416 12 -3
1482249027232 9 -1
1482249027935 0 -1
1482249028863 10 3
1482249043839 6 -2
1482249048552 2 -2
1482249053088 0 1
1482249053983 12 2
1482249054864 2 -1
1482249056047 3 -2
1482249057247 8 -1
1482249058327 0 5
