1482047865057 1 -1
1482047868616 10 2
1482047870090 6 -2
1482047871513 7 -2
1482047874443 10 -1
1482047876207 3 -1
1482047877598 4 -1
1482047880383 5 3
1482047882456 10 2
1482047884952 0 1
1482047885921 1 1
1482047887232 12 4
1482047888314 6 -1
1482047889076 2 -1
1482047890201 3 -1
1482047899421 0 -1
1482047902897 1 -1
1482047905331 10 -2
1482047906477 5 -2
1482047908936 3 1
1482047909838 2 1
1482047911026 6 1
1482047912065 10 1
1482047913241 0 1
1482047918875 7 2
1482047921295 2 -1
1482047923048 3 -1
1482047924285 0 1
1482047933277 7 -2
1482047934383 0 1
1482047935701 10 -1
1482047937464 5 2
1482047939063 10 2
1482047940682 1 1
1482047942476 12 -3
1482047943211 1 -1
1482047944777 10 -2
1482047945685 5 -3
1482047947551 4 1
1482047950027 10 1
1482047951119 0 -2
1482047952632 7 2
1482047953749 3 2
1482047955019 2 2
1482047956430 6 2
1482047957616 12 -1
1482047958668 0 -1
1482047959719 6 -2
1482047960709 2 -1
1482047968239 6 2
1482047974189 6 -2
1482047975757 3 -1
1482047977994 7 -1
1482047980595 7 1
1482047981367 3 1
1482047982636 2 1
1482047983580 6 2
1482047984481 0 1
1482047986492 6 -2
1482047987275 3 -1
1482047988018 7 -1
1482047989111 4 -1
1482047990095 5 3
1482047991476 10 1
1482047992710 1 1
1482047993948 0 -1
1482047995145 1 -1
1482047996517 10 -2
1482047997269 5 -3
1482047998424 4 1
1482048000548 10 1
1482048002507 3 1
1482048003514 7 1
1482048004755 6 2
1482048005952 10 -2
1482048008097 10 2
1482048009663 0 1
1482048010467 2 -1
1482048011407 6 -2
1482048013066 7 -2
1482048015882 7 2
1482048018397 0 -1
1482048019325 10 -1
1482048020202 3 -1
1482048021110 4 -1
1482048022171 5 3
1482048023718 10 2
1482048024945 1 1
1482048025935 0 1
1482048027402 12 4
1482048028194 1 -1
1482048028796 0 -1
1482048029503 6 -1
1482048030286 2 -1
1482048031948 10 -3
1482048041516 3 -1
1482048042115 7 -2
1482048048084 5 -2
1482048067963 4 -1
1482048068881 9 -3
1482048070922 11 2
1482048075812 7 4
1482048080068 4 1
1482048080996 4 -1
1482048082058 9 1
1482048083017 9 -1
1482048083815 4 1
1482048084988 3 1
1482048086834 8 2
1482048087679 2 3
1482048090061 10 -1
1482048091886 1 1
1482048092650 0 1
1482048094836 12 -2
1482048095892 9 -1
1482048096836 5 -1
1482048097600 4 1
1482048101580 3 1
1482048103004 3 -1
1482048111079 1 2
1482048116895 1 -2
1482048119927 3 1
1482048121886 8 -1
1482048122660 3 -1
1482048123433 7 -3
1482048124743 1 3
1482048127682 9 1
1482048128425 12 1
1482048129261 0 -1
1482048130220 10 2
1482048130922 2 -3
1482048132096 3 -1
1482048132663 7 -1
1482048133169 8 -1
1482048135385 1 -1
1482048136521 8 2
1482048137221 7 1
1482048137758 3 1
1482048138460 2 3
1482048139552 8 -1
1482048140460 10 -2
1482048143181 10 2
1482048144522 1 1
1482048145533 4 -1
1482048146656 5 2
1482048149213 10 -2
1482048151255 5 -2
1482048154980 5 2
1482048156123 10 2
1482048158289 6 1
1482048159044 12 1
1482048161693 6 -1
1482048162393 2 -3
1482048163568 3 -1
1482048164743 3 1
1482048166839 3 -1
1482048167322 7 -1
1482048167816 8 -1
1482048170476 6 1
1482048171663 12 -1
1482048172581 5 -2
1482048173500 4 1
1482048175748 3 2
1482048176521 7 1
1482048177489 7 -1
1482048178841 6 1
1482048179912 6 -2
1482048183336 3 -2
1482048185460 4 -2
1482048186532 9 2
1482048188235 10 -1
1482048192689 9 -1
1482048193462 9 -1
1482048194400 4 2
1482048195658 1 -1
1482048196680 11 -2
1482048198422 1 -2
1482048199442 4 -2
1482048200308 9 3
1482048202371 5 3
1482048203433 5 -3
1482048204577 4 2
1482048206227 1 2
1482048207490 10 2
1482048210197 0 3
1482048211826 10 -2
1482048212661 1 -2
1482048215662 4 -1
1482048216765 5 3
1482048220147 12 1
1482048220869 1 -1
1482048221904 10 3
1482048235325 6 1
1482048236036 1 1
1482048237429 12 -3
1482048238037 1 -1
1482048242554 10 -2
1482048243701 5 -3
1482048245472 10 1
1482048249226 4 1
1482048252195 0 -2
1482048254044 7 2
1482048255002 3 2
1482048256970 3 -2
1482048257754 7 -2
1482048258992 0 2
1482048260096 10 -1
1482048261295 10 1
1482048262683 10 -1
1482048264767 10 1
1482048265386 0 -2
1482048266158 4 -2
1482048267131 5 3
1482048267935 10 1
1482048269942 1 1
1482048271530 12 3
1482048272726 1 -1
1482048273304 0 -1
1482048274049 6 -1
1482048275180 10 -3
1482048276171 5 -2
1482048277254 10 2
1482048277934 4 1
1482048279563 4 -1
1482048280184 10 -1
1482048281038 9 -3
1482048283132 10 -1
1482048283801 4 1
1482048284886 11 2
1482048286760 7 4
1482048291328 7 -4
1482048295001 10 1
1482048298402 10 -1
1482048299732 1 1
1482048300959 12 -1
1482048301889 5 -1
1482048302671 4 1
1482048304582 7 4
1482048307177 3 2
1482048308012 2 2
1482048309776 8 2
1482048310353 2 1
1482048311116 10 -1
1482048311983 0 1
1482048312725 3 -1
1482048315044 1 2
1482048315735 0 -1
1482048317694 1 -2
1482048318550 3 1
1482048319416 10 1
1482048320137 2 -3
1482048321468 3 -2
1482048322478 1 2
1482048323469 10 1
1482048325231 10 -1
1482048326118 1 -2
1482048327221 7 -4
1482048332554 8 -2
1482048337885 4 -2
1482048339526 11 -2
1482048340792 9 3
1482048342614 5 3
1482048346093 5 -3
1482048347003 4 2
1482048349980 1 2
1482048351424 10 2
1482048352589 0 3
1482048353888 10 -2
1482048354561 1 -2
1482048359363 1 2
1482048360414 12 -1
1482048362395 1 -2
1482048365428 1 2
1482048366416 10 2
1482048367684 0 -2
1482048369874 3 1
1482048370726 2 1
1482048371448 6 1
1482048372252 12 -2
1482048372896 0 -1
1482048374208 10 -1
1482048375295 10 1
1482048376378 10 -1
