1481540070023 R
1481540070023 R
1481540070716 R
1481540070716 R
1481540078552 1 -1
1481540078552 1 -1
1481540081217 10 2
1481540081217 10 2
1481540082524 6 -2
1481540082524 6 -2
1481540086095 2 1
1481540086095 2 1
1481540086818 2 -1
1481540086818 2 -1
1481540090761 10 -1
1481540090761 10 -1
1481540093225 10 1
1481540093225 10 1
1481540095940 0 1
1481540095940 0 1
1481540097177 0 -1
1481540097177 0 -1
1481540098313 3 -1
1481540098313 3 -1
1481540099480 7 -2
1481540099480 7 -2
1481540102175 4 -1
1481540102175 4 -1
1481540103914 5 3
1481540103914 5 3
1481540104920 10 1
1481540104920 10 1
1481540106096 1 1
1481540106096 1 1
1481540107122 0 1
1481540107122 0 1
1481540107887 12 2
1481540107887 12 2
1481540108670 12 2
1481540108670 12 2
1481540110390 2 -1
1481540110390 2 -1
1481540112059 3 -1
1481540112059 3 -1
1481540114060 1 -1
1481540114060 1 -1
1481540116734 0 2
1481540116734 0 2
1481540118213 1 1
1481540118213 1 1
1481540119238 12 -3
1481540119238 12 -3
1481540120656 1 -1
1481540120656 1 -1
1481540122084 10 -1
1481540122084 10 -1
1481540122887 10 -1
1481540122887 10 -1
1481540124576 5 -2
1481540124576 5 -2
1481540125451 5 -1
1481540125451 5 -1
1481540126597 4 1
1481540126597 4 1
1481540127734 4 -1
1481540127734 4 -1
1481540130457 5 3
1481540130457 5 3
1481540132227 10 2
1481540132227 10 2
1481540133466 1 1
1481540133466 1 1
1481540134308 12 3
1481540134308 12 3
1481540136068 6 -1
1481540136068 6 -1
1481540137669 1 -1
1481540137669 1 -1
1481540138882 10 -3
1481540138882 10 -3
1481540141577 5 -2
1481540141577 5 -2
1481540142916 5 2
1481540142916 5 2
1481540143688 5 -2
1481540143688 5 -2
1481540144564 1 1
1481540144564 1 1
1481540145487 12 -2
1481540145487 12 -2
1481540146895 5 -1
1481540146895 5 -1
1481540147870 4 1
1481540147870 4 1
1481540150363 1 2
1481540150363 1 2
1481540152193 10 2
1481540152193 10 2
1481540154042 6 1
1481540154042 6 1
1481540154736 12 -1
1481540154736 12 -1
1481540155721 10 -1
1481540155721 10 -1
1481540157862 10 1
1481540157862 10 1
1481540159883 12 1
1481540159883 12 1
1481540160506 12 1
1481540160506 12 1
1481540161480 6 -1
1481540161480 6 -1
1481540162566 10 -2
1481540162566 10 -2
1481540163663 1 -2
1481540163663 1 -2
1481540165160 4 -1
1481540165160 4 -1
1481540166376 4 1
1481540166376 4 1
1481540168196 12 -1
1481540168196 12 -1
1481540170045 4 -1
1481540170045 4 -1
1481540170869 5 3
1481540170869 5 3
1481540172156 5 -3
1481540172156 5 -3
1481540174668 4 1
1481540174668 4 1
1481540177884 1 2
1481540177884 1 2
1481540179051 10 2
1481540179051 10 2
1481540181142 0 -1
1481540181142 0 -1
1481540185253 0 1
1481540185253 0 1
1481540186006 10 -2
1481540186006 10 -2
1481540187635 1 -2
1481540187635 1 -2
1481540189927 4 -1
1481540189927 4 -1
1481540196792 4 1
1481540196792 4 1
1481540197938 1 2
1481540197938 1 2
1481540199606 10 2
1481540199606 10 2
1481540201425 0 -2
1481540201425 0 -2
1481540204823 0 2
1481540204823 0 2
1481540205556 10 -2
1481540205556 10 -2
1481540206381 1 -2
1481540206381 1 -2
1481540224593 4 -1
1481540224593 4 -1
1481540225860 5 3
1481540225860 5 3
1481540227940 12 2
1481540227940 12 2
1481540228855 1 -1
1481540228855 1 -1
1481540230322 10 3
1481540230322 10 3
1481540232332 0 -3
1481540232332 0 -3
1481540234664 4 -1
1481540234664 4 -1
1481540235981 9 -1
1481540235981 9 -1
1481540236926 11 1
1481540236926 11 1
1481540241790 0 1
1481540241790 0 1
1481540242836 1 1
1481540242836 1 1
1481540244031 12 -2
1481540244031 12 -2
1481540247831 6 1
1481540247831 6 1
1481540248684 12 -1
1481540248684 12 -1
1481540249469 1 -1
1481540249469 1 -1
1481540251358 10 -1
1481540251358 10 -1
1481540252303 5 -3
1481540252303 5 -3
1481540255850 11 1
1481540255850 11 1
1481540256926 11 -2
1481540256926 11 -2
1481540258544 9 1
1481540258544 9 1
1481540259248 4 2
1481540259248 4 2
1481540260424 0 2
1481540260424 0 2
1481540261429 4 -1
1481540261429 4 -1
1481540265318 10 -1
1481540265318 10 -1
1481540267961 10 1
1481540267961 10 1
1481540269750 10 -1
1481540269750 10 -1
1481540272755 4 1
1481540272755 4 1
1481540279047 4 -1
1481540279047 4 -1
1481540280263 5 3
1481540280263 5 3
1481540283429 10 1
1481540283429 10 1
1481540284344 0 -2
1481540284344 0 -2
1481540287157 10 1
1481540287157 10 1
1481540288564 4 -1
1481540288564 4 -1
1481540289670 9 -1
1481540289670 9 -1
1481540291620 11 1
1481540291620 11 1
1481540293358 1 1
1481540293358 1 1
1481540297018 7 2
1481540297018 7 2
1481540298554 8 1
1481540298554 8 1
1481540302254 8 -1
1481540302254 8 -1
1481540305529 7 -1
1481540305529 7 -1
1481540307489 7 -1
1481540307489 7 -1
1481540309226 11 -1
1481540309226 11 -1
1481540310513 9 1
1481540310513 9 1
1481540311528 4 1
1481540311528 4 1
1481540313367 0 2
1481540313367 0 2
1481540316111 1 -1
1481540316111 1 -1
1481540317085 10 -2
1481540317085 10 -2
1481540318191 5 -3
1481540318191 5 -3
1481540321006 4 1
1481540321006 4 1
1481540325980 10 1
1481540325980 10 1
1481540332563 0 -1
1481540332563 0 -1
1481540335849 7 2
1481540335849 7 2
1481540341287 4 -1
1481540341287 4 -1
1481540342573 5 3
1481540342573 5 3
1481540343337 10 1
1481540343337 10 1
1481540344573 1 1
1481540344573 1 1
1481540345387 12 2
1481540345387 12 2
1481540346311 6 -1
1481540346311 6 -1
1481540351819 12 1
1481540351819 12 1
1481540352522 1 -1
1481540352522 1 -1
1481540354804 0 -2
1481540354804 0 -2
1481540356190 10 -3
1481540356190 10 -3
1481540357396 1 1
1481540357396 1 1
1481540358794 4 -1
1481540358794 4 -1
1481540361326 9 -3
1481540361326 9 -3
1481540362934 12 -1
1481540362934 12 -1
1481540366060 5 -3
1481540366060 5 -3
1481540367005 4 2
1481540367005 4 2
1481540368302 7 2
1481540368302 7 2
1481540369287 11 2
1481540369287 11 2
1481540372242 3 2
1481540372242 3 2
1481540373418 2 2
1481540373418 2 2
1481540375598 2 -2
1481540375598 2 -2
1481540376594 8 2
1481540376594 8 2
1481540377820 2 3
1481540377820 2 3
1481540379157 10 -1
1481540379157 10 -1
1481540382845 0 1
1481540382845 0 1
1481540386655 12 -1
1481540386655 12 -1
1481540387609 9 -1
1481540387609 9 -1
1481540390312 3 -1
1481540390312 3 -1
1481540391107 1 2
1481540391107 1 2
1481540393569 9 1
1481540393569 9 1
1481540394343 9 -1
1481540394343 9 -1
1481540396203 8 -1
1481540396203 8 -1
1481540397117 1 1
1481540397117 1 1
1481540400333 4 -1
1481540400333 4 -1
1481540403459 5 1
1481540403459 5 1
1481540404605 9 1
1481540404605 9 1
1481540405368 12 1
1481540405368 12 1
1481540406323 12 1
1481540406323 12 1
1481540412806 0 -1
1481540412806 0 -1
1481540413922 10 2
1481540413922 10 2
1481540415168 6 1
1481540415168 6 1
1481540416605 6 -1
1481540416605 6 -1
1481540417459 2 -3
1481540417459 2 -3
1481540419178 3 -1
1481540419178 3 -1
1481540420766 8 -1
1481540420766 8 -1
1481540421992 10 -1
1481540421992 10 -1
1481540425078 4 -1
1481540425078 4 -1
1481540426495 9 1
1481540426495 9 1
1481540427681 9 -1
1481540427681 9 -1
1481540428937 4 1
1481540428937 4 1
1481540430575 12 -1
1481540430575 12 -1
1481540433670 10 1
1481540433670 10 1
1481540436897 6 1
1481540436897 6 1
1481540441399 12 1
1481540441399 12 1
1481540443188 4 -1
1481540443188 4 -1
1481540444163 9 1
1481540444163 9 1
1481540446283 9 -1
1481540446283 9 -1
1481540447268 4 1
1481540447268 4 1
1481540451248 12 -1
1481540451248 12 -1
1481540452163 5 -1
1481540452163 5 -1
1481540453017 4 1
1481540453017 4 1
1481540454746 1 -1
1481540454746 1 -1
1481540459188 3 1
1481540459188 3 1
1481540460555 8 2
1481540460555 8 2
1481540462132 3 -1
1481540462132 3 -1
1481540464313 8 -2
1481540464313 8 -2
1481540469741 1 1
1481540469741 1 1
1481540471318 4 -2
1481540471318 4 -2
1481540472394 9 1
1481540472394 9 1
1481540474384 9 -1
1481540474384 9 -1
1481540476896 5 1
1481540476896 5 1
1481540479942 12 1
1481540479942 12 1
1481540481017 9 1
1481540481017 9 1
1481540483128 9 -1
1481540483128 9 -1
1481540484273 4 1
1481540484273 4 1
1481540485872 12 -1
1481540485872 12 -1
1481540490012 6 -1
1481540490012 6 -1
1481540491299 10 -1
1481540491299 10 -1
1481540497711 8 1
1481540497711 8 1
1481540498455 3 1
1481540498455 3 1
1481540499440 2 3
1481540499440 2 3
1481540500335 10 -1
1481540500335 10 -1
1481540506516 0 1
1481540506516 0 1
1481540515874 12 -1
1481540515874 12 -1
1481540517270 9 -1
1481540517270 9 -1
1481540518969 5 -1
1481540518969 5 -1
1481540519602 4 1
1481540519602 4 1
1481540525863 1 -3
1481540525863 1 -3
1481540527190 3 1
1481540527190 3 1
1481540527823 8 1
1481540527823 8 1
1481540531934 3 -1
1481540531934 3 -1
1481540533029 9 1
1481540533029 9 1
1481540534114 12 1
1481540534114 12 1
1481540534858 0 -1
1481540534858 0 -1
1481540537411 10 1
1481540537411 10 1
1481540538356 3 1
1481540538356 3 1
1481540540355 7 -3
1481540540355 7 -3
1481540542306 2 -3
1481540542306 2 -3
1481540544516 3 -2
1481540544516 3 -2
1481540545350 7 -1
1481540545350 7 -1
1481540546395 8 -2
1481540546395 8 -2
1481540548184 1 3
1481540548184 1 3
1481540551671 4 -2
1481540551671 4 -2
1481540552967 9 2
1481540552967 9 2
1481540554174 10 2
1481540554174 10 2
1481540559068 0 1
1481540559068 0 1
1481540561581 12 -1
1481540561581 12 -1
1481540563369 5 2
1481540563369 5 2
1481540569329 5 -2
1481540569329 5 -2
1481540573178 12 1
1481540573178 12 1
1481540574153 6 1
1481540574153 6 1
1481540575168 12 -2
1481540575168 12 -2
1481540584092 12 2
1481540584092 12 2
1481540585107 0 -1
1481540585107 0 -1
1481540586102 10 -1
1481540586102 10 -1
1481540587297 9 -2
1481540587297 9 -2
1481540590383 5 2
1481540590383 5 2
1481540591871 12 1
1481540591871 12 1
1481540593669 9 2
1481540593669 9 2
1481540594624 10 1
1481540594624 10 1
1481540595579 0 1
1481540595579 0 1
1481540596674 5 -1
1481540596674 5 -1
1481540598112 12 -3
1481540598112 12 -3
1481540599149 5 -1
1481540599149 5 -1
1481540605418 5 2
1481540605418 5 2
1481540606373 12 3
1481540606373 12 3
1481540607910 0 -1
1481540607910 0 -1
1481540612311 5 -1
1481540612311 5 -1
1481540613878 5 1
1481540613878 5 1
1481540617547 10 -1
1481540617547 10 -1
1481540619517 9 -2
1481540619517 9 -2
1481540622361 12 -1
1481540622361 12 -1
1481540624714 4 1
1481540624714 4 1
1481540625950 5 -2
1481540625950 5 -2
1481540628673 4 1
1481540628673 4 1
1481540687862 R
1481540687862 R
