1480520141267 1 -1
1480520142304 10 2
1480520143434 6 -2
1480520144271 3 -1
1480520147040 7 -2
1480520148889 4 -1
1480520150132 5 3
1480520152879 10 1
1480520158368 7 2
1480520159532 2 1
1480520162608 10 -2
1480520164368 5 -3
1480520165423 4 1
1480520166367 3 1
1480520167734 3 -1
1480520169129 7 -1
1480520171791 4 -1
1480520172648 5 3
1480520174778 10 2
1480520175983 1 1
1480520178681 0 1
1480520179894 12 4
1480520182534 6 -1
1480520184122 2 -2
1480520187290 3 -1
1480520188081 7 -1
1480520189856 1 -1
1480520191624 0 2
1480520192768 10 -3
1480520196288 5 -2
1480520197165 1 1
1480520198267 12 -2
1480520199078 5 -1
1480520200648 4 1
1480520203602 1 2
1480520204543 10 2
1480520210526 10 -2
1480520211350 1 -2
1480520214590 1 2
1480520215462 10 2
1480520217334 0 -2
1480520218325 3 1
1480520219302 7 1
1480520223297 6 1
1480520225026 6 -1
1480520226399 2 2
1480520228007 6 1
1480520228767 12 -2
1480520232685 0 -1
1480520233927 0 1
1480520234564 12 3
1480520237535 6 -1
1480520238519 2 -2
1480520239926 3 -1
1480520240637 7 -1
1480520241974 0 1
1480520245021 6 1
1480520271342 0 1
1480520272552 10 -1
1480520276997 6 -1
1480520277799 10 -1
1480520279919 1 -2
1480520281676 4 -1
1480520283220 4 1
1480520287292 4 -1
1480520292236 5 3
1480520294740 12 1
1480520295430 1 -1
1480520300116 10 3
1480520302673 R
1480520350443 1 -1
1480520351795 10 2
1480520353088 6 -2
1480520365651 3 -1
1480520366778 4 -1
1480520367404 5 3
1480520369210 10 1
1480520375122 7 -2
1480520380401 10 -2
1480520381081 5 -3
1480520390449 5 3
1480520391553 10 2
1480520392291 0 1
1480520393098 1 1
1480520394250 12 4
1480520395705 1 -1
1480520398010 10 -1
1480520398632 5 -2
1480520401938 2 -1
1480520402869 3 -1
1480520405785 4 -1
1480520406689 9 -1
1480520407868 11 2
1480520409480 8 2
1480520410076 7 2
1480520413976 0 -1
1480520414745 10 -1
1480520415456 9 -2
1480520417273 7 2
1480520418491 4 1
1480520421241 3 1
1480520421978 2 3
1480520422968 6 -1
1480520424210 10 -2
1480520431335 7 -1
1480520439439 10 1
1480520440607 2 -3
1480520441646 8 -2
1480520442801 3 -1
1480520445202 7 -3
1480520452513 1 1
1480520453399 12 -1
1480520454062 5 -1
1480520455304 4 1
1480520460591 7 4
1480520466815 3 1
1480520469327 8 1
1480520470192 2 3
1480520471454 10 -1
1480520472199 0 1
1480520473567 3 1
1480520479887 3 -1
1480520480566 1 3
1480520481886 3 1
1480520485766 12 -1
1480520486462 9 -1
1480520489998 3 -1
1480520490958 1 -3
1480520498461 3 1
1480520499344 3 -1
1480520505606 1 3
1480520508893 4 -1
1480520511589 5 1
1480520512367 9 1
1480520513145 12 2
1480520515454 0 -1
1480520517992 10 1
1480520518758 2 -3
1480520519639 3 -1
1480520523046 8 -1
1480520525653 4 -1
1480520527979 12 -1
1480520529121 5 -1
1480520530365 4 2
1480520531308 1 -3
1480520534217 3 2
1480520534952 2 2
1480520536495 2 -2
1480520539571 7 -4
1480520540828 3 -2
1480520544460 4 -1
1480520549582 5 2
1480520553877 3 1
1480520554614 7 1
1480520555659 8 1
1480520556408 2 3
1480520557628 10 -1
1480520558797 0 1
1480520560199 12 -1
1480520560764 9 -1
1480520561956 5 -2
1480520563412 4 1
1480520565676 1 3
1480520574219 U
1480520577637 R
1480520581604 R
1480520589563 1 -1
1480520590694 10 2
1480520592276 0 1
1480520593517 12 1
1480520594547 2 -1
1480520595435 6 -2
1480520599076 3 -2
1480520601623 7 -2
1480520603010 0 1
1480520604043 0 1
1480520605093 10 -1
1480520612810 4 -1
1480520614559 5 3
1480520615651 10 2
1480520616739 1 1
1480520617360 12 3
1480520618609 6 -1
1480520626659 1 -1
1480520627870 10 -3
1480520632097 1 1
1480520632702 12 -2
1480520634088 5 -3
1480520635530 4 1
1480520637265 1 2
1480520644098 10 2
1480520647521 10 -2
1480520648841 1 -2
1480520651185 4 -1
1480520652348 4 1
1480520656857 1 2
1480520657874 10 1
1480520658970 10 1
1480520659853 0 -2
1480520662498 3 1
1480520663216 7 1
1480520664607 2 2
1480520671928 2 -2
1480520672944 3 -1
1480520673546 7 -1
1480520676923 0 2
1480520677544 10 -2
1480520678421 1 -2
1480520679577 4 -1
1480520680632 5 3
1480520683456 12 2
1480520683988 1 -1
1480520685305 10 3
1480520688376 1 1
1480520689372 12 -2
1480520690456 6 1
1480520692111 12 -1
1480520692972 1 -1
1480520694434 10 -2
1480520696049 5 -3
1480520697800 4 1
1480520704110 10 1
1480520704707 0 -2
1480520705713 3 2
1480520706355 7 2
1480520708523 2 2
1480520709630 12 -1
1480520713271 0 -1
1480520714199 6 2
1480520717888 10 -2
1480520721103 1 1
1480520723231 2 -1
1480520724647 2 1
1480520728795 1 -1
1480520730648 10 2
1480520731694 10 -1
1480520734207 6 -2
1480520736027 2 -1
1480520738847 3 -1
1480520739551 7 -2
1480520744496 3 1
1480520745238 7 2
1480520747222 6 2
1480520748977 6 -1
1480520751381 7 -2
1480520756119 6 -1
1480520757167 3 -1
1480520757839 4 -1
1480520759350 5 3
1480520761175 10 2
1480520762190 0 1
1480520763043 12 1
1480520764494 2 -1
1480520765465 3 -1
1480520766648 0 2
1480520768112 10 -2
1480520774051 5 -3
1480520776325 4 1
1480520785085 4 -1
1480520787197 4 1
1480520789661 10 1
1480520790523 0 -2
1480520791857 4 -2
1480520792701 9 -1
1480520793573 11 2
1480520798015 5 2
1480520799598 7 2
1480520800678 8 2
1480520805972 5 -2
1480520806989 5 2
1480520807661 5 -1
1480520809029 8 -1
1480520809822 11 -1
1480520810612 5 2
1480520811654 10 1
1480520812613 1 1
1480520817132 7 -2
1480520820118 8 -1
1480520824449 12 1
1480520825364 6 -1
1480520830517 12 2
1480520831204 1 -1
1480520833555 10 -1
1480520836292 10 1
1480520837407 0 -1
1480520838039 10 -3
1480520839741 9 -2
1480520840661 10 1
1480520841708 5 -2
1480520845510 4 1
1480520846916 10 -1
1480520847984 7 4
1480520850771 3 1
1480520852044 2 2
1480520853500 10 1
1480520855168 7 -3
1480520859644 5 2
1480520861403 5 -2
1480520862972 6 1
1480520867187 11 1
1480520868612 7 3
1480520871299 2 -2
1480520873101 6 -1
1480520875767 8 2
1480520877383 2 3
1480520884339 10 -2
1480520885290 0 1
1480520889322 7 -1
1480520890834 7 1
1480520891570 1 1
1480520892354 12 -2
1480520893234 9 -1
1480520894019 5 -1
1480520895496 4 1
1480520898793 1 2
1480520901039 1 -2
1480520903170 3 1
1480520905171 3 -1
1480520905786 1 2
1480520908161 1 -2
1480520909185 8 -1
1480520909826 1 3
1480520911239 3 1
1480520915395 3 -1
1480520917163 1 -3
1480520919570 3 1
1480520920538 8 1
1480520922994 3 -1
1480520923934 1 2
1480520928896 9 1
1480520930811 1 -2
1480520932417 3 1
1480520938881 3 -1
1480520941265 9 -1
1480520943188 4 -1
1480520944304 7 -1
1480520946712 5 2
1480520974608 R
1480520987705 1 -1
1480520989784 10 2
1480520990863 0 1
1480520992470 12 1
1480520993248 2 -1
1480520995261 6 -2
1480520999951 3 -2
1480521000727 7 -2
1480521001606 0 2
1480521003135 10 -1
1480521003974 4 -1
1480521005757 5 3
1480521010574 10 2
1480521011822 0 -2
1480521013013 4 -1
1480521015246 9 -1
1480521016686 11 1
1480521019402 10 -1
1480521020150 5 -3
1480521022325 11 1
1480521025598 11 -2
1480521026366 9 1
1480521026982 4 2
1480521033181 0 2
1480521033944 10 -1
1480521036934 10 1
1480521043893 4 -1
1480521044657 10 -1
1480521048516 4 1
1480521053775 10 1
1480521054573 0 -2
1480521055528 4 -2
1480521056389 9 -1
1480521057437 11 2
1480521061270 8 2
1480521062205 7 2
1480521069581 5 2
1480521073468 5 -2
1480521074196 8 -2
1480521075908 11 -1
1480521077077 5 3
1480521078068 10 1
1480521080213 1 1
1480521085749 12 1
1480521086391 6 -1
1480521093504 11 -1
1480521094106 7 -2
1480521095843 11 1
1480521103075 6 1
1480521103890 12 -1
1480521104580 1 -1
1480521106268 10 -1
1480521110404 5 -3
1480521111820 11 1
1480521117012 7 1
1480521119410 8 2
1480521121930 7 1
1480521139554 R
1480521146826 1 -1
1480521151834 2 1
1480521155674 10 2
1480521157275 0 1
1480521159482 6 -2
1480521161249 2 -1
1480521169026 12 1
1480521169606 2 -1
1480521170787 3 -2
1480521171820 7 -2
1480521176042 4 -2
1480521177490 9 -1
1480521179697 11 2
1480521183051 11 -2
1480521183885 9 1
