1481869734858 1 -1
1481869736380 10 2
1481869738103 6 -2
1481869739478 7 -2
1481869743295 0 1
1481869744445 12 1
1481869745286 2 -1
1481869746650 3 -2
1481869752650 0 2
1481869760871 0 -2
1481869764423 4 -2
1481869769325 5 3
1481869770239 10 1
1481869771091 1 1
1481869772246 12 2
1481869773112 0 -1
1481869773869 6 -1
1481869778229 12 1
1481869780050 1 -1
1481869781031 10 -3
1481869782122 9 -3
1481869782940 5 -2
1481869784082 11 2
1481869787215 9 1
1481869788111 1 1
1481869788907 12 -1
1481869789625 9 -1
1481869791344 5 -1
1481869792231 4 2
1481869805308 4 -2
1481869808844 4 2
1481869809751 1 3
1481869810845 4 -2
1481869811978 9 2
1481869813075 10 2
1481869814273 0 1
1481869814999 6 1
1481869815915 12 -2
1481869825973 12 2
1481869826819 0 -1
1481869827517 6 -1
1481869828356 10 -2
1481869829472 9 -2
1481869834378 4 1
1481869835608 3 1
1481869836317 7 1
1481869837050 8 1
1481869838065 2 3
1481869839529 10 1
1481869840527 6 1
1481869847130 2 -3
1481869847919 3 -1
1481869848751 4 1
1481869851086 7 -1
1481869851849 8 -1
1481869855200 4 -2
1481869856157 9 2
1481869857034 10 1
1481869858374 0 1
1481869860160 12 -2
1481869878658 R
1481869887517 1 -1
1481869888340 10 1
1481869890693 10 1
1481869891421 0 1
1481869892229 12 1
1481869893131 2 -1
1481869896572 6 -2
1481869899826 3 -2
1481869900696 4 -2
1481869901848 5 3
1481869902741 10 1
1481869909617 1 1
1481869911049 12 2
1481869912227 12 1
1481869913139 0 -1
1481869913736 1 -1
1481869914710 10 -2
1481869916849 6 -1
1481869917933 10 -1
1481869919106 1 1
1481869920137 12 -1
1481869921120 9 -3
1481869926071 4 1
1481869927311 3 1
1481869928840 11 1
1481869930597 8 1
1481869931579 2 3
1481869932858 10 -1
1481869933626 0 1
1481869935093 12 -1
1481869936008 9 -1
1481869938577 5 -3
1481869939429 4 1
1481869942417 7 2
1481869943286 11 1
1481869946957 1 3
1481869957438 9 1
1481869958171 12 1
1481869958841 0 -1
1481869959793 10 2
1481869960761 2 -3
1481869961666 3 -1
1481869963843 10 -1
1481869970678 1 -3
1481869973177 3 2
1481869974236 2 3
1481869975065 10 -1
1481869976681 10 1
1481869979083 2 -3
1481869979941 3 -1
1481869981117 1 3
1481869982037 10 1
1481869982708 3 1
1481869983620 6 3
1481869984705 2 3
1481869986003 10 -2
1481869987044 0 1
1481869987992 12 -3
1481869994173 9 -1
1481869994831 0 -1
1481869995708 10 3
1481869996619 2 -2
1481869997383 6 -2
1481870000664 0 1
1481870001446 12 2
1481870002578 2 -1
1481870003464 3 -2
1481870004288 8 -1
1481870005274 0 4
