1481869395333 1 -1
1481869396910 10 2
1481869398462 6 -2
1481869399514 3 -1
1481869402288 10 -1
1481869407464 7 -2
1481869409082 4 -1
1481869411145 7 2
1481869412730 2 1
1481869414317 R
1481869416273 1 -1
1481869417673 10 2
1481869418749 0 1
1481869419687 12 1
1481869420585 2 -1
1481869421838 6 -2
1481869422857 3 -2
1481869424427 0 1
1481869425357 7 -2
1481869427710 4 -1
1481869429955 4 1
1481869432500 0 -1
1481869435355 R
1481869439359 1 -1
1481869440553 10 2
1481869442125 0 1
1481869443070 12 1
1481869444075 2 -1
1481869445085 6 -2
1481869446193 3 -2
1481869447326 7 -2
1481869453650 4 -2
1481869454514 5 3
1481869455866 10 1
1481869456829 4 1
1481869458131 0 2
1481869459288 10 -2
1481869460606 5 -3
1481869461560 4 1
1481869463486 10 1
1481869465072 R
1481869468210 1 -1
1481869469188 10 2
1481869472141 6 -2
1481869474988 7 -2
1481869476484 3 -1
1481869478719 R
1481869482059 1 -1
1481869484567 10 2
1481869487687 0 1
1481869488585 12 1
1481869489540 2 -1
1481869490559 6 -2
1481869492371 3 -2
1481869493358 0 1
1481869495153 4 -1
1481869496221 7 -2
1481869498121 0 1
1481869499020 10 -1
1481869500882 5 2
1481869501526 5 1
1481869503953 10 2
1481869506300 1 1
1481869507941 0 -2
1481869509632 4 -1
1481869510667 9 -1
1481869512737 R
1481869518068 2 1
1481869520470 2 -1
1481869521813 1 -1
1481869522687 10 2
1481869523851 2 1
1481869525736 0 1
1481869526593 12 1
1481869527579 2 -2
1481869528494 6 -2
1481869529521 3 -2
1481869531365 0 1
1481869533379 4 -1
1481869535020 5 3
1481869535830 10 1
1481869537900 1 1
1481869538830 0 -1
1481869541030 4 -1
1481869542308 7 -2
1481869543392 9 -1
1481869545205 11 1
1481869547579 R
1481869549281 1 -1
1481869550291 10 2
1481869551230 0 1
1481869552055 12 1
1481869552912 2 -1
1481869553866 6 -2
1481869555363 3 -2
1481869556284 0 1
1481869558906 7 -2
1481869559852 0 1
1481869561785 10 -1
1481869563815 4 -1
1481869565458 5 3
1481869567478 10 2
1481869568937 1 1
1481869570808 R
1481869574483 2 1
1481869576521 2 -1
1481869577710 1 -1
1481869578608 10 2
1481869579814 2 1
1481869581796 6 -2
1481869582830 3 -1
1481869586534 10 -1
1481869588284 3 1
1481869589340 R
1481869590853 1 -1
1481869591759 10 2
1481869593993 R
1481869595909 1 -1
1481869597025 10 2
1481869598213 0 1
1481869599079 12 1
1481869600203 2 -1
1481869601166 6 -2
1481869602338 3 -2
1481869603859 0 1
1481869607070 4 -1
1481869608066 5 3
1481869609052 10 1
1481869610153 1 1
1481869610987 12 3
1481869612120 1 -1
1481869613516 6 -1
1481869616097 6 1
1481869616824 6 -1
1481869618013 10 -1
1481869619042 5 -2
1481869622786 7 -2
1481869624483 0 1
1481869625761 10 -2
1481869626805 1 1
1481869630186 1 -1
1481869631188 10 2
1481869633244 6 1
1481869635129 10 -1
1481869636747 5 2
1481869639560 10 2
1481869641113 R
1481869642634 1 -1
1481869646812 10 2
1481869649020 0 1
1481869649869 12 1
1481869650670 2 -1
1481869652176 6 -2
1481869656341 3 -2
1481869657359 0 1
1481869660699 R
1481869665489 1 -1
1481869668619 10 2
1481869669597 0 1
1481869670843 12 1
1481869671887 2 -1
1481869674774 6 -2
1481869675705 3 -2
1481869676780 0 1
1481869678697 R
1481869687619 2 1
1481869689755 2 -1
1481869690806 1 -1
1481869692917 10 2
1481869695352 0 1
1481869696680 12 1
1481869698320 2 -1
1481869699371 6 -2
1481869701726 3 -2
1481869702867 4 -2
1481869706198 9 -1
1481869707565 11 2
1481869709481 7 -2
1481869712838 5 2
1481869715125 R
