1480490549441 1 -1
1480490553293 10 2
1480490554815 0 1
1480490556657 12 1
1480490558785 2 -1
1480490561485 6 -2
1480490563273 3 -2
1480490565288 7 -2
1480490567989 0 2
1480490572129 10 -1
1480490573935 4 -1
1480490576313 5 3
1480490578871 10 2
1480490580234 1 1
1480490582153 12 3
1480490585578 6 -1
1480490588003 1 -1
1480490590052 10 -3
1480490592541 5 -2
1480490593316 1 1
1480490594133 12 -2
1480490595162 5 -1
1480490596226 4 1
1480490598737 1 2
1480490600191 10 2
1480490602952 10 -2
1480490613898 10 2
1480490620569 6 1
1480490621473 12 -1
1480490622311 10 -1
1480490624487 10 1
1480490625100 10 -1
1480490627728 12 2
1480490628902 10 1
1480490629939 0 -1
1480490632025 0 -2
1480490637571 0 1
1480490639370 12 -2
1480490645237 12 2
1480490646246 0 2
1480490647918 10 -1
1480490650416 12 -2
1480490654475 10 1
1480490655432 12 2
1480490656573 0 -3
1480490659401 10 -1
1480490662559 6 -1
1480490663552 10 -1
1480490664912 1 -2
1480490667279 4 -2
1480490668283 9 -3
1480490669594 11 2
1480490670587 4 2
1480490678047 1 3
1480490679622 4 -2
1480490686151 4 2
1480490688633 3 1
1480490689493 7 1
1480490690273 8 1
1480490691787 2 3
1480490693244 10 -1
1480490694853 0 1
1480490695798 12 -1
1480490696745 9 -1
1480490703774 1 -3
1480490706161 7 3
1480490708027 3 1
1480490711087 3 -1
1480490713125 1 3
1480490715803 3 1
1480490718375 9 1
1480490719187 12 1
1480490721756 3 -1
1480490725553 1 -3
1480490728807 7 -3
1480490736114 7 2
1480490739066 R
1480490749870 1 -1
1480490752090 10 2
1480490753047 0 1
1480490758382 6 -2
1480490760016 7 -2
1480490762679 3 -1
1480490764548 4 -1
1480490765706 5 3
1480490767389 10 1
1480490768551 1 1
1480490769779 12 4
1480490770877 2 -1
1480490771615 6 -1
1480490772629 3 -1
1480490775015 0 2
1480490775913 1 -1
1480490777382 10 -3
1480490778925 5 -2
1480490780114 1 1
1480490780851 12 -2
1480490781707 5 -1
1480490783297 4 1
1480490784256 1 2
1480490785209 10 2
1480490786291 12 1
1480490792294 0 -1
1480490794407 0 -1
1480490795432 0 -1
1480490798713 10 -2
1480490800029 1 -2
1480490800863 4 -2
1480490802559 9 -3
1480490804309 11 2
1480490805588 4 2
1480490807240 1 3
1480490811039 10 1
1480490812674 6 1
1480490818571 3 1
1480490821006 7 1
1480490821538 8 1
1480490822610 2 3
1480490823496 6 -1
1480490824805 10 -2
1480490826003 0 1
1480490832822 4 -1
1480490834053 5 2
1480490834872 12 -1
1480490835841 9 -1
1480490837042 5 -2
1480490838341 4 1
1480490842954 1 -3
1480490845655 7 3
1480490848067 1 3
1480490849864 3 1
1480490850914 9 1
1480490851650 12 1
1480490854569 3 -1
1480490856794 0 -1
1480490857692 10 2
1480490858640 2 -3
1480490861075 2 3
1480490862199 10 -2
1480490864562 10 1
1480490865984 2 -3
1480490868225 3 -1
1480490869541 8 -1
1480490874152 1 -3
1480490875830 7 -4
1480490877786 1 3
1480490879472 4 -2
1480490882332 9 2
1480490884256 5 2
1480490886185 10 2
1480490887274 0 1
1480490889441 5 -2
1480490893423 12 -1
1480490897861 5 2
1480490898990 12 2
1480490899520 0 -1
1480490900277 10 -2
1480490901276 9 -2
1480490902051 5 -1
1480490902946 4 1
1480490904068 10 1
1480490904781 10 -1
1480490906052 4 -1
1480490907333 9 2
1480490909298 12 -1
1480490909934 5 -1
1480490910616 9 -2
1480490912331 4 2
1480490913296 1 -3
1480490914765 7 4
1480490915604 3 2
1480490916486 2 2
1480490917093 8 2
1480490917907 2 1
1480490918789 10 -1
1480490921468 8 -1
1480490922172 3 -1
1480490923065 1 3
1480490924600 0 1
1480490925776 0 -1
1480490926420 3 1
1480490927273 3 -1
1480490928094 4 -1
1480490929822 5 1
1480490930978 12 1
1480490931975 0 1
