1482797631194 1 -1
1482797632682 10 2
1482797639114 6 -2
1482797640407 7 -2
1482797644353 0 1
1482797645985 12 1
1482797649419 2 -1
1482797650417 3 -2
1482797651281 0 2
1482797659065 10 -1
1482797660010 4 -1
1482797661163 5 3
1482797662345 10 2
1482797663283 1 1
1482797664425 12 3
1482797668066 1 -1
1482797670753 10 -2
1482797675626 10 2
1482797676369 1 1
1482797677554 12 -3
1482797678683 1 -1
1482797679596 10 -2
1482797681090 5 -3
1482797687121 4 1
1482797689194 10 1
1482797690619 0 -2
1482797691643 4 -2
1482797692657 9 -1
1482797693633 11 2
1482797698482 8 2
1482797700785 7 2
1482797703105 8 -2
1482797703818 7 -2
1482797713338 5 2
1482797717194 11 -2
1482797718085 9 1
1482797719009 4 1
1482797719978 0 2
1482797721129 10 -1
1482797722145 5 -2
1482797728730 4 1
1482797730362 10 1
1482797733425 4 -1
1482797734010 10 -1
1482797738475 R
1482797743137 1 -1
1482797744153 10 2
1482797745161 0 1
1482797746690 12 1
1482797747786 6 -2
1482797749570 2 -1
1482797750818 3 -2
1482797751873 7 -2
1482797756529 4 -2
1482797757657 5 3
1482797760538 9 -1
1482797764993 7 2
1482797767081 10 1
1482797767932 1 1
1482797769089 12 3
1482797772121 6 -1
1482797774969 0 -1
1482797775914 1 -1
1482797776939 10 -3
1482797778105 1 1
1482797780417 7 -2
1482797781890 9 -2
1482797782689 5 -2
1482797784457 4 1
1482797785745 11 2
1482797787993 7 4
1482797791289 1 -1
1482797792161 10 1
1482797794825 3 1
1482797795729 2 2
1482797797080 6 1
1482797802972 7 -3
1482797804361 11 -2
1482797806211 R
1482797842761 1 -1
1482797844081 10 2
1482797845009 0 1
1482797846369 12 1
1482797847360 2 -1
1482797850002 6 -2
1482797851449 7 -2
1482797852217 3 -2
1482797853313 0 2
1482797862697 10 -1
1482797869113 4 -1
1482797869776 5 3
1482797871593 10 2
1482797872505 1 1
1482797873480 12 3
1482797879640 1 -1
1482797881633 10 -2
1482797883472 5 -2
1482797885640 10 1
1482797887760 5 2
1482797888498 10 1
1482797889113 1 1
1482797890537 12 -3
1482797892065 1 -1
1482797893840 10 -2
1482797895081 5 -3
1482797896137 4 1
1482797899865 4 -1
1482797900497 10 1
1482797901625 0 -2
1482797902482 4 -1
1482797903216 9 -1
1482797904225 11 2
1482797907289 11 -1
1482797908625 5 3
1482797909433 10 1
1482797917786 11 -1
1482797918464 9 1
1482797919153 4 1
1482797920104 0 2
1482797921024 10 -2
1482797922577 5 -3
1482797926856 10 1
1482797933368 4 1
