1481090398485 1 -1
1481090399554 1 1
1481090416209 1 -1
1481090417580 1 1
1481090420002 1 -1
1481090421802 10 2
1481090424825 2 1
1481090426745 2 -1
1481090428138 6 -2
1481090429618 7 -2
1481090432283 3 -1
1481090438371 3 1
1481090439107 3 -1
1481090439931 4 -1
1481090440531 4 1
1481090448475 7 2
1481090449418 2 1
1481090451602 3 1
1481090453042 6 2
1481090455105 2 -1
1481090456193 10 -2
1481090460897 10 2
1481090461954 6 -2
1481090464905 0 1
1481090466272 12 1
1481090467505 2 -1
1481090470050 3 -2
1481090473104 7 -2
1481090476464 0 2
1481090479768 10 -1
1481090482265 10 1
1481090485608 0 -2
1481090488370 3 2
1481090489330 7 2
1481090491641 3 -2
1481090493065 4 -2
1481090497640 5 3
1481090499080 10 1
1481090501385 10 -1
1481090503681 4 1
1481090504903 0 1
1481090506583 10 1
1481090507503 1 1
1481090508589 12 3
1481090509685 1 -1
1481090511821 0 -2
1481090512989 10 -2
1481090514269 5 -2
1481090516078 4 -1
1481090517630 9 -3
1481090518711 4 1
1481090519438 7 2
1481090520062 11 2
1481090520909 8 2
1481090521775 8 -2
1481090522973 4 -1
1481090524006 9 1
1481090525892 9 -1
1481090526528 4 1
1481090536030 3 1
1481090536598 2 2
1481090537590 6 -1
1481090539333 10 -1
1481090539981 2 -2
1481090541142 2 2
1481090541678 2 -2
1481090542686 8 2
1481090543373 2 3
1481090544670 10 -1
1481090545510 0 1
1481090547830 0 -1
1481090550296 10 2
1481090550767 2 -3
1481090551590 3 -1
1481090564621 7 -4
1481090565629 4 -1
1481090566262 9 2
1481090567421 10 1
1481090570375 7 2
1481090573205 7 -2
1481090574022 8 -2
1481090575670 11 -2
1481090576190 9 1
1481090577270 4 1
1481090581790 0 1
1481090582630 4 -1
1481090583517 9 -1
1481090584198 11 2
1481090588679 11 -2
1481090589334 9 1
1481090590567 4 1
1481090591742 0 2
1481090594246 10 -2
1481090597703 1 1
1481090598426 12 -2
1481090599015 5 -1
1481090599886 4 1
1481090602102 4 -1
1481090603303 4 1
1481090605983 1 2
1481090612454 10 1
1481090613391 10 1
1481090615262 12 1
1481090616342 0 -3
1481090621542 6 1
1481090626637 0 3
1481090628869 6 -1
1481090631124 10 -2
1481090631627 10 2
1481090632348 6 1
1481090633469 12 -2
1481090634492 10 -1
1481090636859 10 1
1481090637980 12 2
1481090638667 6 -1
1481090640460 10 -2
1481090641044 1 -2
1481090643637 1 2
1481090645270 12 -1
1481090646483 10 2
1481090648156 12 1
1481090652035 0 -3
1481090653107 7 1
1481090654054 3 1
1481090654523 2 2
1481090657307 2 -2
1481090658891 7 -1
1481090661531 3 -1
1481090663795 10 -2
1481090664747 1 -2
1481090665771 4 -2
1481090666764 9 -3
1481090667683 11 2
1481090669252 4 2
1481090670667 1 3
1481090675492 10 1
1481090677907 10 -1
1481090681266 4 -2
1481090682012 9 2
1481090683795 10 2
1481090686003 10 -2
1481090687587 9 -2
1481090690067 4 2
1481090695419 10 1
1481090696852 3 2
1481090700021 6 2
1481090701421 6 -2
1481090703307 2 1
1481090703876 2 -1
1481090704638 7 1
1481090705237 8 1
1481090705916 2 3
1481090707483 10 -2
1481090715087 3 -1
1481090716220 1 -3
1481090718588 4 -1
1481090719805 4 1
1481090720397 7 3
1481090722389 8 1
1481090723212 3 1
1481090724029 0 1
