1481557527670 1 -1
1481557531781 10 2
1481557533773 6 -2
1481557539781 7 -2
1481557541133 0 1
1481557542285 12 1
1481557543525 2 -1
1481557544933 3 -2
1481557546277 0 2
1481557547501 10 -1
1481557549645 4 -1
1481557551829 5 3
1481557553933 10 2
1481557566349 1 1
1481557567773 12 3
1481557569748 0 -3
1481557581532 1 -1
1481557586060 10 -2
1481557587748 5 -2
1481557589012 4 -1
1481557590028 9 -3
1481557593076 11 2
1481557594044 4 1
1481557594973 6 -1
1481557599820 7 4
1481557606684 7 -4
1481557607892 5 1
1481557610284 10 -1
1481557611076 1 1
1481557613964 12 -1
1481557614948 5 -2
1481557616195 4 1
1481557617820 1 3
1481557635179 1 -3
1481557636411 7 4
1481557637259 1 3
1481557639547 3 2
1481557640243 8 1
1481557641220 2 3
1481557642195 10 -1
1481557642851 0 1
1481557647675 3 -1
1481557649628 1 -3
1481557651027 8 1
1481557651619 3 1
1481557654763 0 -1
1481557656043 10 1
1481557657491 2 -3
1481557659763 8 -2
1481557660859 3 -2
1481557664251 1 3
1481557666771 10 1
1481557669123 4 -1
1481557670859 5 1
1481557671587 12 1
1481557681810 3 1
1481557682866 2 2
1481557683882 2 -2
1481557685474 6 1
1481557686978 6 -1
1481557688426 6 1
1481557690587 6 -1
1481557692178 3 -1
1481557695131 4 -1
1481557697018 9 1
1481557699370 12 -1
1481557701138 9 -1
1481557702890 4 1
1481557706731 3 1
1481557708386 8 1
1481557708922 2 3
1481557710626 10 -2
1481557715282 12 1
1481557718634 0 1
1481557720363 12 -2
1481557722738 5 -1
1481557724081 4 1
1481557725689 1 -3
1481557726473 9 -1
1481557728401 3 1
1481557729201 8 1
1481557737762 3 -1
1481557738945 8 -1
1481557743753 1 1
1481557747161 1 -1
1481557749945 8 1
1481557750585 3 1
1481557754585 7 -2
1481557757705 9 1
1481557768129 12 1
1481557769065 0 -1
1481557769729 10 1
1481557771945 7 -1
1481557772449 3 -1
1481557773842 8 -1
1481557776698 7 3
1481557779521 10 -1
1481557782161 10 1
1481557784144 2 -3
1481557785561 3 -1
1481557786217 8 -1
1481557790841 1 2
1481557794521 10 1
1481557800280 8 2
1481557803241 8 -2
1481557803792 3 1
1481557805576 2 2
1481557806176 6 1
1481557809576 1 1
1481557810936 8 1
1481557813320 3 1
1481557814400 6 2
1481557821465 R
