1482890644035 1 -1
1482890644585 10 2
1482890646036 0 1
1482890646509 12 1
1482890647066 2 -1
1482890647743 6 -2
1482890648489 3 -1
1482890649265 7 -2
1482890649880 3 -1
1482890651175 4 -2
1482890651895 9 -1
1482890652827 11 2
1482890658560 7 2
1482890659326 8 2
1482890661325 5 2
1482890662835 8 -1
1482890663809 11 -1
1482890664545 5 1
1482890665101 10 1
1482890665939 1 1
1482890666526 12 3
1482890667132 0 -1
1482890667827 1 -1
1482890668927 6 -1
1482890671064 10 -3
1482890671942 9 -2
1482890673612 5 -2
1482890674684 7 2
1482890675419 11 1
1482890676277 8 -1
1482890676959 4 1
1482890679200 10 1
1482890682144 3 1
1482890682952 2 2
1482890685193 10 -1
1482890686022 1 1
1482890686615 12 -1
1482890687317 5 -1
1482890687933 4 1
1482890689754 2 -2
1482890690718 3 -1
1482890691603 1 3
1482890692327 10 1
1482890694276 4 -2
1482890698665 4 2
1482890699183 1 -1
1482890701576 11 -2
1482890705699 3 1
1482890706709 2 2
1482890707757 10 -1
1482890708834 1 -2
1482890710076 3 1
1482890711787 11 2
1482890713390 8 1
1482890714182 8 1
1482890714706 2 1
1482890715724 10 -1
1482890717106 3 -1
1482890717888 1 2
1482890718918 0 1
1482890719646 12 -1
1482890720205 9 -1
1482890724836 1 -2
1482890726782 4 -1
1482890729281 7 -3
1482890729744 8 -1
1482890730977 4 1
1482890732298 1 3
1482890737350 1 -3
1482890738083 3 1
1482890739006 3 -1
1482890739532 4 -1
1482890740564 5 2
1482890741013 11 -1
1482890741537 5 1
1482890743273 9 1
1482890744565 12 2
1482890747309 0 -1
1482890748008 10 1
1482890748978 2 -3
1482890749807 3 -1
1482890750336 7 -1
1482890750921 8 -1
1482890753571 12 -1
1482890754860 5 -3
1482890756105 4 1
1482890757587 11 1
1482890759126 1 3
1482890762756 4 -2
1482890763713 9 2
1482890767426 10 2
1482890768975 6 1
1482890769511 0 1
1482890770206 12 -2
1482890772579 5 2
1482890776474 5 -2
1482890780955 12 2
1482890781910 6 -1
1482890783250 0 -1
1482890783846 10 -2
1482890784557 9 -1
1482890785151 9 -1
1482890785812 4 2
1482890788477 10 1
1482890789988 3 2
1482890790990 7 1
1482890791823 7 -1
1482890793162 6 2
1482890793684 8 1
1482890794341 7 1
1482890796220 2 3
1482890797136 6 -2
1482890797945 10 -2
1482890798801 0 1
1482890799399 12 -1
1482890800307 3 -1
1482890801282 1 -3
1482890803109 9 -1
1482890805254 3 1
1482890806224 7 2
1482890807062 7 1
1482890807723 8 1
1482890808511 3 -1
1482890809085 1 2
1482890813389 8 -1
1482890813889 1 1
1482890814915 3 1
1482890816551 3 -1
1482890816992 4 -1
1482890817606 5 1
1482890818137 9 1
1482890818737 12 2
1482890819602 0 -1
1482890820754 10 2
1482890821731 2 -3
1482890822611 3 -1
1482890823428 8 -1
1482890824127 10 -1
1482890825016 4 -1
1482890826602 9 1
1482890827871 10 1
1482890828957 6 1
1482890829617 12 -1
1482890830880 5 -1
1482890831639 9 -1
1482890832300 4 2
1482890834038 3 2
1482890835101 6 2
1482890835891 8 1
1482890836839 2 3
1482890837697 10 -2
1482890838489 0 1
1482890839112 12 -3
1482890839824 9 -1
1482890842830 0 -1
1482890843656 10 3
1482890844520 0 1
1482890845328 6 -2
1482890846515 2 -2
1482890847576 12 2
1482890848331 6 -1
1482890848830 2 -1
1482890849636 3 -2
1482890850378 8 -1
1482890850999 0 3
1482890852073 0 2
