1482625158137 1 -1
1482625160299 10 2
1482625162086 6 -2
1482625162849 3 -1
1482625163591 7 -2
1482625167291 10 -1
1482625183328 R
1482625186260 2 1
1482625191917 1 -1
1482625197214 10 2
1482625198264 2 -1
1482625199400 6 -2
1482625200318 7 -2
1482625204683 6 1
1482625205487 10 -1
1482625208414 7 2
1482625210718 2 1
1482625211658 6 1
1482625212468 10 -1
1482625216741 R
1482625226823 1 -1
1482625227988 10 2
1482625228706 0 1
1482625229943 12 1
1482625230756 2 -1
1482625234570 6 -2
1482625238641 3 -2
1482625239337 7 -2
1482625241568 0 2
1482625242727 10 -1
1482625252631 10 1
1482625263159 R
1482625266868 1 -1
1482625267632 10 1
1482625271238 10 1
1482625274143 0 1
1482625275170 12 1
1482625276082 2 -1
1482625280586 6 -2
1482625282060 3 -2
1482625283491 7 -2
1482625284773 0 2
1482625301366 4 -1
1482625302101 5 3
1482625302997 10 1
1482625304179 1 1
1482625307093 12 3
1482625308301 6 -1
1482625310147 1 -1
1482625315169 10 -1
1482625318794 5 -2
1482625320850 10 -2
1482625345329 10 2
1482625346728 6 1
1482625348109 6 -1
1482625349770 0 -3
1482625351511 7 2
1482625352144 3 1
1482625355101 3 -1
1482625356445 7 -2
1482625358332 10 -2
1482625363090 4 -1
1482625364503 9 -3
1482625365663 4 1
1482625366695 11 2
1482625367332 4 -1
1482625368112 9 2
1482625372236 10 2
1482625376684 0 1
1482625378208 0 -1
1482625379250 10 -2
1482625381636 9 -2
1482625382804 4 1
1482625385082 10 1
1482625387052 10 -1
1482625390615 7 4
1482625393011 3 1
1482625393919 2 2
1482625396734 10 1
1482625399529 8 2
1482625400294 2 1
1482625402516 10 -2
1482625403367 0 1
1482625412668 0 -1
1482625416251 7 -2
1482625419452 1 1
1482625420192 0 1
1482625421142 12 -2
1482625421696 5 -1
1482625422980 4 1
1482625423798 3 1
1482625429623 7 2
1482625434480 9 -1
1482625435600 9 1
1482625436443 12 1
1482625437301 0 -1
1482625458193 3 -1
1482625458926 1 2
1482625459760 10 2
1482625461397 6 1
1482625462310 2 -3
1482625462991 6 -1
1482625479331 3 -1
1482625481176 8 -2
1482625482551 1 1
1482625485749 10 -1
1482625486631 1 -3
1482625487836 7 -4
1482625488994 1 3
1482625491809 4 -2
1482625492410 9 2
1482625493243 10 2
1482625494047 0 1
1482625498350 12 -1
1482625499961 12 1
1482625500606 0 -1
1482625501579 10 -2
1482625503239 9 -2
1482625504106 4 2
1482625509684 1 -3
1482625511347 7 4
1482625512883 1 3
1482625517635 3 2
1482625518684 2 2
1482625519628 8 1
1482625520163 2 1
1482625520921 10 -1
1482625521902 0 1
1482625523290 3 -1
1482625527323 1 -3
1482625529201 3 1
1482625530072 8 1
1482625531734 0 -1
1482625532219 10 1
1482625532846 2 -3
1482625536098 3 -2
1482625538492 8 -2
1482625543768 4 -1
1482625545003 7 -1
1482625546048 4 -1
1482625547360 7 -1
1482625548557 11 -2
1482625549723 9 3
1482625551425 4 2
1482625565003 R
1482625582202 1 -1
1482625583909 10 2
1482625585284 0 1
1482625589733 12 1
1482625590496 2 -1
1482625591665 6 -2
1482625592684 3 -2
1482625593735 7 -2
1482625594748 0 2
1482625599219 4 -1
1482625599668 10 -1
1482625601214 4 1
1482625603277 10 1
1482625609939 4 -1
1482625613722 4 1
1482625614657 4 -1
1482625618182 5 3
1482625618969 10 1
1482625620251 1 1
1482625621774 12 3
1482625622515 1 -1
1482625623743 6 -1
1482625630179 10 -3
1482625632024 5 -2
1482625638696 1 1
1482625639488 12 -1
1482625640307 5 -1
1482625641144 4 1
1482625647848 1 2
1482625650491 10 2
