1481540514238 1 -1
1481540515335 1 1
1481540665088 1 -1
1481540672069 10 2
1481540673524 0 1
1481540676552 12 1
1481540678598 2 -1
1481540680728 6 -2
1481540682298 3 -2
1481540683476 0 1
1481540692695 0 -1
1481540694001 3 2
1481540695324 6 2
1481540696525 2 2
1481540700650 12 -1
1481540702425 0 -1
1481540705367 10 -2
1481540707390 2 -1
1481540710421 2 1
1481540712723 1 1
1481540717975 1 -1
1481540719189 10 2
1481540722870 6 -2
1481540724007 3 -1
1481540725479 7 -1
1481540727037 4 -1
1481540729345 7 1
1481540739049 5 3
1481540740466 10 1
1481540742139 1 1
1481540743424 0 1
1481540744673 12 4
1481540745611 6 -1
1481540749675 7 -1
1481540753822 1 -1
1481540755040 10 -1
1481540757211 5 -2
1481540759363 5 2
1481540760160 10 1
1481540761278 1 1
1481540763632 12 -2
1481540772277 12 2
1481540773680 1 -1
1481540776680 10 -1
1481540781082 5 -2
1481540782817 5 2
1481540783648 10 1
1481540785682 1 1
1481540786477 0 -1
1481540787283 6 1
1481540788773 1 -1
1481540795287 1 1
1481540797671 12 -1
1481540810883 6 -1
1481540811548 0 1
1481540812502 12 -1
1481540817121 12 2
1481540817838 1 -1
1481540821820 0 -1
1481540823797 10 -3
1481540825966 5 -2
1481540828470 10 2
1481540830136 6 1
1481540831577 0 1
1481540832262 6 -1
1481540834971 7 1
1481540841471 5 2
1481540842013 10 1
1481540844646 1 1
1481540845847 0 -1
1481540851554 12 -1
1481540854638 12 1
1481540857103 1 -1
1481540858604 10 -3
1481540859711 1 1
1481540860700 1 -1
1481540862013 5 -2
1481540866561 7 -1
1481540872438 7 1
1481540875563 10 2
1481540876807 0 1
1481540881835 R
1481540925229 2 1
1481540928933 2 -1
1481540936293 1 -1
1481540955574 1 1
1481540957699 1 -1
1481540959606 10 1
1481540960645 10 1
1481540961687 0 1
1481540962834 6 -2
1481540967676 3 -1
1481540969410 3 1
1481540970605 7 -2
1481540972494 3 -1
1481540977261 4 -1
1481540979863 7 2
1481540982746 2 1
1481540990927 4 1
1481540993255 3 1
1481540997559 7 -1
1481540998188 7 1
1481541030108 7 -1
1481541030538 7 1
1481541037052 0 -1
1481541039810 10 -1
1481541065688 10 1
1481541081877 2 -1
1481541105112 7 -2
1481541119392 0 1
1481541122046 3 -1
1481541129433 4 -1
1481541131682 5 3
1481541132593 10 1
1481541135464 1 1
1481541138969 12 4
1481541140166 2 -1
1481541142390 6 -1
1481541144674 3 -1
1481541145619 0 2
1481541147903 1 -1
1481541149756 10 -3
1481541150933 10 3
1481541159868 10 -3
1481541166012 1 1
1481541166749 12 -2
1481541168090 5 -3
1481541169102 4 1
1481541175080 4 -1
1481541176299 4 1
1481541187003 1 1
1481541188002 1 1
1481541190869 10 2
1481541193775 6 1
1481541195219 12 -1
1481541196675 10 -1
1481541201107 10 1
1481541203728 10 -1
1481541213594 10 1
1481541216959 12 2
1481541219468 6 -1
1481541223552 10 -2
1481541226692 12 -1
1481541233119 1 -2
1481541254852 4 -1
1481541257650 5 3
1481541259059 12 2
1481541259842 1 -1
1481541260631 10 3
1481541261760 6 1
1481541262664 6 -1
1481541275528 1 1
1481541276357 12 -2
1481541281941 12 2
1481541283088 1 -1
1481541283839 10 -3
1481541285055 5 -2
1481541293783 5 2
1481541295217 1 1
1481541296082 12 -2
1481541298940 5 -3
1481541300789 4 1
1481541307144 1 2
1481541312999 10 2
1481541313815 6 1
1481541316822 12 -1
1481541324425 10 -1
1481541326374 12 2
1481541328384 6 -1
1481541335625 12 -1
1481541338738 10 1
1481541342028 12 1
1481541345995 0 -3
1481541349428 10 -2
1481541351106 1 -2
1481541353426 4 -2
1481541359874 7 2
1481541367683 9 -3
1481541369482 7 2
1481541370191 4 2
1481541371142 11 2
1481541377940 1 3
1481541380859 10 1
1481541384567 10 -1
1481541387129 10 1
1481541392826 10 -1
1481541395042 3 2
1481541398315 3 -2
1481541405397 8 1
1481541408958 3 1
1481541411756 3 1
1481541413228 2 3
1481541416048 10 -1
1481541418852 3 -1
1481541420598 1 -3
1481541421787 8 1
1481541431266 0 1
1481541432716 12 -1
1481541433698 9 -1
1481541436366 1 2
1481541451973 8 -1
1481541453916 1 1
1481541455734 3 1
1481541479703 9 1
1481541480585 12 1
1481541484257 0 -1
1481541485243 10 2
1481541486083 6 3
1481541490866 2 -3
1481541492802 6 -3
1481541496232 10 -1
1481541498869 10 1
1481541500052 3 -2
1481541505744 8 -1
1481541509688 1 -1
1481541511036 10 -1
1481541512904 1 1
1481541517002 4 -2
1481541520957 9 1
1481541522623 10 1
1481541524090 10 -1
1481541526071 9 -1
1481541527346 5 1
1481541529480 12 1
1481541536740 9 1
1481541537451 10 1
1481541539941 10 -1
1481541543546 9 -1
1481541545190 4 1
1481541550561 8 1
1481541552661 3 1
1481541554156 2 3
1481541555304 10 -1
1481541558191 10 2
1481541561278 6 1
1481541563481 2 -3
1481541566105 3 -1
1481541567675 6 -1
1481541569819 3 1
1481541570896 2 3
1481541572355 6 1
1481541576292 6 -1
1481541577108 2 -3
1481541578889 3 -1
1481541583577 8 -1
1481541585975 4 -1
1481541597017 4 1
1481541599782 3 1
1481541602935 6 1
1481541606671 3 -1
1481541610409 4 -1
1481541612479 4 1
1481541615476 8 1
