1481561089878 2 1
1481561097342 U
1481561098973 1 -1
1481561101125 10 1
1481561110893 6 -2
1481561119117 3 -1
1481561130196 10 1
1481561132381 0 1
1481561135221 12 1
1481561136181 2 -1
1481561138213 3 -1
1481561147821 4 -2
1481561155077 9 -1
1481561158995 11 1
1481561161110 5 3
1481561168485 5 -3
1481561172468 11 1
1481561178677 7 -2
1481561188045 5 2
1481561192797 5 -2
1481561194604 11 -2
1481561196157 9 1
1481561200117 4 2
1481561204364 0 1
1481561214180 0 -1
1481561215354 4 -2
1481561216351 9 -1
1481561217564 11 2
1481561224301 8 2
1481561230550 8 -2
1481561233336 11 -2
1481561238502 5 3
1481561239606 11 1
1481561244964 10 1
1481561245974 1 1
1481561247648 12 3
1481561252190 6 -1
1481561255398 11 -1
1481561258413 9 1
1481561259613 4 1
1481561261614 0 1
1481561267719 1 -1
1481561271397 0 1
1481561272893 10 -3
1481561276998 1 1
1481561278397 12 -2
1481561281492 5 -3
1481561291351 4 1
1481561296677 1 2
1481561302469 12 1
1481561304252 10 2
1481561306996 0 -1
1481561312093 7 1
1481561314204 0 -1
1481561315389 3 1
1481561316508 2 2
1481561319733 6 1
1481561320493 12 -3
1481561336517 2 -1
1481561340628 12 2
1481561341701 2 -1
1481561343053 3 -1
1481561344356 0 1
1481561347348 12 -1
1481561353846 7 -1
1481561354852 0 1
1481561356612 10 -1
1481561364591 12 1
1481561365421 6 -1
1481561366686 10 -1
1481561371061 1 -2
1481561379221 4 -1
