1482627024387 1 -1
1482627026100 10 2
1482627028077 6 -2
1482627030104 7 -2
1482627043071 0 1
1482627044359 12 1
1482627045618 2 -1
1482627046627 3 -2
1482627078558 4 -2
1482627079703 9 -1
1482627081195 11 2
1482627083616 8 2
1482627096338 7 2
1482627097617 7 -2
1482627106756 8 -2
1482627138014 R
1482627152538 1 -1
1482627159950 2 1
1482627162373 10 2
1482627163797 6 -2
1482627166452 2 -1
1482627175793 0 1
1482627176878 12 1
1482627178232 2 -1
1482627179657 3 -2
1482627180752 7 -2
1482627186392 4 -2
1482627188087 9 -1
1482627188998 5 3
1482627191013 10 1
1482627196768 1 1
1482627198464 12 3
1482627200857 1 -1
1482627206709 6 -1
1482627208590 10 -1
1482627211247 0 -1
1482627212407 10 -2
1482627213685 9 -2
1482627215225 5 -2
1482627218219 11 2
1482627222840 7 4
1482627227162 4 1
1482627228140 3 1
1482627230930 8 2
1482627231967 2 3
1482627233353 10 -1
1482627236405 0 1
1482627239951 0 -1
1482627242121 10 2
1482627243284 2 -3
1482627250000 3 -1
1482627251162 8 -2
1482627252645 7 -4
1482627257252 4 -1
1482627258137 9 2
1482627259727 10 1
1482627281773 11 -2
1482627283020 9 1
1482627284512 4 1
1482627288126 0 3
1482627289347 10 -2
1482627295791 1 1
1482627296838 12 -2
1482627298087 5 -1
1482627300538 4 1
1482627303939 1 2
1482627306159 10 2
1482627307294 6 1
1482627308525 12 -1
1482627315772 10 -1
1482627322711 10 1
1482627332586 12 2
1482627334069 6 -1
1482627335900 0 -1
1482627337537 7 1
1482627343371 6 1
1482627346676 7 -1
1482627397304 0 1
1482627398342 12 -2
1482627400385 10 -1
1482627404843 12 2
1482627406260 6 -1
1482627407174 10 -1
1482627408486 1 -2
1482627432325 4 -1
1482627433343 5 3
1482627435222 12 1
1482627436229 1 -1
1482627438875 10 3
1482627441697 0 -3
1482627445680 4 -1
1482627448208 10 -3
1482627449692 9 -3
1482627457087 11 1
1482627465013 9 2
1482627466166 10 3
1482627472028 10 -3
1482627478366 9 -2
1482627479995 5 -2
1482627482457 4 1
1482627484861 7 4
1482627491477 3 1
1482627493369 8 1
1482627494724 2 3
1482627496209 10 -1
1482627498144 0 1
1482627501943 1 1
1482627502894 12 -2
1482627504222 5 -1
1482627505548 4 1
1482627509870 11 1
1482627517903 12 1
1482627519154 0 -1
1482627520856 10 1
1482627521863 2 -3
1482627523094 3 -1
1482627528181 8 -1
1482627531484 1 3
1482627537436 3 2
1482627539013 8 1
1482627540098 2 3
1482627541224 10 -1
1482627542047 0 1
1482627547209 0 -1
1482627548663 10 2
1482627550407 2 -1
1482627551876 8 -1
1482627556494 3 -1
1482627558103 10 -1
1482627560437 2 -2
1482627561527 10 1
1482627562851 3 1
1482627564032 6 3
1482627568287 2 2
1482627569867 10 -1
1482627571823 10 1
1482627575933 8 1
1482627584441 2 1
1482627585499 6 -3
1482627587312 10 -2
1482627588289 0 1
1482627590979 0 -1
