1481559852150 1 -1
1481559854102 10 2
1481559856419 0 1
1481559859590 6 -2
1481559871470 3 -1
1481559872550 4 -1
1481559874207 5 3
1481559876550 10 1
1481559878285 1 1
1481559879958 12 4
1481559883278 1 -1
1481559884719 6 -1
1481559886264 2 -1
1481559889038 3 -1
1481559892047 0 1
1481559893646 10 -1
1481559895350 5 -2
1481559905888 0 -2
1481559906870 10 -2
1481559907769 4 -1
1481559909910 9 -3
1481559916349 10 1
1481559923166 7 -2
1481559927070 4 1
1481559936902 5 2
1481559945062 5 -2
1481559946502 11 2
1481559948877 8 2
1481559950341 7 4
1481559952366 3 1
1481559953958 2 3
1481559955574 8 -1
1481559957238 7 -3
1481559958502 5 1
1481559961942 10 -2
1481559963438 0 1
1481559973286 5 -1
1481559977973 R
1481559991886 1 -1
1481559995302 10 2
1481559996478 0 1
1481559997677 12 1
1481559999734 2 -1
1481560000791 6 -2
1481560003101 3 -2
1481560004206 7 -2
1481560009870 0 2
1481560012670 4 -1
1481560015214 10 -1
1481560020926 5 3
1481560023230 10 2
1481560024574 1 1
1481560026566 12 3
1481560028509 6 -1
1481560030205 1 -1
1481560036254 10 -3
1481560041038 1 1
1481560042198 12 -2
1481560044942 5 -3
1481560058533 5 2
1481560060638 12 2
1481560063198 1 -1
1481560064214 10 2
1481560067294 0 -1
1481560080606 U
1481560081174 U
1481560083798 U
1481560089862 U
1481560099241 5 -2
1481560108543 U
1481560108798 U
1481560109222 U
1481560109486 U
1481560109722 U
1481560109958 U
1481560113974 U
1481560114734 U
1481560116318 U
1481560117294 U
1481560130478 U
1481560132382 U
1481560134622 U
1481560139214 U
1481560140270 U
1481560147254 4 -2
1481560149297 9 -1
1481560151191 11 2
1481560164495 8 2
1481560167414 7 2
1481560170991 U
1481560171215 U
1481560171567 U
1481560171759 U
1481560172079 U
1481560172647 R
