1480490963763 1 -1
1480490968759 10 2
1480490969622 0 1
1480490970975 12 1
1480490972094 2 1
1480490972847 12 -1
1480490977807 6 -2
1480490979598 2 -1
1480490982525 12 1
1480490983133 2 -1
1480490984331 3 -2
1480490985158 0 1
1480490985996 7 -2
1480490986831 0 1
1480490990522 4 -1
1480490992847 5 3
1480490994068 10 1
1480490994805 1 1
1480490995734 12 2
1480490996689 12 1
1480490998820 6 -1
1480490999685 1 -1
1480491001972 10 -3
1480491010441 1 1
1480491011378 12 -2
1480491013257 5 -3
1480491014925 4 1
1480491015967 1 2
1480491017331 10 2
1480491017927 6 1
1480491018658 12 -1
1480491019518 10 -1
1480491032062 10 1
1480491034172 0 -2
1480491041599 12 1
1480491045400 6 -1
1480491046385 0 2
1480491048416 10 -2
1480491053094 1 -2
1480491058994 4 -1
1480491061044 5 3
1480491063221 12 2
1480491064065 1 -1
1480491065576 10 3
1480491068697 6 1
1480491069406 1 1
1480491070795 12 -3
1480491071863 1 -1
1480491072944 10 -2
1480491075119 5 -3
1480491077388 10 1
1480491080850 0 -1
1480491083381 4 1
1480491086039 0 -1
1480491087341 7 2
1480491087962 3 2
1480491088663 6 2
1480491089468 2 2
1480491090451 12 -1
1480491091376 6 -2
1480491091965 12 1
1480491095277 2 -2
1480491096359 3 -2
1480491098458 7 -2
1480491100598 0 2
1480491112312 10 -1
1480491120054 4 -1
1480491121038 5 3
1480491122843 10 2
1480491123437 1 1
1480491124349 12 3
1480491125090 6 -1
1480491125790 1 -1
1480491126829 10 -3
1480491127972 1 1
1480491128720 12 -2
1480491129797 5 -3
1480491130665 4 1
1480491131517 1 2
1480491132756 10 2
1480491133712 6 1
1480491134310 12 -1
1480491135382 10 -1
1480491182015 R
1480491192771 2 1
1480491194101 1 -1
1480491194925 10 2
1480491196521 6 -2
1480491197706 2 -1
1480491198947 7 -2
1480491200785 3 -1
1480491202209 4 -1
1480491204331 5 3
1480491205219 10 1
1480491205856 1 1
1480491206588 0 1
1480491207772 12 3
1480491208661 2 -1
1480491209202 6 -1
1480491210176 3 -1
1480491211105 4 -1
1480491214007 12 -1
1480491215664 12 2
1480491216349 6 1
1480491216934 0 -1
1480491217553 1 -1
1480491218615 9 -1
1480491219501 11 1
1480491220316 8 1
1480491222167 7 2
1480491222864 1 1
1480491223323 0 1
1480491225269 12 -3
1480491226064 1 -1
1480491226670 10 -1
1480491228206 5 -3
1480491228963 11 1
1480491229593 8 1
1480491232004 5 2
1480491238593 8 -2
1480491239593 7 -2
1480491249206 5 -2
1480491251488 11 -1
1480491252497 5 3
1480491253603 10 1
1480491254850 1 1
1480491256369 12 1
1480491257270 6 -1
1480491266472 8 1
1480491267447 7 2
1480491269554 8 -1
1480491270541 7 -2
1480491271626 11 -1
1480491272552 9 1
1480491273513 4 1
1480491274583 0 2
1480491276770 6 1
1480491277560 12 -1
1480491278162 1 -1
1480491279600 10 -2
1480491282018 5 -3
1480491283125 4 1
1480491284619 10 1
1480491288591 4 -1
1480491291247 10 -1
1480491294576 4 1
1480491295462 10 1
1480491296524 10 -1
1480491302502 4 -1
1480491303105 5 1
1480491303936 5 2
1480491307141 10 2
1480491307909 1 1
1480491308965 12 1
1480491309883 6 -1
