1481559308404 2 1
1481559311575 2 -1
1481559316983 1 -1
1481559318693 10 2
1481559320068 0 1
1481559321150 6 -2
1481559323231 7 -2
1481559332036 3 -1
1481559334250 4 -1
1481559334828 5 3
1481559336283 10 1
1481559338526 1 1
1481559340319 12 4
1481559341227 2 -1
1481559342103 6 -1
1481559343232 3 -1
1481559345680 0 2
1481559346550 1 -1
1481559361099 R
1481559365771 1 -1
1481559367959 10 2
1481559369348 6 -2
1481559371467 3 -1
1481559372761 7 -2
1481559375389 4 -1
1481559379979 R
1481559385130 1 -1
1481559387765 10 2
1481559390074 0 1
1481559391112 12 1
1481559392034 2 -1
1481559393245 6 -2
1481559397176 3 -2
1481559398614 7 -2
1481559402367 0 2
1481559403270 10 -1
1481559408980 10 1
1481559409710 0 -2
1481559411278 7 2
1481559416285 0 1
1481559418733 0 -1
1481559419651 7 -2
1481559433023 0 2
1481559435094 10 -1
1481559461189 R
1481559464939 2 1
1481559466736 1 -1
1481559474018 2 -1
1481559479576 10 2
1481559482364 6 -2
1481559484973 7 -2
1481559489951 3 -1
1481559491486 4 -1
1481559492811 10 -1
1481559494049 5 3
1481559496576 10 2
1481559510250 1 1
1481559512132 1 -1
1481559514025 10 -2
1481559515298 5 -3
1481559517457 4 1
1481559523120 3 1
1481559524955 3 -1
1481559527815 4 -1
1481559529876 4 1
1481559533678 3 1
1481559537163 3 -1
1481559539615 7 2
1481559540947 4 -1
1481559541732 5 3
1481559543603 10 2
1481559546585 2 1
1481559551107 R
1481559557800 1 -1
1481559560890 10 2
1481559562468 2 1
1481559563295 6 -2
1481559565876 2 -1
1481559571200 2 1
1481559572890 2 -1
1481559575306 10 -1
1481559579330 3 -1
1481559580228 2 1
1481559583759 7 -1
