1479756842171 1 -1
1479756842724 10 2
1479756844197 0 1
1479756844752 12 1
1479756845806 6 -2
1479756847185 2 -1
1479756848064 3 -2
1479756848591 7 -2
1479756849867 0 2
1479756853161 10 -1
1479756854223 4 -1
1479756857728 10 1
1479756858478 10 -1
1479756859816 5 3
1479756860455 10 2
1479756862364 1 1
1479756863205 12 3
1479756863997 1 -1
1479756865352 6 -1
1479756871522 1 1
1479756872410 U
1479756872843 U
1479756873312 U
1479756873923 U
1479756875018 U
1479756875573 U
1479756876279 U
1479756876843 U
1479756878872 U
1479756882343 U
1479756884152 U
1479756884868 U
1479756886480 4 -2
1479756888568 9 -1
1479756889565 11 2
1479756892188 8 2
1479756892998 7 2
1479756894225 5 2
1479756898014 U
1479756898561 U
1479756900461 5 2
1479756902804 7 2
1479756904210 7 -2
1479756904875 8 -2
1479756906588 11 -2
1479756907430 5 1
1479756908019 9 1
1479756909237 10 1
1479756910993 4 1
1479756912143 1 1
1479756912747 12 3
1479756913581 6 -1
1479756915942 0 2
1479756916470 1 -1
1479756917338 10 -3
1479756918300 5 -2
1479756920370 R
1479756923013 1 -1
1479756924239 2 1
1479756925466 10 2
1479756929034 0 1
1479756929598 12 1
1479756930935 2 -2
1479756931659 6 -2
1479756934234 3 -2
1479756934744 7 -2
1479756939630 4 -2
1479756941900 5 3
1479756943193 10 1
1479756944486 1 1
1479756945183 4 1
1479756948072 12 3
1479756949169 0 2
1479756949899 0 -3
1479756950581 7 2
1479756950999 3 1
1479756951892 2 2
1479756952761 6 -1
1479756954517 1 -1
1479756955664 10 -3
1479756956686 2 -2
1479756957280 2 2
1479756958855 5 -2
1479756964624 1 1
1479756967100 12 -1
1479756967628 5 -1
1479756968071 4 1
1479756970039 3 1
1479756970875 3 -1
1479756971510 4 -1
1479756972135 4 1
1479756972893 1 1
1479756974795 1 -1
1479756975971 1 1
1479756977939 1 -1
1479756978638 3 1
1479756979591 2 -2
1479756980256 3 -2
1479756980632 7 -2
1479756983103 1 2
1479756983766 10 2
1479756987920 10 -2
1479756988438 1 -2
1479756989332 4 -2
1479756990260 9 -3
1479756991223 4 2
1479756992219 11 2
1479756993316 1 3
1479756996539 1 -3
1479756997467 1 3
1479756999025 10 1
1479757000354 6 1
1479757000940 6 -1
1479757001876 3 2
1479757003393 3 -2
1479757004029 10 -1
1479757005254 1 -1
1479757006097 8 2
1479757006887 10 1
1479757009259 7 1
1479757009786 3 1
1479757010441 2 3
1479757011046 8 -1
1479757011752 10 -2
1479757013303 0 1
1479757014340 1 -2
1479757015516 7 3
1479757021459 1 3
1479757025679 3 1
1479757026661 0 -1
1479757027586 10 2
1479757028217 2 -3
1479757029067 3 -2
1479757029774 10 -1
1479757031581 3 2
1479757032999 2 3
1479757036320 10 1
1479757037070 6 3
1479757038602 2 -3
1479757039522 10 -1
1479757039998 10 1
1479757040959 2 3
1479757042989 10 -2
1479757045102 0 1
1479757049318 12 -3
1479757050690 9 -1
1479757057634 0 -1
1479757058534 10 3
1479757059856 0 1
1479757060707 12 2
1479757062265 6 -3
1479757063160 2 -3
1479757063919 3 -2
1479757065536 0 2
1479757066098 8 -1
1479757066748 0 3
