1481869732085 2 1
1481869732772 2 -1
1481869734829 1 -1
1481869735924 10 2
1481869736748 0 1
1481869737380 6 -2
1481869738365 7 -2
1481869739749 3 -1
1481869740645 4 -1
1481869741405 5 3
1481869743125 10 1
1481869743820 0 -1
1481869746244 10 -1
1481869746885 5 -3
1481869748092 4 1
1481869748996 4 -1
1481869749909 10 -1
1481869753100 7 2
1481869756292 7 -2
1481869757245 5 3
1481869757925 10 2
1481869758893 1 1
1481869759645 0 1
1481869760405 12 4
1481869762508 2 -1
1481869763052 6 -1
1481869763933 3 -1
1481869764748 0 2
1481869765508 1 -1
1481869766700 10 -3
1481869767452 5 -2
1481869771060 1 1
1481869772132 12 -1
1481869772796 5 -1
1481869773588 4 1
1481869778749 1 2
1481869779693 10 2
1481869780220 0 -3
1481869781413 10 -2
1481869782045 1 -2
1481869782740 4 -2
1481869783516 9 -3
1481869784452 4 2
1481869785636 11 2
1481869786692 1 3
1481869789396 10 1
1481869790900 4 -2
1481869791507 9 2
1481869792149 10 1
1481869792917 0 1
1481869795533 0 -1
1481869797285 10 -2
1481869797916 9 -2
1481869798884 4 2
1481869800892 1 -3
1481869807548 7 4
1481869820948 7 -4
1481869823916 1 3
1481869825436 10 1
1481869826100 4 -2
1481869826805 9 2
1481869827453 5 2
1481869829821 10 -1
1481869831197 10 2
1481869832309 10 -2
1481869832940 9 -2
1481869833589 4 1
1481869834796 5 -2
1481869835381 4 1
1481869835996 1 -3
1481869836852 4 -2
1481869837453 5 2
1481869838189 9 2
1481869840188 12 1
1481869840644 1 -1
1481869841500 10 2
1481869842644 0 1
1481869843941 5 -1
1481869845277 11 -2
1481869845789 9 1
1481869846557 4 1
1481869847293 0 2
1481869848237 10 -2
1481869849365 1 1
1481869850117 12 -2
1481869850684 5 -1
1481869851381 4 1
1481869858084 4 -1
1481869864237 12 1
1481869866781 4 1
1481869867941 1 2
1481869869029 10 2
1481869870044 0 -2
1481869871524 0 1
1481869873228 0 1
1481869874949 12 -1
1481869902605 10 -2
1481869903557 1 -2
1481869904404 4 -1
1481869905236 5 3
1481869906716 12 2
1481869907332 1 -1
1481869908764 10 3
1481869912540 0 -2
1481869914061 4 -1
1481869914790 9 -1
1481869915813 11 1
1481869916981 10 -1
1481869921860 5 -2
1481869922788 11 -1
1481869924052 9 1
1481869925037 4 1
1481869925884 0 2
1481869926988 10 -2
1481869927796 1 1
1481869928612 12 -2
1481869929501 5 -1
1481869930404 4 1
1481870036580 4 -1
1481870038132 5 3
