1482630662372 2 1
1482630663632 1 -1
1482630664712 10 2
1482630665688 0 1
1482630666481 12 1
1482630668495 2 -2
1482630670707 6 -2
1482630672235 3 -2
1482630675287 7 -2
1482630684154 4 -2
1482630685098 5 3
1482630686818 10 1
1482630689880 1 1
1482630699205 1 -1
1482630701937 4 1
1482630709397 4 -1
1482630710514 9 -1
1482630714541 9 1
1482630715349 4 1
1482630716347 0 2
1482630717703 10 -2
1482630719017 5 -3
1482630720671 4 1
1482630723508 10 1
1482630724695 0 -2
1482630728845 4 -2
1482630730002 9 -1
1482630731140 11 2
1482630734090 8 2
1482630734938 7 2
1482630739857 5 2
1482630743393 8 -2
1482630744343 7 -2
1482630746863 5 -2
1482630749214 11 -2
1482630750364 9 1
1482630751490 4 2
1482630766431 4 -2
1482630767355 9 -1
1482630767894 11 2
1482630773152 5 2
1482630780612 7 2
1482630781362 8 2
1482630789967 R
1482630801711 2 1
1482630807281 1 -1
1482630808869 10 2
1482630812825 0 1
1482630813771 12 1
1482630815682 2 -2
1482630818376 6 -2
1482630827562 3 -2
1482630830621 7 -2
1482630832534 4 -2
1482630833533 9 -1
1482630835471 11 2
1482630840631 5 2
1482630857110 5 -2
1482630859934 11 -2
1482630860693 9 1
1482630861757 4 2
1482630864435 0 2
1482630867697 10 -1
1482630869521 10 1
1482630874443 10 -1
1482630887176 4 -1
1482630888325 5 3
1482630889481 10 2
1482630893973 1 1
1482630895929 12 3
1482630899381 6 -1
1482630900907 1 -1
1482630914070 0 -3
1482630925746 7 2
1482630927074 3 1
1482630930575 2 2
1482630933683 10 -3
1482630937545 10 3
1482630938433 2 -2
1482630941553 3 -1
1482630943109 7 -2
1482630947300 10 -3
1482630950333 10 3
1482630952912 0 3
1482630953885 1 1
1482630955078 12 -2
1482630957013 6 1
1482630957953 12 -1
1482630958545 1 -1
1482630961479 10 -2
1482630962561 5 -3
1482630975591 4 1
1482630976571 10 1
1482630978049 0 -2
1482630979435 4 -2
1482630980592 9 -1
1482630981864 11 2
1482630992642 11 -2
1482630993809 9 1
1482630996286 4 2
1482630998486 0 2
1482631000158 10 -1
1482631006415 10 1
1482631007235 0 -2
1482631009563 4 -2
1482631011074 5 3
1482631011881 10 1
1482631013658 9 -1
1482631015569 11 1
1482631020005 1 1
1482631023205 12 3
1482631024000 0 -1
1482631027570 1 -1
1482631028732 10 -2
1482631029793 9 -2
1482631031391 5 -2
1482631032990 11 1
1482631034392 9 2
1482631035536 5 1
1482631037026 10 1
1482631040336 0 1
1482631042330 0 -1
1482631045739 6 -1
1482631046807 10 -2
1482631047923 1 1
1482631049185 12 -1
1482631051487 5 -2
1482631056134 9 -2
1482631057859 4 2
1482631060752 1 3
1482631071835 4 -2
1482631076078 9 2
1482631078447 10 2
1482631079864 0 1
1482631083370 5 2
1482631084968 12 -1
1482631087326 12 2
1482631088292 6 1
1482631089576 12 -3
1482631091529 5 -2
1482631097292 12 2
1482631097924 0 -1
1482631098669 10 -1
1482631100413 9 -2
1482631101537 4 2
1482631105933 6 -1
1482631108057 10 -1
1482631117419 3 1
1482631118437 7 1
1482631119857 8 1
1482631122114 1 -3
1482631123304 7 3
1482631124403 3 1
1482631125186 8 1
1482631126354 2 3
1482631128529 10 -1
1482631129835 0 1
1482631131155 12 -1
1482631131723 9 -1
1482631135428 3 -1
1482631137969 3 1
1482631143286 9 1
1482631144125 9 -1
1482631154197 3 -1
1482631155400 8 -1
1482631158407 9 1
1482631159183 12 1
1482631159662 0 -1
1482631161347 10 1
1482631162348 2 -3
1482631163557 3 -1
1482631164220 8 -1
1482631164919 1 3
1482631168222 4 -2
1482631169160 9 1
1482631170683 10 1
1482631172499 9 -1
1482631173365 4 2
1482631175198 1 -1
1482631183816 10 -1
1482631184657 3 1
1482631185385 2 2
1482631187236 8 2
1482631188464 2 1
1482631189695 10 -1
1482631195052 1 -2
1482631195773 0 1
1482631196750 12 -1
1482631197782 9 -1
1482631206609 3 1
1482631210744 U
1482631211371 U
1482631212019 U
1482631213571 0 -1
1482631217693 R
1482631227764 1 -1
1482631239138 10 2
1482631240903 6 -2
1482631243032 3 -1
1482631244435 7 -2
1482631247545 10 -1
1482631248927 4 -1
1482631253834 5 3
1482631255385 10 2
1482631263646 1 1
1482631265177 1 -1
1482631267499 1 1
1482631269466 0 1
1482631270935 12 4
1482631272619 1 -1
1482631275875 6 -1
1482631276483 2 -1
1482631280486 0 -1
1482631281757 3 -1
1482631283637 0 3
1482631286907 10 -3
1482631290802 5 -1
1482631291506 1 1
1482631292236 12 -2
1482631293117 5 -2
1482631294853 4 1
1482631300988 1 2
1482631302234 10 2
1482631306413 10 -2
1482631308985 1 -2
1482631313224 1 2
1482631314324 10 2
1482631315846 0 -2
1482631321719 0 2
1482631322626 10 -2
1482631323343 1 -2
1482631325577 4 -1
1482631326758 5 3
1482631328097 12 2
1482631328741 1 -1
1482631330784 10 3
1482631331627 0 -3
1482631339787 7 2
1482631340489 3 1
1482631342027 2 2
1482631343305 7 -1
1482631345203 2 -2
1482631370763 3 -1
1482631371342 7 -1
1482631372501 10 -3
1482631374486 4 -1
1482631375524 5 -2
1482631376579 9 -3
1482631382802 11 2
1482631385239 4 1
1482631393514 1 1
1482631394778 12 -1
1482631395716 5 -1
1482631397029 4 1
1482631410422 1 3
1482631417960 4 -2
1482631419685 9 2
1482631426148 10 2
1482631428254 10 -2
1482631428947 9 -2
1482631431084 4 2
1482631431948 1 -3
1482631439138 7 4
1482631444239 1 3
1482631452252 3 2
1482631453556 2 2
1482631456519 8 1
1482631457804 2 1
1482631459307 10 -1
1482631463466 3 -1
1482631469706 1 -3
1482631472605 3 1
1482631476464 10 1
1482631478003 2 -3
1482631479747 3 -2
1482631481888 8 -1
1482631487396 7 -4
1482631493159 1 3
1482631495884 4 -1
1482631496653 5 1
1482631498094 5 1
1482631499041 12 1
1482631507416 12 -1
1482631508260 5 -2
1482631509437 4 1
1482631510681 1 -3
1482631532681 11 -2
1482631537999 4 -2
1482631539403 5 3
1482631543568 9 3
1482631544499 12 1
1482631548083 1 -1
1482631552555 10 3
1482631553747 4 1
1482631556777 6 1
1482631559049 7 2
1482631560048 3 1
1482631561660 2 2
1482631562780 6 -1
1482631567257 6 1
1482631567746 0 1
1482631568846 1 1
1482631570413 12 -4
1482631571530 2 -1
1482631575026 7 -2
1482631576992 1 -1
1482631578229 10 -1
1482631579054 5 -3
1482631580224 4 1
1482631587001 0 -1
1482631588715 10 -1
1482631607532 7 1
1482631624330 7 1
1482631625070 3 1
1482631627655 2 1
1482631628651 6 2
1482631629824 10 -1
1482631631260 1 1
1482631637322 1 -1
1482631639005 10 2
1482631641386 0 1
1482631642526 12 1
1482631643179 2 -2
1482631644771 6 -2
1482631645485 3 -2
1482631647611 7 -2
1482631649555 4 -2
1482631650224 9 -1
1482631651087 11 2
1482631664014 7 2
1482631666925 8 2
1482631669715 7 -2
1482631670442 8 -2
1482631671249 11 -2
1482631671851 9 1
1482631672890 4 2
1482631678132 0 2
1482631679195 10 -1
1482631706556 10 1
1482631707128 0 -2
1482631722758 0 2
1482631723671 10 -1
1482631725602 10 1
1482631727279 R
1482631757134 1 -1
1482631768707 10 1
1482631769893 6 -2
1482631771916 3 -1
1482631775346 7 -2
1482631778977 3 1
1482631783632 3 -1
1482631788076 10 1
1482631791725 10 -1
1482631793330 4 -1
1482631794706 7 2
1482631795964 2 1
1482631800349 2 -1
1482631801644 7 -2
1482631804653 5 3
1482631806944 10 2
1482631811571 0 1
1482631812312 1 1
1482631813707 12 4
1482631822042 1 -1
1482631823582 0 -1
1482631824702 6 -1
1482631825819 2 -1
1482631827461 3 -1
1482631829336 0 3
1482631830581 10 -3
1482631831895 1 1
1482631832888 12 -2
1482631834494 5 -3
1482631835872 4 1
1482631840896 1 2
1482631841852 10 2
1482631844515 6 1
1482631846001 12 -1
1482631849472 0 -2
1482631883692 12 2
1482631884603 6 -1
1482631885109 0 -1
1482631886724 10 -2
1482631887607 1 -2
1482631890522 4 -2
1482631891190 9 -3
1482631892404 4 2
1482631895462 11 2
1482631898540 7 4
1482631903154 3 2
1482631904370 8 2
1482631905210 2 3
1482631907727 10 -1
1482631916047 3 -1
1482631917745 8 -1
1482631919016 7 -3
1482631922248 0 1
1482631923215 12 -1
1482631925695 9 -1
1482631938200 3 1
1482631938902 7 2
1482631939750 7 1
1482631940426 8 1
1482631941089 3 -1
1482631942585 3 1
1482631946536 3 -1
1482631947798 3 1
1482631949053 7 -3
1482631950105 3 -1
1482631951047 8 -1
1482631952177 11 -1
1482631953031 4 -1
1482631953837 5 3
1482631955614 9 1
1482631956364 12 2
1482631957505 1 -1
1482631959161 0 -1
1482631961733 10 2
1482631962727 2 -3
1482631964074 3 -1
1482631964676 7 -1
1482631965332 8 -1
1482631983997 10 -1
1482631989172 5 -2
1482631996625 7 4
1482631997864 11 1
1482632013783 3 1
1482632015101 2 2
1482632016012 8 1
1482632017015 2 1
1482632018015 10 -1
1482632021928 0 1
1482632025854 1 1
1482632026732 12 -2
1482632027314 9 -1
1482632029724 5 -1
1482632031146 4 1
1482632034821 3 1
1482632040870 9 1
1482632041549 12 1
1482632042881 0 -1
1482632043843 10 1
1482632044594 2 -3
1482632046472 3 -2
1482632048440 8 -1
1482632058420 7 -4
1482632059223 1 3
1482632068046 4 -2
1482632070075 9 2
1482632071263 5 2
1482632072487 10 2
1482632079214 0 1
1482632080806 12 -1
1482632084958 5 -2
1482632085716 12 1
1482632086204 0 -1
1482632087560 10 -2
1482632088500 9 -2
1482632090804 4 2
1482632107020 4 -2
1482632108306 9 2
1482632109330 10 2
1482632111447 0 1
1482632113294 12 -1
1482632118076 6 1
1482632119102 12 -1
1482632127191 5 2
1482632162959 12 3
1482632163821 6 -1
1482632164704 0 -1
1482632166586 10 -2
1482632170972 5 -1
1482632175446 10 2
1482632179218 10 -2
1482632180198 9 -2
1482632186156 4 1
1482632193406 4 -1
1482632193983 9 2
1482632195090 10 2
1482632202851 10 -2
1482632205614 10 2
1482632206820 12 -1
1482632207702 5 -1
1482632210720 10 -2
1482632211560 9 -2
1482632212660 4 2
1482632213721 1 -3
1482632229094 3 1
1482632229990 7 1
1482632231585 8 1
1482632232458 7 3
1482632236531 8 -1
1482632237347 3 -1
1482632241187 1 3
1482632242868 10 1
1482632245434 6 1
1482632252030 4 -2
1482632254212 9 1
1482632256058 6 -1
1482632293679 9 -1
1482632294329 4 2
1482632296540 1 -1
1482632297743 8 2
1482632308269 10 -1
1482632314742 8 -2
1482632319864 1 -2
1482632322920 3 2
1482632324555 8 2
1482632330781 2 3
1482632331796 10 -1
1482632332875 0 1
1482632334082 12 -1
1482632334713 9 -1
1482632339269 7 -2
1482632341512 3 -1
1482632342152 4 -1
1482632343050 5 2
1482632344102 7 1
1482632345500 9 1
1482632346244 12 2
1482632348991 1 -1
1482632351267 0 -1
1482632352454 10 2
1482632353286 2 -3
1482632354794 3 -1
1482632356231 8 -2
1482632357309 7 -3
1482632359429 11 -1
1482632360437 5 1
1482632380364 4 -1
1482632381484 9 2
1482632383743 10 2
1482632385997 0 1
1482632386670 1 1
1482632387846 12 -2
1482632397098 12 2
1482632397630 1 -1
1482632401819 11 -1
1482632402790 9 1
1482632403707 4 1
1482632405220 0 2
1482632417402 10 -3
1482632418296 1 1
1482632419657 12 -2
1482632421812 5 -3
1482632423885 4 1
1482632432437 1 2
1482632439254 10 2
1482632441518 6 1
1482632442926 12 -1
1482632455621 10 -1
1482632460476 10 1
1482632461954 12 2
1482632462754 6 -1
1482632466485 10 -2
1482632468393 1 -2
1482632469399 12 -1
1482632475739 1 1
1482632478775 1 -1
1482632482828 1 2
1482632483869 10 2
1482632484668 6 1
1482632485753 12 -1
1482632487292 10 -1
1482632490320 10 1
1482632495775 0 -2
1482632496781 0 2
1482632500057 0 -2
1482632501302 3 1
1482632502086 7 1
1482632503132 2 2
1482632504101 12 -1
1482632505651 0 -1
1482632514066 2 -1
1482632514703 0 1
1482632515729 12 3
1482632516408 6 -1
1482632517069 2 -1
1482632518415 0 -1
1482632519467 10 -2
1482632525702 1 -2
1482632528349 3 -1
1482632529499 4 -2
1482632530428 9 -3
1482632531576 4 2
1482632534951 7 3
1482632541358 3 2
1482632545857 2 2
1482632549078 2 -2
1482632549845 11 2
1482632553096 8 2
1482632554281 2 3
1482632556721 10 -1
1482632557724 0 1
1482632558478 12 -1
1482632559100 9 -1
1482632564132 7 -2
1482632565599 3 -1
1482632566558 8 -1
1482632567400 11 -1
1482632568306 4 -1
1482632569506 7 -1
1482632570197 5 3
1482632571254 7 2
1482632573075 9 1
1482632574079 12 2
1482632577008 1 -1
1482632578332 0 -1
1482632582035 0 1
1482632584145 0 -1
1482632592419 10 1
1482632593262 1 1
1482632594075 12 -1
1482632595665 2 -3
1482632598878 3 -1
1482632599919 8 -1
1482632601701 7 -3
1482632605488 12 1
1482632606577 1 -1
1482632609514 10 1
1482632612040 4 -1
1482632612899 9 2
1482632613556 10 2
1482632615101 0 1
1482632625763 1 1
1482632626925 12 -2
1482632628359 6 1
1482632629351 12 -1
1482632630250 1 -1
1482632634438 10 -1
1482632635127 5 -3
1482632636548 11 1
1482632642329 8 2
1482632643094 7 2
1482632653097 7 -2
1482632653884 8 -2
1482632655612 11 -2
1482632656476 9 1
1482632657406 4 2
1482632659454 0 2
1482632663378 10 -1
1482632703529 10 1
1482632704176 0 -2
1482632705914 4 -2
1482632707507 9 -1
1482632708263 5 3
1482632710449 10 1
1482632712976 1 1
1482632714701 12 3
1482632715484 1 -1
1482632716863 0 -1
1482632717837 10 -2
1482632718475 9 -2
1482632719188 5 -2
1482632720039 4 1
1482632725225 11 2
1482632729717 6 -1
1482632732161 10 -1
1482632734988 4 -1
1482632736219 9 2
1482632737697 10 2
1482632738817 0 1
1482632740409 0 -1
1482632741132 10 -2
1482632741863 1 1
1482632742677 12 -1
1482632743576 9 -2
1482632744504 4 1
1482632746765 5 -1
1482632747443 4 1
