1480480269010 1 -1
1480480270600 10 2
1480480272495 6 -2
1480480274561 7 -2
1480480275919 3 -1
1480480282683 4 -1
1480480288444 7 2
1480480289921 2 1
1480480292535 0 1
1480480293784 12 1
1480480294907 2 -2
1480480296315 3 -1
1480480297440 7 -2
1480480299581 4 1
1480480303463 0 2
1480480304348 10 -1
1480480306053 4 -1
1480480310637 10 1
1480480315249 0 -2
1480480319859 4 -1
1480480320810 R
1480480327733 2 1
1480480330859 1 -1
1480480332000 10 2
1480480334263 6 -2
1480480335138 2 -1
1480480336839 3 -1
1480480338857 2 1
1480480344941 3 1
1480480345992 R
1480480362225 1 -1
1480480366706 2 1
1480480370417 10 2
1480480371477 0 1
1480480372663 12 1
1480480377862 12 -1
1480480379138 2 -1
1480480380587 6 -2
1480480385828 R
1480480400423 1 -1
1480480403751 10 2
1480480405368 2 1
1480480410217 2 -1
1480480413352 10 -2
1480480414965 1 1
1480480416752 R
1480480462261 2 1
1480480464623 1 -1
1480480468514 10 2
1480480469370 0 1
1480480472589 2 -1
1480480474097 6 -2
1480480480663 7 -2
1480480482259 3 -1
1480480488235 0 -1
1480480489821 3 1
1480480490815 6 1
1480480492338 6 -1
1480480494129 7 2
1480480495008 7 -2
1480480496011 3 -1
1480480497487 10 -1
1480480500145 10 1
1480480501208 R
1480480508444 1 -1
1480480510884 10 2
1480480512739 0 1
1480480515654 6 -2
1480480523204 R
1480480542690 2 1
1480480546313 1 -1
1480480549505 10 2
1480480555133 6 -2
1480480557218 2 -1
1480480558888 3 -1
1480480560379 7 -2
