1481090608191 2 1
1481090612767 1 -1
1481090613607 10 2
1481090616055 0 1
1481090622664 12 1
1481090624599 2 -2
1481090625609 6 -2
1481090626857 3 -2
1481090627780 0 1
1481090634171 R
1481090644176 1 -1
1481090645119 10 2
1481090646166 6 -2
1481090647126 3 -1
1481090647903 0 1
1481090649943 7 -2
1481090651486 3 1
1481090652407 6 1
1481090653745 0 -1
1481090654392 10 -1
1481090659463 7 2
1481090661591 6 1
1481090662279 2 1
1481090665431 6 -2
1481090666744 3 -1
1481090669066 4 -1
1481090670272 5 3
1481090672017 10 2
1481090672960 1 1
1481090674040 0 1
1481090683705 1 -1
1481090699089 12 1
1481090701224 1 1
1481090701888 12 3
1481090705016 2 -2
1481090706057 3 -1
1481090707496 0 1
1481090708763 7 -2
1481090711881 0 1
1481090713976 1 -1
1481090714960 10 -2
1481090717152 5 -2
1481090731105 6 -1
1481090733107 10 -1
1481090733897 1 1
1481090734945 12 -2
1481090736402 5 -1
1481090738328 4 1
1481090756160 12 1
1481090759745 4 -1
1481090761536 5 3
1481090763025 12 1
1481090763505 1 -1
1481090764441 10 3
1481090765464 0 -3
1481090767169 3 1
1481090767976 7 2
1481090770688 3 -1
1481090775513 7 -2
1481090778572 4 -1
1481090782183 U
1481090782952 R
1481090791287 1 -1
1481090794247 2 1
1481090796031 1 1
1481090799400 2 -1
1481090801912 1 -1
1481090802591 10 2
1481090804352 6 -2
1481090805344 3 -1
1481090806104 7 -2
1481090812049 4 -1
1481090812553 4 1
1481090813175 3 1
1481090814143 6 1
1481090818701 U
1481090819600 R
1481090821288 2 1
1481090826783 1 -1
1481090827775 10 2
1481090829040 6 -2
1481090830680 7 -1
1481090831495 7 1
1481090832353 3 -1
1481090833232 7 -1
1481090835523 0 1
1481090837080 2 -1
1481090837839 7 -1
1481090846308 4 -1
1481090849328 12 1
1481090850016 2 -1
1481090850895 3 -1
1481090851929 0 2
1481090854840 10 -1
1481090887920 4 1
1481090889520 10 1
1481090917978 4 -1
1481090918779 10 -1
1481090921306 5 3
1481090925930 10 2
1481090928074 1 1
1481090928780 12 3
1481090929850 1 -1
1481090932474 6 -1
1481090934497 0 -3
1481090938098 0 3
1481090939346 10 -3
1481090940682 5 -2
1481090942938 5 2
1481090945458 1 1
1481090946594 12 -2
1481090947802 5 -3
1481090948576 4 1
1481090956546 1 2
1481090958329 10 2
1481090959473 6 1
1481090960369 12 -1
1481090961410 10 -1
1481090965841 10 1
1481090967633 0 -2
1481090969305 0 2
1481090970090 10 -1
1481090971682 12 2
1481090972546 6 -1
1481090973450 10 -1
1481090974306 1 -2
1481090975682 4 -1
1481090977273 5 3
1481090978883 12 1
1481090979979 1 -1
1481090981685 10 3
1481090989331 0 -3
1481090993418 7 2
1481090996171 3 1
1481090997027 2 2
1481090998138 7 -1
1481090999715 0 1
1481091002970 1 1
1481091003858 12 -2
1481091008322 6 1
1481091008922 2 -2
1481091009661 3 -1
1481091011339 7 -1
1481091012058 0 2
1481091013922 12 2
1481091015021 1 -1
1481091015970 10 -2
1481091017402 5 -2
1481091018546 5 2
1481091022723 10 2
1481091023554 1 1
1481091024962 12 -3
1481091027350 1 -1
1481091029220 10 -2
1481091030357 5 -3
1481091031443 4 1
1481091037802 4 -1
1481091039139 4 1
1481091045480 4 -1
1481091046108 10 1
1481091048211 0 -2
1481091049100 4 -1
1481091050060 9 -1
1481091051158 11 2
1481091052923 5 2
1481091059532 11 -2
1481091060157 9 1
1481091060923 4 1
1481091061972 0 2
1481091065645 5 -2
1481091066572 4 1
1481091067756 10 -1
1481091071311 4 -1
1481091072692 5 3
1481091073588 10 2
1481091074467 1 1
1481091075643 12 3
1481091076722 1 -1
1481091077980 10 -2
1481091079332 5 -2
1481091083363 10 1
1481091084284 0 -3
1481091085460 4 -1
1481091087643 9 -1
1481091088299 5 2
1481091089260 11 1
1481091091467 10 1
1481091095316 10 -2
1481091096396 9 -2
1481091097268 4 1
1481091099076 4 -1
1481091099973 9 2
1481091100910 10 2
1481091103598 0 1
1481091104198 10 -1
1481091105455 10 1
1481091106078 0 -1
1481091106742 10 -2
1481091109085 9 -2
1481091109861 4 1
1481091112814 7 3
1481091117118 6 -1
1481091118190 3 1
1481091118958 2 2
1481091122733 5 -2
1481091123864 7 1
1481091125989 2 -2
1481091127031 3 -1
1481091132382 10 -1
1481091137702 7 -4
1481091140741 11 1
1481091143870 10 1
1481091144774 10 -1
1481091145797 5 1
1481091149069 4 -1
1481091149726 10 1
1481091151318 9 2
1481091152070 10 1
1481091152774 0 1
1481091154438 5 -1
1481091158078 6 1
1481091159758 0 -1
1481091167644 11 -2
1481091168234 9 1
1481091169002 4 1
1481091170019 0 3
1481091173674 10 -1
1481091176562 5 2
1481091178243 10 2
1481091180051 1 1
1481091182844 12 -3
1481091188194 1 -1
1481091190642 10 -2
1481091193427 5 -1
1481091196587 5 -2
1481091199882 10 1
1481091203779 0 -2
1481091205299 4 1
1481091208714 0 2
1481091209850 10 -1
1481091213835 4 -1
1481091215086 10 1
1481091222106 5 3
1481091223050 10 1
1481091224603 1 1
1481091227824 0 -2
1481091229496 7 2
1481091231697 4 -1
1481091232968 9 -1
1481091234471 7 -2
1481091239864 11 1
1481091242383 1 -1
1481091244407 10 -1
1481091245152 5 -3
1481091246880 11 1
1481091251064 7 2
1481091252247 8 2
1481091254432 7 -2
1481091255289 8 -2
1481091263482 5 2
1481091286549 R
1481091326547 1 -1
1481091332968 10 2
1481091335625 6 -2
1481091337057 3 -1
1481091339601 7 -2
1481091344289 4 -1
1481091346698 5 3
1481091347849 10 1
1481091349177 1 1
1481091349793 0 1
1481091352593 12 4
1481091354201 2 -1
1481091355930 6 -1
1481091357218 1 -1
1481091358274 0 -1
1481091359337 3 -1
1481091360825 0 3
1481091362769 10 -3
1481091363801 5 -2
1481091370009 10 2
1481091372073 0 -3
1481091373577 0 3
1481091377081 10 -2
1481091379241 1 1
1481091380083 12 -2
1481091381449 5 -1
1481091382249 4 1
1481091388401 4 -1
1481091391553 12 1
1481091395272 5 3
1481091396210 12 1
1481091397649 1 -1
1481091398307 10 3
1481091399161 0 -3
1481091399786 4 -1
1481091400945 9 -1
1481091401833 10 -3
1481091408304 9 1
1481091410653 5 -2
1481091411489 9 -3
1481091412409 11 2
1481091413201 4 1
1481091415001 10 1
1481091418265 10 -1
1481091420081 1 1
1481091421264 12 -1
1481091422585 5 -1
1481091423689 4 1
1481091425841 1 1
1481091427409 1 2
1481091429321 10 1
1481091431201 6 1
1481091435113 4 -2
1481091438864 5 2
1481091439753 4 1
1481091441868 5 -2
1481091442633 4 1
1481091444897 6 -1
1481091445633 10 -1
1481091448201 3 2
1481091451376 3 -2
1481091452112 1 -2
1481091453072 7 4
1481091454775 3 1
1481091455704 2 2
1481091460952 2 -2
1481091461771 3 -1
1481091462943 1 2
1481091464801 10 1
1481091466672 6 1
1481091469682 6 -1
1481091470200 10 -1
1481091473160 3 2
1481091473799 2 2
1481091477168 8 1
1481091477794 2 -2
1481091478529 3 -2
1481091482476 8 -1
1481091483314 1 -3
1481091484104 7 -4
1481091486658 1 3
1481091489320 4 -2
1481091490432 9 2
1481091491488 10 2
1481091492736 0 1
1481091494944 12 -1
1481091501848 6 1
1481091502664 12 -1
1481091508504 7 1
1481091509688 8 1
1481091514221 5 2
1481091515278 12 3
1481091516950 0 -1
1481091518214 6 -1
1481091519973 10 -2
1481091521966 9 -2
1481091523686 4 1
1481091534734 7 -1
1481091535222 8 -1
1481091536094 10 1
1481091538872 12 -1
1481091539999 5 -2
1481091541190 4 1
1481091544278 1 -1
1481091545126 11 -2
1481091546879 11 2
1481091547621 1 1
1481091548398 3 2
1481091549950 2 1
1481091550558 6 2
1481091557310 6 -2
1481091557927 7 1
1481091558367 2 1
1481091567531 3 -1
1481091568135 10 -1
1481091570270 4 -1
1481091571966 4 1
1481091572983 1 -3
1481091574925 3 1
1481091577244 7 3
1481091579238 2 -2
1481091580683 3 -2
1481091581668 1 3
1481091585180 10 1
1481091586432 10 -1
1481091588100 1 -3
1481091589005 3 2
1481091590020 8 2
1481091590693 2 3
1481091591540 10 -1
1481091597429 0 1
1481091601428 0 -1
1481091603099 3 -1
1481091603788 10 1
1481091604798 2 -3
1481091606253 3 -1
1481091611357 1 2
1481091612028 10 1
1481091613572 6 1
1481091614734 6 -1
1481091616445 8 -2
1481091619719 10 -1
1481091620638 1 -2
1481091623788 7 -4
1481091631020 1 3
1481091632675 4 -2
1481091635635 9 2
1481091636763 10 2
1481091640515 0 1
1481091642963 12 -1
1481091645123 12 1
1481091646538 0 -1
1481091648019 10 -2
1481091649082 9 -2
1481091650268 4 2
1481091651106 1 -3
1481091655787 1 3
1481091668410 R
1481091674916 1 -1
1481091677875 10 2
1481091684083 6 -2
1481091686484 7 -2
1481091688403 3 -1
1481091689149 0 1
1481091691107 4 -1
1481091693259 5 3
1481091694133 10 1
1481091695266 1 1
1481091696394 12 4
1481091697784 2 -1
1481091698866 6 -1
1481091699770 1 -1
1481091700825 3 -1
1481091702073 0 2
1481091703209 10 -3
1481091706083 1 1
1481091708145 12 -2
1481091713169 12 2
1481091715209 1 -1
1481091715954 10 3
1481091717017 1 1
1481091717723 12 -2
1481091723600 12 2
1481091724467 1 -1
1481091725329 10 -3
1481091726922 5 -2
1481091730057 1 1
1481091730818 12 -2
1481091731592 5 -1
1481091732672 4 1
1481091737585 4 -1
1481091739946 12 1
1481091742322 5 3
1481091743032 12 1
1481091744121 1 -1
1481091745352 10 3
1481091746082 0 -1
1481091748601 0 -2
1481091750643 10 -3
1481091752081 5 -2
1481091753785 4 -1
1481091754448 9 -3
1481091755289 11 2
1481091756464 4 1
1481091758379 4 -1
1481091759216 5 1
1481091759889 9 2
1481091761377 10 2
1481091764720 10 -2
1481091765906 1 1
1481091766540 12 -1
1481091767704 5 -2
1481091768761 9 -2
1481091769672 4 2
1481091771656 7 4
1481091777832 1 3
1481091782168 3 2
1481091782752 2 2
1481091785131 2 -2
1481091786042 8 1
1481091786656 3 -2
1481091789923 1 -3
1481091790801 3 2
1481091791473 2 3
1481091792432 10 -1
1481091794401 3 -1
1481091802184 10 1
1481091802801 2 -3
1481091804386 3 -1
1481091805200 7 -4
1481091809768 8 -1
1481091810784 1 3
1481091812474 4 -2
1481091813569 9 2
1481091814432 10 2
1481091816734 5 2
1481091819143 12 1
1481091820143 0 1
1481091825159 6 1
1481091825696 0 -1
1481091826657 10 -1
1481091827975 9 -2
1481091828744 4 1
1481091831800 12 -1
1481091832783 5 -2
1481091833592 4 1
1481091837000 6 -1
1481091837721 10 -1
1481091839177 1 -3
1481091843216 11 -2
1481091844678 4 -2
1481091845335 9 3
1481091846206 4 2
1481091847255 1 2
1481091848231 10 2
1481091849126 0 3
1481091853473 12 -1
1481091855087 12 1
1481091855759 6 1
1481091856834 12 -2
1481092023501 10 -1
1481092025443 12 2
1481092025988 6 -1
1481092026947 10 -1
1481092030453 1 -2
1481092031988 4 -1
1481092034019 4 1
1481092036925 12 -1
1481092038732 1 2
1481092039379 10 2
1481092040147 6 1
1481092040859 12 -1
1481092041459 0 -2
1481092043651 12 2
1481092044203 6 -1
1481092044699 0 -1
1481092046011 3 1
1481092047718 6 1
1481092048419 2 1
1481092050421 0 1
1481092051453 12 -3
1481092054837 0 -1
1481092055670 10 -1
1481092060263 R
1481092080012 1 -1
1481092083291 10 1
1481092089004 2 1
1481092091363 6 -2
1481092092875 7 -1
1481092093348 3 -1
1481092094365 2 -1
1481092095549 7 -1
1481092103777 10 1
1481092104314 0 1
1481092105362 12 1
1481092106026 2 -1
1481092106650 3 -1
1481092107314 0 2
1481092109003 10 -1
1481092114291 4 -1
1481092115587 5 3
1481092116903 10 2
1481092118405 1 1
1481092119090 12 3
1481092120634 6 -1
1481092123251 1 -1
1481092124139 10 -3
1481092125348 5 -2
1481092126524 1 1
1481092127861 12 -2
1481092128603 5 -1
1481092129267 4 1
1481092130939 1 2
1481092131690 10 2
1481092132364 6 1
1481092133202 12 -1
1481092134346 10 -1
1481092135803 12 2
1481092136811 6 -1
1481092137676 10 -1
1481092141131 1 -2
1481092144116 4 -1
1481092145026 5 3
1481092146388 12 1
1481092146890 1 -1
1481092148594 10 3
1481092158872 10 -3
1481092159906 1 1
1481092160642 12 -2
1481092164160 5 -3
1481092165481 4 1
1481092172097 12 1
1481092174532 1 2
1481092176859 10 2
1481092181402 10 -2
1481092182275 12 -1
1481092183826 1 -2
1481092184675 4 -1
1481092186866 5 3
1481092187720 12 2
1481092188352 1 -1
1481092189576 10 3
1481092192850 10 -2
1481092193763 5 -2
1481092196241 10 -1
1481092197129 1 1
1481092197714 12 -2
1481092198466 5 -1
1481092201904 4 1
1481092206018 4 -1
1481092206982 5 2
1481092208313 12 2
1481092209026 1 -1
1481092209768 10 2
1481092211505 0 -3
1481092213609 6 1
1481092219364 4 -1
1481092219946 9 -1
1481092222555 5 1
1481092224120 10 1
1481092226209 10 -2
1481092227067 9 -2
1481092229064 4 1
1481092230832 11 1
1481092232571 6 -1
1481092233218 10 -1
1481092236817 1 1
1481092237778 12 -1
1481092239457 5 -3
1481092241073 4 1
1481092242064 1 2
1481092243097 10 1
1481092246199 6 1
1481092248464 6 -1
1481092249168 10 -1
1481092249873 1 -2
1481092251306 4 -2
1481092252522 9 2
1481092253857 9 -2
1481092255080 5 3
1481092256113 4 1
1481092260824 12 1
1481092261753 1 -1
1481092264402 1 1
1481092265234 12 -1
1481092265961 5 -3
1481092267273 4 1
1481092269383 11 1
1481092270639 1 3
1481092272594 4 -2
1481092275319 9 2
1481092280521 5 2
1481092281695 10 2
1481092282318 12 1
1481092284230 0 1
1481092286474 12 -2
1481092288871 5 -2
1481092292302 12 1
1481092293071 0 -1
1481092293856 10 -2
1481092297575 9 -2
1481092298399 4 2
1481092301007 10 1
1481092304102 1 -1
1481092305008 11 -2
1481092308841 6 1
1481092311535 6 -1
1481092312264 10 -1
1481092315014 1 -2
1481092315878 11 2
1481092316783 1 3
1481092317961 4 -2
1481092319135 9 2
1481092320055 5 2
1481092320839 10 2
1481092324111 12 1
1481092326463 5 -1
1481092328671 0 1
1481092332055 6 1
1481092332823 12 -3
1481092334473 5 -1
1481092339718 12 2
1481092340991 6 -1
1481092342583 0 -1
1481092343202 10 -2
1481092344654 9 -2
1481092345335 4 2
1481092347079 1 -3
1481092351582 1 3
1481092356678 1 -3
1481092357351 7 4
1481092358350 1 3
1481092361256 4 -2
1481092362174 9 1
1481092363967 5 1
1481092364791 12 1
1481092368681 9 -1
1481092369760 4 1
1481092370823 10 1
1481092372183 6 1
1481092375591 3 1
1481092376568 2 2
1481092378415 8 1
1481092378999 2 1
1481092380407 6 -1
1481092381326 10 -2
1481092389206 10 2
1481092393502 6 1
1481092395158 2 -3
1481092396094 3 -1
1481092396798 6 -1
1481092397592 10 -1
1481092399679 8 -1
1481092402694 10 1
1481092403567 6 1
1481092405024 12 -1
1481092406863 5 -1
1481092408383 4 1
1481092414678 3 2
1481092415397 6 2
1481092416782 10 -1
1481092418333 2 2
1481092421290 2 -2
1481092422566 10 1
1481092423099 6 -3
1481092424229 3 -2
1481092432401 3 2
1481092434673 8 1
1481092435526 2 3
1481092436656 10 -2
1481092439398 10 2
1481092439942 6 3
1481092441142 10 -2
1481092443781 0 1
1481092444573 12 -3
1481092447847 0 -1
1481092450126 10 2
1481092450768 2 -2
1481092451950 6 -2
1481092453630 3 -1
1481092454774 8 -1
1481092456508 3 1
1481092457102 6 2
1481092457958 10 -1
1481092460311 9 -1
1481092461374 10 2
1481092463565 6 -2
1481092464534 3 -1
1481092466816 10 -1
1481092468092 9 1
1481092470420 3 1
1481092471062 6 2
1481092471687 10 -1
1481092474589 2 1
1481092478638 9 -1
1481092479412 10 2
1481092480911 0 1
1481092481589 2 -1
1481092482181 6 -2
1481092482733 3 -1
1481092486004 12 2
1481092487668 2 -1
1481092488308 3 -1
1481092489308 0 5
