1481090537734 1 -1
1481090541231 10 2
1481090543319 0 1
1481090544255 12 1
1481090545103 2 -1
1481090550201 6 -2
1481090553424 3 -2
1481090554594 7 -2
1481090555536 0 2
1481090556551 10 -1
1481090561400 4 -1
1481090566112 4 1
1481090691216 10 1
1481090693639 0 -2
1481090699818 4 -1
1481090701304 4 1
1481090720064 0 2
1481090734031 10 -1
1481090735983 10 1
1481090741791 4 -1
1481090744311 4 1
1481090748191 10 -1
1481090751136 10 1
1481090753659 0 -2
1481090757379 7 2
1481090759717 3 2
1481090760787 6 2
1481090761746 2 2
1481090764907 12 -1
1481090766842 0 -1
1481090768730 6 -2
1481090778770 2 -1
1481090788690 2 1
1481090789483 6 2
1481090791826 0 1
1481090792755 12 1
1481090793682 2 -2
1481090797187 6 -2
1481090804515 2 2
1481090805379 6 2
1481090806427 12 -1
1481090809282 0 -1
1481090810619 10 -2
1481090812322 1 1
1481090816925 1 -1
1481090818293 10 2
1481090822472 0 1
1481090824118 12 1
1481090824838 2 -2
1481090827110 6 -2
1481090828214 6 2
