1482126212763 3 -1
1482126220735 7 -1
1482126223136 4 -3
1482126225953 6 3
1482126227847 8 2
1482126229029 10 1
1482126231925 4 1
1482126234020 7 2
1482126238195 7 -2
1482126239474 2 -1
1482126240240 4 -1
1482126243574 8 -2
1482126247604 10 -1
1482126249518 6 -3
1482126252684 4 3
1482126260642 4 -3
1482126261772 6 3
1482126262851 1 1
1482126266034 8 2
1482126268128 10 1
1482126272155 5 -1
1482126273033 10 -1
1482126275065 8 -3
1482126276659 9 -1
1482126278879 1 -1
1482126281205 6 -2
1482126283199 3 3
1482126287549 6 1
1482126293185 4 1
1482126294105 2 1
1482126294882 7 3
1482126296481 1 -1
1482126297683 0 1
1482126299701 5 -3
1482126302047 10 -1
1482126302897 6 -2
1482126305992 4 1
1482126306887 9 -1
1482126308531 2 3
1482126312046 4 -1
1482126316800 8 1
1482126321158 4 1
1482126330306 4 -1
1482126334250 8 -1
1482126336504 2 -2
1482126337516 9 1
1482126339204 10 1
1482126340580 4 1
1482126341898 10 -1
1482126342768 9 -1
1482126344099 9 1
1482126347341 3 -2
1482126348098 9 1
1482126348879 4 2
1482126352379 4 -1
1482126355120 2 -1
1482126356939 4 -1
1482126358657 9 -2
1482126359519 2 3
1482126360427 3 2
1482126362771 4 -1
1482126370600 4 1
1482126375408 2 -3
1482126376481 9 1
1482126378367 3 -2
1482126379396 9 1
1482126380619 4 2
1482126381745 0 1
1482126383694 6 2
1482126388188 10 1
1482126388995 6 -2
1482126390934 4 -1
1482126393006 8 3
1482126393894 10 -1
1482126395509 8 -3
1482126396596 4 1
1482126401188 2 1
1482126405874 6 1
1482126407648 5 2
1482126411886 0 -1
1482126413428 2 -1
1482126414866 6 1
1482126419979 6 -1
1482126421764 5 -2
1482126423841 0 1
1482126427223 6 -1
1482126430653 2 1
1482126432377 4 -1
1482126433593 0 -2
1482126434657 4 -2
1482126435950 9 -2
1482126436664 2 2
1482126440747 2 -1
1482126442105 3 2
1482126443679 4 1
1482126448013 8 2
1482126450699 8 -2
1482126452107 2 1
1482126454030 4 -1
1482126456716 6 2
1482126461841 6 -2
1482126462667 2 -3
1482126463802 3 -2
1482126465559 9 2
1482126466429 4 3
1482126469849 2 1
1482126470878 0 2
1482126472430 6 1
1482126473390 10 1
1482126474822 5 3
1482126479558 2 -1
1482126482781 R
1482126487621 7 -1
1482126488911 2 -1
1482126492219 R
1482126496479 2 -1
1482126497255 3 -1
1482126498223 7 -1
1482126499847 4 -3
1482126502283 8 2
1482126503499 10 1
1482126504349 6 3
1482126506421 1 1
1482126507293 10 -1
1482126508517 5 -1
1482126509549 8 -3
1482126510783 9 -1
1482126515595 1 -1
1482126517021 6 -2
1482126518174 3 3
1482126524602 4 1
1482126525675 2 2
1482126526882 7 3
1482126527860 1 -1
1482126529074 0 1
1482126532444 2 -1
1482126533368 6 1
1482126534336 5 -3
1482126536598 10 -1
1482126537670 6 -2
1482126539040 9 -1
1482126540037 2 3
1482126541696 4 1
1482126544404 4 -1
1482126545464 6 2
1482126547426 5 2
1482126548820 6 -1
1482126552752 2 -2
1482126554690 9 1
1482126555588 8 2
1482126556804 10 1
1482126558381 5 2
1482126559406 8 -1
1482126564571 5 -4
1482126565487 6 -1
1482126566285 10 -1
1482126567183 8 -1
1482126568153 9 -1
1482126570197 2 2
1482126572659 4 1
1482126576945 2 -3
1482126580833 2 2
1482126582178 4 -1
1482126584325 6 1
1482126587619 2 -1
1482126590683 9 1
1482126593531 6 -1
1482126594941 4 1
1482126605252 0 -1
1482126606445 1 1
1482126607773 7 -2
1482126609623 2 -2
1482126610935 4 -1
1482126612542 6 2
1482126614263 6 -2
1482126615114 3 -3
1482126620234 6 3
1482126622508 1 2
1482126627716 0 1
1482126629164 5 2
1482126631280 7 -1
1482126632776 4 -1
1482126635262 0 2
1482126636280 5 -1
1482126637128 1 -2
1482126638618 6 -3
1482126639362 3 3
1482126640773 0 2
