1480573720767 7 -1
1480573720767 7 -1
1480573724197 2 1
1480573724197 2 1
1480573730487 4 -3
1480573730487 4 -3
1480573733215 2 -2
1480573733215 2 -2
1480573737223 9 -1
1480573737223 9 -1
1480573738433 3 2
1480573738433 3 2
1480573741820 6 2
1480573741820 6 2
1480573744494 8 1
1480573744494 8 1
1480573757640 2 1
1480573757640 2 1
1480573760168 4 1
1480573760168 4 1
1480573762289 7 3
1480573762289 7 3
1480573764409 3 -2
1480573764409 3 -2
1480573772745 8 -1
1480573772745 8 -1
1480573774377 9 1
1480573774377 9 1
1480573777344 10 1
1480573777344 10 1
1480573779218 5 -1
1480573779218 5 -1
1480573780993 5 1
1480573780993 5 1
1480573783241 1 -1
1480573783241 1 -1
1480573785633 0 1
1480573785633 0 1
1480573789514 R
1480573789514 R
1480573793037 7 -1
1480573793037 7 -1
1480573796362 2 -1
1480573796362 2 -1
1480573797338 3 -1
1480573797338 3 -1
1480573800089 4 -3
1480573800089 4 -3
1480573800865 6 3
1480573800865 6 3
1480573804208 10 1
1480573804208 10 1
1480573804946 8 2
1480573804946 8 2
1480573807593 5 -1
1480573807593 5 -1
1480573822328 10 -1
1480573822328 10 -1
1480573827346 10 1
1480573827346 10 1
1480573839782 1 1
1480573839782 1 1
1480573840790 10 -1
1480573840790 10 -1
1480573841874 8 -3
1480573841874 8 -3
1480573850844 2 1
1480573850844 2 1
1480573851963 4 1
1480573851963 4 1
1480573861772 10 1
1480573861772 10 1
1480573865516 10 -1
1480573865516 10 -1
1480573867045 9 -1
1480573867045 9 -1
1480573868573 8 3
1480573868573 8 3
1480573875693 1 -1
1480573875693 1 -1
1480573879820 6 -2
1480573879820 6 -2
1480573883267 5 1
1480573883267 5 1
1480573886659 9 1
1480573886659 9 1
1480573896572 2 -1
1480573896572 2 -1
1480573897853 4 -1
1480573897853 4 -1
1480573899370 6 2
1480573899370 6 2
1480573901271 9 -1
1480573901271 9 -1
1480573904345 8 -2
1480573904345 8 -2
1480573905246 9 1
1480573905246 9 1
1480573911578 8 2
1480573911578 8 2
1480573919749 1 1
1480573919749 1 1
1480573933534 4 1
1480573933534 4 1
1480573935204 2 1
1480573935204 2 1
1480573937342 9 -1
1480573937342 9 -1
1480573939981 8 -2
1480573939981 8 -2
1480573942080 9 1
1480573942080 9 1
1480573945846 10 1
1480573945846 10 1
1480573950449 8 2
1480573950449 8 2
1480573973927 8 -2
1480573973927 8 -2
1480573975127 10 -1
1480573975127 10 -1
1480573976191 9 -1
1480573976191 9 -1
1480573978631 R
1480573978631 R
1480573987992 2 -1
1480573987992 2 -1
1480573992759 4 -2
1480573992759 4 -2
1480573995735 8 2
1480573995735 8 2
1480573996896 10 1
1480573996896 10 1
1480573998112 6 2
1480573998112 6 2
1480574003295 7 -1
1480574003295 7 -1
