1481747438487 7 2
1481747439185 1 -1
1481747441178 1 1
1481747442347 7 -3
1481747445159 4 -3
1481747446217 2 -1
1481747446662 3 -1
1481747449090 6 3
1481747451154 5 -1
1481747454602 1 1
1481747456590 8 2
1481747459497 R
1481747461011 7 2
1481747461542 1 -1
1481747466857 4 -2
1481747467567 6 2
1481747468333 0 1
1481747469949 5 -4
1481747470961 0 -1
1481747474416 6 -2
1481747474880 8 -1
1481747475678 10 -1
1481747476473 9 -2
1481747481181 1 1
1481747482070 7 -2
1481747482937 3 -1
1481747484505 6 3
1481747484976 9 2
1481747491021 8 3
1481747492533 1 3
1481747494083 6 -3
1481747496473 9 -1
1481747498041 4 1
1481747499023 7 1
1481747499503 2 1
1481747500169 3 2
1481747501793 7 -1
1481747507087 0 1
1481747507848 5 1
1481747508608 7 -1
1481747509576 4 -2
1481747510277 2 -2
1481747511230 0 2
1481747515828 3 -2
1481747516462 6 3
1481747517499 1 -3
1481747518365 6 -3
1481747519148 8 -3
1481747519793 3 3
1481747520342 0 2
