1479961495734 7 2
1479961497246 1 -1
1479961502087 4 -2
1479961503686 6 2
1479961505471 0 1
1479961507278 5 -4
1479961511494 10 -1
1479961512398 8 -1
1479961515150 6 -2
1479961516847 4 3
1479961527902 0 -1
1479961529654 4 -3
1479961531414 9 -2
1479961532934 3 2
1479961534167 2 3
1479961536014 1 1
1479961536574 7 -2
1479961541598 7 2
1479961542334 1 -1
1479961542966 0 1
1479961544030 5 1
1479961544790 4 1
1479961548317 4 -1
1479961549462 5 -1
1479961550078 0 -1
1479961550990 1 1
1479961552327 4 1
1479961552846 7 -2
1479961554455 4 -1
1479961555022 6 2
1479961556118 3 -3
1479961558101 6 1
1479961560366 1 1
1479961563446 1 -1
1479961564150 6 -3
1479961566454 3 3
1479961572894 6 2
1479961573871 3 -3
1479961575469 6 1
1479961579958 1 1
1479961581150 7 1
1479961584397 7 -1
1479961588558 1 -1
1479961589373 6 -3
1479961591357 3 3
1479961592061 7 2
1479961593006 1 -1
1479961593677 0 1
1479961604460 3 -2
1479961608117 2 -3
1479961608661 6 2
1479961609797 9 2
1479961610613 10 2
1479961611221 8 3
1479961612325 5 4
1479961617797 0 -1
1479961624269 1 1
1479961624885 7 -3
1479961626029 3 -1
1479961626718 2 -1
1479961627277 4 -1
1479961628365 6 1
1479961635077 8 -2
1479961635773 10 -1
1479961636396 6 -3
1479961637501 9 -1
1479961638765 3 3
1479961641453 2 2
1479961641981 4 2
1479961643012 7 3
1479961643957 1 -1
1479961644500 0 1
1479961646181 4 -1
1479961646597 2 -1
1479961648429 6 2
1479961649301 5 -4
1479961650716 6 -2
1479961652805 10 -1
1479961653389 9 -1
1479961659893 2 3
1479961663436 4 1
1479961667124 2 -3
1479961669292 3 -2
1479961669924 9 2
1479961670772 4 1
1479961671428 0 1
1479961674740 8 2
1479961676476 8 -3
1479961677380 4 1
1479961679180 6 2
1479961680548 5 2
1479961683108 6 -1
1479961683916 2 1
1479961686180 5 -2
1479961687796 6 -1
1479961688766 4 -1
1479961690566 8 3
1479961691205 10 1
1479961696541 0 -1
1479961697692 4 -2
1479961699124 2 -1
1479961703739 0 -1
1479961704268 1 1
1479961706981 7 -2
1479961707756 3 -1
1479961708324 6 3
1479961709604 10 -1
1479961710404 1 3
1479961713828 0 1
1479961714875 5 2
1479961715636 7 -1
1479961716500 4 -1
1479961717004 2 -1
1479961717516 0 2
1479961719340 1 -3
1479961720660 6 -2
1479961722564 9 -2
1479961723100 8 -3
1479961723772 3 3
1479961724532 0 2
