1479302017475 2 -1
1479302023706 7 -1
1479302028395 4 -3
1479302029986 9 -1
1479302031066 3 2
1479302035802 3 -3
1479302037387 6 3
1479302038570 1 1
1479302041195 1 -1
1479302042115 6 -3
1479302044434 9 1
1479302050210 4 3
1479302052723 2 2
1479302055690 3 1
1479302057274 2 -2
1479302058418 3 -1
1479302062363 4 -3
1479302063523 6 3
1479302070978 8 2
1479302074067 8 -2
1479302077035 6 -3
1479302078587 4 3
1479302081082 2 2
1479302082522 3 1
1479302085747 7 3
1479302087419 1 -1
1479302090003 4 -2
1479302091491 9 -1
1479302093202 3 2
1479302095403 2 -1
1479302098443 0 1
1479302105890 6 2
1479302107267 5 -4
1479302108594 8 -1
1479302111483 10 -1
1479302114803 9 -1
1479302116211 6 -2
1479302120138 2 3
1479302126227 4 1
1479302129890 2 -3
1479302131075 9 1
1479302133362 10 1
1479302134658 8 2
1479302135731 10 -1
1479302138499 10 1
1479302141099 4 -1
1479302142083 6 2
1479302143467 5 4
1479302148659 6 -2
1479302152402 8 -1
1479302154427 6 2
1479302156763 5 -4
1479302158275 10 -1
1479302159019 8 -1
1479302160242 9 -1
1479302163851 6 -2
1479302165170 2 3
1479302175131 5 1
1479302178083 4 1
1479302186618 4 -1
1479302187779 6 2
1479302188715 5 1
1479302191011 5 -2
1479302193657 6 -2
1479302201946 U
1479302244883 6 -2
1479302246410 2 -3
1479302247506 9 1
1479302249515 9 -1
1479302250434 3 -2
1479302251611 9 2
1479302256699 8 3
1479302259898 9 -2
1479302261075 2 2
1479302262562 4 1
1479302264835 3 1
1479302283827 5 1
1479302286258 5 -1
1479302287771 4 -1
1479302288883 2 -2
1479302291227 9 1
1479302292411 10 1
1479302293211 6 2
1479302294627 5 4
1479302297219 0 -1
1479302300954 1 1
1479302302603 3 -1
1479302303875 7 -3
1479302305083 3 -1
1479302308675 6 1
1479302313530 9 1
1479302314899 10 1
1479302322418 4 -1
1479302323802 2 -1
1479302325587 6 -3
1479302328194 2 2
1479302328946 4 2
1479302330331 7 2
1479302333851 10 -1
1479302338563 8 -2
1479302340323 9 -1
1479302341658 3 3
1479302343517 7 1
1479302345947 1 -1
1479302347099 4 -1
1479302379410 4 1
1479302383530 1 1
1479302384427 7 -3
1479302386403 4 -2
1479302387403 2 -2
1479302391915 3 -3
1479302393483 9 1
1479302394714 4 3
1479302396739 2 2
1479302402474 8 2
1479302406395 2 -2
1479302408291 4 -3
1479302410930 9 -1
1479302414339 3 2
1479302420947 2 2
1479302422067 4 2
1479302422818 7 3
1479302426619 1 -1
1479302428402 0 1
1479302429387 4 -1
1479302430283 2 -1
1479302431147 6 2
1479302433498 5 -4
1479302434962 10 -1
1479302436978 9 -1
1479302438051 6 -2
1479302440763 2 2
1479302442474 0 -1
1479302444059 1 1
1479302445450 7 -2
1479302455298 8 -3
1479302456579 2 1
1479302457602 3 1
1479302461058 6 2
1479302465195 7 2
1479302467818 1 -1
1479302468875 0 1
1479302470043 5 2
1479302472811 3 -2
1479302631306 3 2
1479302634683 8 1
1479302636810 6 -1
1479302638163 2 -3
1479302640387 9 1
1479302641370 10 1
1479302642451 5 2
1479302643891 6 -1
1479302662155 8 1
1479302664771 6 2
1479302666930 5 -4
1479302669267 8 -2
1479302670475 10 -1
1479302671558 6 -2
1479302675435 9 -1
1479302677170 2 3
1479302681651 6 2
1479302682890 5 2
1479302685410 5 -2
