1479952399639 7 2
1479952401111 1 -1
1479952411783 0 1
1479952413374 4 -2
1479952415190 9 -1
1479952421471 3 2
1479952422790 0 -1
1479952423974 1 1
1479952425070 7 -3
1479952426159 4 -1
1479952427422 2 -1
1479952428726 3 -3
1479952430430 6 3
1479952432006 1 1
1479952433870 9 1
1479952434879 5 -1
1479952436030 8 2
1479952437526 5 1
1479952439439 4 1
1479952439966 2 1
1479952440710 7 2
1479952441822 1 -1
1479952448174 10 1
1479952449310 7 -2
1479952450278 6 -3
1479952451501 10 -1
1479952452406 9 -1
1479952453590 3 2
1479952457126 7 3
1479952458374 1 -1
1479952459558 6 2
1479952460463 0 1
1479952462023 5 -4
1479952463576 10 -1
1479952464662 6 -2
1479952467056 9 -1
1479952468215 8 -3
1479952470254 2 3
1479952471367 3 1
1479952474687 0 -1
1479952478735 3 -2
1479952482846 1 1
1479952483783 7 -2
1479952484878 3 -1
1479952486647 6 3
1479952488470 6 -3
1479952489991 2 -4
1479952491438 9 2
1479952492670 6 3
1479952494422 8 3
1479952496175 1 3
1479952497830 0 1
1479952500031 6 -3
1479952501663 4 2
1479952507926 2 2
1479952509470 5 1
1479952510462 7 -1
1479952511894 4 -3
1479952513070 2 -2
1479952515382 0 2
1479952516854 6 3
1479952518455 1 -3
1479952519943 9 -2
1479952521071 8 -3
1479952522214 6 -3
1479952523527 3 3
1479952524303 0 2
