1482742879971 7 2
1482742881598 1 -1
1482742883273 0 2
1482742888926 0 -1
1482742891225 4 -2
1482742894728 6 2
1482742896896 5 -3
1482742901898 6 -2
1482742904276 8 -1
1482742911087 4 3
1482742921688 5 -1
1482742923269 0 -1
1482742925477 1 1
1482742927974 7 -2
1482742929675 3 -1
1482742932117 6 3
1482742935333 10 -1
1482742937469 1 2
1482742939686 0 2
1482742941724 2 -1
1482742943626 0 1
1482742945338 1 -2
1482742951889 5 2
1482742954546 7 -1
1482742955943 5 -1
1482742961391 6 -3
1482742968224 3 1
1482742971573 3 -1
1482742978699 4 -1
1482742987695 10 1
1482742993144 8 3
1482742997824 7 1
1482742999285 5 -1
1482743006355 10 -1
1482743009495 8 -3
1482743011313 4 1
1482743014870 5 1
1482743016703 7 -1
1482743019387 3 1
1482743022008 6 2
1482743024431 10 1
1482743025990 5 2
1482743028226 6 -1
1482743052710 U
1482743054041 U
1482743055253 U
1482743055982 U
1482743056709 U
1482743057610 U
1482743058976 U
1482743059702 U
1482743060670 U
1482743061472 U
1482743062395 U
1482743063216 U
1482743067226 U
1482743068236 U
1482743068906 U
1482743069669 U
1482743070229 U
1482743070756 U
1482743071330 U
1482743071934 U
1482743072561 U
1482743073172 U
1482743076804 0 -3
1482743079508 1 -2
1482743089311 6 -3
1482743091529 4 -3
1482743094456 6 3
1482743098655 1 2
1482743104794 0 1
1482743106262 5 2
1482743107909 7 -1
1482743110188 4 -1
1482743114709 0 2
1482743116788 1 -2
1482743118843 6 -2
1482743120741 9 -2
1482743122765 3 3
1482743124455 0 2
