1481747553042 7 2
1481747554078 1 -1
1481747554961 0 2
1481747557610 0 -2
1481747558346 1 1
1481747559127 7 -3
1481747565984 7 3
1481747566876 1 -1
1481747567801 0 2
1481747569986 0 -2
1481747571350 1 1
1481747572123 7 -3
1481747575483 8 2
1481747578808 2 1
1481747581326 7 3
1481747582480 4 -2
1481747583640 6 1
1481747584261 10 1
1481747586126 10 -1
1481747587537 R
1481747594910 R
1481747603748 2 1
1481747607110 2 -2
1481747607954 3 -1
1481747611972 3 1
1481747615612 4 -2
1481747622180 9 -1
1481747623118 3 2
1481747629112 6 2
1481747630544 5 -1
1481747631768 8 -1
1481747633828 2 1
1481747635518 7 2
1481747636904 1 -1
1481747637646 0 1
1481747643494 5 -2
1481747645346 10 -1
1481747646104 6 -2
1481747648288 9 -1
1481747651548 2 3
1481747654073 5 -1
1481747655358 4 1
1481747658976 2 -2
1481747659990 3 -2
1481747660861 9 2
1481747661964 4 2
1481747664612 0 1
1481747669050 2 -1
1481747671514 6 2
1481747675262 5 2
1481747676958 6 -1
1481747677710 2 1
1481747684578 R
1481747699472 R
1481747823217 7 -1
1481747827027 4 -3
1481747828715 2 -1
1481747834121 9 -1
1481747835811 3 2
1481747842625 4 2
1481747844639 3 -3
1481747846226 9 1
1481747847071 4 1
1481747849217 7 1
1481747851083 4 -2
1481747851965 6 3
1481747855257 5 -1
1481747856257 8 2
1481747857527 1 1
1481747859099 5 1
1481747860353 7 -1
1481747861259 4 -1
1481747866160 9 -1
1481747867431 8 -2
1481747869576 5 -1
1481747870133 8 -1
1481747871157 1 -1
1481747871807 6 -2
1481747873084 3 3
1481747874099 2 2
1481747876865 R
1481747917479 7 -1
1481747918972 2 1
1481747919918 3 -1
1481747922101 7 2
