1480576881536 8 2
1480576887100 4 -2
1480576888605 6 2
1480576894453 10 1
1480576900783 5 -1
1480576902076 8 -3
1480576907133 10 -1
1480576909327 9 -1
1480576910894 3 2
1480576913970 2 -1
1480576915700 7 -1
1480576918833 4 -1
1480576921181 6 -1
1480576925616 3 -3
1480576927621 6 2
1480576929367 1 1
1480576934204 8 3
1480576936757 5 1
1480576938558 1 -1
1480576941870 6 -3
1480576948278 9 1
1480576950286 4 3
1480576954373 8 -2
1480576959966 2 2
1480576963584 7 2
1480576968605 2 -1
1480576969951 4 -2
1480576971698 6 3
1480576978220 9 -1
1480576980353 9 1
1480576982020 8 2
1480576985918 10 1
1480576992898 7 -2
1480576996128 2 -1
1480576998445 1 1
1480577001603 10 -1
1480577004081 10 1
1480577005611 5 -1
1480577007651 10 -1
1480577011115 8 -3
1480577014040 9 -1
1480577015553 9 1
1480577018504 10 1
1480577020454 8 3
1480577022417 4 -1
1480577024060 1 -1
1480577026045 5 1
1480577029591 6 -3
1480577032685 2 2
1480577035908 2 -2
1480577037649 4 2
1480577040514 7 1
1480577041955 2 2
1480577043733 7 1
1480577051412 10 -1
1480577053849 8 -2
1480577056616 4 1
1480577063076 2 -1
1480577066111 3 1
1480577068211 7 1
1480577069990 1 -1
1480577071574 0 2
1480577079397 2 1
1480577084735 2 -1
1480577087538 8 2
1480577092309 0 -2
1480577093356 4 -2
1480577099313 10 1
1480577100630 6 2
1480577104079 1 1
1480577108462 5 -1
1480577110408 10 -1
1480577111711 6 -1
1480577114095 8 -3
1480577116116 9 -1
1480577117961 3 2
1480577120586 7 -2
1480577122418 7 -1
1480577124460 2 -1
1480577127519 4 -1
1480577131585 8 2
1480577133601 5 1
1480577135976 6 -1
1480577141721 3 -3
1480577143793 9 1
1480577144775 8 1
1480577146884 10 1
1480577150183 6 3
1480577154214 10 -1
1480577160442 10 1
1480577163176 1 1
1480577167229 10 -1
1480577168284 8 -2
1480577172561 9 -1
1480577174619 1 -1
1480577176102 6 -3
1480577178402 3 3
1480577187679 6 2
1480577190249 5 -1
1480577191431 8 -1
1480577194480 6 -1
1480577196956 2 2
1480577199180 3 -3
1480577201324 9 1
1480577207280 8 3
1480577209129 5 1
1480577210191 6 -1
1480577212324 4 3
1480577216156 3 1
1480577218488 7 3
1480577220686 1 -1
1480577222478 0 2
1480577224912 2 -1
1480577229591 8 -2
1480577239593 8 2
1480577243781 0 -2
1480577247213 2 1
1480577249641 1 1
1480577250985 7 -3
1480577256869 4 -3
1480577259262 2 -2
1480577260803 3 -1
1480577264401 6 3
1480577267399 10 1
1480577273099 5 -1
1480577275119 1 1
1480577276125 10 -1
1480577279150 8 -3
1480577280967 9 -1
1480577284593 1 -1
1480577285869 6 -2
1480577288317 3 3
1480577298601 R
1480577304897 7 2
1480577307503 1 -1
1480577314619 4 -2
1480577316381 9 -1
1480577317980 3 2
1480577320156 6 2
1480577323430 1 1
1480577325788 7 -3
1480577327987 2 -1
1480577329417 3 -3
1480577331091 4 -1
1480577332356 3 2
1480577333481 3 1
1480577336246 3 -3
1480577338438 6 1
1480577339797 9 1
1480577341793 8 2
1480577347459 1 1
1480577356006 9 -1
1480577357452 5 -1
1480577358580 8 -3
1480577364942 1 -1
1480577367990 6 -2
1480577369992 3 3
1480577375562 6 1
1480577378109 2 1
1480577379053 4 1
1480577380200 7 3
1480577383259 1 -1
1480577385388 0 1
1480577386636 5 -3
1480577388385 10 -1
1480577390209 6 -2
1480577394901 9 -1
1480577396581 2 3
1480577402595 6 2
1480577405109 5 2
1480577407626 8 1
1480577409715 3 -2
1480577416300 8 -1
1480577419097 3 2
1480577422510 5 -2
1480577424007 0 -1
1480577425443 1 1
1480577427041 7 -2
1480577431730 6 -2
1480577433820 2 -4
1480577439470 4 1
1480577441564 3 -3
1480577443039 9 2
1480577445014 4 2
1480577448917 6 3
1480577451296 1 2
1480577455831 0 1
1480577457396 5 2
1480577458654 7 -1
1480577466216 0 2
1480577468054 1 -2
1480577470929 6 -2
1480577475562 5 -1
1480577476952 6 -1
1480577481485 4 -1
1480577482794 8 3
1480577487291 8 -3
1480577498425 8 3
1480577504393 8 -3
1480577505646 4 1
1480577507975 6 3
1480577510234 1 2
1480577515996 0 -1
1480577521009 2 1
1480577524435 2 -1
1480577526522 0 1
1480577529291 0 -2
1480577534062 0 2
1480577535019 1 -2
1480577536557 6 -3
1480577541909 4 -1
1480577543395 8 3
1480577549156 10 1
1480577550433 7 1
1480577552245 5 -1
1480577557970 10 -1
1480577561625 3 1
1480577563681 8 -3
1480577565689 4 1
1480577567680 6 2
1480577570004 5 2
1480577571936 7 -1
1480577577209 10 1
1480577578999 5 1
1480577583186 3 -1
1480577586520 6 1
1480577589553 1 1
1480577591970 7 1
1480577593527 5 -3
1480577596253 10 -1
1480577604602 1 -1
1480577608368 10 1
1480577609850 5 2
1480577612633 5 1
1480577617249 7 -1
1480577620967 1 1
1480577624049 1 -1
1480577626003 5 -2
1480577629878 6 -3
1480577631776 4 -1
1480577633599 4 1
1480577638821 3 1
1480577641083 6 2
1480577642833 5 2
1480577645493 7 1
1480577649955 R
1480577656525 7 2
1480577660452 1 -1
1480577666016 4 -2
1480577667879 9 -1
1480577669843 3 2
1480577675798 6 2
1480577677728 5 -1
1480577679145 8 -1
1480577682979 8 2
1480577684798 5 1
1480577687279 6 -2
1480577688848 4 1
1480577690087 2 1
1480577692482 3 -2
1480577694141 8 1
1480577696933 9 1
1480577700185 4 1
1480577705844 1 1
1480577707735 7 -3
1480577709777 4 -3
1480577711794 2 -2
1480577713928 3 -1
1480577716176 6 3
1480577719103 10 1
1480577727137 6 -3
1480577730295 3 1
1480577731609 10 -1
1480577732765 9 -1
1480577733965 3 1
1480577735525 8 -2
1480577736891 3 1
1480577739746 6 2
1480577745383 2 1
1480577746430 4 1
1480577748134 7 2
1480577750108 7 1
1480577751974 1 -1
1480577754734 0 1
1480577756918 6 -2
1480577762304 3 -2
1480577764306 9 1
1480577767825 4 2
1480577769325 8 2
1480577776734 0 -1
1480577778271 1 1
1480577779356 7 -3
1480577784758 2 -1
1480577787288 3 -1
1480577791509 4 -3
1480577793898 6 3
1480577797564 1 1
1480577801312 10 1
1480577803172 5 -1
1480577806897 8 -3
1480577808990 10 -1
1480577811380 1 -1
1480577813175 6 -2
1480577815526 2 1
1480577816634 2 -1
1480577818660 9 -1
1480577819985 3 3
1480577826303 2 2
1480577827848 4 1
1480577829042 7 3
1480577830772 1 -1
1480577832577 0 1
1480577833630 5 -3
1480577839553 6 -1
1480577841620 10 -1
1480577845547 3 -2
1480577847506 9 1
1480577849009 4 3
1480577858456 0 1
1480577867119 5 1
1480577868617 0 -1
1480577869937 4 -3
1480577873225 9 -2
1480577875369 2 2
1480577877143 3 2
1480577882206 4 1
1480577886769 2 -3
1480577888066 9 1
1480577890435 3 -2
1480577891796 9 1
1480577895186 4 2
1480577899568 4 -3
1480577900598 9 -2
1480577902668 2 3
1480577904572 3 2
1480577907481 6 2
1480577910597 5 -1
1480577912363 6 -2
1480577916097 2 -3
1480577917504 9 1
1480577922457 8 2
1480577924754 4 1
1480577926355 3 -2
1480577927637 9 1
1480577929020 4 1
1480577931294 0 1
1480577933628 8 -2
1480577936028 4 1
1480577939881 4 -1
1480577942354 2 1
1480577946176 5 1
1480577947662 10 1
1480577949097 8 3
1480577950886 10 -1
1480577955242 0 -1
1480577959635 2 -1
1480577960942 4 -2
1480577962608 6 2
1480577968258 10 2
1480577972099 R
1480578013556 4 -2
1480578015130 9 -1
1480578016676 3 2
1480578025500 7 -1
1480578027196 2 -1
1480578028713 4 -1
1480578034683 3 -3
1480578036780 6 3
1480578039327 1 1
1480578040436 9 1
1480578044357 5 -1
1480578045902 8 2
1480578049013 5 1
1480578052499 10 1
1480578054011 1 -1
1480578055815 6 -3
1480578062035 4 2
1480578063408 2 2
1480578064555 3 1
1480578066536 7 3
1480578068703 1 -1
1480578078907 8 -2
1480578079838 10 -1
1480578081059 9 -1
1480578082233 3 2
1480578085237 1 1
1480578087834 7 -3
1480578089370 4 -2
1480578090599 2 -2
1480578092569 6 2
1480578094782 3 -3
1480578096849 6 1
1480578098616 1 1
1480578099436 9 1
1480578101495 8 2
1480578103473 5 -1
1480578105521 10 1
1480578109867 1 -1
1480578114050 10 -1
1480578115858 10 1
1480578117315 5 1
1480578118784 6 -3
1480578124780 10 -1
1480578128196 4 3
1480578131749 7 1
1480578134832 2 2
1480578136004 7 1
1480578137942 3 1
1480578139232 7 1
1480578140801 1 -1
1480578143503 0 2
1480578146820 2 -1
1480578148298 8 -2
1480578155413 0 -1
1480578156571 4 -2
1480578158050 9 -1
1480578159203 3 2
1480578164728 6 2
1480578166218 5 -4
1480578168443 6 -2
1480578171338 10 -1
1480578172814 9 -1
1480578174676 2 3
1480578188778 3 -2
1480578190445 2 -3
1480578192111 9 2
1480578194567 4 2
1480578196873 0 1
1480578198771 5 1
1480578200208 10 1
1480578203407 2 1
1480578206499 0 -1
1480578209218 4 -2
1480578211004 9 -1
1480578212294 3 2
1480578215024 10 -1
1480578216292 9 -1
1480578217673 2 2
1480578222346 8 -1
1480578224441 2 -3
1480578225756 9 1
1480578227598 3 -2
1480578229159 9 1
1480578230509 4 3
1480578237539 2 1
1480578242930 5 -1
1480578244655 0 -1
1480578247113 1 1
1480578248250 7 -2
1480578249704 2 -2
1480578251365 3 -1
1480578253507 4 -3
1480578255604 6 3
1480578257587 1 2
1480578265490 9 -1
1480578267587 1 -2
1480578268861 6 -3
1480578270895 3 3
1480578274812 9 -1
1480578276957 2 4
1480578278781 7 2
1480578281021 1 -1
1480578282735 0 1
1480578284054 5 1
1480578289236 6 2
1480578290778 5 1
1480578294346 5 -2
1480578295490 0 -1
1480578296820 1 1
1480578298085 7 -2
1480578304713 3 -3
1480578306340 6 1
1480578311117 6 -3
1480578312743 2 -4
1480578315670 6 3
1480578317424 9 2
1480578320303 1 2
1480578321467 8 3
1480578325352 1 1
1480578326988 6 -3
1480578328153 4 2
1480578332492 0 2
1480578334996 5 1
1480578336376 7 -1
1480578338732 0 -1
1480578340095 4 -3
1480578344398 9 -1
1480578345574 3 2
1480578347915 3 -2
1480578349951 0 2
1480578351384 6 3
1480578353533 1 -3
1480578354999 6 -3
1480578356783 8 -3
1480578358414 3 3
1480578359714 0 2
