1482921247637 7 2
1482921249300 1 -1
1482921250430 0 1
1482921252597 0 1
1482921255023 0 -2
1482921256338 4 -2
1482921257675 1 1
1482921259172 7 -2
1482921259507 7 -1
1482921263038 9 -1
1482921264210 3 1
1482921265882 3 1
1482921267145 2 -1
1482921268311 4 -1
1482921270388 6 1
1482921271871 6 1
1482921274528 3 -3
1482921275858 6 1
1482921279550 1 1
1482921281132 1 -1
1482921282136 6 -1
1482921283342 6 -1
1482921285479 5 -1
1482921286480 8 -1
1482921289574 9 1
1482921290618 6 2
1482921294542 10 1
1482921295481 8 3
1482921299178 1 1
1482921300682 4 1
1482921303697 2 1
1482921342678 7 2
1482921349206 8 -3
1482921350641 10 -1
1482921351866 9 -1
1482921352754 1 -1
1482921353698 6 -2
1482921355152 3 3
1482921356393 7 1
1482921357329 1 -1
1482921358434 0 1
1482921359609 5 -1
1482921360793 5 -2
1482921361946 6 -1
1482921362905 10 -1
1482921363737 9 -1
1482921365001 2 3
1482921375057 4 1
1482921378912 5 1
1482921380055 4 -1
1482921380991 6 2
1482921382027 5 1
1482921382873 6 -1
1482921383880 2 -3
1482921385164 8 2
1482921386912 9 1
1482921387673 10 1
1482921388440 5 2
1482921389408 6 -1
1482921390395 4 1
1482921394056 8 -1
1482921395984 2 1
1482921396984 3 -2
1482921399639 9 1
1482921400607 4 1
1482921402040 0 1
1482921405312 2 -1
1482921409392 2 1
1482921410624 0 -2
1482921411487 1 1
1482921412394 7 -3
1482921418530 2 -2
1482921419631 4 -3
1482921420823 6 2
1482921421871 5 -1
1482921422654 8 -1
1482921423999 6 -1
1482921425206 10 1
1482921426799 8 3
1482921427767 8 -3
1482921428806 10 -1
1482921429527 9 -1
1482921430847 3 2
1482921431975 6 1
1482921433119 4 1
1482921434062 2 1
1482921435128 7 3
1482921436119 1 -1
1482921436984 0 1
1482921438161 5 -3
1482921439193 6 -2
1482921440822 10 -1
1482921442055 9 -1
1482921448039 3 -2
1482921449375 9 2
1482921450670 4 3
1482921452952 0 1
1482921457759 6 2
1482921458750 10 1
1482921460662 5 3
1482921462055 5 -3
1482921462892 10 -1
1482921463877 6 -2
1482921467270 6 2
1482921469150 5 2
1482921471294 10 1
1482921472374 5 1
1482921473825 6 -1
1482921475093 2 1
1482921480708 5 -3
1482921482094 6 -1
1482921483477 10 -1
1482921485564 4 -1
1482921486596 8 3
1482921490348 10 1
1482921491017 8 -3
1482921496260 0 -2
1482921497388 4 -2
1482921499813 9 -1
1482921500690 3 2
1482921504893 4 1
1482921507004 0 1
1482921508292 5 1
1482921509701 2 -1
1482921511796 4 -1
1482921514492 6 2
1482921516715 5 2
1482921517586 0 -1
1482921518776 1 1
1482921519789 7 -3
1482921521340 4 -1
1482921523117 2 -1
1482921524140 3 -3
1482921525197 6 1
1482921527435 9 1
1482921528227 10 1
1482921529771 10 -1
1482921530875 8 3
1482921535361 5 1
1482921540052 1 1
1482921540958 10 1
1482921542692 10 -1
1482921543315 8 -2
1482921544277 9 -1
1482921545275 8 2
1482921547428 9 1
1482921548259 10 1
1482921550955 5 -1
1482921552036 8 -3
1482921553922 10 -1
1482921554867 9 -1
1482921561962 1 -1
1482921562788 6 -2
1482921563959 3 3
1482921567692 2 2
1482921568538 4 1
1482921569453 7 3
1482921570627 1 -1
1482921572450 0 1
1482921578963 5 -3
1482921579739 6 -1
1482921581443 10 -1
1482921594234 9 -1
1482921595827 2 2
1482921597218 4 1
1482921598082 4 -1
1482921599626 6 2
1482921602827 6 -2
1482921603970 2 -3
1482921605178 9 1
1482921606113 8 2
1482921607314 9 -1
1482921608753 3 -2
1482921609882 8 1
1482921611429 9 2
1482921612593 6 2
1482921613490 10 2
1482921615703 5 4
1482921619426 6 -2
1482921620569 10 -1
1482921621737 4 2
1482921623472 0 1
1482921625963 8 -2
1482921627704 2 1
1482921630131 R
1482921632609 7 -1
1482921635528 4 -3
1482921636552 2 -1
1482921637552 3 -1
1482921639022 6 3
1482921643425 5 -1
1482921644719 8 -1
1482921645776 6 -2
1482921646840 9 -1
1482921648271 3 3
1482921652408 2 2
1482921653257 4 1
1482921654034 7 3
1482921655240 1 -1
1482921656231 0 1
1482921657280 5 -3
1482921658263 6 -1
1482921659716 10 -1
1482921660856 9 -1
1482921661800 2 2
1482921663671 4 1
1482921667153 4 -1
1482921669368 6 1
1482921671320 5 2
1482921672895 2 -3
1482921673866 6 1
1482921674728 9 1
1482921675655 10 1
1482921676607 5 1
1482921677412 0 -1
1482921678343 6 -1
1482921679679 0 1
1482921680672 5 -3
1482921681526 6 -1
1482921682286 10 -1
1482921683343 9 -1
1482921684112 4 1
1482921684932 2 3
1482921692053 5 1
1482921693654 4 -1
1482921695159 6 2
1482921696271 5 1
1482921697400 6 -1
1482921700862 2 -3
1482921702359 9 1
1482921703135 6 1
1482921704087 10 1
1482921705080 5 1
1482921706047 0 -1
1482921706892 1 1
1482921707735 7 -3
1482921709198 2 -1
1482921710087 4 -1
1482921711137 6 -1
1482921712734 3 -3
1482921713727 6 2
1482921715685 9 1
1482921717031 8 3
1482921718335 5 1
1482921719202 6 -3
1482921720395 4 3
1482921725551 8 -2
1482921729454 2 2
1482921730374 7 2
1482921732327 4 -2
1482921733118 6 1
1482921735942 5 -1
1482921736663 8 -1
1482921737806 9 -1
1482921739014 3 3
1482921740173 7 1
1482921742674 7 -3
1482921744022 7 3
1482921744877 1 -1
1482921747429 2 -1
1482921748165 6 1
1482921748869 6 -1
1482921751142 0 1
1482921752165 5 -3
1482921753161 10 -1
1482921754101 6 -1
1482921755085 9 -1
1482921756299 2 3
1482921760094 4 1
1482921761840 0 -1
1482921762885 1 1
1482921764174 7 -2
1482921765325 4 -1
1482921767308 3 -3
1482921768926 2 -4
1482921770218 6 3
1482921772236 9 2
1482921773879 8 3
1482921774943 1 3
1482921778452 0 1
1482921784205 6 -3
1482921785917 4 2
1482921787019 0 2
1482921789269 5 1
1482921791250 7 -1
1482921795204 7 1
1482921800021 0 -1
1482921803459 2 2
1482921804956 7 1
1482921805843 5 -1
1482921806812 5 1
1482921807610 7 -2
1482921808963 2 -2
1482921809963 0 1
1482921811171 0 -2
1482921813428 4 -3
1482921814460 0 2
1482921818089 6 3
1482921820148 1 -3
1482921821373 6 -3
1482921822819 9 -2
1482921823487 8 -3
1482921824814 3 3
1482921828198 0 2
