1481745295651 7 2
1481745304890 7 -3
1481745310313 7 3
1481745322934 7 -3
1481745326314 4 -3
1481745328104 2 -1
1481745329415 3 -1
1481745332389 9 -1
1481745335601 6 3
1481745337822 1 1
1481745341796 9 1
1481745343243 9 -1
1481745346138 1 -1
1481745347368 6 -3
1481745349175 3 3
1481745355961 6 2
1481745359132 3 -2
1481745360332 3 -1
1481745360906 2 1
1481745361493 4 1
1481745362545 7 2
1481745365150 6 1
1481745367441 5 -1
1481745370371 8 2
1481745371899 9 1
1481745373985 10 1
1481745375200 5 1
1481745376586 1 1
1481745378201 7 -2
1481745379041 R
1481745386843 7 -1
1481745389306 4 -3
1481745392106 9 -1
1481745393649 3 2
1481745394865 2 -1
1481745399197 3 -3
1481745400631 6 3
1481745401544 1 1
1481745404540 4 1
1481745405388 2 1
1481745406708 7 2
1481745410502 8 2
1481745412380 5 -1
1481745413932 9 1
1481745415936 10 1
1481745419208 5 1
1481745419974 5 -1
1481745420985 8 -3
1481745421925 10 -1
1481745423182 9 -1
1481745426759 7 -2
1481745428104 1 -1
1481745428807 2 -1
1481745429495 4 -1
1481745430454 6 -2
1481745431292 3 3
1481745438345 8 2
1481745439304 5 1
1481745442766 2 2
1481745444050 4 1
1481745444918 R
1481745456089 3 -1
1481745457858 3 1
1481745470690 2 -1
1481745471423 3 -1
1481745472379 4 -2
1481745473426 9 -1
1481745474706 3 3
1481745476770 2 2
1481745478081 4 1
1481745479269 7 -1
1481745480235 4 -2
1481745487216 2 -2
1481745488509 6 2
1481745490282 3 -3
1481745491140 6 1
1481745494022 1 1
1481745494839 4 1
1481745495430 2 1
1481745496179 7 2
1481745497917 1 -1
1481745498847 1 1
1481745499653 9 1
1481745503134 5 -1
1481745504363 10 1
1481745505800 8 2
1481745510760 7 -2
1481745511680 4 -1
1481745512485 2 -1
1481745515042 10 -1
1481745515969 9 -1
1481745517159 1 -1
1481745517924 6 -2
1481745522114 8 -3
1481745523259 3 3
1481745527020 2 2
1481745528071 4 1
1481745528778 7 3
1481745529641 1 -1
1481745548279 1 1
1481745555688 7 -3
1481745558495 4 -1
1481745559812 2 -2
1481745571757 6 1
1481745575001 3 -3
1481745576881 6 1
1481745577594 9 1
1481745578985 10 1
1481745579870 1 1
1481745584237 10 -1
1481745587068 4 1
1481745587845 2 1
1481745588804 R
1481745657779 7 -1
1481745659615 7 3
1481745660781 1 -1
1481745662109 0 2
1481745672480 R
1481745681560 4 -1
1481745682617 4 -1
1481745683710 9 -1
1481745686949 3 2
1481745688874 7 2
1481745689881 1 -1
1481745693272 1 1
1481745694566 7 -3
1481745697364 2 -1
1481745698113 4 -1
1481745701599 3 -3
1481745703469 6 3
1481745705043 1 1
1481745706473 9 1
1481745708345 5 -1
1481745712420 8 -1
1481745713254 10 1
1481745715351 1 -1
1481745716700 R
1481745726406 4 -2
1481745727487 7 2
1481745728783 1 -1
1481745730009 1 1
1481745730952 7 -3
1481745735699 6 2
1481745737039 5 -1
1481745738760 4 -1
1481745739357 2 -1
1481745740747 9 -1
1481745741796 3 2
1481745745215 2 1
1481745745750 4 1
1481745746417 7 3
1481745748011 1 -1
1481745748708 0 1
1481745750097 6 -1
1481745751630 2 1
1481745755309 5 -3
1481745759552 8 -1
1481745760214 10 -1
1481745760867 6 -1
1481745762826 4 1
1481745764474 9 -1
1481745765312 2 2
1481745772593 2 -2
1481745776649 3 -2
1481745777798 9 2
1481745779097 4 2
1481745780162 0 1
1481745784989 4 -1
1481745789165 2 -1
1481745790089 2 1
1481745791875 4 1
1481745795245 R
1481745799571 4 -2
1481745800299 9 -1
1481745801396 3 2
1481745803303 7 2
1481745804473 1 -1
1481745805571 0 1
1481745808539 6 2
1481745809731 5 -4
1481745810840 6 -2
1481745811880 10 -1
1481745812816 9 -1
1481745818616 9 1
1481745820034 3 -2
1481745820849 9 1
1481745822375 4 2
1481745823112 8 -1
1481745824939 4 1
1481745827612 4 -3
1481745828983 9 -2
1481745832355 4 1
1481745833861 2 3
1481745835540 4 -1
1481745838460 2 -3
1481745840215 3 2
1481745845357 5 1
1481745847994 2 3
1481745853699 R
1481745855480 7 -1
1481745857251 4 -2
1481745858985 9 -1
1481745862157 6 2
1481745864376 5 -1
1481745866189 8 -1
1481745867920 6 -1
1481745870040 7 3
1481745871491 1 -1
1481745873451 0 1
1481745879227 3 2
1481745880351 2 1
1481745884257 0 -1
1481745885175 1 1
1481745888238 7 -3
1481745889989 2 -2
1481745890788 4 -1
1481745894529 3 -3
1481745896168 6 2
1481745899121 4 1
1481745899990 2 1
1481745902509 6 -2
1481745904154 4 -1
1481745907618 4 1
1481745909548 7 2
1481745910964 9 1
1481745912296 9 -1
1481745913777 3 3
1481745915368 2 1
1481745916627 7 -2
1481745917546 4 -1
1481745921504 4 1
1481745922313 7 3
1481745923232 1 -1
1481745924060 0 1
1481745928895 5 -3
1481745933234 6 -1
1481745938655 10 -1
1481745940240 9 -1
1481745941629 2 2
1481745945007 2 -3
1481745945853 9 1
1481745947432 9 -1
1481745949057 3 -2
1481745950642 9 2
1481745951955 4 3
1481745953065 0 1
1481745957508 5 1
1481745962963 4 -1
1481745965306 R
1481745972647 7 2
1481745976401 1 -1
1481745978511 0 2
1481745981265 0 -1
1481745982080 4 -2
1481745983054 9 -1
1481745984419 3 2
1481745989972 6 2
1481745991638 5 -4
1481745992979 10 -1
1481745994212 8 -1
1481745995320 6 -2
1481745996266 9 -1
1481746004718 2 3
1481746005712 4 1
1481746008537 4 -1
1481746009198 4 1
1481746011341 U
1481746012023 U
1481746012690 U
1481746014032 U
1481746015028 U
1481746015640 U
1481746016183 U
1481746016598 U
1481746016842 U
1481746017039 U
1481746019844 0 -1
1481746020692 1 1
1481746021760 7 -3
1481746023952 2 -1
1481746024720 4 -1
1481746034276 2 2
1481746035187 4 2
1481746036490 7 3
1481746039291 7 -3
1481746040622 2 -2
1481746041431 4 -2
1481746045105 6 2
1481746046792 3 -3
1481746047654 6 1
1481746048768 1 1
1481746049768 9 1
1481746051350 10 1
1481746052166 5 -1
1481746053068 10 -1
1481746053533 5 1
1481746055089 8 2
1481746058359 5 -1
1481746060012 10 1
1481746060826 10 -1
1481746062052 5 1
1481746063605 1 -1
1481746067129 6 -3
1481746069111 8 -2
1481746070854 9 -1
1481746071729 3 3
1481746077275 2 2
1481746078091 4 2
1481746078889 7 3
1481746079858 1 -1
1481746082249 4 -1
1481746082985 4 1
1481746085432 3 -2
1481746086485 9 1
1481746087346 4 1
1481746088445 0 2
1481746096646 8 2
1481746097306 8 -2
1481746102272 R
1481746108807 8 2
1481746110379 4 -2
1481746111263 6 2
1481746114140 6 -2
1481746117255 8 -2
1481746118731 4 2
1481746120411 7 2
1481746121565 1 -1
1481746124920 0 2
1481746126484 0 -2
1481746127457 4 -2
1481746128452 6 2
1481746129327 0 1
1481746130500 5 -4
1481746135625 6 -2
1481746137002 4 2
1481746137968 0 1
1481746140064 2 1
1481746147698 8 2
1481746149058 10 -1
1481746151136 8 -3
1481746153303 2 -1
1481746155576 R
1481746158205 7 -1
1481746162018 4 -2
1481746163667 9 -1
1481746165169 3 2
1481746168280 2 -1
1481746169365 4 -1
1481746170210 3 -3
1481746171002 9 1
1481746172170 4 3
1481746175100 4 -3
1481746177202 8 2
1481746178512 10 1
1481746180542 6 3
1481746183632 1 1
1481746185522 10 -1
1481746186864 8 -2
1481746189007 4 1
1481746189708 2 1
1481746191179 9 -1
1481746193087 1 -1
1481746193901 6 -3
1481746194747 3 3
1481746200328 7 3
1481746206270 3 -2
1481746207118 9 1
1481746210056 1 -1
1481746211031 0 1
1481746211760 4 2
1481746217030 0 1
1481746217919 2 1
1481746219708 2 -1
1481746224447 U
1481746226056 U
1481746229304 U
1481746232113 4 -2
1481746232815 6 2
1481746233917 5 -4
1481746235688 6 -2
1481746239164 4 2
1481746240127 0 1
1481746245105 10 -1
1481746248226 8 -1
1481746249512 4 1
1481746263524 0 -1
1481746267419 0 -1
1481746268297 1 1
1481746269599 7 -2
1481746271893 6 2
1481746272694 6 -2
1481746274214 2 -1
1481746276689 4 -3
1481746277722 9 -2
1481746283417 2 4
1481746287121 4 1
1481746287787 7 2
1481746288907 1 -1
1481746290951 0 1
1481746291634 4 -1
1481746292902 4 1
1481746293687 0 -1
1481746294888 1 1
1481746297546 2 -3
1481746299029 4 -1
1481746299885 6 2
1481746301767 9 2
1481746303917 10 2
1481746305005 1 -1
1481746306654 1 1
1481746307345 7 -2
1481746309724 2 -1
1481746311442 6 -2
1481746312470 10 -2
1481746313559 9 -2
1481746314743 3 2
1481746316808 2 4
1481746319597 4 1
1481746320266 7 2
1481746326659 7 -2
1481746327798 4 -1
1481746328888 4 1
1481746330810 2 -4
1481746333441 9 1
1481746334660 4 -1
1481746335875 6 2
1481746337776 6 -2
1481746338571 9 -1
1481746346072 2 4
1481746347694 4 1
1481746349210 7 2
1481746352459 1 -1
1481746354246 4 -1
1481746355931 6 2
1481746357041 6 -2
1481746357974 0 1
1481746364749 6 2
1481746365931 5 2
1481746372543 5 -2
1481746373185 0 -1
1481746374510 1 1
1481746375341 6 -2
1481746376791 4 1
1481746377905 7 -2
1481746383462 4 -1
1481746388839 6 2
1481746390681 7 2
1481746393067 1 -1
1481746399185 6 -2
1481746405472 2 -3
1481746406728 9 1
1481746409251 8 2
1481746410380 10 1
1481746411072 6 2
1481746411831 0 1
1481746412415 5 2
1481746414213 5 2
1481746415755 0 -1
1481746418691 1 1
1481746419613 7 -3
1481746422682 6 -2
1481746423689 2 -1
1481746424268 4 -1
1481746428519 3 -3
1481746434499 6 3
1481746435486 1 1
1481746436955 9 1
1481746438799 5 -1
1481746439793 10 1
1481746443517 5 1
1481746444548 8 -1
1481746446408 1 -1
1481746448691 4 1
1481746449358 2 1
1481746450989 6 -3
1481746452343 10 -1
1481746453114 9 -1
1481746454361 3 3
1481746455284 2 -1
1481746456521 2 2
1481746457807 2 -1
1481746462385 3 -3
1481746463047 9 1
1481746464147 4 2
1481746472350 7 2
1481746474451 7 -2
1481746476530 4 -2
1481746477293 6 3
1481746478501 1 1
1481746479811 10 1
1481746482800 5 -1
1481746483522 10 -1
1481746485439 1 -1
1481746486191 6 -2
1481746488435 2 1
1481746489526 2 -2
1481746492755 9 -1
1481746493328 3 3
1481746497939 2 2
1481746499239 4 -1
1481746501684 4 1
1481746502527 7 3
1481746504503 1 -1
1481746505220 0 1
1481746507262 5 -3
1481746508319 8 -1
1481746508972 10 -1
1481746509524 6 -1
1481746510412 9 -1
1481746513119 4 1
1481746515707 0 -1
1481746516351 1 1
1481746517052 7 -2
1481746519803 9 1
1481746521757 4 -1
1481746522473 2 -2
1481746525076 6 2
1481746528181 2 1
1481746528690 7 2
1481746529439 1 -1
1481746530274 0 1
1481746531008 6 -2
1481746535044 9 -1
1481746536673 2 3
1481746538801 4 1
1481746540620 0 -1
1481746541220 1 1
1481746542164 7 -2
1481746544488 4 -1
1481746545751 2 -4
1481746546683 9 1
1481746549309 4 1
1481746551984 9 -1
1481746554536 3 -3
1481746557551 2 4
1481746559374 4 -1
1481746560466 6 3
1481746562590 7 1
