1482712031458 10 -1
1482712032232 9 -1
1482712033945 7 -1
1482712034779 12 -1
1482712035710 4 1
1482712037328 3 1
1482712039571 2 -1
1482712040515 7 -1
1482712042300 12 -1
1482712043110 4 -2
1482712043838 3 1
1482712045107 11 1
1482712046831 12 2
1482712047450 7 2
1482712048213 2 1
1482712049136 7 -1
1482712050956 0 1
1482712053396 2 -2
1482712054373 7 -1
1482712055794 11 1
1482712059633 8 -2
1482712061954 6 1
1482712063896 9 2
1482712064881 10 2
1482712065864 9 -1
1482712067320 9 1
1482712068034 1 1
1482712068978 2 -2
1482712070649 8 -1
1482712072283 11 -1
1482712073199 7 2
1482712075733 0 -1
1482712078003 7 -2
1482712078934 11 1
1482712079743 12 -1
1482712081849 11 -1
1482712082729 11 -1
1482712083464 3 -3
1482712084456 9 1
1482712085365 6 1
1482712086552 4 2
1482712088601 5 2
1482712090289 10 -1
1482712091217 5 -2
1482712093508 6 -2
1482712096090 12 -1
1482712100312 6 3
1482712101140 1 1
1482712102530 1 -1
1482712103059 10 1
1482712104071 1 1
1482712106826 1 -1
1482712107451 1 1
1482712108121 9 -1
1482712109075 3 1
1482712111018 6 -1
1482712111688 12 1
1482712112551 7 1
1482712113117 3 -1
1482712115120 9 1
1482712116097 1 -1
1482712117043 10 -1
1482712118002 1 1
1482712118853 10 1
1482712121363 5 2
1482712122163 1 1
1482712122962 10 1
1482712123958 11 -2
1482712126991 0 2
1482712128677 2 1
1482712131546 0 -1
1482712133520 7 -1
1482712134330 12 -1
1482712135315 6 1
1482712137407 0 2
1482712138544 11 2
1482712139282 1 -2
1482712140725 10 -3
1482712141524 5 -2
1482712142055 0 2
