1479410081395 3 1
1479410085944 3 -1
1479410088090 7 -1
1479410089579 12 -1
1479410090932 4 1
1479410098729 8 1
1479410101897 9 1
1479410103043 1 1
1479410109764 1 -1
1479410111703 R
1479410125289 10 -1
1479410129142 9 -1
1479410136302 7 -1
1479410138118 12 -1
1479410140778 4 1
1479410150339 4 -2
1479410151583 3 2
1479410153107 11 1
1479410154596 0 2
1479410158706 2 -2
1479410160133 7 -1
1479410164414 11 1
1479410166597 8 -2
1479410191005 R
1479410199787 7 -1
1479410201018 3 1
1479410203852 12 -1
1479410205909 4 1
1479410207505 8 1
1479410211873 2 -1
1479410213154 7 -1
1479410216056 12 -1
1479410220082 3 -1
1479410223449 8 -1
1479410230450 R
1479410233243 10 -1
1479410234915 9 -1
1479410238793 3 1
1479410247333 4 -1
1479410248272 3 1
1479410249735 11 1
1479410251017 2 -1
1479410253603 7 -2
1479410257980 11 1
1479410260139 8 -2
1479410264335 0 2
1479410266201 2 -1
1479410285729 12 -1
1479410289560 R
1479410295157 7 -1
1479410296146 12 -1
1479410297621 4 1
1479410304171 8 1
1479410325873 R
1479410330725 3 1
1479410332129 4 -1
1479410333397 3 1
1479410337104 11 1
1479410338922 0 1
1479410341190 2 -2
1479410343753 7 -2
1479410345044 11 1
1479410347460 8 -2
1479410364855 9 1
1479410366830 10 -1
1479410368927 9 -2
1479410371003 R
1479410409096 7 -1
1479410411095 12 -1
1479410412583 4 1
1479410415400 8 1
1479410420053 9 1
1479410422843 10 -1
1479410424501 9 -2
1479410434771 R
1479410450677 3 1
1479410452470 2 -1
1479410454370 7 -2
1479410457496 12 -2
1479410459021 4 1
1479410465083 8 1
1479410467607 10 -1
1479410469425 9 -1
1479410520707 R
1479410534674 3 1
1479410536845 4 -1
1479410543920 2 -1
1479410545395 3 1
1479410547408 11 1
1479410550286 7 -2
1479410553579 12 -2
1479410557496 12 2
1479410559741 11 1
1479410563779 0 1
1479410564779 10 -1
1479410566255 9 -1
1479410571281 0 1
1479410572561 8 -2
1479410574379 2 -1
1479410582612 6 1
1479410587905 8 1
