1479982580858 4 -1
1479982581463 3 2
1479982581993 11 1
1479982583079 0 1
1479982585687 10 -1
1479982586257 9 -1
1479982587324 0 1
1479982589365 0 -2
1479982592598 0 2
1479982594503 2 -1
1479982594936 7 -2
1479982595349 11 1
1479982595894 8 -2
1479982599580 0 -2
1479982606156 8 2
1479982606867 11 -2
1479982607544 7 2
1479982609414 11 1
1479982609875 0 2
1479982610513 2 -1
1479982611137 7 -2
1479982613216 11 1
1479982613936 0 -1
1479982614581 9 1
1479982615478 10 1
1479982617456 8 -1
1479982617892 8 -1
1479982618221 9 1
1479982618851 1 1
1479982619607 2 -2
1479982622280 0 -1
1479982622631 8 -1
1479982623341 11 -2
1479982623893 3 -3
1479982625305 9 2
1479982631584 9 -1
1479982632171 12 -2
1479982632739 6 3
1479982633174 4 2
1479982634204 5 2
1479982634859 10 2
1479982635372 1 2
1479982636160 11 -2
1479982636814 0 3
1479982638608 11 2
1479982639519 1 -2
1479982639938 10 -2
1479982640586 5 -2
1479982641179 0 2
