1483907796745 2 -1
1483907799068 7 -2
1483907801332 12 -1
1483907803233 12 -1
1483907806372 3 1
1483907809700 4 1
1483907811011 8 1
1483907812365 9 1
1483907813912 1 1
1483907815812 5 1
1483907817348 3 -1
1483907822082 12 1
1483907823177 7 1
1483907824331 2 1
1483907826181 1 -1
1483907827490 10 -1
1483907829031 9 -2
1483907830738 8 -1
1483907832234 4 -1
1483907833668 3 1
1483907835126 2 -1
1483907836734 7 -1
1483907837829 12 -1
1483907841842 5 -1
1483907843015 4 -1
1483907844214 3 1
1483907845719 11 1
1483907846742 0 2
1483907848657 2 -1
1483907851758 0 -1
1483907853590 9 1
1483907856645 12 1
1483907857661 11 1
1483907859163 8 -2
1483907862381 12 1
1483907864009 9 1
1483907866406 9 -2
1483907867803 8 2
1483907869005 11 -1
1483907870348 0 1
1483907874310 12 -2
1483907875884 2 1
1483907879428 0 -2
1483907880460 11 -1
1483907881599 3 -2
1483907883084 4 2
1483907885415 5 2
1483907887368 9 1
1483907888747 10 1
1483907891725 3 1
1483907893010 12 1
1483907895727 5 -2
1483907896770 4 -2
1483907898401 3 1
1483907899443 12 1
1483907900957 11 2
1483907902446 0 1
1483907903708 2 -1
1483907905300 11 -1
1483907907003 7 2
1483907910025 10 -1
1483907911096 9 -1
1483907913613 7 -1
1483907914869 7 -1
1483907915934 11 1
1483907917042 8 -2
1483907918981 9 2
1483907920074 1 1
1483907921313 10 1
1483907922729 2 -2
1483907924026 0 -1
1483907925049 8 -1
1483907927284 11 -2
1483907928469 3 -3
1483907930137 9 2
1483907932308 6 2
1483907934632 9 -2
1483907935993 12 -2
1483907937760 6 1
1483907938957 4 2
1483907939922 9 1
1483907941864 5 2
1483907942994 1 1
1483907944062 1 1
1483907944965 10 2
1483907946545 11 -2
1483907948035 0 3
1483907949628 8 1
1483907950729 2 2
1483907951751 11 1
1483907955484 2 -1
1483907956740 8 -1
1483907957780 11 1
1483907958805 1 -2
1483907960125 10 -3
1483907961955 5 -2
1483907963753 0 1
1483907965364 0 1
