1482808325092 2 -1
1482808326046 7 -2
1482808327069 12 -2
1482808327942 4 1
1482808328726 8 1
1482808331528 9 1
1482808332353 10 -1
1482808333358 9 -2
1482808335632 8 -1
1482808336561 4 -2
1482808337211 3 2
1482808338105 11 1
1482808338879 0 2
1482808339776 2 -1
1482808341262 12 2
1482808342004 11 1
1482808343399 8 -2
1482808345942 6 1
1482808346904 0 -1
1482808347577 9 2
1482808348376 10 2
1482808349811 1 1
1482808350832 2 -2
1482808351715 8 -1
1482808352608 11 -1
1482808353425 12 -2
1482808355297 0 -1
1482808355991 11 -1
1482808356689 3 -3
1482808357877 4 2
1482808358637 6 2
1482808359361 9 1
1482808360609 1 1
1482808361186 10 -1
1482808362196 5 2
1482808362795 1 1
1482808363456 10 2
1482808364318 11 -2
1482808365323 0 3
1482808367203 11 2
1482808367895 1 -2
1482808368707 10 -2
1482808369541 5 -2
1482808370440 0 2
