1482808132353 10 -1
1482808134165 9 -1
1482808140797 7 -1
1482808141669 12 -1
1482808142515 4 1
1482808143783 8 1
1482808146412 3 1
1482808150778 3 -1
1482808154810 R
1482808157873 7 -1
1482808159098 12 -1
1482808164062 4 -1
1482808166784 3 2
1482808170542 11 1
1482808172390 0 1
1482808174868 2 -2
1482808176462 7 -1
1482808177774 11 1
1482808179369 8 -2
1482808188336 10 -1
1482808189310 9 -1
1482808190745 0 1
1482808193625 8 2
1482808194939 11 -1
1482808196061 7 1
1482808197239 2 2
1482808205535 2 -2
1482808206545 7 -1
1482808207533 11 1
1482808208997 8 -2
1482808216305 12 1
1482808219063 6 1
1482808224169 R
1482808228202 10 -1
1482808229413 9 -1
1482808234205 2 -1
1482808236142 7 -2
1482808237258 3 1
1482808241234 12 -2
1482808242123 4 1
1482808245178 8 1
1482808254960 3 -1
1482808259436 R
1482808265956 2 -1
1482808266972 7 -2
1482808268365 12 -2
1482808269637 4 1
1482808271275 3 1
1482808273091 12 1
1482808277656 R
1482808282947 10 -1
1482808284197 9 -1
1482808293094 7 -1
1482808294181 12 -1
1482808295356 4 1
1482808296581 8 1
1482808298337 9 2
1482808299594 1 1
1482808300331 10 1
1482808301999 2 -1
1482808303344 7 -1
1482808304416 12 -1
1482808309579 1 -1
1482808310352 9 -1
1482808311277 10 -1
1482808312193 9 -1
1482808326895 8 -1
1482808329537 R
1482808331098 10 -1
1482808331916 9 -1
1482808341489 7 -1
1482808342562 12 -1
1482808343275 4 1
1482808344180 8 1
1482808346384 3 1
1482808353702 R
1482808367069 4 -1
1482808367767 3 2
1482808368867 11 1
1482808369917 0 1
1482808373187 10 -1
1482808374169 9 -1
1482808375169 0 1
1482808378049 2 -2
1482808379063 7 -2
1482808380163 12 -2
1482808386996 R
1482808392042 4 -1
1482808392968 3 2
1482808394637 11 1
1482808397967 10 -1
1482808398728 9 -1
1482808401045 R
1482808405038 10 -1
1482808407287 4 -1
1482808408636 3 2
1482808410884 2 -1
1482808411559 7 -2
1482808412567 11 2
1482808413922 9 -1
1482808414938 8 -2
1482808418272 12 -1
1482808430074 0 2
1482808432106 2 -1
1482808433835 2 1
1482808434587 0 -2
