1482808365623 10 -1
1482808367227 7 -1
1482808367905 12 -1
1482808368706 4 1
1482808369889 9 -1
1482808371880 8 1
1482808373891 2 -1
1482808374605 7 -1
1482808375610 12 -1
1482808377539 3 1
1482808378956 8 -1
1482808380279 4 -2
1482808381431 3 1
1482808382592 11 1
1482808383707 0 2
1482808386394 2 -1
1482808392204 2 1
1482808395161 0 -1
1482808397110 2 -1
1482808398287 12 2
1482808399561 11 1
1482808400529 0 1
1482808401299 8 -2
1482808403438 12 -1
1482808407744 0 -1
1482808408769 9 2
1482808409782 6 1
1482808411588 1 1
1482808412450 10 2
1482808413439 2 -2
1482808414346 8 -1
1482808416560 11 -1
1482808418982 12 1
1482808423112 12 -2
1482808429275 12 2
1482808430988 11 1
1482808434223 0 -1
1482808434979 11 -2
1482808435675 3 -3
1482808436843 9 2
1482808437626 6 1
1482808438394 4 1
1482808443836 1 1
1482808447193 4 -1
1482808448185 9 -2
1482808450646 12 -2
1482808451414 6 1
1482808452292 4 2
1482808453344 5 2
1482808454162 1 1
1482808454861 10 1
1482808455853 11 -2
1482808456903 0 1
1482808457916 9 1
1482808458838 0 2
1482808460315 11 2
1482808461645 1 -2
1482808462662 10 -2
1482808463785 5 -2
1482808464469 0 2
