1482285775135 10 -1
1482285776826 9 -1
1482285783626 7 -1
1482285785176 12 -1
1482285786603 4 1
1482285788857 8 1
1482285790579 9 2
1482285792723 1 1
1482285796341 1 -1
1482285809563 3 1
1482285814607 9 -2
1482285818159 R
1482285831875 2 -1
1482285833365 7 -2
1482285837704 4 -1
1482285839143 3 2
1482285840727 11 2
1482285844769 8 -2
1482285850849 10 -1
1482285852309 9 -1
1482285866404 8 2
1482285867724 11 -2
1482285869244 3 -2
1482285871506 4 1
1482285872610 12 -2
1482285874152 4 1
1482285876248 8 1
1482285902481 3 1
1482285903400 12 1
1482285910812 3 -1
1482285912561 R
1482285933084 4 -1
1482285934785 3 2
1482285936515 2 -1
1482285937825 7 -2
1482285940081 11 2
1482285944237 8 -2
1482285945843 0 1
1482285947047 9 1
1482285947871 1 1
1482285949613 2 -3
1482285957412 8 -1
1482285958788 11 -1
1482285960558 12 -2
1482285964462 6 1
1482285969088 R
1482285993405 7 -1
1482285994729 12 -1
1482285995978 4 1
1482286002676 8 1
1482286007526 9 1
1482286015020 1 1
1482286018782 1 -1
1482286025233 3 1
1482286026335 9 -1
1482286027445 8 -1
1482286029023 4 -2
1482286037689 2 -1
1482286039393 7 -1
1482286044001 3 1
1482286048862 11 2
1482286051126 8 -2
1482286054220 0 1
1482286056930 9 1
1482286058078 1 1
1482286059836 2 -3
1482286064298 8 -1
1482286065638 0 -1
1482286067449 11 -2
1482286069809 3 -3
1482286071664 12 -1
1482286081463 3 3
1482286092150 3 -3
1482286094826 6 3
1482286096911 1 1
1482286101794 1 -1
1482286105272 4 2
1482286106574 9 1
1482286110462 5 2
1482286111964 1 2
1482286113312 10 2
1482286114698 11 -2
1482286116484 0 3
1482286121455 11 2
1482286122353 1 -2
1482286123185 10 -2
1482286124291 5 -2
1482286125325 0 2
