1479678059224 10 1
1479678061806 2 -1
1479678063959 6 -2
1479678065464 7 -2
1479678066333 5 2
1479678067556 4 3
1479678069477 8 1
1479678071900 10 2
1479678073466 9 1
1479678075314 2 1
1479678077799 0 2
1479678079279 1 4
1479678082605 0 -2
1479678083536 3 -3
1479678084759 2 -3
1479678086338 7 -2
1479678087526 9 -3
1479678088858 10 -3
1479678090449 4 -2
1479678092480 5 -1
1479678093764 6 3
1479678094879 4 1
1479678096859 10 2
1479678099967 10 -2
1479678101106 6 -3
1479678102476 4 1
1479678103357 5 1
1479678104960 10 3
1479678106354 0 3
1479678107676 10 -3
1479678108605 4 -2
1479678109743 5 -1
1479678110503 6 3
1479678111923 0 1
1479678113219 0 1
