1482501472839 9 1
1482501474164 6 1
1482501476592 8 1
1482501481565 9 -1
1482501483730 8 -1
1482501485125 5 -1
1482501487476 9 2
1482501490989 6 -3
1482501492978 7 -2
1482501494023 9 -2
1482501498157 4 2
1482501502976 5 3
1482501505932 10 3
1482501510747 0 1
1482501511742 3 -1
1482501512590 2 -1
1482501513880 7 -2
1482501526604 8 -3
1482501529100 0 -1
1482501532133 10 -1
1482501534553 5 -3
1482501537811 4 1
1482501539798 9 2
1482501541806 7 2
1482501545153 9 -2
1482501550128 4 -1
1482501551727 6 3
1482501553454 3 2
1482501556334 2 2
1482501558555 5 2
1482501568544 5 -2
1482501570055 6 -1
1482501570796 5 3
1482501572669 10 1
1482501573725 0 1
1482501575230 9 -2
1482501579176 0 1
1482501585205 1 4
1482501588631 8 4
1482501591440 R
1482501597261 6 -2
1482501598550 7 -2
1482501600111 5 2
1482501604023 4 2
1482501605633 10 2
1482501607641 10 1
1482501614064 0 1
1482501617202 3 -1
1482501618646 2 -1
1482501622255 3 1
1482501623065 2 1
1482501624352 0 -1
1482501625425 0 1
1482501626284 3 -1
1482501627582 2 -1
1482501628927 7 -2
1482501633434 4 1
1482501634496 9 1
1482501635735 0 2
1482501636935 10 -1
1482501638029 5 -2
1482501639909 5 -1
1482501643148 1 3
1482501644454 3 -2
1482501645703 2 -2
1482501646973 10 -2
1482501653995 9 1
1482501656804 6 1
1482501662414 10 2
1482501663644 3 2
1482501664580 2 2
1482501668296 9 -1
1482501670257 5 3
1482501674032 10 1
1482501675924 6 -1
1482501677661 3 -2
1482501678335 2 -2
1482501680880 0 -1
1482501681786 7 2
1482501683308 6 1
1482501687416 0 -2
1482501691463 9 -2
1482501693345 0 1
1482501695725 0 -1
1482501697472 10 -3
1482501699296 6 -1
1482501700106 7 -2
1482501701362 5 -1
1482501702563 5 -2
1482501711772 9 3
1482501727847 9 -4
1482501728940 5 3
1482501730968 10 3
1482501732617 0 3
1482501733592 10 -2
1482501741904 5 -3
1482501742909 4 -2
1482501744022 6 3
1482501746176 0 2
