1482501677840 7 -2
1482501691130 5 2
1482501693978 4 2
1482501695297 10 2
1482501696938 10 1
1482501702308 0 1
1482501707518 8 -2
1482501711982 8 -1
1482501719541 2 -1
1482501720995 3 -1
1482501722926 7 -2
1482501727537 6 -2
1482501730968 4 1
1482501734918 9 1
1482501736274 0 2
1482501737656 10 -1
1482501740226 5 -3
1482501741959 9 1
1482501744030 9 -1
1482501749353 1 3
1482501750734 8 3
1482501752378 3 -2
1482501753389 2 -1
1482501755076 2 -1
1482501759871 10 -2
1482501762876 1 -1
1482501764984 8 -1
1482501774460 5 3
1482501776329 10 3
1482501778148 1 2
1482501779590 8 2
1482501784434 6 1
1482501786318 6 -1
1482501788123 0 -2
1482501789271 0 -1
1482501792778 9 -3
1482501794047 10 -3
1482501797577 1 -1
1482501798785 8 -1
1482501802428 5 -2
1482501805277 4 -2
1482501807108 6 3
1482501808356 7 4
1482501811845 5 -1
1482501819158 7 -2
1482501821573 4 1
1482501823247 10 2
1482501825528 9 2
1482501827098 3 3
1482501828743 3 1
1482501830500 2 1
1482501833096 2 3
1482501834942 10 -2
1482501838354 9 -2
1482501839650 4 -1
1482501841580 7 2
1482501844317 9 2
1482501848816 9 -2
1482501850577 7 -2
1482501852394 4 1
1482501854272 10 2
1482501856452 6 -1
1482501858160 5 3
1482501859338 10 1
1482501861066 0 2
1482501869366 0 -2
1482501871353 0 2
1482501872596 1 -3
1482501874062 8 -3
1482501878286 0 -2
1482501882682 10 -3
1482501884041 4 -3
1482501886799 7 1
1482501895519 10 3
1482501898675 0 3
1482501899921 10 -3
1482501901219 5 -3
1482501902988 7 1
1482501904183 6 1
1482501905445 0 1
1482501906749 0 1
