1482900862601 8 1
1482900887168 7 -2
1482900888908 4 2
1482900890150 10 2
1482900891994 5 2
1482900893042 10 1
1482900893908 0 1
1482900897068 2 -1
1482900898498 3 -1
1482900901938 6 -2
1482900905401 7 -2
1482900907547 4 1
1482900909221 9 1
1482900910668 0 2
1482900912079 10 -1
1482900913643 5 -2
1482900917287 6 1
1482900919843 1 3
1482900920824 2 -2
1482900921540 3 -2
1482900923264 10 -2
1482900928940 6 -1
1482900935779 1 -1
1482900937239 8 -2
1482900938607 5 -1
1482900942429 9 1
1482900952558 10 2
1482900953440 3 2
1482900955143 2 2
1482900958120 1 1
1482900958717 8 1
1482900959695 3 -2
1482900960862 2 -2
1482900962209 10 -2
1482900965401 10 2
1482900970032 3 2
1482900970924 2 2
1482900971876 8 -3
1482900972624 1 -3
1482900975970 9 -1
1482900977255 6 1
1482900979736 U
1482900981476 R
1482900985052 6 1
1482900991409 9 1
1482900993561 3 1
1482900994150 2 1
1482900996107 9 -3
1482901004424 5 -1
1482901022508 9 4
1482901033286 9 -2
1482901036116 7 -2
1482901037064 4 2
1482901041204 5 2
1482901045743 10 2
1482901050315 2 -2
1482901051597 3 -2
1482901053031 6 -3
1482901056591 5 -2
1482901058216 4 1
1482901059163 9 2
1482901070371 9 -2
1482901071183 7 -2
1482901073498 6 1
1482901075013 6 -1
1482901075914 4 -1
1482901076552 6 2
1482901078485 7 2
1482901080030 3 2
1482901081377 2 2
1482901083391 R
1482901093287 8 1
1482901099040 9 1
1482901103505 10 1
1482901104906 2 -1
1482901105916 3 1
1482901107600 9 -2
1482901109187 7 -2
1482901110525 4 2
1482901112932 5 2
1482901115468 10 2
1482901117221 0 1
1482901119284 8 -4
1482901138350 2 2
1482901139857 9 -1
1482901141765 0 1
1482901150549 1 4
1482901151570 8 4
1482901154582 0 -1
1482901156425 0 -1
1482901158389 9 1
1482901159354 9 1
1482901160157 10 -3
1482901161884 9 -2
1482901163055 10 2
1482901164314 10 1
1482901165659 0 2
1482901174546 8 -4
1482901175722 1 -3
1482901176985 1 -1
1482901183180 0 -2
1482901185229 10 -3
1482901186966 4 -3
1482901187733 5 -3
1482901200029 9 3
1482901200943 3 -1
1482901202218 2 -1
1482901207911 5 3
1482901209005 10 3
1482901210414 3 -1
1482901211303 2 -1
1482901216384 0 2
1482901220031 7 -2
1482901221690 0 1
1482901223611 10 -1
1482901224872 5 -3
1482901226033 6 1
1482901226998 0 3
