1482100948942 3 1
1482100949208 2 1
1482100949581 9 -2
1482100950686 8 1
1482100951479 6 1
1482100953988 7 -2
1482100954323 4 2
1482100955949 10 2
1482100957059 8 -1
1482100958393 5 1
1482100958708 6 -1
1482100959098 5 1
1482100959381 10 1
1482100959782 0 2
1482100960190 8 -3
1482101001859 1 4
1482101004237 8 4
1482101004639 0 -2
1482101005056 9 2
1482101005472 3 -4
1482101005898 2 -4
1482101006293 9 -2
1482101006645 7 -2
1482101007030 6 -2
1482101007517 10 -3
1482101008761 4 1
1482101010375 10 3
1482101014239 0 3
1482101014650 10 -3
1482101016209 1 -2
1482101016648 8 -2
1482101017801 4 -4
1482101018400 10 3
1482101019493 0 -1
1482101021910 7 3
1482101022279 6 2
1482101023799 0 1
1482101024208 10 -3
1482101025243 5 -3
1482101026774 7 1
1482101027189 6 1
1482101029012 7 -1
1482101029528 6 -1
1482101030269 5 3
1482101033417 10 3
1482101036604 6 -2
1482101039051 10 -3
1482101039514 4 2
1482101039943 1 2
1482101043359 5 -1
1482101044327 10 1
1482101044630 10 -1
1482101045052 1 -2
1482101045394 4 -2
1482101045783 5 -2
1482101046125 7 1
1482101047884 5 1
1482101048333 5 -1
1482101048875 7 -1
1482101049872 5 3
1482101050840 10 3
1482101051425 0 -1
1482101051762 7 -3
1482101052145 0 1
1482101052494 10 -3
1482101054878 4 4
1482101055233 1 2
1482101055710 8 2
1482101056144 10 3
1482101056643 0 -3
1482101057297 9 3
1482101057678 7 2
1482101058107 6 1
1482101058872 2 4
1482101059532 3 3
1482101060325 10 -3
1482101061464 9 -1
1482101062456 1 -1
1482101063692 10 3
1482101064178 1 1
1482101064567 0 1
1482101065179 8 -4
1482101066023 0 -1
1482101068354 10 -3
1482101069103 9 1
1482101069676 10 3
1482101070061 0 2
1482101070499 1 -4
1482101070974 0 -2
1482101071357 10 -3
1482101072069 5 -3
1482101072404 9 1
1482101075560 9 -2
1482101075980 4 -4
1482101076368 9 2
1482101076699 7 2
1482101077134 6 2
1482101078126 9 -1
1482101078460 7 -1
1482101081606 6 -1
1482101082154 5 3
1482101082663 10 3
1482101083161 0 3
1482101083530 10 -3
1482101084568 5 -3
1482101084996 6 1
1482101085337 0 3
