1481885974512 10 -1
1481885976936 4 1
1481885981881 4 -1
1481885982785 8 3
1481885985544 9 -1
1481885986984 3 2
1481885989312 4 1
1481885991664 7 1
1481885993808 7 -1
1481885994911 3 -3
1481885995761 8 -3
1481885996456 9 2
1481885997304 4 2
1481885998344 1 2
1481885999321 10 2
1481886002872 0 1
1481886003793 5 4
1481886004969 6 -1
1481886006664 0 1
1481886009481 6 1
1481886010952 7 -2
1481886013648 7 3
1481886014553 0 -2
1481886015000 6 -1
1481886015824 10 -3
1481886020592 10 3
1481886022736 1 -2
1481886024000 9 -1
1481886024937 4 -1
1481886026528 8 3
1481886028312 10 -3
1481886032400 9 -1
1481886032753 4 -1
1481886033376 3 3
1481886034369 3 -3
1481886034833 8 -3
1481886035416 9 2
1481886036064 4 2
1481886036680 1 2
1481886037336 10 3
1481886039592 0 2
1481886044592 0 -1
1481886045456 1 -1
1481886046936 1 -1
1481886047447 9 -1
1481886047794 4 -1
1481886048906 5 -3
1481886049666 8 3
1481886056296 5 3
1481886056720 0 -1
1481886057409 10 -3
1481886058129 7 -1
1481886058993 5 -1
1481886059689 4 -3
1481886063896 10 3
1481886065816 8 -3
1481886066544 9 1
1481886067489 1 2
1481886070544 0 2
1481886073800 0 -1
1481886077496 1 -2
1481886078001 9 -1
1481886078664 8 3
1481886081721 8 -3
1481886082288 9 1
1481886083722 1 2
1481886084865 0 1
1481886088330 R
1481886100354 10 -1
1481886102625 4 1
1481886103513 9 -1
1481886106681 3 -1
1481886107233 9 2
1481886108177 4 2
1481886109017 1 2
1481886111281 10 2
1481886114865 0 2
1481886116697 7 -2
1481886121241 7 3
1481886122073 5 4
1481886123289 6 -1
1481886124217 0 -2
1481886125377 10 -3
1481886130729 1 -2
1481886132297 1 1
1481886133057 4 -2
1481886134489 1 -1
1481886135666 9 -2
1481886137057 3 3
1481886141754 8 3
1481886143329 10 1
1481886144232 6 1
1481886145745 3 -3
1481886146409 8 -3
1481886147072 9 2
1481886147697 4 2
1481886148393 10 2
1481886150457 1 2
1481886151168 0 2
1481886153784 6 -1
1481886155209 6 1
1481886156144 5 -4
1481886159072 0 -1
1481886159896 0 -1
1481886161249 10 -2
1481886162456 1 -2
1481886163440 9 -2
1481886164641 9 2
1481886166025 9 -2
1481886166464 4 -2
1481886167288 8 3
1481886168352 9 1
1481886168729 4 1
1481886169519 10 2
1481886170425 0 1
1481886175056 0 -1
1481886175809 10 -2
1481886176857 7 -1
1481886177448 4 -3
1481886179608 9 -1
1481886181281 8 -3
1481886182009 9 2
1481886182528 1 2
1481886183664 10 2
1481886187136 1 -1
1481886188000 1 1
1481886188936 2 1
1481886189529 6 1
1481886191433 3 1
1481886192025 6 1
1481886192864 10 -3
1481886198216 8 1
1481886198713 6 1
1481886199169 2 -1
1481886199737 1 -2
1481886201312 4 2
1481886204145 4 -2
1481886204801 10 3
1481886205466 0 1
1481886209106 0 -1
1481886209714 10 -3
1481886211617 9 -2
1481886212657 8 2
1481886213617 3 2
1481886216153 4 2
1481886216977 7 1
1481886219153 7 -1
1481886220321 4 -2
1481886222498 3 -2
1481886223275 8 -2
1481886224330 9 2
1481886225250 1 2
1481886226298 10 3
1481886228329 0 2
1481886229153 7 -3
1481886232065 0 -2
1481886232865 10 -3
1481886233593 1 -2
1481886234281 9 -4
1481886235233 3 2
1481886236122 8 2
1481886236977 1 2
1481886237737 10 3
1481886238401 0 5
