1482718078550 4 -1
1482718081116 10 1
1482718082372 0 1
1482718085244 5 3
1482718092542 U
1482718095092 9 1
1482718097612 1 2
1482718103108 2 2
1482718104836 6 2
1482718112917 6 -2
1482718114211 2 -2
1482718115140 1 -2
1482718116411 9 -1
1482718121565 0 -1
1482718122556 10 -2
1482718124084 9 -1
1482718125340 3 2
1482718126796 8 3
1482718128716 8 -2
1482718129748 3 -1
1482718131116 3 -2
1482718133797 4 2
1482718135677 7 1
1482718136957 4 1
1482718137893 9 1
1482718139117 10 2
1482718140317 0 1
1482718148565 9 1
1482718149293 4 1
1482718150335 1 2
1482718151349 0 1
1482718153728 7 -3
1482718154742 5 1
1482718155629 6 -1
1482718167085 8 -1
1482718170477 7 2
1482718172671 5 1
1482718173734 5 1
1482718174646 0 -2
1482718176165 10 -3
1482718177437 1 -2
1482718178677 4 -4
1482718180365 10 3
1482718187239 9 -1
1482718189400 10 -3
1482718192693 9 -1
1482718194813 4 1
1482718196525 4 1
1482718198513 7 1
1482718200120 5 1
1482718204750 10 1
1482718207269 9 2
1482718208063 4 2
1482718209701 3 1
1482718210496 8 1
1482718211669 1 2
1482718215799 10 2
1482718217556 2 1
1482718219413 6 4
1482718223749 2 -1
1482718224829 0 2
1482718226061 7 -4
1482718227636 5 -4
1482718231773 0 -2
1482718233260 10 -3
1482718234396 1 -2
1482718235255 9 -4
1482718237926 4 -4
1482718241068 10 3
1482718242389 1 2
1482718245005 0 2
1482718246085 7 2
1482718247607 5 2
1482718250437 3 2
1482718251301 8 2
1482718252460 0 3
