1479727684385 4 -1
1479727686441 10 1
1479727689913 8 3
1479727693720 3 -1
1479727706912 8 -3
1479727711681 9 1
1479727713257 1 2
1479727714874 0 2
1479727718770 5 3
1479727720418 6 -1
1479727730307 1 -1
1479727732180 0 -2
1479727733413 1 -1
1479727736779 9 -1
1479727738915 8 3
1479727744932 10 -2
1479727747020 10 -1
1479727749907 4 3
1479727751749 7 1
1479727753460 5 1
1479727759732 3 1
1479727761157 9 -1
1479727764556 3 1
1479727765612 4 -1
1479727768220 3 1
1479727790213 10 1
1479727796741 6 1
1479727798340 7 -1
1479727799444 5 -1
1479727800940 4 -2
1479727802997 3 -3
1479727805517 9 1
1479727806933 10 2
1479727814069 8 -3
1479727815516 9 1
1479727817061 1 2
1479727818516 0 2
1479727820412 6 -1
1479727824500 5 -2
1479727825893 7 -2
1479727830293 1 -1
1479727843143 6 1
1479727843797 5 -1
1479727861082 R
1479727874295 4 -1
1479727894871 8 3
1479727899215 4 3
1479727900578 7 1
1479727902256 10 1
1479727907281 8 -3
1479727908647 9 1
1479727910160 4 1
1479727917145 10 -2
1479727918352 9 -2
1479727919736 4 -2
1479727923569 8 3
1479727925650 3 2
1479727933097 7 -1
1479727935600 4 -2
1479727943282 3 -3
1479727944538 9 1
1479727946961 10 2
1479727949659 8 -3
1479727950515 9 1
1479727952826 1 2
1479727963562 2 2
1479727968315 U
1479727973913 0 2
1479727975273 7 -2
1479727979540 5 3
1479727981339 6 -1
1479727984634 7 2
1479727996034 1 -1
1479728000338 5 -2
1479728002862 7 -2
1479728022326 U
1479728024846 0 -1
1479728026812 1 1
1479728032661 0 1
1479728033881 5 2
1479728047437 6 1
1479728048645 5 -3
1479728049821 7 -2
1479728056285 3 1
1479728058342 8 1
1479728063704 7 2
1479728066734 5 2
1479728067851 6 -1
1479728071933 0 -1
1479728073206 2 2
1479728086141 5 -1
1479728090831 2 -2
1479728092078 1 -2
1479728096277 3 -1
1479728097125 8 -1
1479728101790 6 1
1479728103110 5 -1
1479728104112 0 -1
1479728106831 10 -2
1479728108189 4 4
1479728110110 7 1
1479728113190 7 -1
1479728115375 10 2
1479728116974 0 1
1479728118342 5 4
1479728122534 7 1
1479728124830 1 2
1479728129895 0 1
1479728133848 U
1479728136649 R
1479729026189 R
1479729041324 4 3
1479729043661 7 1
1479729045860 10 1
1479729053651 7 -1
1479729054883 10 -2
1479729056811 9 -1
1479729059355 3 -1
1479729060406 4 -4
1479729061923 8 3
1479729064067 3 3
1479729070427 4 2
1479729078941 7 1
1479729080212 3 -3
1479729081892 9 1
1479729085572 7 -1
1479729086685 4 -2
1479729094708 10 2
1479729096820 0 1
1479729099797 5 3
1479729101532 6 -1
1479729113821 5 -2
1479729116437 5 2
1479729117076 0 -1
1479729119373 10 -3
1479729121677 9 -1
1479729122677 4 3
1479729124797 7 1
1479729126069 5 1
1479729134390 4 -1
1479729137342 7 -1
1479729138878 4 -1
1479729140133 9 1
1479729142550 10 2
1479729143126 4 2
1479729144967 10 1
1479729148830 7 1
1479729150926 5 -1
1479729152821 7 -1
1479729153864 10 -3
1479729154670 4 -3
1479729156782 10 3
1479729159470 8 -3
1479729160135 9 1
1479729162215 1 2
1479729163662 0 2
1479729172118 1 -1
1479729173871 1 1
1479729176727 5 -2
1479729177774 7 -2
1479729181560 1 -1
1479729187663 6 1
1479729188535 5 -1
1479729207434 R
1479729209010 R
1479729219559 4 -1
1479729227976 10 -1
1479729229402 9 -1
1479729234568 9 2
1479729236946 4 4
1479729238318 7 1
1479729243673 10 2
1479729252121 7 -1
1479729253121 10 -2
1479729254329 9 -2
1479729255433 4 -4
1479729264266 8 3
1479729265842 9 1
1479729267306 10 2
1479729270097 3 -1
1479729271636 8 -3
1479729295994 10 -2
1479729301983 9 -1
1479729307906 9 2
1479729315371 10 2
1479729334955 0 1
1479729337140 5 3
1479729338236 6 -1
1479729343060 1 2
1479729346020 1 -2
1479729347484 9 -1
1479729348716 8 3
1479729351597 5 -2
1479729355982 5 2
1479729356885 0 -1
1479729358877 10 -3
1479729360269 4 3
1479729361222 5 1
1479729362309 7 1
1479729367662 10 3
1479729371710 10 -3
1479729372567 9 -1
1479729374263 4 -1
1479729375829 3 3
1479729382542 8 -3
1479729383717 3 -3
1479729396006 7 -1
1479729399111 5 -1
1479729400302 4 -2
1479729402262 9 2
1479729407623 1 2
1479729414231 10 3
1479729415703 0 2
1479729416688 5 -2
1479729417871 7 -2
1479729420943 1 -1
1479729427600 7 2
1479729429065 5 2
1479729433475 0 -2
1479729436511 1 -1
1479729437655 9 -1
1479729439176 8 3
1479729442008 10 -3
1479729443608 4 3
1479729444560 7 1
1479729445576 5 1
1479729452721 7 -1
1479729454304 5 -1
1479729455128 4 -3
1479729457177 9 -1
1479729459097 8 -3
1479729459952 9 2
1479729464834 1 2
1479729467505 10 3
1479729471755 0 2
1479729475561 6 1
1479729476906 7 -2
1479729479121 5 -3
1479729484377 3 1
1479729485858 8 1
1479729488826 1 -1
1479729493227 7 2
1479729494579 0 -2
1479729495698 10 -2
1479729496881 4 4
1479729499706 7 1
1479729504201 1 1
1479729507243 10 2
1479729509530 0 1
1479729511026 5 4
1479729515594 6 -1
1479729519195 3 -1
1479729525699 5 -3
1479729529146 7 -1
1479729531033 7 1
1479729532562 0 1
1479729534266 7 -3
1479729541354 6 1
1479729542089 5 -1
1479729544388 7 2
1479729549562 0 -2
1479729553130 10 -2
1479729554340 2 2
1479729555755 6 1
1479729558755 3 1
1479729559753 6 2
1479729561114 10 -1
1479729564115 2 -2
1479729568402 7 1
1479729575036 10 3
1479729580651 0 2
1479729583069 7 -4
1479729590739 1 -1
1479729599377 4 -1
