1480116832350 4 -1
1480116833224 10 1
1480116837269 9 1
1480116837933 1 2
1480116839125 0 2
1480116841653 7 -2
1480116843598 7 2
1480116844710 0 -2
1480116846148 2 1
1480116848103 6 1
1480116849004 0 1
1480116850256 5 3
1480116851068 0 -1
1480116851852 6 -2
1480116853140 10 -3
1480116853896 2 -1
1480116854838 3 -1
1480116856295 1 -2
1480116857288 9 -2
1480116859014 8 3
1480116859876 3 3
1480116861256 3 -3
1480116862129 8 -3
1480116863083 9 2
1480116864608 10 3
1480116865868 1 1
1480116867009 0 2
1480116867943 7 -2
1480116868794 5 -2
1480116881173 1 1
1480116883493 1 -1
1480116884673 7 2
1480116885495 5 2
1480116886912 0 -2
1480116890424 10 -3
1480116891180 1 -1
1480116892091 9 -2
1480116894134 9 1
1480116895216 10 3
1480116896744 0 1
1480116897765 5 -2
1480116899898 9 1
1480116900535 1 2
1480116901444 0 1
1480116902446 6 1
1480116903468 5 -1
1480116904251 7 -2
1480116911432 7 2
1480116912413 5 3
1480116913655 0 -2
1480116914608 6 -1
1480116915310 10 -3
1480116916164 1 -2
1480116917107 4 4
1480116917831 7 1
1480116918554 5 1
1480116920030 10 3
1480116920884 0 1
1480116921508 1 2
1480116922441 0 1
1480116928908 7 -3
1480116929751 5 -3
1480116934662 R
1480116935326 R
1480116947375 4 2
1480116952623 10 1
1480116955430 10 -2
1480116959624 9 -1
1480116961340 4 -2
1480116962183 4 -1
1480116962987 9 2
1480116963740 1 2
1480116965339 10 1
1480116966132 10 1
1480116967401 3 -1
1480116968403 0 2
1480116969256 7 -2
1480116975663 1 -1
1480116977530 7 2
1480116978770 0 -1
1480116979444 1 -1
1480116980277 9 -1
1480116981241 8 3
1480116982680 3 1
1480116985871 8 -2
1480116987083 9 1
1480116987708 1 2
1480116988847 0 1
1480116990058 0 -1
1480116990803 2 2
1480116991576 6 3
1480116994542 0 -1
1480116997487 0 1
1480116998311 2 -2
1480117000444 0 1
1480117001577 7 -3
1480117002380 0 -2
1480117006021 10 -3
1480117006902 1 -2
1480117007835 9 -4
1480117009154 10 3
1480117009878 1 2
1480117010573 3 2
1480117011287 8 2
1480117012258 0 6
