1482809146122 10 -1
1482809147792 4 3
1482809150940 10 2
1482809155316 10 -2
1482809157708 4 -3
1482809158428 9 -1
1482809161262 9 2
1482809162282 1 2
1482809164026 2 2
1482809165170 6 2
1482809166432 10 -1
1482809169374 4 -1
1482809170386 10 3
1482809171541 2 -1
1482809172928 1 -1
1482809175472 0 1
1482809176283 5 3
1482809177307 0 -1
1482809178216 10 -3
1482809179603 4 4
1482809181645 1 1
1482809183898 10 1
1482809184627 6 -3
1482809185796 10 -1
1482809186650 3 -1
1482809187329 2 -1
1482809188876 10 3
1482809189947 0 2
1482809190898 7 -2
1482809192788 7 3
1482809194086 0 -2
1482809194852 10 -3
1482809196079 10 3
1482809199590 10 -3
1482809200322 1 -2
1482809201391 9 -2
1482809202273 4 -2
1482809203506 3 3
1482809204198 8 3
1482809206867 5 1
1482809208207 7 -1
1482809209108 5 -1
1482809209675 4 -2
1482809212578 4 2
1482809213271 7 1
1482809216278 5 1
1482809220007 8 -3
1482809220893 3 -3
1482809221661 9 2
1482809222526 4 2
1482809223712 1 2
1482809225376 10 3
1482809226501 0 2
1482809273984 0 -2
1482809275390 10 -3
1482809276380 7 -1
1482809277709 5 -1
1482809278518 1 -2
1482809279382 4 -4
1482809283754 1 2
1482809285493 10 3
1482809288488 0 2
1482809289380 7 -2
1482809290068 5 -2
1482809293409 1 -1
1482809294642 1 1
1482809299194 7 2
1482809299816 5 2
1482809300556 0 -2
1482809301880 10 -3
1482809303319 1 -2
1482809304281 9 -2
1482809305360 3 3
1482809307688 10 1
1482809308508 6 1
1482809313308 3 -1
1482809313944 3 -2
1482809316420 9 2
1482809321894 4 4
1482809322750 7 1
1482809324096 5 1
1482809330837 10 2
1482809332074 0 1
1482809333479 6 -1
1482809334510 1 2
1482809335558 0 1
1482809346596 7 -3
1482809347448 5 -3
1482809350222 6 1
1482809351039 5 -1
1482809352044 7 3
1482809352940 0 -2
1482809354029 10 -2
1482809355060 7 -1
1482809356082 1 -2
1482809356959 9 -2
1482809357788 4 -4
1482809359353 9 1
1482809361549 9 1
1482809362716 1 2
1482809367240 2 2
1482809368233 6 1
1482809369638 3 1
1482809370268 6 1
1482809371133 10 -1
1482809372894 2 -1
1482809374004 1 -1
1482809377134 8 1
1482809377896 6 1
1482809379631 2 -1
1482809381158 1 -1
1482809382006 9 -2
1482809382728 3 2
1482809383588 8 2
1482809390107 10 1
1482809394711 10 -1
1482809396465 10 1
1482809406488 4 2
1482809407348 7 1
1482809409543 10 -1
1482809425724 10 1
1482809427543 3 -2
1482809429931 8 -2
1482809430664 9 2
1482809431355 4 2
1482809432198 1 2
1482809433090 10 2
1482809434115 0 2
1482809435007 5 4
1482809438148 0 -1
1482809439143 2 2
1482809440880 6 -4
1482809443024 3 -1
1482809443704 8 -1
1482809445705 2 -2
1482809448159 0 1
1482809449013 7 -3
1482809450986 7 3
1482809451943 0 -2
1482809454220 10 -3
1482809462624 10 3
1482809484990 1 -2
1482809485728 9 -1
1482809486418 4 -1
1482809488118 10 -3
1482809491720 10 3
1482809492506 0 1
1482809493382 5 -3
1482809494257 6 1
1482809495090 5 -1
1482809495919 0 -1
1482809497075 10 -2
1482809498105 9 -1
1482809499694 7 -1
1482809500290 4 -3
1482809502345 9 2
1482809503652 1 2
1482809504868 10 2
1482809506826 2 2
1482809508394 6 1
1482809511242 0 1
1482809512455 2 -1
1482809512942 6 -1
1482809513488 2 -1
1482809517143 0 1
1482809521186 7 -2
1482809523108 5 3
1482809524021 6 -1
1482809530222 7 2
1482809531518 0 -2
1482809533962 1 -2
1482809534632 9 -1
1482809536615 10 -3
1482809537842 9 -1
1482809542040 3 3
1482809551871 8 3
1482809568504 4 2
1482809569247 7 1
1482809570158 5 1
1482809572493 10 1
1482809573498 6 1
1482809575868 7 -1
1482809576506 5 -1
1482809577415 4 -2
1482809584763 3 -3
1482809586051 9 1
1482809587104 10 2
1482809589205 8 -3
1482809589962 9 1
1482809590838 1 2
1482809595887 6 -1
1482809609472 0 2
1482809611829 7 -2
1482809612616 5 -2
1482809616110 1 -1
1482809619144 7 2
1482809620217 5 1
1482809621348 0 -1
1482809621991 5 -1
1482809624268 5 2
1482809624868 0 -1
1482809625918 10 -3
1482809627809 2 1
1482809628733 10 2
1482809629624 6 2
1482809631399 3 1
1482809632024 6 1
1482809633700 8 1
1482809634804 6 1
1482809635712 2 -1
1482809637196 10 1
1482809638245 0 2
1482809639233 7 -3
1482809640040 5 -3
1482809642236 0 -2
1482809643194 10 -3
1482809645308 1 -1
1482809646433 9 -4
1482809647982 1 2
1482809648924 3 2
1482809649874 8 2
1482809650838 10 3
1482809653873 0 5
