1482497384775 9 1
1482497385456 9 -1
1482497498666 8 3
1482497500949 8 -2
1482497501669 9 1
1482497502395 1 2
1482497503293 2 2
1482497510293 6 3
1482497510955 2 -2
1482497511762 1 -2
1482497516346 4 3
1482497517261 7 1
1482497517879 7 -1
1482497518567 7 1
1482497519619 10 1
1482497520673 1 2
1482497525287 2 2
1482497526638 6 -3
1482497527498 3 -1
1482497528094 8 -1
1482497530501 2 -2
1482497531953 1 -2
1482497532541 4 -1
1482497533588 9 -1
1482497534372 8 3
1482497535530 3 1
1482497538520 0 1
1482497539395 5 4
1482497540264 6 -1
1482497542599 3 -1
1482497543829 8 -3
1482497544613 4 1
1482497545113 9 1
1482497545799 1 2
1482497547675 0 1
1482497550720 7 -3
1482497551815 5 -3
1482497555510 3 1
1482497555957 3 -1
1482497557090 1 -1
1482497557719 4 -1
1482497559109 4 1
1482497560039 1 1
1482497562256 5 3
1482497562733 7 3
1482497563217 0 -2
1482497564083 2 2
1482497564825 0 1
1482497565811 5 -3
1482497566676 7 -1
1482497567544 5 3
1482497567924 7 1
1482497570708 R
1482497585965 8 3
1482497587913 8 -2
1482497589211 9 1
1482497589746 9 -1
1482497601096 4 3
1482497602050 10 1
1482497602621 7 1
1482497606958 0 1
1482497607358 0 -1
1482497612973 3 -1
1482497613421 8 -1
1482497614047 9 1
1482497614733 1 2
1482497616061 0 2
1482497618240 7 -3
1482497623111 R
1482497633370 4 -1
1482497635056 10 1
1482497638955 10 -2
1482497642154 4 4
1482497643365 7 1
1482497644897 9 -1
1482497645533 3 1
1482497646674 3 -2
1482497649475 3 2
1482497649984 8 2
1482497651795 3 -1
1482497652509 8 -1
1482497653586 9 2
1482497655055 1 2
1482497655616 10 2
1482497660120 3 -1
1482497660599 8 -1
1482497663143 0 2
1482497663886 5 3
1482497664581 6 -1
1482497668751 5 1
1482497669679 7 -3
1482497673615 3 1
1482497674344 3 -1
1482497677973 R
1482497680898 8 3
1482497684171 4 -1
1482497685350 10 1
1482497686958 0 1
1482497690407 3 -1
1482497694845 8 -2
1482497695446 8 -1
1482497696755 8 1
1482497697273 9 1
1482497698720 1 1
1482497699923 0 1
1482497706331 8 -1
1482497708222 1 1
1482497716333 3 1
1482497716811 3 -1
