1480185479879 6 -1
1480185480351 4 -1
1480185481398 7 -1
1480185482184 5 -1
1480185483494 11 -1
1480185484527 1 3
1480185491168 8 -1
1480185491983 3 4
1480185492855 8 1
1480185493423 2 1
1480185494159 1 -4
1480185497702 0 -1
1480185498886 11 1
1480185499543 4 1
1480185500767 8 -1
1480185501567 8 -1
1480185502063 10 -2
1480185503030 3 -3
1480185504159 7 3
1480185505023 5 3
1480185505982 4 2
1480185506462 6 2
1480185507742 8 -2
1480185508279 0 1
1480185508774 1 1
1480185509560 9 2
1480185510303 9 -2
1480185510998 0 -1
1480185511591 1 -1
1480185512279 11 -1
1480185513790 1 2
1480185515145 0 1
1480185515798 2 -2
1480185516486 10 -1
1480185517206 3 -1
1480185517998 1 -1
1480185518839 11 3
1480185519566 0 4
