1481290358673 4 -1
1481290359327 6 -1
1481290360077 7 -1
1481290360880 9 1
1481290361364 6 -1
1481290362125 5 -1
1481290363749 11 -2
1481290364909 1 3
1481290365610 0 1
1481290367377 8 -1
1481290368928 3 4
1481290370593 2 1
1481290371180 9 1
1481290371732 4 -1
1481290372550 0 -1
1481290375926 0 1
1481290377994 0 -1
1481290378657 8 1
1481290379244 1 -3
1481290381180 7 1
1481290381713 5 1
1481290382684 11 2
1481290383642 6 3
1481290384309 4 2
1481290384927 9 -2
1481290385721 4 -1
1481290386310 6 -2
1481290387996 2 -2
1481290389047 5 -1
1481290389562 7 -1
1481290390082 11 -1
1481290391463 1 3
1481290392051 8 -1
1481290392790 3 -4
1481290395027 2 1
1481290395457 0 -1
1481290395962 8 -1
1481290397297 10 -2
1481290399795 1 -1
1481290400629 1 1
1481290401410 10 2
1481290402231 8 2
1481290403126 1 -3
1481290405718 0 1
1481290406710 2 -1
1481290408116 1 3
1481290411179 8 -1
1481290413147 11 1
1481290414315 8 1
1481290415734 4 1
1481290445065 R
1481290464653 4 -1
1481290465434 6 -1
1481290467884 9 1
1481290468433 6 -1
1481290469320 11 -2
1481290475128 0 1
1481290475985 7 -1
1481290476486 5 -1
1481290477154 1 3
1481290477767 8 -1
1481290478373 3 4
1481290479404 8 1
1481290481136 2 1
1481290481733 9 1
1481290482316 4 -1
1481290483967 0 -1
1481290486463 11 2
1481290493622 6 1
1481290494267 4 1
1481290494940 9 -2
1481290495703 0 -1
1481290496587 11 -1
1481290498831 11 1
1481290499339 0 1
1481290500141 9 2
1481290500632 4 -1
1481290501203 6 -1
1481290502904 11 -2
1481290505088 1 -3
1481290506103 1 3
1481290509003 3 -1
1481290513651 1 -3
1481290517173 0 1
1481290517888 1 1
1481290518697 4 1
1481290519290 9 -1
1481290519854 1 -2
1481290521724 8 -1
1481290522551 3 -2
1481290523454 3 2
1481290524290 8 1
1481290526721 7 1
1481290527722 5 1
1481290528472 0 -1
1481290529140 11 2
1481290529820 6 3
1481290531224 9 -1
1481290532225 0 -1
1481290533102 8 -2
1481290534104 3 -2
1481290534654 10 -2
1481290535272 7 2
1481290535889 5 2
1481290540008 4 3
1481290540794 11 -1
1481290541933 8 -2
1481290544052 0 1
1481290544718 9 1
1481290547463 1 2
1481290548005 9 1
1481290548791 1 -1
1481290549417 11 1
1481290552862 4 -1
1481290559192 9 -2
1481290559840 0 -1
1481290560457 1 -1
1481290561777 8 2
1481290563742 7 -1
1481290569328 4 -2
1481290570157 6 -2
1481290572246 7 -2
1481290573183 5 -3
1481290574394 11 -1
1481290575027 10 2
1481290575741 3 3
1481290576461 8 2
1481290582458 0 1
1481290583216 1 1
1481290583825 9 2
1481290584447 4 -1
1481290585057 6 -1
1481290586341 11 -1
1481290587960 0 1
1481290589097 1 3
1481290591842 4 1
1481290592420 9 -1
1481290592958 2 -1
1481290593577 8 -1
1481290594375 3 -4
1481290595242 8 1
1481290597562 1 -3
1481290599024 1 3
1481290599942 8 -1
1481290603492 0 -1
1481290604127 11 2
1481290609280 11 -2
1481290617694 11 2
1481290618350 6 1
1481290618947 11 -1
1481290619716 9 -1
1481290620494 2 -1
1481290621362 8 1
1481290622160 1 -3
1481290626225 11 1
1481290627267 11 -1
1481290629435 R
1481290640233 4 -1
1481290640899 6 -1
1481290650763 2 -1
1481290653839 11 -1
1481290655410 7 -1
1481290655880 5 -1
1481290657130 1 3
1481290664690 8 -1
1481290665459 3 4
1481290669635 8 1
1481290670558 1 -3
1481290679594 5 1
1481290680117 7 1
1481290681193 6 2
1481290683228 6 -2
1481290685323 2 1
1481290685956 9 1
1481290686559 6 -1
1481290687444 11 -1
1481290688704 0 1
1481290689744 7 -1
1481290690753 5 -1
1481290691476 1 3
1481290692149 8 -1
1481290693274 3 -4
1481290694122 8 1
1481290695994 0 -1
1481290698815 8 -1
1481290702476 1 -1
1481290705025 8 1
1481290705641 1 -2
1481290706327 7 1
1481290706843 5 1
1481290707491 11 2
1481290708904 6 3
1481290711627 11 -1
1481290714121 1 1
1481290714714 9 -1
1481290715263 2 -1
1481290716678 2 1
1481290717958 1 -1
1481290720228 1 1
1481290724300 1 -1
1481290725960 R
1481290824685 R
1481290833478 R
1481290835599 R
1481290856447 6 -1
1481290857240 7 -1
1481290857945 5 -1
1481290860598 4 -1
1481290861175 11 -1
1481290861977 1 3
1481290862734 8 -1
1481290932501 3 4
1481290939224 8 1
1481290940344 2 1
1481290943637 2 -2
1481290944890 1 -3
1481290947471 11 1
1481290951335 7 1
1481290951918 5 1
1481290953165 6 2
1481290958256 2 2
1481290958907 9 2
1481290959672 4 -1
1481290960590 6 -3
1481290961671 11 -2
1481290964982 1 1
1481290966951 1 -1
1481290972356 7 -1
1481290972846 5 -1
1481290973723 1 3
1481290975672 8 -1
1481290977270 3 -3
1481290979888 3 3
1481290981105 4 1
1481290981706 9 -1
1481290982405 2 -1
1481290983139 3 -4
1481290984008 8 1
1481290985790 1 -3
1481290987352 1 2
1481290988090 8 -1
1481290997458 3 4
1481291002940 2 1
1481291003473 9 1
1481291004071 4 -1
1481291008410 8 1
1481291008960 1 -2
1481291016739 4 1
1481291018694 11 2
1481291020159 7 1
1481291020927 5 1
1481291021592 6 3
1481291022244 4 1
1481291022876 9 -2
1481291023601 0 -1
1481291024205 1 -1
1481291025242 8 -2
1481291028204 10 -2
1481291028942 3 -3
1481291029493 7 2
1481291030078 5 2
1481291033055 4 2
1481291034271 11 -1
1481291034960 8 -2
1481291035562 0 1
1481291036108 1 1
1481291036941 9 2
1481291040562 9 -2
1481291041040 2 -2
1481291041693 10 -1
1481291042841 11 3
1481291043454 0 5
