1482538399619 9 1
1482538400078 6 -2
1482538400369 4 -1
1482538401131 11 -2
1482538401528 7 -1
1482538401935 5 -1
1482538403272 1 3
1482538403978 8 -1
1482538404377 3 4
1482538404852 2 1
1482538405139 8 1
1482538406687 1 -4
1482538410898 1 1
1482538412651 9 1
1482538414212 0 1
1482538414743 4 -1
1482538415933 0 -1
1482538416708 11 1
1482538417101 7 1
1482538417407 5 1
1482538417939 6 3
1482538418485 4 1
1482538418848 9 -2
1482538419291 1 -1
1482538419569 0 -1
1482538420155 8 -2
1482538420888 10 -2
1482538422184 3 -3
1482538422972 7 2
1482538423495 11 1
1482538424516 5 2
1482538425098 4 3
1482538426022 8 -2
1482538426747 0 1
1482538428053 1 1
1482538428868 9 2
1482538429708 11 -1
1482538431571 1 1
1482538435073 7 -1
1482538435892 5 -1
1482538438215 9 -2
1482538438656 1 -2
1482538439166 0 -1
1482538440495 3 3
1482538442120 8 1
1482538443226 11 1
1482538444020 11 -1
1482538444454 6 -2
1482538446028 11 1
1482538446375 8 1
1482538446747 4 -3
1482538447600 11 -1
1482538447982 7 -2
1482538448405 5 -2
1482538450140 10 2
1482538450730 8 2
1482538455380 1 1
1482538456114 0 1
1482538458121 1 -1
1482538458585 0 -1
1482538459497 5 1
1482538459973 11 1
1482538460279 7 1
1482538460988 6 2
1482538465417 8 -2
1482538465775 10 -1
1482538466168 3 -2
1482538467669 10 -1
1482538468537 5 1
1482538468947 7 2
1482538469562 4 3
1482538470807 8 -2
1482538471826 0 1
1482538472340 1 1
1482538473677 2 -2
1482538474025 10 -1
1482538474403 3 -2
1482538474887 11 2
1482538476404 5 1
1482538476928 0 5
