1480633975828 0 -1
1480633976565 4 -1
1480633977043 6 -1
1480633977739 7 -1
1480633978243 5 -1
1480633979619 11 -1
1480633980451 1 3
1480633981283 8 -2
1480633981915 10 -2
1480633982715 1 -1
1480633983371 3 3
1480633984196 2 1
1480633985348 1 1
1480633985891 10 2
1480633986461 8 2
1480633987308 0 1
1480633988516 9 2
1480633989020 6 -1
1480633989428 4 -1
1480633990227 11 -1
1480633990755 0 1
1480633991331 1 -2
1480633992724 1 -1
1480633995140 4 1
1480633995787 9 -1
1480633996555 1 -1
1480633997188 8 -1
1480633997788 3 -2
1480633999070 7 1
1480633999620 5 1
1480634000133 0 -1
1480634000788 11 2
1480634001388 6 3
1480634001869 4 1
1480634002388 9 -1
1480634002868 0 -1
1480634003516 4 -1
1480634004284 6 -2
1480634004923 11 -1
1480634005372 7 -1
1480634005843 5 -1
1480634006395 8 -1
1480634006988 10 -1
1480634007797 3 2
1480634008355 10 -1
1480634010132 10 2
1480634010821 8 2
1480634011371 1 4
1480634012157 8 -2
1480634012596 8 2
1480634013085 0 1
1480634013891 2 -2
1480634018628 2 2
1480634019140 8 -1
1480634019851 0 -1
1480634020379 8 -1
1480634021203 10 -2
1480634021685 3 -2
1480634022251 1 -1
1480634023300 5 3
1480634024611 5 -3
1480634025483 10 2
1480634025963 1 1
1480634026813 8 1
1480634027315 11 1
1480634027987 4 1
1480634028541 8 -1
1480634029949 2 -1
1480634030435 3 -1
1480634031411 8 2
1480634033012 4 -1
1480634034219 11 -1
1480634034963 1 -3
1480634036188 11 1
1480634036764 7 1
1480634037173 5 1
1480634037763 6 2
1480634038412 4 1
1480634039147 0 1
1480634039981 2 -1
1480634041659 4 -1
1480634042179 6 -2
1480634042763 11 -1
1480634043259 7 -1
1480634043731 5 -1
1480634044572 1 3
1480634045355 8 -1
1480634046300 11 1
1480634047059 4 1
1480634047645 2 1
1480634048147 0 -1
1480634049475 8 -1
1480634050091 10 -2
1480634050934 3 4
1480634051795 2 1
1480634055972 10 2
1480634057171 8 2
1480634058107 0 1
1480634059068 2 -2
1480634059891 4 -1
1480634060507 11 -1
1480634061123 1 -3
1480634062341 7 1
1480634062772 5 1
1480634063205 11 1
1480634063884 6 2
1480634064684 4 1
1480634065581 2 2
1480634065996 0 -1
1480634066651 1 -1
1480634068212 8 -2
1480634068964 4 -1
1480634069995 6 -2
1480634070851 11 -1
1480634071331 7 -1
1480634071684 5 -1
1480634073173 R
1480634078123 6 1
1480634078715 4 -1
1480634079515 11 -1
1480634080091 1 1
1480634080836 2 -1
1480634084509 1 -1
1480634085548 11 1
1480634086349 4 1
1480634086947 6 -2
1480634087987 5 -1
1480634088668 7 -1
1480634090869 2 1
1480634091364 0 -1
1480634092469 4 -1
1480634093252 11 -1
1480634094173 1 3
1480634095795 11 1
1480634096435 8 -2
1480634099052 3 4
1480634099827 10 -2
1480634101132 2 1
1480634102411 10 1
1480634103379 4 1
1480634105396 10 1
1480634106115 8 1
1480634106844 0 1
1480634109971 9 2
1480634111203 4 -2
1480634111628 6 -1
1480634112708 11 -2
1480634113382 0 1
1480634115579 4 1
1480634116203 9 -1
1480634116875 2 -1
1480634119100 1 -1
1480634120003 3 -1
1480634120883 8 1
1480634121764 1 -2
1480634122581 7 1
1480634123099 5 1
1480634124014 1 1
1480634124693 0 -1
1480634125229 11 1
1480634126083 6 3
1480634127307 2 1
1480634127963 9 -1
1480634128580 0 -1
1480634129235 1 -2
1480634130380 8 -2
1480634131011 3 -2
1480634132036 10 -2
1480634132757 7 2
1480634133451 5 2
1480634134108 11 1
1480634134900 4 3
1480634135587 8 -2
1480634136251 0 1
1480634138509 1 1
1480634139547 9 2
1480634140932 11 -1
1480634141611 7 -1
1480634142163 5 -1
1480634142948 3 3
1480634143780 1 1
1480634144627 9 -2
1480634145043 0 -1
1480634145795 1 -2
1480634147819 3 -3
1480634148477 7 1
1480634148972 5 1
1480634149532 11 1
1480634150125 8 2
1480634150907 6 -2
1480634151492 4 -3
1480634153139 7 -3
1480634153731 5 -3
1480634154611 10 2
1480634155172 3 3
1480634156179 8 2
1480634156875 0 1
1480634157539 1 1
1480634158124 2 -2
1480634159315 11 -1
1480634160332 1 3
1480634162229 11 1
1480634162869 4 1
1480634163941 4 -1
1480634164571 11 -1
1480634165195 8 -1
1480634175789 1 -1
1480634176924 3 -1
1480634177667 5 1
1480634178803 8 1
1480634179452 1 -2
1480634180227 7 1
1480634180756 11 1
1480634181308 6 2
1480634182212 11 -1
1480634183340 3 1
1480634183987 1 1
1480634184588 2 2
1480634184987 0 -1
1480634185724 1 -2
1480634186493 8 -2
1480634187133 3 -3
1480634187587 10 -2
1480634188332 11 1
1480634189851 4 1
1480634190787 6 -2
1480634191332 7 -1
1480634191796 5 -1
1480634192557 10 2
1480634194069 10 -2
1480634195237 3 3
1480634196475 10 2
1480634197294 8 2
1480634197915 1 1
1480634198635 0 1
1480634200603 2 -2
1480634201939 7 1
1480634202427 5 1
1480634203156 6 2
1480634203899 4 -1
1480634204628 11 -1
1480634205155 1 1
1480634206972 R
1480634235060 6 -1
1480634236307 4 -1
1480634237844 7 -1
1480634238787 5 -1
1480634242739 2 -1
1480634247564 11 -1
1480634255092 11 1
1480634257228 5 1
1480634258564 7 1
1480634260723 6 2
1480634263107 4 1
1480634333644 4 -1
1480634334755 6 -2
1480634335883 7 -1
1480634337036 5 -1
1480634342059 4 1
1480634344484 2 1
1480634346189 9 1
1480634356355 5 1
1480634357156 7 1
1480634376332 9 -1
1480634389827 9 1
1480634390883 6 -1
1480634393475 4 -1
1480634394635 11 -2
1480634398627 7 -1
1480634399453 5 -1
1480634404275 1 3
1480634405180 8 -1
1480634407035 3 4
1480634408060 8 1
1480634409203 2 1
1480634412435 1 -4
1480634417332 8 -1
1480634418275 3 -3
1480634433140 R
1480634457027 6 1
1480634458252 4 -1
1480634458883 6 -2
1480634459515 7 -1
1480634461612 5 -1
1480634465036 11 -1
1480634467851 1 3
1480634469036 2 -1
1480634470331 8 -1
1480634471939 3 4
1480634472748 8 1
1480634473627 1 -3
1480634477971 11 1
1480634480179 11 -1
1480634484236 R
1480634487020 R
1480634487588 R
1480634492179 6 1
1480634493284 6 -1
1480634524491 4 -1
1480634527132 11 -1
1480634528052 1 1
1480634529085 2 -1
1480634534915 6 -1
1480634541491 6 2
1480634543861 6 -2
1480634544684 2 1
1480634545419 0 -1
1480634550228 1 -1
1480634551236 1 1
1480634553019 0 1
1480634553731 6 2
1480634556252 R
1480634581644 0 -1
1480634584899 4 -1
1480634586564 11 -1
1480634591307 1 1
1480634592101 6 -1
1480634592892 7 -1
1480634598251 5 -1
1480634599620 1 2
1480634600747 8 -2
1480634601867 10 -2
1480634603283 10 2
1480634610524 10 -2
1480634611355 1 -1
1480634612525 5 3
1480634615268 5 -3
1480634621083 1 1
1480634621955 11 1
1480634626405 11 -1
1480634628021 11 1
1480634629524 4 1
1480634631131 4 -1
1480634633773 11 -1
1480634634700 1 -1
1480634637364 10 2
1480634638612 8 2
1480634639604 1 -2
1480634642379 0 1
1480634644340 9 1
1480634645179 6 -1
1480634646275 11 -1
1480634650947 0 1
1480634652826 1 2
1480634654026 8 -1
1480634656354 8 1
1480634657162 8 -1
1480634657564 8 1
1480634658363 0 -1
1480634659715 1 1
1480634661116 1 -3
1480634662379 11 2
1480634664026 4 1
1480634664802 6 1
1480634665541 6 -1
1480634666195 6 1
1480634666987 9 -1
1480634668100 2 -1
1480634671851 2 1
1480634672508 0 -1
1480634674827 4 -1
1480634675723 11 -1
1480634676754 0 1
1480634678266 2 -1
1480634680122 1 3
1480634682611 2 1
1480634683155 0 -1
1480634683876 8 -2
1480634684978 10 -2
1480634685706 1 -1
1480634686475 5 3
1480634688412 5 -3
1480634691018 1 1
1480634692251 10 2
1480634695706 8 2
1480634697218 0 1
1480634700228 8 -1
1480634701051 3 4
1480634701698 2 1
1480634702595 9 2
1480634706092 3 -3
1480634708235 9 -2
1480634708803 0 -1
1480634710156 0 1
1480634710701 9 2
1480634711395 6 -1
1480634712861 9 -1
1480634714123 9 1
1480634714956 6 1
1480634715396 4 -1
1480634717669 4 1
1480634718804 9 -2
1480634719836 0 -1
1480634721836 8 -1
1480634724420 1 -1
1480634725205 1 1
1480634726276 1 -1
1480634727348 8 1
1480634728156 0 1
1480634728844 9 2
1480634729563 4 -1
1480634731324 6 -1
1480634732350 6 1
1480634742508 6 -1
1480634743275 11 -1
1480634745085 0 1
1480634749588 0 -1
1480634754796 0 1
1480634755996 0 -1
1480634757054 11 1
1480634757653 11 -1
1480634758669 11 1
1480634759389 4 1
1480634760172 4 -1
1480634761212 11 -1
1480634761932 0 1
1480634764980 4 1
1480634765838 9 -1
1480634766525 2 -1
1480634767197 3 -1
1480634768459 8 1
1480634769868 1 -2
1480634771300 1 3
1480634778588 0 -1
1480634780027 0 1
1480634780700 8 -1
1480634781724 8 1
1480634782491 8 -1
1480634783588 1 -1
1480634788438 3 4
1480634790180 3 -4
1480634791085 8 1
1480634792435 8 -1
1480634793412 0 -1
1480634794684 0 1
1480634796204 3 4
1480634797284 8 1
1480634798155 2 1
1480634799027 1 -3
1480634800148 8 -1
1480634801012 3 -3
1480634817868 7 1
1480634818580 5 1
1480634830875 0 -1
1480634831597 11 2
1480634832347 6 3
1480634834276 11 -1
1480634835516 9 -1
1480634841067 11 1
1480634842827 0 -1
1480634844051 8 -1
1480634844979 10 -2
1480634849082 6 -2
1480634850260 11 -1
1480634851043 7 2
1480634851994 5 2
1480634853107 6 2
1480634855874 11 1
1480634856500 4 3
1480634857796 11 -1
1480634861683 8 -1
1480634863267 8 -1
1480634865235 0 1
1480634866499 9 1
1480634868636 9 -1
1480634869450 0 -1
1480634870202 8 2
1480634872172 8 -2
1480634873825 0 1
1480634874891 11 1
1480634877914 9 1
1480634879843 4 -1
1480634883459 9 -1
1480634886018 0 -1
1480634887002 8 2
1480634890771 6 -2
1480634891628 4 -2
1480634892636 11 -1
1480634897509 5 -1
1480634899356 7 -1
1480634900285 3 3
1480634902124 11 1
1480634905468 3 -3
1480634906125 7 1
1480634906636 5 1
1480634908092 4 3
1480634909788 6 2
1480634910708 8 -2
1480634912565 11 -1
1480634918084 8 2
1480634922038 8 -2
1480634922733 0 1
1480634924531 1 2
1480634925325 9 2
1480634926973 9 -2
1480634930900 9 2
1480634939180 1 -1
1480634940140 11 1
1480634944660 11 -1
1480634952476 11 1
1480634953276 11 -1
1480634954444 11 1
1480634962532 11 -1
1480634965315 9 -2
1480634966420 0 -1
1480634969099 1 -1
1480634969916 8 2
1480634970628 11 1
1480634973830 8 -2
1480634974692 0 1
1480634975444 9 1
1480634977652 9 -1
1480634979660 0 -1
1480634982637 8 2
1480634984276 6 -2
1480634985812 4 -3
1480634987149 11 -1
1480634988324 6 2
1480634989004 6 -2
1480634991502 6 2
1480634993211 11 1
1480634994204 4 3
1480634994908 11 -1
1480634999148 8 -2
1480634999860 0 1
1480635007724 0 -1
1480635008701 8 2
1480635009270 11 1
1480635009988 6 -2
1480635010620 4 -3
1480635011620 7 -3
1480635012364 5 -3
1480635014915 4 1
1480635015620 4 -1
1480635016298 11 -1
1480635017035 10 2
1480635018251 11 1
1480635019203 8 1
1480635020115 4 1
1480635020899 0 1
1480635021580 9 1
1480635022211 6 -1
1480635022939 4 -1
1480635026803 11 -2
1480635031170 0 1
1480635031707 0 -1
1480635032892 7 1
1480635035123 7 -1
1480635035884 11 2
1480635036452 7 1
1480635037100 5 1
1480635037891 6 3
1480635038819 4 1
1480635039619 9 -1
1480635043275 4 -1
1480635044043 11 -1
1480635047235 11 1
1480635048964 11 -1
1480635050058 0 -1
1480635050883 8 -1
1480635051947 10 -2
1480635052828 7 2
1480635053612 5 2
1480635054819 11 1
1480635056763 6 -2
1480635058947 4 3
1480635061195 6 2
1480635063284 8 -2
1480635066267 11 -1
1480635066955 7 -1
1480635069500 8 2
1480635070252 6 -2
1480635072028 11 1
1480635076548 4 -2
1480635077620 4 2
1480635078316 6 2
1480635079291 8 -2
1480635079868 11 -1
1480635080692 0 1
1480635082116 1 2
1480635083533 2 -2
1480635084212 10 -1
1480635085340 1 -1
1480635086421 11 3
1480635087148 7 1
1480635091076 0 4
