1482081975728 9 -1
1482081976295 9 1
1482081978381 3 -1
1482081978944 7 -1
1482081989125 4 -3
1482081990238 2 1
1482081991930 9 -1
1482081992866 6 -2
1482081993814 2 -1
1482081994899 2 1
1482081999465 2 -1
1482082000429 3 1
1482082001321 4 3
1482082002026 7 2
1482082004027 7 -2
1482082004545 8 1
1482082005443 9 -1
1482082006278 2 -1
1482082007094 3 2
1482082007583 4 1
1482082008117 8 2
1482082009010 0 2
1482082014016 7 2
1482082014850 10 4
1482082016163 9 -2
1482082016713 5 -2
1482082017453 1 -2
1482082018039 2 -1
1482082018443 6 -1
1482082019180 7 -2
1482082024035 7 2
1482082025185 10 -2
1482082026308 7 2
1482082026907 8 -1
1482082027558 4 -4
1482082028261 8 1
1482082030342 10 1
1482082032036 0 -2
1482082032900 0 2
1482082033783 9 2
1482082035940 10 -2
1482082038591 7 -4
1482082039687 2 1
1482082040264 6 1
1482082045948 2 -1
1482082046426 6 -1
1482082048226 7 3
1482082049314 8 -1
1482082050721 4 4
1482082052056 8 1
1482082052662 7 -3
1482082053245 8 -1
1482082053971 4 -4
1482082054622 8 1
1482082055933 7 3
1482082056588 10 2
1482082057979 0 -2
1482082058556 9 -2
1482082060100 7 -1
1482082060464 2 1
1482082060865 6 1
1482082061387 1 2
1482082062497 5 2
1482082063297 9 2
1482082063752 0 2
1482082064628 10 -3
1482082065277 7 -2
1482082066027 8 -1
1482082066886 8 1
1482082067534 0 -2
1482082068144 8 -2
1482082068737 3 -3
1482082072638 2 2
1482082073185 6 2
1482082073804 9 2
1482082076067 8 -1
1482082076553 3 1
1482082077506 4 2
1482082078070 7 2
1482082323007 7 -2
1482082328254 3 -1
1482082328763 4 -2
