1479704543438 3 -1
1479704546831 4 -3
1479704550078 2 1
1479704560030 7 -1
1479704562838 8 1
1479704572862 9 -2
1479704574175 2 -2
1479704575695 6 -2
1479704577235 3 3
1479704579032 8 2
1479704580366 0 2
1479704584479 10 1
1479704585527 5 -2
1479704587686 1 -2
1479704589014 2 -1
1479704590314 6 -1
1479704599510 7 4
1479704601278 10 2
1479704605054 9 -2
1479704608782 7 -2
1479704613278 10 -1
1479704616684 7 2
1479704618158 8 -1
1479704619760 8 1
1479704620942 10 1
1479704621631 0 -2
1479704623119 8 -3
1479704625358 4 4
1479704628110 10 1
1479704629527 7 -4
1479704632598 8 3
1479704643358 8 -3
1479704646250 7 4
1479704647814 10 -1
1479704650102 4 -4
1479704652295 3 -1
1479704653590 7 -2
1479704654846 6 3
1479704656934 2 1
1479704662687 1 2
1479704663766 8 -1
1479704665150 0 2
1479704667191 10 -1
1479704668287 10 1
1479704676654 4 3
1479704677887 10 1
1479704678630 7 -2
1479704682222 0 -2
1479704685758 1 -1
1479704693406 7 2
1479704694294 10 -1
1479704695511 10 1
1479704696694 0 2
1479704697894 10 -2
1479704698838 3 -2
1479704700286 4 -3
1479704702318 2 2
1479704703318 0 3
