1483908026199 7 -1
1483908028000 3 -1
1483908029469 4 -2
1483908037594 8 1
1483908039809 4 -1
1483908042290 2 1
1483908048698 9 -2
1483908050740 2 -2
1483908052537 6 -2
1483908053710 3 3
1483908055298 4 4
1483908056354 8 2
1483908057705 0 2
1483908058686 7 2
1483908059675 10 4
1483908061366 7 -2
1483908062851 0 -2
1483908063929 9 -2
1483908064918 5 -2
1483908066116 1 -2
1483908067401 2 -1
1483908068482 6 -1
1483908070045 8 -2
1483908074025 8 -1
1483908075481 3 -1
1483908077006 4 -2
1483908078751 7 2
1483908083418 10 -1
1483908084681 4 -2
1483908087176 7 2
1483908088325 3 1
1483908089584 8 3
1483908091993 7 -2
1483908093426 0 2
1483908094530 9 2
1483908096447 10 -2
1483908097828 7 -2
1483908099082 8 -1
1483908101832 8 1
1483908103978 7 3
1483908105278 10 2
1483908109529 10 -2
1483908111342 10 2
1483908112732 9 -2
1483908113796 0 -2
1483908115374 8 -3
1483908119615 4 2
1483908120963 10 1
1483908122090 8 2
1483908123571 0 2
1483908124887 9 2
1483908126197 10 -3
1483908132281 10 2
1483908133413 0 -2
1483908134857 9 -2
1483908136282 8 -2
1483908140999 8 2
1483908142224 9 2
1483908144250 8 -1
1483908145768 10 1
1483908147299 4 2
1483908149339 8 2
1483908150716 0 2
1483908151951 7 -3
1483908154233 8 -1
1483908155722 4 -2
1483908157453 2 1
1483908158354 6 1
1483908159544 1 2
1483908160757 5 2
1483908162397 0 -2
1483908163665 9 -2
1483908165734 5 -2
1483908166929 8 -3
1483908168959 7 2
1483908170141 10 -1
1483908171355 0 2
1483908172550 10 -1
1483908174015 3 -3
1483908175727 2 2
1483908177062 6 2
1483908178986 0 2
1483908180629 0 1
