1482733736571 4 -3
1482733737642 2 1
1482733742287 7 -1
1482733744896 3 -1
1482733746564 8 1
1482733749618 9 -2
1482733751499 6 -2
1482733752733 2 -2
1482733755017 3 3
1482733756591 8 2
1482733764040 0 2
1482733767061 8 -1
1482733768668 4 4
1482733769707 8 1
1482733778098 10 1
1482733779473 5 -2
1482733780764 1 -2
1482733782186 2 -1
1482733783419 6 -1
1482733788222 8 -1
1482733789855 4 -4
1482733803583 6 1
1482733804894 2 1
1482733806107 1 2
1482733807378 5 2
1482733808629 10 -1
1482733810333 0 -2
1482733811623 8 -1
1482733813307 3 -3
1482733817853 2 2
1482733819844 6 2
1482733825532 3 1
1482733827069 3 -1
1482733829178 9 2
1482733847055 8 -1
1482733848330 7 2
1482733873964 R
1482733881208 4 -1
1482733882983 2 1
1482733905387 4 -2
1482733906173 3 -1
1482733907830 7 -1
1482733909118 8 1
1482733922580 9 -2
1482733924264 2 -2
1482733926081 6 -2
1482733928347 3 3
1482733929952 8 2
1482733936017 7 2
1482733937260 0 2
1482733938379 10 3
1482733941177 9 -2
1482733942361 5 -2
1482733943541 1 -2
1482733944554 2 -1
1482733948148 6 -1
1482733951520 10 -1
1482733953557 10 1
1482733956219 10 -1
1482733957361 7 2
1482733958713 8 -1
1482733960164 4 4
1482733961760 10 2
1482733962967 8 1
1482733964623 7 -4
1482733971881 2 1
1482733978265 8 -1
1482733982179 8 1
1482733983187 7 2
1482733984435 10 -2
1482733991085 10 2
1482733992636 7 -2
1482733994514 8 -1
1482733996057 0 -2
1482734000172 8 -1
1482734002148 3 -1
1482734005334 3 1
1482734008400 8 -1
1482734010878 1 1
1482734012180 8 -1
1482734013691 0 2
1482734014911 7 2
1482734016768 10 -2
1482734017924 3 -3
1482734019076 4 -3
1482734020140 2 2
1482734021759 6 3
1482734022986 0 3
