1482297774445 7 -1
1482297777573 3 -1
1482297779436 3 1
1482297780164 7 2
1482297782748 3 -1
1482297783966 4 -3
1482297785173 2 1
1482297786557 7 -2
1482297789533 8 1
1482297792637 9 -2
1482297796164 2 -2
1482297797836 6 -2
1482297799484 6 2
1482297800148 2 2
1482297800869 3 1
1482297802189 9 2
1482297804253 8 -1
1482297807157 3 -1
1482297815556 8 1
1482297820109 9 -2
1482297821526 2 -2
1482297822557 6 -2
1482297823413 3 3
1482297824262 8 2
1482297827638 8 -2
1482297828509 4 4
1482297829261 3 -3
1482297830372 4 -4
1482297831965 4 4
1482297833316 3 3
1482297835548 8 2
1482297839228 7 2
1482297840276 0 2
1482297841092 10 4
1482297844868 5 -2
1482297845428 9 -2
1482297846860 7 -2
1482297848772 1 -2
1482297849747 2 -1
1482297850396 6 -1
1482297852171 0 -2
1482297861340 8 -3
1482297864468 3 -1
1482297865148 4 -2
1482297865844 6 3
1482297868235 4 1
1482297870732 2 1
1482297871692 1 2
1482297872500 8 -1
1482297873332 0 2
1482297904685 0 -2
1482297907492 R
1482297913044 3 -1
1482297915445 4 -3
1482297917467 4 3
1482297918212 3 1
1482297920990 7 -1
1482297922084 7 2
1482297926132 4 -3
1482297928132 4 3
1482297931924 6 -1
1482297936067 4 1
1482297937492 3 -1
1482297939428 3 1
1482297940348 3 -1
1482297941180 7 -2
1482297946484 3 1
1482297947076 7 2
1482297950844 4 -4
1482297951627 3 -1
1482297953469 7 -2
1482297956388 2 1
1482297957932 6 1
1482297958828 9 -1
1482297959428 9 1
1482297962516 8 1
1482297966349 R
1482297974877 3 -1
1482297975303 7 -1
1482297976029 8 1
1482297976821 4 -3
1482297978333 6 -1
1482297979165 9 -2
1482297980373 2 -1
1482297981461 6 -1
1482297982365 3 3
1482297983301 8 2
1482297984341 0 2
1482297987900 10 1
1482297988428 5 -2
1482297989453 1 -2
1482297990461 2 -1
1482297991469 6 -1
1482298000029 7 4
1482298002941 10 2
1482298004566 9 -2
1482298008773 0 -2
1482298011765 7 -2
1482298014909 2 1
1482298015356 6 1
1482298016197 1 2
1482298016765 5 2
1482298019069 5 -2
1482298019653 1 -2
1482298020933 2 -1
1482298024477 2 1
1482298025237 0 2
1482298119692 2 -1
1482298120717 6 -1
1482298121630 9 2
1482298122486 9 -2
1482298125253 10 -1
1482298126709 10 1
1482298127895 10 -1
1482298130220 10 1
1482298131413 9 2
1482298132725 10 -2
1482298135109 7 -2
1482298136533 8 -1
1482298137285 4 4
1482298138893 8 1
1482298139958 8 -1
1482298146293 8 1
1482298148854 7 4
1482298151605 7 -4
1482298154702 4 -1
1482298157750 8 -1
1482298158965 8 1
1482298166517 7 3
1482298167477 10 3
1482298168237 7 -3
1482298171893 0 -2
1482298174661 8 -2
