1479304686616 3 -1
1479304687754 7 -1
1479304689839 3 1
1479304690651 3 -1
1479304691627 4 -3
1479304693959 2 1
1479304696800 8 1
1479304698552 9 -2
1479304700240 6 -2
1479304701512 2 -2
1479304702512 3 3
1479304704277 8 2
1479304706264 7 2
1479304707827 0 2
1479304708680 10 3
1479304709640 9 -2
1479304710359 5 -2
1479304711208 1 -2
1479304712239 2 -1
1479304714159 10 -1
1479304714919 10 1
1479304716767 2 1
1479304717511 1 2
1479304719275 1 -2
1479304720192 6 -1
1479304721080 2 -1
1479304721983 7 2
1479304724951 8 -1
1479304725697 4 4
1479304726768 10 1
1479304729961 10 -2
1479304730828 8 1
1479304731911 7 -2
1479304735472 7 1
1479304736511 8 -1
1479304737303 4 -4
1479304738547 8 1
1479304739791 8 -1
1479304740888 10 1
1479304741639 0 -2
1479304742674 8 -2
1479304744703 7 -1
1479304745296 3 -1
1479304747072 6 3
1479304752696 2 1
1479304753775 1 2
1479304754680 8 -1
1479304758479 8 1
1479304759119 5 2
1479304759829 5 -2
1479304760625 8 -1
1479304765176 R
1479304770023 3 -1
1479304773333 4 -1
1479304775647 2 1
1479304776951 7 -1
1479304778807 3 1
1479304782479 8 1
1479304783493 8 -1
1479304785838 8 1
1479304786455 8 -1
1479304787871 8 1
1479304788548 8 -1
1479304789967 3 -1
1479304797951 4 -1
1479304798975 2 -1
1479304799855 6 -1
1479304801079 4 3
1479304802879 3 1
1479304806775 3 -1
1479304807623 8 1
1479304808591 8 -1
1479304811359 4 -2
1479304812151 2 1
1479304812799 6 1
1479304814023 9 -1
1479304814711 9 1
1479304816407 8 1
1479304816783 8 -1
1479304818183 3 1
1479304818919 3 -1
1479304820063 7 2
1479304820543 7 -2
1479304822058 R
1479304827391 4 -1
1479304828849 7 1
1479304829586 7 -2
1479304832783 8 1
1479304833991 9 -2
1479304835839 2 -1
1479304837026 6 -2
1479304839007 3 1
1479304843317 3 1
1479304844690 8 1
1479304846373 0 2
1479304849884 4 -2
1479304850959 8 1
1479304852343 7 2
1479304853839 10 3
1479304854991 0 -2
1479304857598 9 -2
1479304858502 5 -2
1479304859495 1 -2
1479304860703 2 -1
1479304862271 6 -1
1479304864158 0 2
1479304865911 10 -1
1479304867950 7 2
1479304869135 8 -1
1479304870230 8 1
1479304871070 10 1
1479304872153 10 -1
1479304872887 8 -1
1479304873519 4 4
1479304874495 10 2
1479304875167 8 1
1479304876120 7 -4
1479304877662 8 -1
1479304882623 4 -2
1479304887031 4 1
1479304887871 8 1
1479304888526 7 4
1479304889702 9 2
1479304890630 10 -3
1479304892665 8 -1
1479304893542 4 -3
1479304894566 8 1
1479304896135 7 -4
1479304900166 7 2
1479304900982 10 2
1479304901630 0 -2
1479304905102 7 2
1479304907255 8 -1
1479304910702 8 -1
1479304911910 3 -1
1479304912726 7 -1
1479304913606 6 3
1479304916942 9 -2
1479304918238 8 -1
1479304919334 7 -1
1479304921897 2 1
1479304923893 1 1
1479304925250 8 -1
1479304927942 4 3
1479304928697 10 1
1479304929355 7 -2
1479304931214 8 2
1479304932725 1 -1
1479304933550 2 -1
1479304934350 2 1
1479304935799 8 -1
1479304937062 7 2
1479304937894 10 -1
1479304938710 4 -3
1479304940470 1 2
1479304941679 8 -1
1479304945443 4 3
1479304946134 10 1
1479304946648 7 -2
1479304948454 8 2
1479304949742 1 -2
1479304951374 2 -1
1479304952390 8 -1
1479304953814 7 3
1479304958478 7 -1
1479304959334 2 1
1479304961094 1 2
1479304963022 5 2
1479304964216 5 -2
1479304965743 R
1479306636549 3 -1
1479306637616 4 -3
1479306640349 7 1
1479306641589 7 -2
1479306642613 8 1
1479306643109 8 -1
1479306643535 8 1
1479306644309 9 -2
1479306645485 2 1
1479306647085 4 2
1479306647853 3 1
1479306650963 2 -2
1479306651652 6 -2
1479306652456 3 2
1479306653221 8 1
