1481689436566 0 2
1481689437062 8 1
1481689437454 6 2
1481689438079 3 -4
1481689439847 5 -1
1481689440582 1 -2
1481689442164 5 1
1481689442514 0 -2
1481689443413 7 -1
1481689443798 9 -1
1481689444428 10 -1
1481689445558 4 -4
1481689446016 9 2
1481689447204 1 3
1481689447733 5 1
1481689448185 7 2
1481689448612 10 -3
1481689451275 2 1
1481689451570 4 2
1481689452780 6 2
1481689453181 0 2
1481689455628 10 2
1481689456262 3 4
1481689456640 10 -2
1481689456954 0 -2
1481689457366 8 -1
1481689458109 6 -4
1481689458601 2 -1
1481689458947 4 -2
1481689460073 7 -2
1481689460502 1 -1
1481689460837 9 -2
1481689461297 2 2
1481689461730 4 4
1481689462184 8 3
1481689462582 6 4
1481689463041 7 -2
1481689463418 10 2
1481689463702 0 2
1481689464734 3 -4
1481689465264 5 -4
1481689465839 1 -2
1481689466319 2 1
1481689466851 0 4
