1479625245907 5 1
1479625249212 0 2
1479625250948 5 -2
1479625252015 1 -1
1479625254379 3 -2
1479625255726 1 -1
1479625260626 10 -1
1479625262788 4 -4
1479625270136 6 2
1479625271398 8 1
1479625272214 3 -2
1479625273765 5 1
1479625275108 0 -2
1479625279190 7 -1
1479625280177 1 3
1479625282160 5 1
1479625283414 7 2
1479625284607 10 -3
1479625285759 2 1
1479625292997 0 2
1479625294714 10 2
1479625295937 5 -2
1479625300769 5 2
1479625307831 10 -2
1479625309116 7 -1
1479625310371 1 -1
1479625317446 4 4
1479625320132 6 2
1479625328772 R
1479625339553 0 2
1479625340759 6 2
1479625341611 8 1
1479625342336 3 -4
1479625345787 5 -1
1479625346992 1 -2
1479625351869 1 2
1479625353494 5 2
1479625355555 0 -2
1479625359185 6 -1
1479625360133 6 1
1479625362338 10 -1
1479625365554 5 -1
1479625366394 1 -2
1479625371490 0 2
1479625372900 3 3
1479625373691 8 -1
1479625375232 8 1
1479625376412 6 -2
1479625378420 0 -2
1479625380246 7 -1
1479625381378 9 -1
1479625383706 6 2
1479625385948 R
1479625390922 10 -1
1479625392015 4 -4
1479625407102 1 -1
1479625408908 3 -1
1479625413720 1 -1
1479625415037 7 -1
1479625425662 9 -1
1479625430610 4 2
1479625431910 8 1
1479625434721 9 2
1479625436122 7 1
1479625438587 1 3
1479625439936 7 1
1479625440659 10 -1
1479625442098 2 1
1479625445533 0 2
1479625446588 3 -2
1479625448653 5 1
1479625449827 10 -2
1479625451333 7 -1
1479625456208 9 -1
1479625458863 6 4
1479625460181 3 -1
1479625462577 7 1
1479625464801 0 -2
1479625465901 7 -2
1479625466924 9 -1
1479625467963 1 -1
1479625469208 2 1
1479625477858 8 2
1479625479300 7 -2
1479625480520 0 2
1479625484194 4 2
1479625488184 10 2
1479625489077 5 -4
1479625490494 1 -2
1479625491724 2 1
1479625492855 0 3
