1482908448930 5 1
1482908459236 7 -1
1482908460818 9 -1
1482908462164 9 1
1482908463738 7 1
1482908470717 6 2
1482908471515 8 1
1482908472378 0 2
1482908473761 3 -4
1482908474810 5 -2
1482908476226 1 -2
1482908478570 5 1
1482908479413 0 -2
1482908480381 7 -1
1482908481234 9 -1
1482908482337 10 -1
1482908483898 10 1
1482908487322 10 -1
1482908488778 4 -4
1482908490697 10 1
1482908491642 9 2
1482908492610 7 1
1482908494041 0 2
1482908495057 1 3
1482908496386 5 1
1482908497354 7 1
1482908498346 0 -2
1482908499522 0 2
1482908500210 10 -4
1482908502001 9 -1
1482908503994 4 3
1482908505650 0 -2
1482908506873 2 1
1482908507865 6 2
1482908509186 6 -3
1482908509922 2 -1
1482908510684 4 -3
1482908511626 9 1
1482908515450 10 1
1482908516842 0 2
1482908518057 10 3
1482908521257 0 -2
1482908522121 7 -2
1482908522697 5 -1
1482908523513 1 -3
1482908524874 7 1
1482908525569 0 2
1482908526545 5 -1
1482908527835 9 -1
1482908528369 10 -1
1482908529099 9 1
1482908530306 10 1
1482908537498 10 -1
1482908549777 9 -1
1482908555099 3 3
1482908556418 6 -1
1482908557042 8 -1
1482908560650 5 1
1482908567786 9 1
1482908568890 10 1
1482908573040 10 -1
1482908573856 9 -1
1482908575880 4 4
1482908582768 3 -1
1482908583416 5 -1
1482908588176 1 2
1482908595017 10 1
1482908601064 6 2
1482908601689 8 1
1482908602536 3 -2
1482908608688 1 -2
1482908609440 5 1
1482908611592 10 -1
1482908613065 4 -4
1482908614127 10 1
1482908615184 9 1
1482908620985 5 -1
1482908621809 1 3
1482908622792 7 1
1482908625392 3 3
1482908626159 8 -1
1482908627016 6 -2
1482908627935 5 2
1482908628816 3 1
1482908629458 0 -2
1482908638278 7 -2
1482908639113 1 -1
1482908640047 9 -2
1482908641135 10 -1
1482908642350 10 1
1482908643544 6 2
1482908644315 8 1
1482908645486 9 2
1482908646567 1 1
1482908647574 7 2
1482908649862 6 -2
1482908650694 8 -1
1482908652550 10 -4
1482908653917 7 -2
1482908654727 9 -2
1482908655447 1 -1
1482908656704 2 2
1482908657944 4 4
1482908660719 8 3
1482908661927 7 -2
1482908663199 0 2
1482908663943 10 2
1482908664766 3 -3
1482908665566 5 -3
1482908666495 10 -2
1482908667295 9 -2
1482908668134 1 -2
1482908668799 2 1
1482908669895 0 3
