1481160506975 0 2
1481160509000 0 -2
1481160513383 8 1
1481160514937 0 2
1481160516294 3 -3
1481160517139 5 1
1481160519109 3 3
1481160520479 8 -1
1481160524141 0 -2
1481160527234 8 1
1481160528810 8 -1
1481160530582 6 2
1481160531550 6 -2
1481160533344 10 -1
1481160536220 4 -4
1481160537196 1 1
1481160538328 7 1
1481160539906 10 -3
1481160541284 2 1
1481160547965 9 1
1481160550465 0 2
1481160552731 8 1
1481160553545 6 3
1481160554621 8 -1
1481160557059 0 -2
1481160558842 6 -3
1481160559926 2 -1
1481160561727 10 3
1481160566575 10 -3
1481160567676 7 -2
1481160569018 9 -2
1481160570812 1 -1
1481160571562 9 2
1481160573510 7 1
1481160574442 0 2
1481160576144 1 1
1481160577565 7 1
1481160579094 8 1
1481160579985 6 2
1481160582478 10 4
1481160584751 3 -4
1481160587845 5 -2
1481160589478 7 -1
1481160590344 1 -3
1481160592428 9 -1
1481160595332 10 -1
1481160596344 4 4
1481160598157 10 1
1481160600274 10 -1
1481160602658 4 -4
1481160603478 9 1
1481160604111 10 1
1481160608474 1 3
1481160609541 7 1
1481160610261 5 2
1481160611493 10 -4
1481160616577 0 -2
1481160617658 7 -2
1481160618941 9 -2
1481160619843 9 2
1481160621526 7 2
1481160623194 10 2
1481160625004 0 2
1481160626782 3 3
1481160627760 2 1
1481160628522 6 1
1481160629824 4 2
1481160631310 6 1
1481160633111 3 -3
1481160634441 10 -2
1481160636710 7 -1
1481160637708 9 -1
1481160638543 4 1
1481160639143 1 -1
1481160643940 6 -3
1481160645107 2 -1
1481160646190 4 -3
1481160647307 9 1
1481160649073 1 1
1481160650663 7 1
1481160660270 10 2
1481160661273 5 -2
1481160664007 9 -1
1481160667009 3 4
1481160667957 8 -1
1481160669475 5 2
1481160672575 10 -2
1481160674025 0 -2
1481160677590 9 1
1481160677903 9 -1
1481160679009 7 -2
1481160679755 1 -1
1481160681956 9 1
1481160682549 1 1
1481160683209 7 2
1481160684551 0 2
1481160686057 10 2
1481160687523 5 -2
1481160689892 5 2
1481160690659 0 -2
1481160692158 10 -2
1481160694558 0 2
1481160697193 R
1481160705181 0 2
1481160707422 5 -1
1481160708356 3 -2
1481160709459 1 -2
1481160714345 10 -1
1481160716391 4 -4
1481160717988 9 1
1481160721675 5 1
1481160722475 3 1
1481160723453 0 -2
1481160724255 7 -1
1481160726562 9 -2
1481160728621 9 2
1481160730287 8 1
1481160733454 6 2
1481160734751 R
1481160739672 3 -1
1481160740508 1 -2
1481160745517 0 1
1481160755287 10 -1
1481160758620 4 -4
1481160760842 10 1
1481160762084 9 1
1481160764600 8 1
1481160765670 10 -1
1481160766691 6 2
1481160767920 3 -3
1481160770087 0 1
1481160771036 5 -1
1481160772540 9 -1
1481160773307 10 1
1481160780342 R
