1482476670309 5 1
1482476677184 0 1
1482476682399 0 1
1482476684112 5 -2
1482476685092 3 -2
1482476687128 1 -2
1482476689847 10 -1
1482476691363 8 1
1482476692931 6 2
1482476694095 3 -2
1482476696318 5 1
1482476698010 0 -1
1482476700256 6 -1
1482476705498 0 1
1482476706257 5 -1
1482476707312 1 2
1482476708255 1 -2
1482476709950 10 1
1482476713059 5 1
1482476713725 0 -2
1482476714708 7 -1
1482476715644 9 -1
1482476721904 1 2
1482476723221 5 1
1482476731135 6 1
1482476735700 R
1482476742970 10 -1
1482476744933 4 -3
1482476746362 4 -1
1482476750224 1 1
1482476752176 7 1
1482476756370 5 1
1482476757789 10 -3
1482476761375 7 -2
1482476762543 9 -1
1482476763440 2 2
1482476765504 2 -2
1482476766247 9 2
1482476767472 7 2
1482476775998 7 -2
1482476779768 4 2
1482476780965 6 2
1482476782124 2 1
1482476782788 6 2
1482476784661 7 2
1482476785750 0 2
1482476789195 9 -1
1482476790041 4 1
1482476795415 R
1482476799851 10 -1
1482476800785 5 1
1482476801737 7 -1
1482476802854 9 -1
1482476804103 4 -4
1482476806422 10 1
1482476807490 9 2
1482476810304 9 -2
1482476812473 8 1
1482476815244 5 -1
1482476816037 3 -1
1482476816798 1 -2
1482476820376 9 2
1482476821754 7 1
1482476823442 10 -1
1482476824722 9 -1
1482476825728 4 4
1482476828772 8 -1
1482476830997 10 1
1482476832629 0 2
1482476838422 R
1482476856132 3 -1
1482476856873 1 -2
1482476861734 10 -1
1482476863332 4 -4
1482476867808 9 1
1482476868459 10 1
1482476872610 0 2
1482476873601 3 -1
1482476875524 5 -1
1482476884173 5 1
1482476884897 0 -1
1482476887294 10 -1
1482476887914 9 -1
1482476888712 4 4
1482476890582 10 1
1482476892539 0 1
1482476893316 5 -1
1482476902130 6 1
1482476903445 R
1482476912875 3 -1
1482476913775 1 -2
1482476922797 R
1482476926030 10 -1
1482476926907 4 -3
1482476927596 1 1
1482476928610 7 1
1482476929452 5 1
1482476935993 10 1
1482476939111 9 1
1482476941032 7 -1
1482476941846 5 -1
1482476942704 3 -1
1482476943869 1 -3
1482476947825 7 -1
1482476951464 9 -2
1482476952223 1 3
1482476953363 5 1
1482476956153 3 1
1482476957481 9 2
1482476959652 7 2
1482476962134 0 2
1482476964983 4 -1
1482476969548 3 -2
1482476971769 5 -2
1482476975562 5 2
1482476976946 3 2
1482476979467 10 -2
1482476980489 2 1
1482476990630 10 -2
1482476991672 7 -1
1482476992781 1 -1
1482476996484 9 -1
1482476997633 0 -2
1482476998467 7 -1
1482476999261 9 -1
1482477000641 2 1
1482477005937 1 1
1482477008323 8 2
1482477019791 4 2
1482477020783 8 1
1482477021894 7 -2
1482477024001 1 -1
1482477025119 4 2
1482477027181 10 2
1482477028016 5 -1
1482477028668 3 -1
1482477029415 1 -2
1482477030214 2 1
1482477031264 0 5
