1482859932399 7 -1
1482859933186 9 -1
1482859934049 9 1
1482859934700 5 1
1482859937720 8 1
1482859939607 8 -1
1482859940612 10 -1
1482859941831 4 -3
1482859942419 1 1
1482859943186 9 -1
1482859943961 10 1
1482859945517 5 -1
1482859946555 8 1
1482859947570 6 2
1482859948760 8 -1
1482859949357 6 -2
1482859950569 9 2
1482859951466 7 2
1482859952425 10 -2
1482859953692 2 1
1482859954460 8 1
1482859955403 6 2
1482859956206 3 -1
1482859958307 4 -1
1482859958941 2 -1
1482859960255 10 2
1482859961138 7 -2
1482859961771 1 -3
1482859962701 9 -2
1482859964583 10 -1
1482859966387 4 4
1482859967634 6 -2
1482859969044 10 1
1482859970522 9 1
1482859971270 7 1
1482859972517 8 -1
1482859973522 10 -1
1482859975829 0 2
1482859976750 8 1
1482859979004 4 -4
1482859979763 9 1
1482859981240 1 3
1482859982363 3 1
1482859983180 5 1
1482859983707 7 1
1482859984455 10 -3
1482859985241 2 1
1482859987036 9 -1
1482859987651 7 -1
1482859988859 1 -1
1482859994676 0 -2
1482859995252 7 -1
1482859995821 9 -1
1482859996441 2 1
1482859997257 8 1
1482859999317 6 2
1482860000574 4 3
1482860001327 8 1
1482860002978 8 -3
1482860005723 8 3
1482860006576 7 -1
1482860007546 10 2
1482860008389 5 -1
1482860008907 3 -1
1482860009853 1 -2
1482860010538 2 1
1482860011315 4 1
1482860012412 6 -2
1482860013474 7 -1
1482860014040 0 5
