1482818069124 0 2
1482818071940 5 -1
1482818073164 1 -1
1482818073931 3 -2
1482818074859 1 -1
1482818080466 10 -1
1482818082705 4 -4
1482818083849 9 1
1482818086561 10 1
1482818089688 5 1
1482818090105 3 1
1482818090745 0 -2
1482818092369 7 -1
1482818094808 9 -2
1482818095799 10 -1
1482818096984 4 4
1482818104942 1 2
1482818105647 4 -4
1482818111134 1 1
1482818112190 5 1
1482818112759 3 1
1482818118405 10 1
1482818120245 9 2
1482818121444 7 2
1482818122540 0 2
1482818124156 10 -4
1482818127684 9 -1
1482818129748 8 1
1482818131027 10 4
1482818132035 3 -3
1482818133595 5 -2
1482818134978 7 -1
1482818136146 1 -3
1482818138634 1 3
1482818139629 7 1
1482818140394 5 2
1482818144098 0 -1
1482818145874 10 -4
1482818147529 9 1
1482818150329 0 1
1482818151656 10 3
1482818152880 5 -2
1482818155811 5 2
1482818157449 3 3
1482818159048 8 -1
1482818160119 8 1
1482818160919 0 -2
1482818161561 10 -1
1482818162464 10 -2
1482818163143 2 1
1482818164423 8 -1
1482818167542 9 -1
1482818168454 7 -2
1482818169198 9 -1
1482818169919 2 1
1482818170734 8 2
1482818175485 1 -1
1482818176903 1 1
1482818180046 4 3
1482818180900 8 1
1482818181820 7 -2
1482818182812 0 2
1482818184020 1 -1
1482818184957 10 2
1482818185682 3 -3
1482818186335 5 -3
1482818187044 1 -2
1482818187644 2 1
1482818188420 0 3
