1482748456956 6 -2
1482748457892 8 -1
1482748459812 4 -2
1482748460948 7 -1
1482748463980 1 1
1482748466342 8 1
1482748466804 10 -1
1482748468028 7 1
1482748470916 2 1
1482748471359 5 -1
1482748473196 10 1
1482748473543 8 -1
1482748474548 1 -1
1482748476628 5 1
1482748476958 2 -1
1482748477596 4 3
1482748481252 0 3
1482748482228 4 -3
1482748483052 7 -1
1482748485132 1 1
1482748486437 7 1
1482748487286 4 3
1482748488486 0 -1
1482748490230 0 -1
1482748490678 8 1
1482748491742 10 -2
1482748493086 1 -2
1482748493750 7 1
1482748498374 8 1
1482748499936 10 1
1482748500390 6 1
1482748506494 8 -1
1482748507170 7 -1
1482748508166 1 2
1482748509022 10 1
1482748509494 8 -1
1482748512934 0 -1
1482748765158 6 -1
1482748777598 0 3
1482748781590 0 -2
1482748784230 1 -1
1482748790024 0 -1
1482748790506 4 -3
1482748791432 2 1
1482748792624 5 -1
1482748795680 8 1
1482748796944 10 -1
1482748797360 1 -1
1482748798040 7 1
1482748799328 9 -1
1482748801104 3 -4
1482748803912 9 1
1482748805320 3 1
1482748805912 5 1
1482748806368 2 -1
1482748813896 9 -1
1482748814473 3 3
1482748815689 4 3
1482748816552 0 1
1482748817792 10 -1
1482748824152 9 1
1482748824561 7 -1
1482748825232 1 2
1482748828224 10 2
1482748829080 8 -1
1482748830016 0 2
1482748834968 4 -3
1482748839200 2 1
1482748839712 5 -3
1482748840432 2 -1
1482748841696 4 3
1482748843872 6 1
1482748844257 5 -1
1482748850642 0 -2
1482748859170 0 -1
1482748860234 4 -2
1482748863467 8 1
1482748863907 10 -1
1482748864346 1 -2
1482748865010 7 1
1482748865723 9 -1
1482748866474 3 -4
1482748867194 9 1
1482748870954 7 -1
1482748871674 1 3
1482748872953 10 1
1482748873762 8 -1
1482748874226 4 2
1482748875002 0 5
