1482350499212 6 -2
1482350500689 4 -1
1482350503103 4 -1
1482350506196 7 -1
1482350510817 8 -1
1482350515681 1 1
1482350518721 1 -1
1482350523168 7 1
1482350524912 2 1
1482350529320 2 -1
1482350530622 4 3
1482350532136 0 3
1482350534103 4 -3
1482350539265 4 3
1482350541065 0 -2
1482350543105 8 1
1482350545219 10 -1
1482350547185 1 -1
1482350548751 7 1
1482350550834 9 -1
1482350552676 0 -1
1482350554130 4 -3
1482350556138 3 -3
1482350557738 9 1
1482350560303 7 -2
1482350562348 1 3
1482350564191 10 1
1482350566394 8 -1
1482350573978 7 1
1482350575836 4 2
1482350586604 1 -2
1482350589018 8 1
1482350590882 10 -1
1482350591890 10 -1
1482350594168 1 -1
1482350596226 7 1
1482350598475 8 1
1482350601644 4 -1
1482350603364 10 1
1482350604540 4 -1
1482350608646 8 -1
1482350609672 9 -1
1482350611133 3 3
1482350618692 9 1
1482350619899 7 -1
1482350621880 4 3
1482350630663 1 2
1482350632112 10 1
1482350633319 8 -1
1482350635511 0 3
1482350637056 4 -3
1482350638970 7 -1
1482350641511 7 1
1482350642586 2 1
1482350643723 5 -3
1482350644883 2 -1
1482350657313 1 -1
1482350660768 7 -1
1482350666785 7 1
1482350667832 2 1
1482350669250 5 3
1482350672696 2 -1
1482350674119 4 3
1482350677209 6 1
1482350679041 4 -2
1482350680711 4 2
1482350682993 6 -1
1482350685652 4 -3
1482350686884 2 1
1482350688017 5 -3
1482350692444 2 -1
1482350693594 4 3
1482350695542 0 -1
1482350699370 0 -1
1482350703886 1 1
1482350706928 8 1
1482350712004 10 -1
1482350713520 1 -2
1482350717496 7 1
1482350722229 6 1
1482350723544 5 -1
1482350726491 9 -1
1482350728691 3 -1
1482350742476 0 -1
1482350743668 4 -2
1482350745068 3 -3
1482350747019 9 1
1482350748474 7 -1
1482350749870 1 3
1482350751930 10 1
1482350753272 8 -1
1482350758691 4 2
1482350762053 0 5
