1479916924553 6 -2
1479916934655 1 1
1479916936462 10 -2
1479916937700 1 -2
1479916938512 7 1
1479916939363 8 1
1479916940376 4 -1
1479916958804 4 2
1479916959690 0 1
1479916962174 8 -1
1479916963053 7 -1
1479916963864 1 2
1479916965585 10 2
1479916966229 8 -1
1479916967249 0 2
1479916968461 4 -3
1479916969496 7 -1
1479916973736 7 1
1479916974806 4 3
1479916978478 4 -3
1479916979792 2 1
1479916980749 5 -3
1479916981512 2 -1
1479916982473 4 3
1479916988477 0 -2
1479917063417 6 1
1479917064232 5 -1
1479917065019 0 -1
1479917066209 8 1
1479917067304 10 -1
1479917068152 1 -2
1479917069209 7 1
1479917070468 9 -1
1479917071502 3 -1
1479917074474 0 1
1479917075453 5 1
1479917076461 6 -1
1479917079033 10 -1
1479917081823 10 1
1479917084825 3 1
1479917085902 9 1
1479917086932 8 1
1479917087879 10 -1
1479917089853 8 -1
1479917090535 7 -1
1479917091700 1 2
1479917093204 10 2
1479917093983 8 -1
1479917095197 0 2
1479917096072 4 -3
1479917100449 7 -1
1479917156134 1 -1
1479917158074 7 1
1479917159554 4 3
1479917160901 0 -2
1479917164105 6 1
1479917166222 5 -1
1479917166992 0 -1
1479917167795 8 1
1479917169167 10 -1
1479917169883 1 1
1479917171896 10 1
1479917172599 8 -1
1479917174978 4 -2
1479917179093 1 -1
1479917180147 1 1
1479917180938 8 1
1479917181657 4 2
1479917182264 0 1
1479917183244 8 -1
1479917184469 0 1
1479917186479 5 1
1479917187408 6 -1
1479917190620 0 -1
1479917191282 8 1
1479917192138 10 -2
1479917193388 1 -2
1479917194579 7 1
1479917195707 9 -1
1479917196971 3 -1
1479917199519 10 1
1479917200465 6 1
1479917201266 5 -1
1479917202057 0 -1
1479917203814 4 -2
1479917205247 3 -3
1479917206327 9 1
1479917208587 4 2
1479917209664 0 1
1479917212857 7 -1
1479917214376 1 3
1479917215818 10 1
1479917216538 8 -1
1479917217205 0 4
