1482144691291 4 -1
1482144692997 6 -2
1482144694324 8 -1
1482144695086 4 2
1482144696126 0 3
1482144697053 4 -3
1482144698542 2 1
1482144699674 5 -3
1482144700561 2 -1
1482144702504 7 -1
1482144703551 1 1
1482144705311 1 -1
1482144706351 7 1
1482144707033 7 -1
1482144707826 7 1
1482144708679 4 3
1482144709776 0 -2
1482144710807 8 1
1482144711647 10 -2
1482144712672 1 -1
1482144713535 7 1
1482144714372 9 -1
1482144715321 3 -1
1482144716908 10 1
1482144717888 6 1
1482144718604 5 -1
1482144719299 0 -1
1482144720269 4 -2
1482144721693 3 -3
1482144722585 9 1
1482144723913 8 1
1482144725780 8 -1
1482144726276 7 -1
1482144726948 1 3
1482144727921 10 1
1482144728649 8 -1
1482144731442 4 2
1482144732233 0 5
