1481909070086 6 -2
1481909074810 4 -2
1481909077011 2 1
1481909078227 5 -1
1481909081114 5 1
1481909082997 10 -1
1481909084181 1 -1
1481909085451 7 1
1481909087093 9 -1
1481909088610 3 -3
1481909090973 9 1
1481909095542 2 -1
1481909097282 9 -1
1481909100117 3 2
1481909101733 4 3
1481909109948 10 -1
1481909116717 3 1
1481909118089 9 1
1481909123594 8 1
1481909126924 10 1
1481909140270 10 -1
1481909144412 8 -1
1481909146024 7 -1
1481909149850 4 -2
1481909151377 7 1
1481909152666 9 -1
1481909153685 3 -3
1481909155382 9 1
1481909158699 7 -1
1481909160558 1 3
1481909163895 10 2
1481909165467 8 -1
1481909174307 4 -1
1481909190516 7 -1
1481909211708 8 1
1481909212722 10 -1
1481909214554 10 1
1481909219146 7 1
1481909222420 2 1
1481909224033 5 -1
1481909224745 3 -1
1481909233835 8 -1
1481909296795 8 1
1481909298226 10 -1
1481909301989 R
1481909306476 4 1
1481909308763 6 -2
1481909310288 10 -2
1481909311825 1 -1
1481909314936 1 2
1481909315943 1 -2
1481909317138 7 1
1481909319803 9 -1
1481909320892 4 -2
1481909323790 3 -3
1481909327710 9 1
1481909332140 7 -1
1481909333620 1 3
1481909338679 4 1
1481909341390 10 2
1481909342887 8 -1
1481909345760 4 -2
1481909348993 7 -1
1481909353068 1 -2
1481909356349 1 1
1481909357644 R
1481909360872 4 -1
1481909366980 6 -2
1481909369122 4 -1
1481909373501 2 1
1481909374609 5 -1
1481909381984 10 -1
1481909384344 1 -1
1481909386337 7 1
1481909387590 9 -1
1481909388421 3 -3
1481909391022 3 -1
1481909394254 9 1
1481909397624 7 -1
1481909399244 1 3
1481909400977 10 1
1481909402906 8 -1
