1484244360896 6 -2
1484244362104 4 -2
1484244363350 8 -1
1484244366667 7 -1
1484244368840 7 1
1484244370054 4 3
1484244372092 4 -3
1484244373279 2 1
1484244375389 5 -1
1484244378093 5 1
1484244379291 2 -1
1484244380792 7 -1
1484244385057 8 1
1484244386450 10 -1
1484244387765 1 -1
1484244390709 7 2
1484244392606 9 -1
1484244394011 3 -3
1484244395163 9 1
1484244397582 2 2
1484244398769 5 -1
1484244400002 3 -1
1484244401171 2 -1
1484244404769 9 -1
1484244408141 9 1
1484244409251 7 -1
1484244410427 1 2
1484244412089 10 1
1484244413422 8 -1
1484244415649 1 -1
1484244418326 3 1
1484244420377 5 1
1484244421861 2 -1
1484244423639 7 -1
1484244425029 7 1
1484244426343 1 2
1484244428164 8 1
1484244429241 10 -1
1484244430416 1 -3
1484244431604 7 1
1484244434212 2 2
1484244435589 2 -2
1484244438466 9 -1
1484244442129 2 1
1484244443292 5 -1
1484244444495 3 -1
1484244445876 9 1
1484244446994 2 1
1484244448731 3 1
1484244449969 5 1
1484244451379 2 -2
1484244452602 9 -1
1484244454496 3 3
1484244455545 9 1
1484244457399 8 1
1484244458477 4 3
1484244460087 0 1
1484244461342 8 -1
1484244465438 8 1
1484244467106 10 -1
1484244468550 8 -1
1484244469815 9 -1
1484244471097 3 -1
1484244474457 10 1
1484244476426 6 1
1484244477482 0 -1
1484244478636 4 -2
1484244480532 6 -1
1484244481678 4 -1
1484244484708 3 -2
1484244485723 9 1
1484244486737 7 -2
1484244487933 1 3
1484244488963 10 1
1484244489931 8 -1
1484244491169 1 -2
1484244492237 7 1
1484244494417 7 -1
1484244497246 1 1
1484244498511 1 1
1484244499716 7 1
1484244501139 8 1
1484244502188 4 2
1484244504053 10 -2
1484244505430 1 -3
1484244507486 10 1
1484244509522 1 1
1484244510762 10 1
1484244511945 8 -1
1484244514373 4 -2
1484244516372 2 1
1484244518920 5 -1
1484244520185 3 -1
1484244524491 8 1
1484244525496 10 -1
1484244526512 1 -1
1484244527595 7 1
1484244529861 9 -1
1484244530974 3 2
1484244532168 5 1
1484244533252 2 -1
1484244534478 4 2
1484244535656 3 1
1484244536771 4 1
1484244538170 0 1
1484244539530 6 1
1484244540817 0 -1
1484244542301 6 -1
1484244543487 4 -3
1484244545161 3 1
1484244546140 9 1
1484244547350 2 2
1484244560379 5 -1
1484244561509 2 -1
1484244562724 9 -1
1484244563845 3 -4
1484244565922 9 1
1484244566985 8 1
1484244568425 8 -1
1484244569439 2 1
1484244570895 3 1
1484244571755 5 1
1484244573265 2 -2
1484244574503 4 2
1484244575501 9 -1
1484244576823 3 3
1484244577824 4 1
1484244581075 9 1
1484244582117 7 -1
1484244583134 1 2
1484244584754 10 1
1484244586333 8 -1
1484244587791 0 3
1484244588905 4 -3
1484244590460 7 -1
1484244591902 7 1
1484244592818 2 1
1484244593891 5 -3
1484244595080 2 -1
1484244598827 4 3
1484244600670 6 1
1484244601576 5 -1
1484244606602 4 -2
1484244607754 5 1
1484244608741 6 -1
1484244609743 4 -1
1484244611475 7 -1
1484244615271 1 -1
1484244616947 7 1
1484244617962 4 3
1484244619980 0 -1
1484244621668 0 1
1484244623199 4 -3
1484244624828 7 -1
1484244627894 7 1
1484244629596 4 3
1484244630876 0 -2
1484244632153 8 1
1484244633220 10 -2
1484244634352 1 -1
1484244635396 7 1
1484244636731 9 -1
1484244639608 10 1
1484244640525 6 1
1484244641699 5 -1
1484244642813 0 -1
1484244643897 4 -1
1484244645251 3 -4
1484244647203 4 1
1484244648445 9 1
1484244649431 7 -1
1484244650403 1 3
1484244652098 10 1
1484244653257 8 -1
1484244654528 0 2
1484244655689 0 1
1484244657206 0 1
1484244658686 0 1
