1481908665549 4 1
1481908667898 6 -2
1481908668950 8 -1
1481908671720 8 1
1481908672552 10 -2
1481908674927 1 -1
1481908675968 7 1
1481908678786 9 -1
1481908680086 3 -1
1481908684616 3 1
1481908686476 9 1
1481908689847 7 -1
1481908690958 1 2
1481908692344 10 2
1481908693386 8 -1
1481908697060 0 3
1481908699014 1 -1
1481908700570 1 1
1481908701676 0 -1
1481908704205 1 -1
1481908705583 1 1
1481908708042 0 -2
1481908708998 0 3
1481908710540 4 -3
1481908715170 2 1
1481908716023 5 -3
1481908716742 2 -1
1481908717583 4 3
1481908718722 0 -2
1481908723302 1 -1
1481908725940 6 1
1481908726691 5 -1
1481908727356 0 -1
1481908728214 8 1
1481908729124 6 1
1481908730713 4 -2
1481908732705 6 -1
1481908733536 10 -1
1481908734480 1 1
1481908735442 10 1
1481908736214 8 -1
1481908737537 1 -1
1481908739514 1 1
1481908743739 R
1481908747655 6 -2
1481908748882 4 1
1481908750581 4 -3
1481908751568 2 1
1481908752325 5 -1
1481908754495 8 -1
1481908760657 1 1
1481908761772 8 1
1481908762710 10 -1
1481908763614 1 -2
1481908766168 7 1
1481908766923 9 -1
1481908767700 3 -4
1481908768640 9 1
1481908769752 7 -1
1481908770796 1 3
1481908772711 10 1
1481908773575 8 -1
1481908775629 1 -2
1481908778320 1 2
1481908779122 8 1
1481908779784 10 -1
1481908780719 1 -3
1481908781784 7 1
1481908784228 8 1
1481908787437 8 -1
1481908788173 2 1
1481908846317 R
1481908847810 4 1
1481908849845 6 -2
1481908850534 0 1
1481908852288 0 -1
1481908853118 4 -3
1481908856076 2 1
1481908859406 5 -1
1481908862317 8 -1
1481908867649 R
1481908870926 4 1
1481908871702 4 -2
1481908873258 4 2
1481908877096 6 -2
1481908877944 0 1
1481908878963 8 -1
1481908880464 0 2
1481908882365 4 -3
1481908883942 7 -1
1481908886597 7 1
1481908887267 2 1
1481908888357 2 -1
1481908889382 4 3
1481908893718 0 -2
1481908894613 8 1
1481908895687 10 -2
1481908898069 1 -1
1481908898777 7 1
1481908905748 8 1
1481908910380 8 -1
1481908912896 7 -1
1481908913859 1 2
1481908915056 10 2
1481908916612 8 -1
1481908918225 0 2
1481908921033 4 -3
1481908923119 1 -1
1481908926795 R
1481908929042 4 1
1481908931937 6 -2
1481908932800 8 -1
1481908934723 1 1
1481908936364 4 -3
1481908938311 7 -1
1481908939775 1 -1
1481908940563 8 1
1481908941891 8 -1
1481908942903 7 1
1481908946973 4 3
1481908947843 8 1
1481908949797 10 -2
1481908950771 1 -1
1481908951541 7 1
1481908955401 4 -2
1481908956434 9 -1
1481908957212 3 -3
1481908958163 9 1
1481908961843 7 -1
1481908962769 1 3
1481908965602 10 2
1481908966645 8 -1
1481908967565 4 -1
1481908968677 7 -1
1481908972639 7 1
1481908973707 7 -1
1481908975377 8 1
1481908976537 8 -1
1481908978545 1 -2
1481908979743 7 1
1481908981471 8 1
1481908982265 2 1
1481908987121 8 -1
1481908988000 2 -1
1481908989619 R
1481908991519 4 1
1481908992070 6 -2
1481908993069 8 -1
1481909003409 4 -3
1481909004539 7 -1
1481909010485 7 1
1481909011429 7 -1
1481909012561 1 1
1481909013551 1 -1
1481909014897 8 1
1481909016025 7 1
1481909016765 4 3
1481909019137 10 -2
1481909020259 1 -1
1481909021123 7 1
1481909022227 8 1
1481909024869 4 -2
1481909026235 8 -1
1481909027091 9 -1
1481909027798 3 -3
1481909029067 9 1
1481909031799 8 1
1481909034275 10 1
1481909035691 4 -1
1481909037255 8 -1
1481909038038 7 -2
1481909039083 1 3
1481909040351 10 1
1481909045247 10 -1
1481909046087 1 -3
1481909046764 7 2
1481909051909 4 2
1481909052851 4 -2
1481909053653 9 -1
1481909054329 3 3
1481909055621 9 1
1481909056297 4 3
1481909059839 7 -1
1481909060655 1 2
1481909061683 10 -1
1481909063037 10 2
1481909064033 8 -1
1481909067699 1 -1
1481909068687 4 -3
1481909069715 7 -1
1481909076461 8 1
1481909077107 10 -1
1481909077753 1 -1
1481909082663 1 2
1481909083519 10 1
1481909084431 8 -1
1481909085341 7 1
1481909086725 4 3
1481909093621 8 1
1481909094221 10 -2
1481909095163 1 -2
1481909095933 7 1
1481909097895 9 -1
1481909098953 3 -1
1481909099685 4 -2
1481909100587 3 -2
1481909103661 9 1
1481909104697 8 1
1481909106433 10 1
1481909108611 8 -1
1481909116479 6 1
1481909117289 4 1
1481909118955 8 1
1481909125283 8 -1
1481909125945 7 -1
1481909126653 1 3
1481909127383 10 1
1481909128271 8 -1
1481909129625 6 -1
1481909130583 4 -2
1481909135525 7 -1
1481909137563 1 -2
1481909140599 7 1
1481909141985 7 -1
1481909143121 1 2
1481909146157 7 1
1481909147519 7 -1
1481909149253 1 -2
1481909150055 1 2
