1479936019548 6 -2
1479936027661 4 -1
1479936034128 8 -1
1479936035975 8 1
1479936037136 10 -2
1479936038820 1 -1
1479936040372 7 1
1479936041586 9 -1
1479936043856 3 -3
1479936046710 9 1
1479936049050 7 -1
1479936050279 1 3
1479936058837 10 2
1479936060239 8 -1
1479936062211 4 1
1479936073728 1 -2
1479936074859 1 2
1479936077206 8 1
1479936078337 10 -1
1479936080023 1 -3
1479936083963 7 1
1479936085335 9 -1
1479936087178 3 2
1479936088571 4 1
1479936090103 0 1
1479936103273 0 -1
1479936104414 4 -3
1479936105748 2 1
1479936107652 5 -1
1479936109895 3 -3
1479936110992 9 1
1479936114647 2 1
1479936118582 U
1479936119731 R
1479936125234 4 1
1479936126491 0 1
1479936129648 6 -2
1479936131119 8 -1
1479936132634 0 2
1479936136460 4 -3
1479936138440 7 -1
1479936140848 1 1
1479936149178 7 1
1479936150239 2 1
1479936151403 5 -3
1479936152577 2 -1
1479936154060 7 -1
1479936161531 1 -1
1479936165383 R
1479936167712 4 1
1479936169403 0 1
1479936173312 6 -2
1479936175626 10 -2
1479936177278 1 -1
1479936178508 7 1
1479936179648 9 -1
1479936181110 3 -1
1479936239490 R
1479936245376 4 1
1479936249654 4 -1
1479936250972 4 -1
1479936253765 4 1
1479936256066 6 -1
1479936257769 8 -1
1479936259967 8 1
1479936261242 10 -1
1479936264529 1 -1
1479936265875 7 1
1479936267183 9 -1
1479936269336 3 -3
1479936271360 9 1
1479936277207 6 -1
1479936278308 10 -1
1479936282876 8 1
1479936285683 R
1479936332000 6 -2
1479936333707 4 -2
1479936335488 2 1
1479936337564 5 -1
1479936345595 10 -1
1479936348024 1 -1
1479936349257 7 1
1479936350587 9 -1
1479936353202 3 -3
1479936354604 5 1
1479936356356 9 1
1479936357766 2 -1
1479936359190 4 2
1479936364932 4 -2
1479936368826 2 1
1479936370078 5 -1
1479936371386 3 -1
1479936387234 7 -1
1479936388468 1 3
1479936389822 10 1
1479936391563 8 -1
1479936400500 R
1479936406525 4 1
1479936408424 0 1
1479936422664 6 -2
1479936425440 6 1
1479936426643 8 -1
1479936435481 0 2
1479936438183 4 -1
1479936439142 6 -1
1479936440244 4 -2
1479936441798 2 1
1479936443405 5 -3
1479936444628 2 -1
1479936445946 4 3
1479936454339 1 1
1479936461404 0 -2
1479936462884 8 1
1479936464065 10 -2
1479936465408 1 -2
1479936466750 7 1
1479936468781 8 1
1479936476735 8 -1
1479936477584 7 -1
1479936478543 1 2
1479936479887 10 2
1479936481414 8 -1
1479936482738 0 2
1479936484091 4 -3
1479936485520 7 -1
1479936490639 7 1
1479936492676 2 1
1479936494549 5 1
1479936497615 5 1
1479936498746 5 1
1479936499824 2 -1
1479936502660 7 -1
1479936506463 7 1
1479936507283 2 1
1479936508508 5 -3
1479936509410 2 -1
1479936510836 4 3
1479936513721 0 -2
1479936515992 8 1
1479936524023 10 -2
1479936525204 1 -2
1479936526501 7 1
1479936527556 9 -1
1479936528851 3 -1
1479936543159 10 1
1479936544105 6 1
1479936545037 5 -1
1479936546160 0 -1
1479936547937 4 -2
1479936549353 3 -3
1479936551171 9 1
1479936552100 4 2
1479936553979 7 -1
1479936555134 1 3
1479936556762 10 1
1479936557765 8 -1
1479936564092 0 6
