1480183123350 3 2
1480183124461 0 1
1480183126262 5 3
1480183127965 4 -1
1480183129365 7 -1
1480183131125 0 1
1480183139709 5 -2
1480183140652 3 -3
1480183152086 6 1
1480183153805 1 1
1480183198877 6 -2
1480183201596 9 -1
1480183208516 9 1
1480183209244 3 1
1480183212132 5 2
1480183221116 5 -2
1480183221979 3 -1
1480183228732 0 -1
1480183229716 9 -2
1480183233883 10 -1
1480183242828 10 1
1480183243891 9 2
1480183245243 3 1
1480183246218 0 1
1480183249147 3 -1
1480183250299 1 -1
1480183251074 3 3
1480183254587 8 -1
1480183255379 2 1
1480183256492 5 3
1480183265547 5 -3
1480183266499 2 -1
1480183271827 8 1
1480183275250 3 -3
1480183282091 0 -1
1480183283475 9 -2
1480183285107 10 -1
1480183290171 10 1
1480183295050 9 2
1480183295923 0 1
1480183297019 3 3
1480183300570 5 2
1480183301322 0 -2
1480183303699 8 -3
1480183306882 3 -2
1480183311282 3 2
1480183316109 2 1
1480183316866 5 1
1480183317489 3 -3
1480183319266 9 -2
1480183320129 10 -3
1480183329426 1 3
1480183333530 9 2
1480183346849 6 4
1480183348330 7 2
1480183350018 4 3
1480183351930 8 -1
1480183353938 0 1
1480183357194 0 -1
1480183359834 8 1
1480183360706 4 -3
1480183385009 4 3
1480183388897 8 -1
1480183390481 0 1
1480183393873 7 -1
1480183394889 9 -1
1480183396937 2 1
1480183421401 2 -1
1480183424144 9 1
1480183424665 7 1
1480183427377 0 -1
1480183427912 8 1
1480183429409 4 -3
1480183433921 4 3
1480183437361 8 -1
1480183438528 0 1
1480183442185 7 -1
1480183444228 3 1
1480183445329 5 -3
1480183447396 10 -1
1480183449656 2 -1
1480183451049 3 -1
1480183455223 1 -2
1480183457504 9 -1
1480183460033 6 -2
1480183483071 9 1
1480183483952 1 2
1480183489936 1 -2
1480183490951 3 1
1480183491775 5 1
1480183493740 10 1
1480183494344 5 1
1480183495048 0 -1
1480183495704 8 1
1480183496303 4 -3
1480183497351 1 -1
1480183497960 7 -1
1480183503584 6 2
1480183504536 3 2
1480183508159 8 1
1480183510055 7 1
1480183514567 7 -1
1480183516503 8 -1
1480183517876 8 1
1480183518935 8 -1
1480183521016 3 -2
1480183527351 1 3
1480183527928 7 1
1480183528802 4 3
1480183529543 8 -1
1480183530107 0 1
1480183530942 5 -3
1480183532103 3 -1
1480183539800 3 1
1480183542423 0 -1
1480183547014 1 -2
1480183548351 1 2
1480183549767 8 1
1480183550375 4 -2
1480183551255 1 -3
1480183552375 3 2
1480183556351 10 -1
1480183557206 8 3
1480183558454 0 1
1480183563311 3 -3
1480183570023 1 3
1480183570815 4 2
1480183573848 4 -2
1480183574406 5 1
1480183575014 4 -1
1480183575814 7 -1
1480183595928 0 5
