1479359291767 3 -1
1479359296113 6 -1
1479359298055 1 1
1479359308063 0 1
1479359308845 5 1
1479359309619 4 -1
1479359310514 7 -1
1479359311868 1 -1
1479359317870 9 -2
1479359319170 10 -1
1479359325140 6 4
1479359326974 6 -4
1479359328094 10 1
1479359329596 9 2
1479359332706 3 3
1479359334670 5 2
1479359335946 3 -2
1479359339999 5 -2
1479359341328 3 -1
1479359342736 9 -2
1479359343920 10 -1
1479359346232 6 4
1479359359088 6 -4
1479359360133 10 1
1479359364386 9 2
1479359365733 0 1
1479359368656 3 3
1479359376956 5 2
1479359380366 0 -2
1479359381774 8 -3
1479359384048 3 -2
1479359388373 3 2
1479359393298 2 1
1479359396997 8 2
1479359398226 0 2
1479359399843 5 -2
1479359405621 R
1479359408520 0 1
1479359410470 5 3
1479359411652 4 -1
1479359412635 7 -1
1479359414021 0 1
1479359417005 6 -1
1479359423989 0 -2
1479359425019 3 2
1479359426913 8 -3
1479359428669 3 -2
1479359432298 3 2
1479359433697 2 1
1479359434671 5 1
1479359436086 3 -3
1479359442962 9 -2
1479359444176 10 -3
1479359445444 1 3
1479359446999 9 2
1479359449821 3 1
1479359455892 3 -1
1479359460492 3 1
1479359463740 R
1479359467096 3 -1
1479359470684 3 3
1479359471968 8 -3
1479359473492 3 -3
1479359489061 7 1
1479359489802 R
1479359505161 3 2
1479359507736 8 -1
1479359509994 2 1
1479359512244 8 -2
1479359513863 3 -3
1479359517264 2 -1
1479359519034 9 -1
1479359521651 6 -1
1479359528115 R
1479359534303 0 1
1479359536530 5 3
1479359537821 4 -1
1479359538957 7 -1
1479359540141 3 2
1479359544503 5 -2
1479359548563 5 2
1479359549243 0 -1
1479359550503 8 -3
1479359559135 8 2
1479359560589 0 2
1479359561579 5 -2
1479359563983 5 2
1479359564663 0 -2
1479359565585 8 -2
1479359566861 3 -2
1479359572799 3 2
1479359574671 2 1
1479359576697 5 1
1479359578237 3 -3
1479359580185 9 -2
