1481809271479 3 -1
1481809271479 3 -1
1481809271479 3 -1
1481809271479 3 -1
1481809271479 3 -1
1481809271479 3 -1
1481809271479 3 -1
1481809274284 3 3
1481809274284 3 3
1481809274284 3 3
1481809274284 3 3
1481809274284 3 3
1481809274284 3 3
1481809274284 3 3
1481809278451 3 -3
1481809278451 3 -3
1481809278451 3 -3
1481809278451 3 -3
1481809278451 3 -3
1481809278451 3 -3
1481809278451 3 -3
1481809282421 6 -1
1481809282421 6 -1
1481809282421 6 -1
1481809282421 6 -1
1481809282421 6 -1
1481809282421 6 -1
1481809282421 6 -1
1481809285615 0 1
1481809285615 0 1
1481809285615 0 1
1481809285615 0 1
1481809285615 0 1
1481809285615 0 1
1481809285615 0 1
1481809287172 5 1
1481809287172 5 1
1481809287172 5 1
1481809287172 5 1
1481809287172 5 1
1481809287172 5 1
1481809287172 5 1
1481809288360 4 -1
1481809288360 4 -1
1481809288360 4 -1
1481809288360 4 -1
1481809288360 4 -1
1481809288360 4 -1
1481809288360 4 -1
1481809289999 7 -1
1481809289999 7 -1
1481809289999 7 -1
1481809289999 7 -1
1481809289999 7 -1
1481809289999 7 -1
1481809289999 7 -1
1481809295401 0 1
1481809295401 0 1
1481809295401 0 1
1481809295401 0 1
1481809295401 0 1
1481809295401 0 1
1481809295401 0 1
1481809298192 9 -1
1481809298192 9 -1
1481809298192 9 -1
1481809298192 9 -1
1481809298192 9 -1
1481809298192 9 -1
1481809298192 9 -1
1481809304784 9 1
1481809304784 9 1
1481809304784 9 1
1481809304784 9 1
1481809304784 9 1
1481809304784 9 1
1481809304784 9 1
1481809307082 3 2
1481809307082 3 2
1481809307082 3 2
1481809307082 3 2
1481809307082 3 2
1481809307082 3 2
1481809307082 3 2
1481809308845 3 1
1481809308845 3 1
1481809308845 3 1
1481809308845 3 1
1481809308845 3 1
1481809308845 3 1
1481809308845 3 1
1481809311664 8 -1
1481809311664 8 -1
1481809311664 8 -1
1481809311664 8 -1
1481809311664 8 -1
1481809311664 8 -1
1481809311664 8 -1
1481809316520 5 2
1481809316520 5 2
1481809316520 5 2
1481809316520 5 2
1481809316520 5 2
1481809316520 5 2
1481809316520 5 2
1481809320672 0 -2
1481809320672 0 -2
1481809320672 0 -2
1481809320672 0 -2
1481809320672 0 -2
1481809320672 0 -2
1481809320672 0 -2
1481809323000 8 -2
1481809323000 8 -2
1481809323000 8 -2
1481809323000 8 -2
1481809323000 8 -2
1481809323000 8 -2
1481809323000 8 -2
1481809326040 3 -2
1481809326040 3 -2
1481809326040 3 -2
1481809326040 3 -2
1481809326040 3 -2
1481809326040 3 -2
1481809326040 3 -2
1481809328455 1 1
1481809328455 1 1
1481809328455 1 1
1481809328455 1 1
1481809328455 1 1
1481809328455 1 1
1481809328455 1 1
1481809331144 1 -1
1481809331144 1 -1
1481809331144 1 -1
1481809331144 1 -1
1481809331144 1 -1
1481809331144 1 -1
1481809331144 1 -1
1481809334408 3 2
1481809334408 3 2
1481809334408 3 2
1481809334408 3 2
1481809334408 3 2
1481809334408 3 2
1481809334408 3 2
1481809335824 8 3
1481809335824 8 3
1481809335824 8 3
1481809335824 8 3
1481809335824 8 3
1481809335824 8 3
1481809335824 8 3
1481809337909 3 -1
1481809337909 3 -1
1481809337909 3 -1
1481809337909 3 -1
1481809337909 3 -1
1481809337909 3 -1
1481809337909 3 -1
1481809339023 3 -1
1481809339023 3 -1
1481809339023 3 -1
1481809339023 3 -1
1481809339023 3 -1
1481809339023 3 -1
1481809339023 3 -1
1481809341481 0 2
1481809341481 0 2
1481809341481 0 2
1481809341481 0 2
1481809341481 0 2
1481809341481 0 2
1481809341481 0 2
1481809346501 5 -2
1481809346501 5 -2
1481809346501 5 -2
1481809346501 5 -2
1481809346501 5 -2
1481809346501 5 -2
1481809346501 5 -2
1481809352589 3 2
1481809352589 3 2
1481809352589 3 2
1481809352589 3 2
1481809352589 3 2
1481809352589 3 2
1481809352589 3 2
1481809354576 8 -1
1481809354576 8 -1
1481809354576 8 -1
1481809354576 8 -1
1481809354576 8 -1
1481809354576 8 -1
1481809354576 8 -1
1481809356539 8 1
1481809356539 8 1
1481809356539 8 1
1481809356539 8 1
1481809356539 8 1
1481809356539 8 1
1481809356539 8 1
1481809358145 0 -1
1481809358145 0 -1
1481809358145 0 -1
1481809358145 0 -1
1481809358145 0 -1
1481809358145 0 -1
1481809358145 0 -1
1481809360829 5 2
1481809360829 5 2
1481809360829 5 2
1481809360829 5 2
1481809360829 5 2
1481809360829 5 2
1481809360829 5 2
1481809361944 0 -1
1481809361944 0 -1
1481809361944 0 -1
1481809361944 0 -1
1481809361944 0 -1
1481809361944 0 -1
1481809361944 0 -1
1481809363544 8 -3
1481809363544 8 -3
1481809363544 8 -3
1481809363544 8 -3
1481809363544 8 -3
1481809363544 8 -3
1481809363544 8 -3
1481809370672 8 2
1481809370672 8 2
1481809370672 8 2
1481809370672 8 2
1481809370672 8 2
1481809370672 8 2
1481809370672 8 2
1481809372817 0 2
1481809372817 0 2
1481809372817 0 2
1481809372817 0 2
1481809372817 0 2
1481809372817 0 2
1481809372817 0 2
1481809377245 5 -2
1481809377245 5 -2
1481809377245 5 -2
1481809377245 5 -2
1481809377245 5 -2
1481809377245 5 -2
1481809377245 5 -2
1481809389728 2 1
1481809389728 2 1
1481809389728 2 1
1481809389728 2 1
1481809389728 2 1
1481809389728 2 1
1481809389728 2 1
1481809395361 R
1481809395361 R
1481809395361 R
1481809395361 R
1481809395361 R
1481809395361 R
1481809395361 R
1481809395392 R
1481809395392 R
1481809395392 R
1481809395392 R
1481809395392 R
1481809395392 R
1481809395392 R
1481809403640 1 1
1481809403640 1 1
1481809403640 1 1
1481809403640 1 1
1481809403640 1 1
1481809403640 1 1
1481809403640 1 1
1481809406464 4 2
1481809406464 4 2
1481809406464 4 2
1481809406464 4 2
1481809406464 4 2
1481809406464 4 2
1481809406464 4 2
1481809410140 0 1
1481809410140 0 1
1481809410140 0 1
1481809410140 0 1
1481809410140 0 1
1481809410140 0 1
1481809410140 0 1
1481809413824 5 3
1481809413824 5 3
1481809413824 5 3
1481809413824 5 3
1481809413824 5 3
1481809413824 5 3
1481809413824 5 3
1481809416454 4 -3
1481809416454 4 -3
1481809416454 4 -3
1481809416454 4 -3
1481809416454 4 -3
1481809416454 4 -3
1481809416454 4 -3
1481809418312 1 -1
1481809418312 1 -1
1481809418312 1 -1
1481809418312 1 -1
1481809418312 1 -1
1481809418312 1 -1
1481809418312 1 -1
1481809420092 7 -1
1481809420092 7 -1
1481809420092 7 -1
1481809420092 7 -1
1481809420092 7 -1
1481809420092 7 -1
1481809420092 7 -1
1481809421954 0 1
1481809421954 0 1
1481809421954 0 1
1481809421954 0 1
1481809421954 0 1
1481809421954 0 1
1481809421954 0 1
1481809423398 6 -1
1481809423398 6 -1
1481809423398 6 -1
1481809423398 6 -1
1481809423398 6 -1
1481809423398 6 -1
1481809423398 6 -1
1481809428243 5 -2
1481809428243 5 -2
1481809428243 5 -2
1481809428243 5 -2
1481809428243 5 -2
1481809428243 5 -2
1481809428243 5 -2
1481809429858 3 -1
1481809429858 3 -1
1481809429858 3 -1
1481809429858 3 -1
1481809429858 3 -1
1481809429858 3 -1
1481809429858 3 -1
1481809437080 3 2
1481809437080 3 2
1481809437080 3 2
1481809437080 3 2
1481809437080 3 2
1481809437080 3 2
1481809437080 3 2
1481809438767 3 1
1481809438767 3 1
1481809438767 3 1
1481809438767 3 1
1481809438767 3 1
1481809438767 3 1
1481809438767 3 1
1481809439776 8 -1
1481809439776 8 -1
1481809439776 8 -1
1481809439776 8 -1
1481809439776 8 -1
1481809439776 8 -1
1481809439776 8 -1
1481809441559 8 1
1481809441559 8 1
1481809441559 8 1
1481809441559 8 1
1481809441559 8 1
1481809441559 8 1
1481809441559 8 1
1481809443795 8 -1
1481809443795 8 -1
1481809443795 8 -1
1481809443795 8 -1
1481809443795 8 -1
1481809443795 8 -1
1481809443795 8 -1
1481809445576 8 1
1481809445576 8 1
1481809445576 8 1
1481809445576 8 1
1481809445576 8 1
1481809445576 8 1
1481809445576 8 1
1481809448692 3 -3
1481809448692 3 -3
1481809448692 3 -3
1481809448692 3 -3
1481809448692 3 -3
1481809448692 3 -3
1481809448692 3 -3
1481809450616 9 -1
1481809450616 9 -1
1481809450616 9 -1
1481809450616 9 -1
1481809450616 9 -1
1481809450616 9 -1
1481809450616 9 -1
1481809456154 1 1
1481809456154 1 1
1481809456154 1 1
1481809456154 1 1
1481809456154 1 1
1481809456154 1 1
1481809456154 1 1
1481809457928 1 -1
1481809457928 1 -1
1481809457928 1 -1
1481809457928 1 -1
1481809457928 1 -1
1481809457928 1 -1
1481809457928 1 -1
1481809460112 9 1
1481809460112 9 1
1481809460112 9 1
1481809460112 9 1
1481809460112 9 1
1481809460112 9 1
1481809460112 9 1
1481809465041 0 -1
1481809465041 0 -1
1481809465041 0 -1
1481809465041 0 -1
1481809465041 0 -1
1481809465041 0 -1
1481809465041 0 -1
1481809467737 9 -2
1481809467737 9 -2
1481809467737 9 -2
1481809467737 9 -2
1481809467737 9 -2
1481809467737 9 -2
1481809467737 9 -2
1481809470633 10 -1
1481809470633 10 -1
1481809470633 10 -1
1481809470633 10 -1
1481809470633 10 -1
1481809470633 10 -1
1481809470633 10 -1
1481809477563 1 1
1481809477563 1 1
1481809477563 1 1
1481809477563 1 1
1481809477563 1 1
1481809477563 1 1
1481809477563 1 1
1481809479722 6 4
1481809479722 6 4
1481809479722 6 4
1481809479722 6 4
1481809479722 6 4
1481809479722 6 4
1481809479722 6 4
1481809484088 1 -1
1481809484088 1 -1
1481809484088 1 -1
1481809484088 1 -1
1481809484088 1 -1
1481809484088 1 -1
1481809484088 1 -1
1481809491322 1 1
1481809491322 1 1
1481809491322 1 1
1481809491322 1 1
1481809491322 1 1
1481809491322 1 1
1481809491322 1 1
1481809493048 U
1481809493048 U
1481809493048 U
1481809493048 U
1481809493048 U
1481809493048 U
1481809493048 U
1481809493092 U
1481809493092 U
1481809493092 U
1481809493092 U
1481809493092 U
1481809493092 U
1481809493092 U
1481809493563 U
1481809493563 U
1481809493563 U
1481809493563 U
1481809493563 U
1481809493563 U
1481809493563 U
1481809494297 R
1481809494297 R
1481809494297 R
1481809494297 R
1481809494297 R
1481809494297 R
1481809494297 R
1481809501096 3 2
1481809501096 3 2
1481809501096 3 2
1481809501096 3 2
1481809501096 3 2
1481809501096 3 2
1481809501096 3 2
1481809502269 8 -3
1481809502269 8 -3
1481809502269 8 -3
1481809502269 8 -3
1481809502269 8 -3
1481809502269 8 -3
1481809502269 8 -3
1481809509832 3 -3
1481809509832 3 -3
1481809509832 3 -3
1481809509832 3 -3
1481809509832 3 -3
1481809509832 3 -3
1481809509832 3 -3
1481809513984 6 -1
1481809513984 6 -1
1481809513984 6 -1
1481809513984 6 -1
1481809513984 6 -1
1481809513984 6 -1
1481809513984 6 -1
1481809517024 6 1
1481809517024 6 1
1481809517024 6 1
1481809517024 6 1
1481809517024 6 1
1481809517024 6 1
1481809517024 6 1
1481809518737 6 1
1481809518737 6 1
1481809518737 6 1
1481809518737 6 1
1481809518737 6 1
1481809518737 6 1
1481809518737 6 1
1481809521104 7 1
1481809521104 7 1
1481809521104 7 1
1481809521104 7 1
1481809521104 7 1
1481809521104 7 1
1481809521104 7 1
1481809522560 1 1
1481809522560 1 1
1481809522560 1 1
1481809522560 1 1
1481809522560 1 1
1481809522560 1 1
1481809522560 1 1
1481809523601 4 1
1481809523601 4 1
1481809523601 4 1
1481809523601 4 1
1481809523601 4 1
1481809523601 4 1
1481809523601 4 1
1481809525216 4 1
1481809525216 4 1
1481809525216 4 1
1481809525216 4 1
1481809525216 4 1
1481809525216 4 1
1481809525216 4 1
1481809528183 8 -1
1481809528183 8 -1
1481809528183 8 -1
1481809528183 8 -1
1481809528183 8 -1
1481809528183 8 -1
1481809528183 8 -1
1481809529711 7 -1
1481809529711 7 -1
1481809529711 7 -1
1481809529711 7 -1
1481809529711 7 -1
1481809529711 7 -1
1481809529711 7 -1
1481809531913 9 -1
1481809531913 9 -1
1481809531913 9 -1
1481809531913 9 -1
1481809531913 9 -1
1481809531913 9 -1
1481809531913 9 -1
1481809535648 8 1
1481809535648 8 1
1481809535648 8 1
1481809535648 8 1
1481809535648 8 1
1481809535648 8 1
1481809535648 8 1
1481809537096 4 -2
1481809537096 4 -2
1481809537096 4 -2
1481809537096 4 -2
1481809537096 4 -2
1481809537096 4 -2
1481809537096 4 -2
1481809538898 4 1
1481809538898 4 1
1481809538898 4 1
1481809538898 4 1
1481809538898 4 1
1481809538898 4 1
1481809538898 4 1
1481809544576 9 1
1481809544576 9 1
1481809544576 9 1
1481809544576 9 1
1481809544576 9 1
1481809544576 9 1
1481809544576 9 1
1481809548408 3 1
1481809548408 3 1
1481809548408 3 1
1481809548408 3 1
1481809548408 3 1
1481809548408 3 1
1481809548408 3 1
1481809550865 6 -2
1481809550865 6 -2
1481809550865 6 -2
1481809550865 6 -2
1481809550865 6 -2
1481809550865 6 -2
1481809550865 6 -2
1481809553856 4 -1
1481809553856 4 -1
1481809553856 4 -1
1481809553856 4 -1
1481809553856 4 -1
1481809553856 4 -1
1481809553856 4 -1
1481809555143 1 -1
1481809555143 1 -1
1481809555143 1 -1
1481809555143 1 -1
1481809555143 1 -1
1481809555143 1 -1
1481809555143 1 -1
1481809558369 3 2
1481809558369 3 2
1481809558369 3 2
1481809558369 3 2
1481809558369 3 2
1481809558369 3 2
1481809558369 3 2
1481809560400 3 -3
1481809560400 3 -3
1481809560400 3 -3
1481809560400 3 -3
1481809560400 3 -3
1481809560400 3 -3
1481809560400 3 -3
1481809561927 9 -1
1481809561927 9 -1
1481809561927 9 -1
1481809561927 9 -1
1481809561927 9 -1
1481809561927 9 -1
1481809561927 9 -1
1481809563361 9 1
1481809563361 9 1
1481809563361 9 1
1481809563361 9 1
1481809563361 9 1
1481809563361 9 1
1481809563361 9 1
1481809565145 7 1
1481809565145 7 1
1481809565145 7 1
1481809565145 7 1
1481809565145 7 1
1481809565145 7 1
1481809565145 7 1
1481809566308 1 1
1481809566308 1 1
1481809566308 1 1
1481809566308 1 1
1481809566308 1 1
1481809566308 1 1
1481809566308 1 1
