1482364069586 0 1
1482364071105 3 -1
1482364072705 1 1
1482364073433 6 1
1482364074214 4 2
1482364076177 5 1
1482364079777 4 -3
1482364080378 7 -1
1482364080794 1 -1
1482364081281 6 -2
1482364083042 9 -2
1482364092417 10 -1
1482364093271 1 1
1482364096121 6 4
1482364102954 R
1482364123393 3 -1
1482364128418 6 -1
1482364129194 6 2
1482364129969 7 1
1482364130641 1 1
1482364133985 4 2
1482364134889 7 -1
1482364135754 0 1
1482364136425 0 -1
1482364139050 7 1
1482364140346 4 -2
1482364141338 1 -1
1482364141985 6 -2
1482364144114 7 -1
1482364147497 0 1
1482364149217 R
1482364162010 6 -1
1482364163937 3 -1
1482364165537 9 -1
1482364166954 9 1
1482364168738 0 1
1482364169674 0 -1
1482364171689 R
1482364172977 R
1482364178905 3 -1
1482364181002 9 -1
1482364183274 9 1
1482364186562 9 -1
1482364187033 6 1
1482364188226 6 -2
1482364190067 9 1
1482364190825 3 3
1482364193345 0 1
1482364196210 5 3
1482364234338 R
1482364237321 3 -1
1482364238906 6 -1
1482364242714 R
1482364245274 3 2
1482364247603 0 1
1482364249490 5 3
1482364250578 4 -1
1482364251338 8 -1
1482364254553 7 -1
1482364255657 0 1
1482364258378 5 -2
1482364260217 8 1
1482364260905 3 -3
1482364263137 6 -1
1482364266907 0 -1
1482364267985 1 1
1482364269162 9 -2
1482364272265 10 -1
1482364273378 6 4
1482364275762 1 -1
