1482770603499 1 1
1482770607931 4 1
1482770610002 6 -1
1482770612879 0 1
1482770615384 3 -1
1482770624688 9 -1
1482770628551 R
1482770632256 3 2
1482770634784 8 -1
1482770636296 2 1
1482770641259 2 -1
1482770642290 8 1
1482770643955 3 -3
1482770648496 1 1
1482770650018 6 1
1482770655009 4 1
1482770656238 0 1
1482770660089 4 1
1482770664580 4 -1
1482770666406 5 1
1482770667822 4 -2
1482770668868 7 -1
1482770670486 0 1
1482770695775 6 -2
1482770699850 1 -1
1482770704179 3 3
1482770707695 5 2
1482770709333 0 -2
1482770711391 8 -3
1482770712965 2 1
1482770714796 5 1
1482770716061 3 -3
1482770717153 9 -2
1482770718393 10 -3
1482770719687 9 2
1482770720925 3 3
1482770723017 3 -3
1482770724204 1 3
1482770734267 7 2
1482770735460 4 2
1482770737371 6 1
1482770738585 4 1
1482770739695 8 -1
1482770741045 0 1
1482770743343 7 -1
1482770747142 6 3
1482770750183 7 1
1482770751509 0 -1
1482770752593 8 1
1482770754281 4 -3
1482770758043 7 -2
1482770760343 1 -3
1482770762457 3 3
1482770765986 3 -3
1482770767593 7 2
1482770770881 1 3
1482770773705 4 3
1482770775181 8 -1
1482770778497 7 -1
1482770780081 1 -2
1482770783361 3 1
1482770785629 5 -1
1482770786812 0 1
1482770787948 2 -1
1482770790521 1 2
1482770797018 R
1482770799955 0 1
1482770803303 3 -1
1482770806605 9 -1
1482770808533 9 1
1482770812751 5 1
1482770813907 4 -1
1482770814792 7 -1
1482770815821 0 1
1482770817293 3 3
1482770820191 8 -1
1482770822490 8 1
1482770823613 3 -3
1482770825447 9 -1
1482770828468 9 1
1482770829581 3 3
1482770832420 5 2
1482770833605 0 -2
1482770837134 8 -2
1482770840218 2 1
1482770841131 5 1
1482770842916 8 -1
1482770846417 3 -3
1482770848219 9 -2
1482770851145 10 -3
1482770854020 1 3
1482770856903 9 2
1482770857955 1 -3
1482770859097 3 3
1482770864478 8 1
1482770865432 7 1
1482770893814 R
1482770897769 3 2
1482770901634 8 -3
1482770904672 3 -3
1482770907574 1 1
1482770908875 4 2
1482770910484 8 -1
1482770912004 0 1
1482770915062 7 1
1482770918312 7 -1
1482770919970 9 -1
1482770921700 2 4
1482770924437 9 1
1482770925846 7 1
1482770927398 0 -1
1482770928436 7 -1
1482770929322 3 1
1482770930674 0 1
1482770931851 5 4
1482770933028 3 -1
1482770935448 0 -1
1482770936792 8 1
1482770938390 4 -3
1482770940712 7 -1
1482770941646 6 -1
1482770942852 9 -2
1482770943987 10 -3
1482770945019 2 -3
1482770946497 9 2
1482770947911 1 2
1482770949792 7 2
1482770951040 4 2
1482770952460 6 4
1482770953646 4 1
1482770954924 8 -1
1482770956012 0 1
1482770966827 0 -1
1482770968173 8 1
1482770968992 4 -3
1482770969973 7 -2
1482770973578 1 -3
1482770974668 3 3
1482770977124 8 1
1482770978314 7 1
1482770983748 8 -1
1482770988606 3 -1
1482770989941 6 -3
1482770992955 6 3
1482770996090 3 1
1482770997560 8 1
1482771000814 7 -1
1482771006016 8 -1
1482771009515 3 -3
1482771011976 9 -2
1482771015218 10 2
1482771019614 6 -2
1482771020666 10 1
1482771022326 9 2
1482771025408 3 2
1482771028240 6 -1
1482771029246 3 1
1482771030356 8 2
1482771031788 0 2
1482771035538 6 -1
1482771044680 5 -1
1482771046224 2 -1
1482771048657 8 1
1482771050298 3 -2
1482771051658 5 -2
1482771052592 3 -1
1482771092177 9 -1
1482771093517 0 -1
1482771094796 9 -1
1482771096498 10 -1
1482771097821 10 1
1482771098840 9 2
1482771103560 3 1
1482771105795 3 -1
1482771107311 7 2
1482771112021 4 1
1482771113261 5 -1
1482771114344 0 -1
1482771115287 7 -1
1482771117230 3 3
1482771118442 8 -3
1482771119406 3 -3
1482771121961 1 1
1482771123198 6 2
1482771124275 4 2
1482771126139 4 -1
1482771127724 4 1
1482771130412 8 -1
1482771131560 0 1
1482771132404 3 1
1482771133810 5 3
1482771134726 2 1
1482771135586 5 1
1482771136432 3 -1
1482771138402 0 -1
1482771139366 8 1
1482771140590 4 -3
1482771141594 7 -1
1482771142464 1 -1
1482771143524 6 -1
1482771144609 9 -2
1482771146362 10 -2
1482771148632 1 3
1482771151344 6 -1
1482771156458 6 3
1482771158370 10 -1
1482771160068 9 1
1482771161906 7 1
1482771162852 4 3
1482771164616 8 -1
1482771170482 1 -2
1482771173004 9 1
1482771174216 3 1
1482771175340 5 -1
1482771176385 2 -1
1482771179072 1 2
1482771181279 8 1
1482771182347 R
1482771228278 3 2
1482771233804 8 -1
1482771238520 0 1
1482771240170 5 3
1482771242188 0 -1
1482771243654 4 -1
1482771249920 8 -1
1482771251280 8 -1
1482771265682 3 -2
1482771267528 7 -1
1482771273988 3 2
1482771275509 8 3
1482771277071 6 -1
1482771279460 0 2
1482771283370 5 -1
1482771285077 5 -1
1482771286143 3 -3
1482771335215 3 3
1482771340982 0 -1
1482771342313 5 2
1482771343640 0 -1
1482771346192 8 -3
1482771347494 2 1
1482771348545 5 1
1482771349694 3 -3
1482771352078 9 -2
1482771354188 2 3
1482771356975 9 2
1482771360296 3 3
1482771362936 8 3
1482771364067 0 2
1482771365232 5 -3
1482771367264 0 -1
1482771368684 3 -3
1482771371044 9 -2
1482771372246 10 -1
1482771373601 2 -1
1482771374878 6 4
1482771384073 6 -4
1482771386327 10 1
1482771389074 2 1
1482771390968 10 -1
1482771391780 2 -1
1482771393328 10 1
1482771394140 2 1
1482771395496 9 1
1482771396434 7 1
1482771397984 4 1
1482771399066 5 -1
1482771402820 9 1
1482771404948 3 3
1482771407352 0 -1
1482771408490 8 -3
1482771410118 3 -3
1482771412690 1 1
1482771413948 6 1
1482771415086 4 2
1482771416858 8 -1
1482771417884 0 1
1482771423666 9 -1
1482771426392 5 1
1482771427954 5 -1
1482771428743 0 -1
1482771429966 8 1
1482771431331 4 -2
1482771432932 9 1
1482771434200 1 -1
1482771435210 3 3
1482771436349 8 2
1482771437385 0 1
1482771438980 5 3
1482771440038 0 -1
1482771441136 4 -1
1482771442980 7 -1
1482771443894 0 2
1482771445209 5 -2
1482771446445 0 -1
1482771448368 8 1
1482771449538 3 -3
1482771450686 9 -2
1482771452370 10 -1
1482771453694 2 -1
1482771454511 2 1
1482771455487 10 1
1482771456760 9 2
1482771458388 7 1
1482771459568 1 1
1482771461630 7 1
1482771462560 6 1
1482771464480 4 3
1482771465568 5 -1
1482771466564 0 -1
1482771467398 7 -1
1482771468368 3 1
1482771469532 0 1
1482771470618 5 4
1482771471845 3 -1
1482771472792 0 -1
1482771475025 7 1
1482771476086 4 -3
1482771477347 1 -1
1482771479098 7 -2
1482771481516 0 2
1482771483051 3 2
1482771484464 6 -2
1482771486870 R
1482771504731 1 1
1482771506472 4 1
1482771512191 4 -1
1482771514962 3 -1
1482771517757 0 1
1482771519250 0 -1
1482771525235 1 -1
1482771526524 3 3
1482771528925 8 -3
1482771531231 8 2
1482771532325 0 1
1482771533521 5 2
1482771535443 4 -1
1482771536481 7 -1
1482771537382 0 1
1482771538379 5 -1
1482771540035 8 1
1482771543277 3 -2
1482771545583 6 -1
1482771546757 1 1
1482771548445 6 1
1482771553375 3 -1
1482771554201 3 1
1482771555165 1 -1
1482771556089 6 -1
1482771557543 0 -1
1482771558541 3 2
1482771559931 5 1
1482771562477 5 1
1482771563367 0 -1
1482771564461 8 -1
1482771568291 8 -2
1482771570035 3 -2
1482771573136 6 2
1482771574555 7 1
1482771576522 4 1
1482771577270 1 1
1482771578209 4 2
1482771579093 8 -1
1482771580289 0 1
1482771581213 5 -3
1482771583043 3 -1
1482771586117 7 1
1482771587500 6 -1
1482771589268 7 -1
1482771591433 0 -1
1482771592589 8 1
1482771593602 4 -2
1482771594822 1 -1
1482771596509 3 3
1482771597773 2 1
1482771598850 8 2
1482771599779 0 1
1482771600863 5 4
1482771601963 4 -1
1482771602965 7 -1
1482771603849 0 1
1482771604883 5 -3
1482771605760 2 -1
1482771608623 8 1
1482771609451 3 -3
1482771610823 1 1
1482771613424 1 -1
1482771614452 0 -1
1482771615357 7 1
1482771616330 4 1
1482771617556 5 -1
1482771618663 0 -1
1482771620012 3 1
1482771623269 3 -1
1482771624193 R
1482771626874 3 1
1482771628131 3 1
1482771630972 8 -3
1482771636144 3 -3
1482771637467 9 -1
1482771638937 2 4
1482771643147 1 1
1482771644287 4 2
1482771645588 8 -1
1482771646478 0 1
1482771649583 9 1
1482771650948 3 1
1482771653144 5 2
1482771659425 5 1
1482771660700 0 -1
1482771662313 8 1
1482771663524 4 -3
1482771666121 1 -1
1482771667148 3 2
1482771668830 8 3
1482771669882 5 1
1482771671014 3 -3
1482771672872 7 -1
1482771674316 0 1
1482771675992 9 -2
1482771676978 10 -1
1482771677852 2 -1
1482771681212 6 3
1482771686650 6 -1
1482771689956 6 -1
1482771691041 10 1
1482771693228 9 1
1482771694393 0 1
1482771696726 1 1
1482771699946 0 -1
1482771701784 0 1
1482771736927 6 -2
1482771741749 1 -1
1482771744031 2 1
1482771745294 9 1
1482771746321 3 3
1482771747801 5 -1
1482771750049 0 -2
1482771751349 8 -1
1482771753061 8 -2
1482771753937 3 -2
1482771755608 5 1
1482771756436 3 -1
1482771757455 9 -2
1482771758510 10 -3
1482771759625 2 -3
1482771760771 1 3
1482771762364 6 4
1482771767896 9 1
1482771768882 7 1
1482771769749 4 3
1482771771098 8 -1
1482771772432 0 1
1482771777529 0 -1
1482771778774 8 1
1482771780420 4 -2
1482771782268 4 -1
1482771783271 7 -1
1482771784491 9 1
1482771787543 7 2
1482771788714 7 -2
1482771792592 1 -3
1482771793765 3 3
1482771796564 8 1
1482771797977 8 -1
1482771800311 3 -3
1482771801526 3 3
1482771803750 8 1
1482771806022 5 -1
1482771807895 2 -1
1482771810225 8 -1
1482771811221 3 -2
1482771812263 1 3
1482771814398 7 1
1482771815302 4 3
1482771816605 8 -1
1482771817985 0 1
1482771821245 1 -2
1482771825486 5 -3
1482771827005 10 -1
1482771827887 3 -1
1482771830398 1 2
1482771832340 7 1
1482771834564 0 -1
1482771835472 8 1
1482771836341 4 -2
1482771838114 7 -1
1482771839120 1 -3
1482771841108 3 3
1482771842684 8 2
1482771844700 8 1
1482771845723 3 -3
1482771847763 1 3
1482771849565 4 2
1482771851166 0 1
1482771852010 5 1
1482771853376 4 -3
1482771854274 7 -1
1482771855837 0 4
