1482770375712 3 -1
1482770377383 1 1
1482770378526 6 1
1482770379607 7 1
1482770380918 4 2
1482770386614 7 -1
1482770388855 4 -2
1482770389959 1 -1
1482770391654 3 2
1482770396038 6 -2
1482770400182 3 -2
1482770411863 9 -1
1482770415791 9 1
1482770416639 3 3
1482770418559 8 -3
1482770419782 3 -3
1482770421550 9 -1
1482770422824 2 4
1482770429639 2 -4
1482770435094 9 1
1482770436967 1 1
1482770438918 4 1
1482770441815 4 -1
1482770443198 1 -1
1482770452566 3 3
1482770458318 6 1
1482770460734 8 3
1482770462911 3 -3
1482770465102 7 1
1482770466431 1 1
1482770468606 4 2
1482770475150 7 -1
1482770476511 6 1
1482770477751 4 -2
1482770483990 6 -2
1482770484990 1 -1
1482770487590 3 3
1482770489623 8 -3
1482770495428 R
1482770507630 3 2
1482770509814 8 -3
1482770515518 8 3
1482770516758 0 1
1482770518542 5 3
1482770520286 4 -1
1482770521446 7 -1
1482770523440 0 1
1482770524734 3 -2
1482770527375 5 -2
1482770530902 3 -1
1482770532494 9 -1
1482770534286 6 -1
1482770538822 0 -1
1482770540407 9 1
1482770541367 3 3
1482770551040 5 2
1482770552150 0 -1
1482770553439 8 -3
1482770564238 3 -2
1482770566174 3 2
1482770568439 2 1
1482770569654 5 1
1482770570734 3 -3
1482770572110 9 -2
1482770573222 10 -3
1482770574422 9 2
1482770575631 1 3
1482770583334 7 2
1482770584750 4 2
1482770586630 4 -2
1482770587431 6 4
1482770589959 4 3
1482770591574 8 -1
1482770596687 0 1
1482770603142 6 -1
1482770606694 7 -1
1482770607742 1 -2
1482770608639 9 -1
1482770610214 2 3
1482770611422 9 1
1482770612494 1 1
1482770615111 7 1
1482770618686 6 -2
1482770619567 1 -1
1482770620582 7 -1
1482770621902 9 -1
1482770626486 2 -3
1482770627670 9 1
1482770632673 0 -1
1482770633431 8 1
1482770634255 4 -3
1482770635551 7 -1
1482770636607 1 2
1482770637887 6 -1
1482770652374 1 -3
1482770653213 3 3
1482770654607 8 1
1482770662919 7 1
1482770664839 6 1
1482770666758 6 -1
1482770667454 7 -1
1482770678510 8 -1
1482770680191 3 -3
1482770681358 1 3
1482770684646 7 2
1482770685775 6 4
1482770687102 4 3
1482770689023 8 -1
1482770702079 0 1
1482770711286 6 -3
1482770713039 1 -2
1482770714463 7 -1
1482770715887 3 1
1482770717262 5 -4
1482770722438 3 -1
1482770723598 10 -1
1482770724656 2 -1
1482770726686 0 -1
1482770731518 6 3
1482770733151 7 1
1482770734799 8 1
1482770735815 4 -2
1482770736943 1 -1
1482770737983 7 -1
1482770739152 3 3
1482770740286 8 3
1482770742846 3 -3
1482770744377 1 3
1482770748310 0 1
1482770749215 5 1
1482770750178 4 -1
1482770750992 7 -1
1482770751894 0 4
