1482157648944 3 2
1482157649482 0 1
1482157650438 5 3
1482157651251 4 -1
1482157652424 7 -1
1482157654492 0 1
1482157656264 5 -2
1482157658191 3 -3
1482157658942 9 -1
1482157660445 1 1
1482157661785 6 1
1482157663478 0 -1
1482157664080 9 1
1482157664790 7 2
1482157665436 4 3
1482157666600 5 -1
1482157668313 6 -1
1482157669059 7 -1
1482157672867 4 -2
1482157674160 5 1
1482157674632 4 -1
1482157675249 7 -1
1482157675957 1 -1
1482157677456 0 1
1482157679644 9 -1
1482157680681 9 1
1482157681394 3 3
1482157682321 5 2
1482157683900 5 -2
1482157684543 8 -1
1482157688331 8 1
1482157688782 3 -3
1482157691723 0 -1
1482157692349 9 -2
1482157695259 6 -1
1482157700081 10 -1
1482157700972 6 4
1482157704472 1 1
1482157706680 6 -3
1482157707195 10 1
1482157707828 9 2
1482157708453 7 2
1482157708902 4 3
1482157710735 R
1482157717399 6 -1
1482157725846 3 2
1482157727876 0 1
1482157728661 5 3
1482157729503 3 -2
1482157733964 5 -3
1482157734964 0 -1
1482157736167 R
1482157742613 3 -1
1482157745034 3 1
1482157758703 6 -1
1482157761356 3 -1
1482157781912 3 3
1482157782869 8 -3
1482157784636 3 -3
1482157787848 6 2
1482157788502 1 1
1482157789826 4 2
1482157791779 9 -1
1482157794373 9 1
1482157795281 8 -1
1482157796425 7 1
1482157797214 0 1
1482157797843 5 1
1482157799880 5 -1
1482157800470 0 -1
1482157802607 7 -1
1482157805575 8 1
1482157806433 4 -2
1482157809125 4 2
1482157810496 7 1
1482157812058 2 1
1482157813399 2 -1
1482157815868 R
1482157828011 3 -1
1482157834875 3 1
1482157843006 3 2
1482157844402 8 -3
1482157846118 3 -3
1482157847127 7 1
1482157847667 1 1
1482157848679 4 2
1482157849634 8 -1
1482157850455 0 1
1482157851246 7 -1
1482157852333 9 -1
1482157853114 2 4
1482157853888 9 1
1482157854467 3 1
1482157855451 5 4
1482157856294 0 -1
1482157856885 8 1
1482157857785 4 -3
1482157858629 7 -1
1482157859273 1 -1
1482157859922 6 -1
1482157860779 3 2
1482157861625 8 3
1482157862603 3 -3
1482157863673 0 2
1482157865019 3 3
1482157866092 0 -2
1482157866798 8 -3
1482157867476 3 -3
1482157868445 9 -2
1482157869232 10 -3
1482157870144 2 -3
1482157870916 1 3
1482157871671 9 2
1482157872483 6 4
1482157873160 7 2
1482157873821 4 3
1482157874671 8 -1
1482157875576 0 1
1482157876890 7 -1
1482157878354 0 -1
1482157878816 8 1
1482157880036 4 -3
1482157880914 7 -1
1482157883067 1 -3
1482157884040 3 3
1482157885230 3 -3
1482157891013 3 3
1482157892922 7 1
1482157894242 4 1
1482157896233 3 -3
1482157897051 1 3
1482157898538 4 2
1482157899350 8 -1
1482157900001 0 1
1482157900677 7 1
1482157908534 0 -1
1482157910436 7 -1
1482157911456 3 1
1482157914414 5 -1
1482157917597 0 1
1482157918299 5 -3
1482157918837 3 -1
1482157922074 10 -1
1482157922661 2 -1
1482157923740 7 1
1482157926384 0 -1
1482157930428 8 1
1482157931034 4 -2
1482157932343 6 -4
1482157933215 1 -3
1482157935100 1 3
1482157936179 7 -1
1482157937313 4 1
1482157939734 3 1
1482157947925 4 -1
1482157948961 1 -3
1482157949557 3 2
1482157950638 8 3
1482157951715 0 1
1482157952565 3 -3
1482157954473 7 1
1482157955047 1 3
1482157955794 4 1
1482157957037 6 4
1482157957757 4 1
1482157959218 5 1
1482157959716 4 -3
1482157960866 7 -2
1482157961538 0 4
