1481808259724 3 -1
1481808262842 0 1
1481808263467 5 1
1481808264869 7 1
1481808265450 1 1
1481808266060 6 1
1481808267593 4 2
1481808271655 6 -1
1481808272347 7 -1
1481808274747 3 1
1481808275871 5 2
1481808276672 0 -1
1481808278979 4 -1
1481808279808 4 -2
1481808280872 7 -1
1481808281484 1 -1
1481808282065 6 -1
1481808283113 0 2
1481808286097 5 -2
1481808286978 3 -1
1481808294853 3 3
1481808296697 0 -1
1481808300934 3 -3
1481808301722 9 -2
1481808302815 10 -1
1481808305536 10 1
1481808308010 9 2
1481808308929 3 3
1481808309584 8 -1
1481808313848 5 2
1481808315584 8 1
1481808317129 3 -2
1481808319962 0 1
1481808321286 5 -2
1481808325003 6 2
1481808325817 1 1
1481808328181 5 2
1481808330883 0 -2
1481808333910 7 1
1481808335312 0 1
1481808337119 1 -1
1481808337810 6 -2
1481808339219 3 2
1481808342079 0 -1
1481808344296 7 -1
1481808345860 3 -2
1481808350504 0 2
1481808353496 6 2
1481808357498 0 -1
1481808359216 3 1
1481808362671 3 -1
1481808364199 3 1
1481808365550 5 -2
1481808366298 3 -2
1481808368417 1 1
1481808369085 9 -2
1481808369954 10 -1
1481808370852 6 2
1481808376263 1 -1
1481808381632 6 -4
1481808383190 10 1
1481808384236 9 2
1481808386605 9 -2
1481808387426 10 -1
1481808388108 10 1
1481808389963 9 2
1481808392214 7 2
1481808393119 4 1
1481808394790 5 -1
1481808399935 6 2
1481808401651 6 -2
1481808402745 7 -1
1481808406944 3 3
1481808409106 0 -1
1481808410383 8 -3
1481808414469 3 -3
1481808417551 9 -1
1481808422299 2 4
1481808423473 9 1
1481808427100 3 3
1481808427898 8 3
1481808429370 0 1
1481808429955 5 4
1481808430701 4 -1
1481808432012 7 -1
1481808433159 0 -1
1481808435274 3 -2
1481808436271 3 -1
1481808439348 7 2
1481808440918 6 2
1481808441932 4 1
1481808442821 7 -1
1481808444194 7 1
1481808445490 1 1
1481808446254 4 -1
1481808448837 4 3
1481808449963 7 -1
1481808450858 0 1
1481808454142 3 1
1481808454833 5 -4
1481808455827 0 -1
1481808456674 3 -1
1481808458335 9 -1
1481808459335 2 -1
1481808462260 4 -2
1481808463349 1 -1
1481808465217 6 -2
1481808468228 2 1
1481808468813 9 1
1481808470292 3 3
1481808471678 0 1
1481808472662 8 -1
1481808474504 5 4
1481808475603 4 -1
1481808479231 6 1
1481808484572 8 1
1481808485445 3 -3
1481808488796 4 1
1481808490649 9 -1
1481808491458 2 -1
1481808494794 6 -1
1481808500547 4 -1
1481808501126 7 -1
1481808504646 6 2
1481808505970 6 -2
1481808508743 0 1
1481808510971 2 1
1481808514255 6 2
1481808515148 1 1
1481808517546 0 -2
1481808518805 7 1
1481808519604 4 3
1481808521664 6 -1
1481808522715 2 -1
1481808524407 2 1
1481808526410 0 1
1481808528604 9 1
1481808534003 7 1
1481808534523 6 1
1481808535361 4 -3
1481808539807 0 -1
1481808540901 7 -2
1481808542736 0 2
1481808543899 1 -1
1481808545118 0 -2
1481808545964 0 2
1481808548343 9 -1
1481808549169 2 -1
1481808551026 6 -2
1481808555212 0 -2
1481808556516 9 -1
1481808558008 10 -1
1481808559396 1 1
1481808560579 2 1
1481808562544 6 3
1481808565470 1 -1
1481808566517 6 -3
1481808567541 10 1
1481808569141 9 2
1481808570513 3 3
1481808571697 0 2
1481808573120 8 -1
1481808574808 5 -3
1481808575813 0 -1
1481808577053 8 1
1481808577712 3 -3
1481808579847 9 -2
1481808580440 9 2
1481808583209 0 1
1481808584710 1 1
1481808585382 6 2
1481808587615 0 -1
1481808588195 7 2
1481808589103 1 -1
1481808589797 6 -2
1481808591453 4 1
1481808595115 5 -1
1481808597299 7 -1
1481808601081 3 3
1481808602837 8 -1
1481808604177 8 1
1481808604748 3 -3
1481808605759 9 -1
1481808607093 2 -1
1481808608763 1 1
1481808609810 6 2
1481808610998 2 1
1481808611548 9 1
1481808612096 7 1
1481808616458 4 2
1481808617469 6 -1
1481808618570 7 -1
1481808622752 9 -1
1481808623503 2 -1
1481808625938 2 1
1481808626538 9 1
1481808627304 7 1
1481808628118 4 -2
1481808629818 6 -1
1481808630643 7 -1
1481808631401 1 -1
1481808634037 9 -1
1481808634693 2 -1
1481808637005 5 1
1481808637848 5 -1
1481808640835 2 1
1481808641388 9 1
1481808643313 6 2
1481808645106 6 -2
1481808648718 3 3
1481808650989 0 -1
1481808654280 8 -3
1481808656957 3 -3
1481808662142 9 -1
1481808662757 2 -3
1481808663484 2 -1
1481808664430 9 1
1481808665482 9 -1
1481808668768 6 2
1481808670493 9 1
1481808672830 7 1
1481808673447 1 1
1481808676545 2 1
1481808678545 2 -1
1481808679550 1 -1
1481808680004 6 -2
1481808680474 7 -1
1481808682171 3 3
1481808683251 8 3
1481808684205 3 -3
1481808685091 1 1
1481808685952 7 1
1481808686747 0 1
1481808687787 7 -1
1481808689144 6 2
1481808714942 0 -1
1481808715693 0 1
1481808716166 3 1
1481808717729 3 -1
1481808718255 7 1
1481808718825 1 -1
1481808719468 6 -2
1481808722432 7 -1
1481808723109 3 3
1481808724822 8 -1
1481808726197 2 1
1481808727097 2 -1
1481808728092 8 1
1481808728648 5 3
1481808729397 4 -1
1481808730231 7 -1
1481808731391 7 1
1481808735763 3 -2
1481808737062 7 -1
1481808741351 0 1
1481808743594 5 -2
1481808744486 3 -1
1481808747626 3 3
1481808749923 8 -1
1481808751936 2 1
1481808754188 2 -1
1481808754952 8 1
1481808755694 3 -3
1481808757013 1 1
1481808758279 6 2
1481808758773 6 -2
1481808766275 1 -1
1481808770999 3 3
1481808771962 8 -1
1481808773356 2 1
1481808775551 5 3
1481808778486 0 -2
1481808779634 8 -2
1481808780782 8 2
1481808784962 8 -2
1481808785782 3 -3
1481808786838 9 -2
1481808787602 10 -3
1481808788503 6 4
1481808789305 1 3
1481808790813 1 -3
1481808791961 1 3
1481808793500 9 2
1481808795680 7 2
1481808797353 7 -2
1481808798674 3 1
1481808800064 7 1
1481808800846 4 3
1481808801679 8 -1
1481808803444 3 -1
1481808805163 7 1
1481808815727 7 -1
1481808816249 3 1
1481808817059 8 1
1481808818615 4 -3
1481808819411 7 -1
1481808821007 3 -1
1481808823705 6 -4
1481808825660 9 -2
1481808826764 2 1
1481808827558 2 -1
1481808829063 9 2
1481808830743 7 2
1481808831556 7 -2
1481808832459 3 1
1481808840667 3 -1
1481808843866 7 2
1481808844621 4 2
1481808846472 7 -1
1481808847933 9 -1
1481808848992 2 1
1481808851941 6 4
1481808854183 4 1
1481808855052 8 -1
1481808858254 0 1
1481808861616 1 -2
1481808863066 2 -1
1481808864946 1 2
1481808866297 9 1
1481808869822 3 1
1481808870943 5 -4
1481808872506 2 -1
1481808873024 10 -1
1481808874172 3 -1
1481808877693 9 -1
1481808880944 9 1
1481808881651 7 1
1481808884808 6 -3
1481808886204 6 3
1481808887797 10 1
1481808888293 2 1
1481808889631 0 -1
1481808890710 8 1
1481808891307 8 -1
1481808893541 2 -1
1481808894209 10 -1
1481808897943 1 -2
1481808900295 7 -1
1481808901045 1 2
1481808903075 9 -1
1481808905843 0 1
1481808908202 10 1
1481808908698 2 2
1481808912056 1 -2
1481808912677 6 -3
1481808913516 1 2
1481808914496 6 3
1481808930000 2 -1
1481808930711 9 1
1481808933247 7 1
1481808936300 6 -3
1481808939357 7 -1
1481808940489 1 -2
1481808942206 10 -1
1481808942654 2 -1
1481808943561 9 -1
1481808947167 9 1
1481808947730 7 1
1481808949056 7 -1
1481808950009 1 2
1481808950692 6 3
1481808952159 1 -2
1481808952845 7 1
1481808955703 6 -3
1481808957966 1 2
1481808959240 6 3
1481808962122 0 -1
1481808963222 7 -1
1481808964401 1 -2
1481808965252 6 -3
1481808965963 6 3
1481808966432 1 2
1481808967366 3 1
1481808968197 0 1
1481808971154 3 -1
1481808973463 7 1
1481808975775 2 1
1481808976451 10 1
1481808985395 1 -2
1481808986059 6 -3
1481808987009 1 2
1481808987643 6 3
1481808990154 5 1
1481808991794 10 -1
1481808992216 2 -1
1481808994073 7 -1
1481808994868 1 -2
1481808996215 9 -1
1481808998160 6 -3
1481809001622 5 -1
1481809003553 10 1
1481809004023 2 3
1481809005444 2 1
1481809006507 9 1
1481809007922 10 -1
1481809011425 9 -1
1481809011928 2 -2
1481809013029 2 -2
1481809014910 1 2
1481809019319 0 -1
1481809021009 9 1
1481809022361 9 -1
1481809022995 9 1
1481809025100 7 1
1481809027583 8 1
1481809030238 6 3
1481809033055 4 -2
1481809034575 7 -1
1481809035467 1 -3
1481809037618 9 -1
1481809039344 10 1
1481809040090 2 3
1481809042235 10 -1
1481809042816 2 -3
1481809043517 9 1
1481809045806 1 3
1481809047843 7 1
1481809050811 4 2
1481809051708 8 -1
1481809052966 0 1
1481809053706 7 -1
1481809054517 1 -2
1481809055280 1 2
1481809056998 3 1
1481809059004 10 1
1481809059943 2 1
1481809060755 5 4
1481809062333 0 -1
1481809063763 8 1
1481809064386 4 -3
1481809065498 7 -1
1481809068103 3 -1
1481809069555 3 1
1481809070965 3 -1
1481809071476 1 -3
1481809072660 3 3
1481809073836 8 1
1481809075713 7 1
1481809076776 5 -1
1481809077937 2 -1
1481809080790 7 -1
1481809082100 8 -1
1481809083949 2 1
1481809084604 8 1
1481809096156 8 -1
1481809097371 7 1
1481809098320 3 -2
1481809099293 1 3
1481809100669 7 -1
1481809101863 7 1
1481809102504 4 3
1481809103222 8 -1
1481809104201 0 1
1481809108489 1 -2
1481809109152 1 2
1481809110592 5 1
1481809111180 3 -1
1481809112148 7 1
1481809131059 7 -1
1481809132046 7 1
1481809137139 7 -1
1481809138092 1 -2
1481809139961 3 1
1481809140951 0 -1
1481809142248 5 -1
1481809143036 2 -1
1481809145478 0 1
1481809155141 1 2
1481809165462 6 -3
1481809166535 6 3
1481809167785 2 1
1481809168526 5 1
1481809170641 3 -1
1481809171545 7 1
1481809175290 6 -3
1481809176558 1 -2
1481809177766 7 -1
1481809180108 3 1
1481809181379 5 -4
1481809182915 3 -1
1481809183431 10 -1
1481809184022 2 -1
1481809186015 6 3
1481809186706 1 2
1481809189959 3 1
1481809191868 5 2
1481809195368 6 -3
1481809196055 6 2
1481809198749 10 1
1481809199307 2 1
1481809199915 5 2
1481809200713 3 -1
1481809201614 7 1
1481809208382 6 1
1481809209033 1 -2
1481809209417 6 -3
1481809210811 7 -1
1481809211601 9 -1
1481809212219 2 3
1481809213932 9 1
1481809214735 7 1
1481809215625 1 1
1481809216197 6 2
1481809218904 7 -1
1481809219321 1 -1
1481809219758 6 -2
1481809220491 9 -1
1481809220921 2 -3
1481809221885 2 3
1481809224001 9 1
1481809224799 7 1
1481809225388 1 1
1481809225878 6 2
1481809229655 0 -1
1481809230409 8 1
1481809231023 4 -3
1481809232115 7 -2
1481809234757 9 -2
1481809235521 1 -2
1481809236393 6 -3
1481809237187 2 -3
1481809238261 9 2
1481809239967 3 3
1481809240943 8 1
1481809242560 8 -1
1481809244272 3 -3
1481809244762 1 3
1481809245816 6 4
1481809246861 7 2
1481809247977 4 3
1481809248731 8 -1
1481809249750 8 1
1481809250454 8 -1
1481809251251 7 -1
1481809253011 7 1
1481809254849 7 -1
1481809255793 7 1
1481809256397 1 -2
1481809257521 6 -3
1481809258632 7 -1
1481809259556 3 1
1481809260230 8 1
1481809263421 3 -1
1481809265787 3 1
1481809266318 8 -1
1481809266857 0 1
1481809267861 1 2
1481809268857 6 3
1481809270703 3 -1
1481809271445 7 1
1481809273792 1 -2
1481809274420 1 2
1481809275148 1 -2
1481809277104 7 -1
1481809278483 3 1
1481809280046 5 -4
1481809281241 3 -1
1481809282640 10 -1
1481809283165 2 -1
1481809284512 9 -1
1481809285055 9 1
1481809285604 1 2
1481809286498 7 1
1481809291348 7 -1
1481809292077 1 -2
1481809292662 6 -3
1481809294424 6 3
1481809294810 1 2
1481809296404 9 -1
1481809297131 9 1
1481809298921 0 -1
1481809299762 8 1
1481809300398 4 -2
1481809301936 1 -3
1481809303100 1 3
1481809305460 7 1
1481809306837 7 -1
1481809307525 3 1
1481809308663 10 1
1481809309087 2 1
1481809310998 4 2
1481809312194 6 -3
1481809313036 1 -2
1481809314811 10 -1
1481809315242 2 -1
1481809315794 3 -1
1481809316904 7 1
1481809319932 8 -1
1481809323843 6 3
1481809324357 1 2
1481809325234 7 -1
1481809326438 3 1
1481809327397 8 1
1481809327953 8 -1
1481809329587 3 -1
1481809331255 1 -2
1481809332141 1 2
1481809332793 7 1
1481809333535 6 -3
1481809335158 7 -1
1481809335564 9 -1
1481809336876 2 2
1481809337749 10 1
1481809339361 1 -2
1481809340159 2 2
1481809341558 6 2
1481809342058 1 1
1481809345171 0 1
1481809348163 10 -1
1481809349059 9 1
1481809350465 7 1
1481809351320 1 -1
1481809351747 6 -2
1481809353375 7 -1
1481809353781 9 -1
1481809354245 2 -4
1481809355455 9 1
1481809356671 1 2
1481809357393 6 3
1481809359621 7 1
1481809361323 0 -1
1481809362250 8 1
1481809362794 4 -2
1481809363810 7 -1
1481809365300 1 -3
1481809366580 6 -4
1481809368292 9 -1
1481809370143 10 1
1481809370713 2 3
1481809372762 1 2
1481809375726 2 1
1481809376328 6 3
1481809378777 10 -1
1481809379808 9 1
1481809380769 7 1
1481809382038 4 2
1481809382614 8 -1
1481809383332 8 1
1481809384607 8 -1
1481809385210 7 -1
1481809386803 7 1
1481809389348 8 1
1481809391981 4 -2
1481809393792 1 -2
1481809395512 1 2
1481809397428 6 -3
1481809400179 7 -1
1481809401832 9 -1
1481809402462 2 -4
1481809403367 9 1
1481809404197 1 1
1481809405193 7 1
1481809406071 7 -1
1481809407322 3 1
1481809409066 3 -1
1481809410714 3 1
1481809412878 6 4
1481809413954 4 2
1481809414811 8 -1
1481809415488 0 1
1481809416050 5 2
1481809418950 1 -2
1481809419535 6 -3
1481809420995 10 1
1481809421461 2 1
1481809422045 5 2
1481809423111 3 -1
1481809425000 7 1
1481809426102 7 -1
1481809429448 9 -1
1481809429878 1 2
1481809430499 6 3
1481809431651 2 1
1481809432717 2 -1
1481809433386 9 1
1481809435219 7 1
1481809437134 6 -3
1481809439814 6 3
1481809443200 7 -1
1481809444939 7 1
1481809464199 R
1481809467553 3 -1
1481809472262 9 -1
1481809474416 9 1
1481809475323 0 1
1481809475957 5 1
1481809476522 4 -1
1481809477333 7 -1
1481809478264 6 -1
1481809479115 0 1
1481809483712 3 3
1481809487186 5 2
1481809488363 8 -1
1481809489586 8 1
1481809490224 8 -1
1481809490693 2 1
1481809491962 5 -2
1481809493124 2 -1
1481809493838 8 1
1481809494665 8 -1
1481809495558 8 1
1481809496455 8 -1
1481809498926 8 1
1481809500597 3 -3
1481809503565 9 -1
1481809504305 9 1
1481809505504 6 2
1481809506228 6 -2
1481809506884 1 1
1481809507791 1 -1
1481809508910 9 -1
1481809510219 9 1
1481809513010 1 1
1481809514612 6 2
1481809515794 6 -2
1481809517407 9 -1
1481809519330 9 1
1481809520560 1 -1
1481809521483 3 3
1481809522838 8 -1
1481809526393 5 2
1481809531480 8 1
1481809532972 3 -2
1481809539300 5 -2
1481809540011 3 -1
1481809540883 1 1
1481809541797 1 -1
1481809543500 9 -1
1481809547574 6 2
1481809553646 9 1
1481809555700 0 -1
1481809557114 7 2
1481809558503 4 1
1481809559147 5 -1
1481809559928 0 -1
1481809561136 0 1
1481809562504 7 -1
1481809563749 3 2
1481809570144 6 -2
1481809571926 3 -2
1481809573399 9 -1
1481809574638 9 1
1481809575208 3 3
1481809576118 8 -1
1481809576832 2 1
1481809578569 5 4
1481809579908 4 -1
1481809580821 7 -1
1481809582254 0 1
1481809586213 5 -3
1481809588241 2 -1
1481809588992 8 1
1481809589814 8 -1
1481809591260 8 1
1481809591780 3 -3
1481809594137 3 3
1481809595669 8 -1
1481809597662 8 1
1481809598260 3 -3
1481809598978 9 -1
1481809601055 9 1
1481809603953 3 3
1481809605569 8 -1
1481809608711 0 -1
1481809609605 7 1
1481809610623 4 1
1481809611463 5 -1
1481809612350 0 -1
1481809613200 8 -2
1481809615190 3 -3
1481809617173 9 -1
1481809618294 9 1
1481809619279 2 1
1481809621123 6 2
1481809622154 1 1
1481809623153 7 1
1481809624018 7 -1
1481809624577 4 2
1481809625985 8 -1
1481809627286 0 1
1481809628650 7 1
1481809629762 2 -1
1481809631849 7 -1
1481809633514 9 -1
1481809634573 6 -1
1481809641015 2 4
1481809641922 9 1
1481809642863 9 -1
1481809643801 9 1
1481809645949 5 1
1481809647459 3 1
1481809648933 5 3
1481809650815 3 -1
1481809659845 0 -1
1481809660658 8 1
1481809661331 4 -3
1481809662780 1 -1
1481809664345 1 1
1481809664971 1 -1
1481809666644 3 3
1481809667647 8 3
1481809669091 4 1
1481809670246 3 -3
1481809672663 3 3
1481809673596 8 -3
1481809674680 3 -3
1481809676885 9 -1
1481809678198 2 -3
1481809679341 9 1
1481809681553 7 1
1481809683222 1 1
1481809685393 4 -1
1481809687996 4 3
1481809688871 8 -1
1481809689675 0 1
1481809692087 0 -1
1481809693261 0 1
1481809695281 6 1
1481809702463 7 -1
1481809703110 9 -1
1481809703880 9 1
1481809706895 3 1
1481809707561 5 -4
1481809708575 3 -1
1481809710594 2 -1
1481809711424 9 -1
1481809712148 9 1
1481809712786 7 1
1481809715654 0 -1
1481809716314 8 1
1481809716875 4 -2
1481809718139 4 2
1481809719259 8 -1
1481809720250 0 1
1481809720934 0 -1
1481809721409 8 1
1481809722159 4 -2
1481809723255 1 -1
1481809726372 7 -1
1481809728543 3 2
1481809730347 2 1
1481809732033 3 -2
1481809733159 1 1
1481809733897 1 -1
1481809734548 6 -2
1481809739191 9 -1
1481809740165 9 1
1481809741131 2 -1
1481809743232 7 1
1481809743918 1 1
1481809744387 6 2
1481809745189 4 2
1481809746060 7 -1
1481809746501 6 -1
1481809747564 8 -1
1481809748719 0 1
1481809749517 5 1
1481809750628 2 1
1481809751697 3 1
1481809753001 5 3
1481809754181 3 -1
1481809755592 9 -1
1481809756171 9 1
1481809758105 3 1
1481809758749 5 -4
1481809760476 5 4
1481809761936 5 -4
1481809764566 2 -1
1481809765771 3 -1
1481809767394 9 -1
1481809770818 0 -1
1481809771403 8 1
1481809772686 8 -1
1481809774876 2 4
1481809776048 9 1
1481809778614 7 1
1481809780017 8 1
1481809780616 4 -2
1481809781693 7 -1
1481809782670 6 -1
1481809784179 1 -1
1481809786212 3 3
1481809787112 8 3
1481809788915 0 1
1481809790177 5 4
1481809790980 0 -1
1481809792423 3 -3
1481809793250 7 1
1481809794208 4 -1
1481809794804 7 -2
1481809795930 0 2
1481809797013 1 1
1481809805382 1 -1
1481809806096 6 2
1481809807154 1 1
1481809808208 1 -1
1481809808639 6 -2
1481809812665 3 3
1481809813490 5 -3
1481809814195 3 -3
1481809818150 6 2
1481809819811 6 -2
1481809824469 9 -1
1481809825163 2 -1
1481809829290 1 1
1481809830069 1 -1
1481809830580 6 2
1481809831533 6 -2
1481809835671 2 1
1481809836266 9 1
1481809837397 3 3
1481809838428 8 -1
1481809840596 0 -1
1481809841721 0 1
1481809843154 8 1
1481809844004 8 -1
1481809844617 8 1
1481809846493 0 -1
1481809849902 0 1
1481809850539 3 -3
1481809854447 9 -1
1481809855210 2 -1
1481809857100 1 1
1481809857654 6 2
1481809859720 0 -1
1481809860341 7 1
1481809860978 1 -1
1481809862552 6 -2
1481809863917 7 -1
1481809865196 9 -1
1481809866491 10 -1
1481809869138 6 4
1481809870522 1 1
1481809872349 1 -1
1481809875360 1 1
1481809876383 6 -4
1481809877352 2 1
1481809878251 10 1
1481809879134 9 2
1481809880294 7 2
1481809881411 6 2
1481809884659 4 3
1481809885772 5 -1
1481809887209 7 -1
1481809888402 3 1
1481809889919 5 4
1481809890861 3 -1
1481809892290 4 -3
1481809893532 7 -1
1481809894013 1 -1
1481809894605 6 -2
1481809897464 0 1
1481809898805 9 -1
1481809899503 2 -1
1481809902560 1 1
1481809903667 6 2
1481809905426 0 -2
1481809905918 7 1
1481809906468 4 3
1481809907616 6 -1
1481809910267 0 1
1481809914661 6 1
1481809916018 2 1
1481809916658 9 1
1481809917470 3 1
1481809918171 5 -4
1481809919459 3 -1
1481809921814 9 -1
1481809922380 2 -1
1481809925448 6 -1
1481809927248 2 1
1481809928094 9 1
1481809929421 7 1
1481809931602 4 -2
1481809934474 6 -1
1481809936051 7 -1
1481809937370 0 -1
1481809938409 3 1
1481809941957 6 2
1481809942871 1 -1
1481809943500 6 -2
1481809947412 3 2
1481809948499 8 -3
1481809949989 3 -3
1481809951198 9 -1
1481809951815 2 -4
1481809953026 9 1
1481809954054 3 3
1481809955892 8 3
1481809956845 3 -3
1481809960334 9 -1
1481809961147 9 1
1481809962153 3 3
1481809962824 8 -3
1481809963764 3 -3
1481809965364 9 -1
1481809966311 2 3
1481809969147 6 2
1481809969714 1 1
1481809971246 2 -3
1481809972596 9 1
1481809974435 3 1
1481809975730 3 -1
1481809977408 1 -1
1481809978942 9 -1
1481809979956 6 -2
1481809982704 1 1
1481809983590 4 1
1481809984365 4 -1
1481809985156 6 2
1481809985964 1 -1
1481809988418 6 -2
1481809989663 9 1
1481809990503 3 3
1481809991335 8 3
1481809994140 3 -3
1481809995180 7 1
1481809995751 6 2
1481809996661 1 1
1481809997482 4 2
1481809998319 7 -1
1481809999517 7 1
1481810000302 7 -1
1481810000905 3 1
1481810001723 0 1
1481810003247 4 -2
1481810004331 6 -2
1481810005235 1 -1
1481810007004 3 -1
1481810008743 9 -1
1481810009600 9 1
1481810011609 5 1
1481810012687 4 -1
1481810013467 7 -1
1481810016629 9 -2
1481810017574 10 -1
1481810018800 6 4
1481810020393 1 1
1481810023630 1 -1
1481810026023 6 -4
1481810027022 10 1
1481810028335 9 2
1481810029728 9 -2
1481810031085 10 -1
1481810032267 10 1
1481810035636 9 2
1481810037153 3 3
1481810037715 5 2
1481810039545 7 1
1481810040554 4 1
1481810041293 5 -3
1481810042385 3 -3
1481810044047 9 -1
1481810044666 9 1
1481810045533 7 1
1481810046259 1 1
1481810047186 1 -1
1481810048282 7 -1
1481810049812 3 3
1481810051912 8 -1
1481810054252 6 1
1481810057106 5 3
1481810057877 4 -1
1481810058655 7 -1
1481810059544 6 -1
1481810060687 0 1
1481810063022 5 -2
1481810064694 2 1
1481810065637 2 -1
1481810069630 6 1
1481810070859 0 -1
1481810072588 0 1
1481810073508 0 -1
1481810074359 5 1
1481810075305 5 1
1481810075902 0 -1
1481810076652 8 -2
1481810078208 2 1
1481810078951 5 1
1481810079893 8 2
1481810080807 0 2
1481810082292 5 -3
1481810083411 2 -1
1481810085126 8 1
1481810085806 3 -3
1481810086798 9 -1
1481810087533 9 1
1481810088858 3 3
1481810090019 8 -1
1481810091487 2 1
1481810092332 0 -1
1481810095522 2 -1
1481810097304 7 1
1481810097966 6 -1
1481810099558 4 1
1481810100439 5 -1
1481810101578 0 -1
1481810103677 8 -2
1481810104526 3 -3
1481810105647 9 -1
1481810106204 9 1
1481810109251 3 3
1481810110240 8 3
1481810111978 3 -3
1481810113137 9 -1
1481810113992 9 1
1481810116031 7 1
1481810116717 6 2
1481810117326 1 1
1481810118802 0 1
1481810120524 0 -1
1481810121151 7 -1
1481810121569 1 -1
1481810122036 6 -2
1481810122901 9 -1
1481810123978 0 1
1481810124557 5 1
1481810126321 4 -1
1481810127093 7 -1
1481810128293 9 -1
1481810129395 10 -1
1481810132433 6 4
1481810137319 1 1
1481810142209 6 -4
1481810143627 10 1
1481810144255 9 2
1481810145499 1 -1
1481810147700 3 3
1481810148677 8 -1
1481810151154 8 1
1481810151669 3 -3
1481810152599 3 3
1481810153053 5 2
1481810154204 7 1
1481810154929 4 1
1481810155684 5 -3
1481810156923 3 -3
1481810158193 9 -1
1481810159046 9 1
1481810159703 1 1
1481810160144 6 2
1481810160996 7 1
1481810162003 1 -1
1481810162732 6 -2
1481810164263 0 -1
1481810165886 7 -1
1481810166810 9 -1
1481810167755 9 1
1481810168400 3 2
1481810169510 3 1
1481810170280 8 -3
1481810172066 2 1
1481810172806 2 -1
1481810174091 3 -3
1481810176015 9 -1
1481810176596 9 1
1481810177424 3 3
1481810179524 8 3
1481810180390 3 -3
1481810181749 9 -1
1481810182511 9 1
1481810183211 3 3
1481810184112 8 -3
1481810186611 3 -3
1481810188912 9 -1
1481810189907 9 1
1481810190667 3 3
1481810191751 2 1
1481810192389 3 -3
1481810194688 9 -1
1481810195857 6 2
1481810196352 1 1
1481810198352 4 2
1481810199866 8 -1
1481810200698 0 1
1481810203321 2 3
1481810204411 9 1
1481810208348 6 -1
1481810210729 9 -1
1481810213240 2 -4
1481810213776 9 1
1481810216714 3 1
1481810218517 3 -1
1481810219563 7 1
1481810220162 6 1
1481810224403 5 1
1481810227253 5 -1
1481810228470 5 1
1481810242294 6 -1
1481810244770 7 -1
1481810246324 9 -1
1481810247596 5 -1
1481810248507 2 3
1481810250464 2 1
1481810251016 9 1
1481810253087 3 1
1481810254804 6 1
1481810256518 0 -1
1481810257110 8 1
1481810257669 4 -2
1481810258411 1 -1
1481810259179 6 -2
1481810260446 1 1
1481810261267 6 2
1481810261850 1 -1
1481810262789 6 -2
1481810264532 3 2
1481810265751 8 3
1481810267311 3 -3
1481810268694 9 -1
1481810269765 2 -1
1481810271259 1 1
1481810273150 4 1
1481810274801 6 2
1481810275501 4 1
1481810280358 0 1
1481810281196 4 -2
1481810283100 5 1
1481810283769 4 -1
1481810285274 1 -1
1481810286117 7 -1
1481810286801 9 -1
1481810287600 10 -1
1481810288631 2 1
1481810290591 1 1
1481810292663 1 -1
1481810295554 6 -2
1481810297303 2 -1
1481810299616 1 1
1481810300260 1 -1
1481810305511 1 1
1481810306054 1 -1
1481810307050 2 1
1481810308531 10 1
1481810309823 9 2
1481810312023 3 3
1481810313165 0 1
1481810313960 3 -3
1481810317513 9 -1
1481810318398 9 1
1481810319772 3 3
1481810320385 8 -1
1481810321610 8 1
1481810323060 3 -3
1481810325791 9 -1
1481810326403 2 -1
1481810328479 6 2
1481810331776 2 1
1481810332855 9 1
1481810335679 3 2
1481810336816 5 3
1481810338965 3 -2
1481810340054 1 1
1481810341992 6 -2
1481810342654 6 2
1481810343701 0 -2
1481810344344 7 2
1481810344909 4 3
1481810346718 0 1
1481810348359 0 -1
1481810349000 7 -1
1481810349769 0 1
1481810350977 3 1
1481810351510 5 -4
1481810352570 0 -1
1481810353814 4 -2
1481810356291 6 -2
1481810358714 3 -1
1481810359896 9 -1
1481810360495 9 1
1481810361504 1 -1
1481810363000 0 1
1481810364425 3 3
1481810365237 8 -1
1481810366170 8 1
1481810366930 0 -1
1481810368845 6 1
1481810370955 6 -1
1481810372008 0 1
1481810372725 3 -3
1481810373459 1 1
1481810374337 4 1
1481810375212 6 2
1481810375837 4 1
1481810378226 9 -1
1481810380229 2 -1
1481810382103 5 1
1481810383955 6 -1
1481810386097 2 1
1481810386751 9 1
1481810387798 6 1
1481810388691 4 -3
1481810389564 7 -1
1481810390361 1 -1
1481810391192 6 -2
1481810392498 9 -2
1481810393136 10 -1
1481810393754 2 -1
1481810395953 1 1
1481810396533 6 4
1481810397618 1 -1
1481810398802 1 1
1481810400327 1 -1
1481810404268 6 -4
1481810405781 2 1
1481810407772 10 1
1481810408793 9 2
1481810410410 0 1
1481810412343 3 3
1481810413087 8 -1
1481810413959 8 1
1481810414653 5 3
1481810416342 3 -3
1481810417530 9 -1
1481810418351 2 -1
1481810419601 2 1
1481810420375 9 1
1481810427584 6 2
1481810429019 0 -1
1481810429808 7 2
1481810430807 4 1
1481810431821 1 1
1481810434384 7 -1
1481810435522 3 1
1481810436649 5 -4
1481810437986 0 -1
1481810438959 3 -1
1481810440207 9 -1
1481810441224 2 -1
1481810442395 6 -2
1481810442812 1 -1
1481810447644 1 1
1481810448976 4 1
1481810450434 0 1
1481810453006 6 2
1481810453811 4 1
1481810455189 6 -1
1481810459072 2 1
1481810459810 9 1
1481810460451 3 1
1481810462455 6 1
1481810463750 4 -2
1481810465156 6 -2
1481810465783 1 -1
1481810467147 1 1
1481810467661 6 2
1481810468871 6 -1
1481810469215 1 -1
1481810470863 6 -1
1481810471962 3 2
1481810473563 8 -1
1481810474381 8 1
1481810475131 0 -1
1481810475793 8 -3
1481810477423 3 -3
1481810479546 9 -1
1481810480314 2 -3
1481810481010 2 -1
1481810481955 9 1
1481810482964 3 3
1481810483851 8 3
1481810484710 3 -3
1481810486070 9 -1
1481810486686 9 1
1481810488607 6 2
1481810489704 6 -2
1481810491915 3 3
1481810492670 8 -3
1481810493986 3 -3
1481810495220 9 -1
1481810496071 9 1
1481810497454 6 2
1481810498076 1 1
1481810498512 7 1
1481810500864 4 2
1481810501467 8 -1
1481810502362 0 1
1481810502998 7 -1
1481810504311 6 -1
1481810505788 9 -1
1481810507255 9 1
1481810507998 2 1
1481810508654 2 -1
1481810509545 3 1
1481810511684 6 1
1481810513496 3 -1
1481810514261 7 1
1481810518633 2 1
1481810520107 0 -1
1481810520854 8 1
1481810521455 4 -2
1481810522437 1 -1
1481810523385 6 -2
1481810525303 7 -1
1481810526932 3 3
1481810527702 8 2
1481810529008 0 1
1481810530112 5 4
1481810530885 4 -1
1481810531703 7 -1
1481810532542 0 1
1481810534515 5 -3
1481810535546 2 -1
1481810536448 8 1
1481810537765 3 -3
1481810539164 9 -1
1481810539815 9 1
1481810541479 3 3
1481810542753 8 -1
1481810546720 0 -1
1481810548187 7 1
1481810549403 7 -1
1481810550971 0 1
1481810552365 8 1
1481810553248 3 -3
1481810556306 1 1
1481810557059 6 2
1481810559917 0 -1
1481810560546 7 2
1481810562093 4 3
1481810564806 7 -1
1481810566231 3 1
1481810566772 5 -1
1481810567488 3 -1
1481810568633 7 1
1481810569590 7 -1
1481810570248 4 -2
1481810571245 1 -1
1481810572399 1 1
1481810573217 1 -1
1481810573825 9 -1
1481810576426 0 -1
1481810578580 9 1
1481810579553 3 2
1481810580493 6 -2
1481810581664 3 1
1481810583651 8 -3
1481810585471 3 -3
1481810586315 9 -1
1481810586912 9 1
1481810587764 7 1
1481810588306 7 -1
1481810588958 3 3
1481810590100 2 1
1481810593752 6 1
1481810595911 6 -1
1481810596594 3 -3
1481810597374 1 1
1481810598143 4 1
1481810599090 7 1
1481810601530 6 2
1481810602558 4 1
1481810603910 8 -1
1481810605214 7 -1
1481810605861 6 -1
1481810607434 0 1
1481810608681 9 -1
1481810609861 9 1
1481810611004 2 -1
1481810613206 9 -1
1481810615513 5 1
1481810619505 9 1
1481810623661 3 1
1481810625523 5 -1
1481810626298 0 -1
1481810627758 3 -1
1481810628550 7 1
1481810629413 8 1
1481810630071 4 -2
1481810631586 1 -1
1481810632986 6 -1
1481810637752 7 -1
1481810638460 3 3
1481810639381 8 3
1481810640315 3 -3
1481810641846 0 1
1481810645462 6 2
1481810646067 6 -2
1481810646938 9 -1
1481810647503 9 1
1481810651346 3 3
1481810652016 8 -1
1481810653753 2 1
1481810655195 5 4
1481810656892 4 -1
1481810657576 7 -1
1481810659217 0 1
1481810664343 5 -3
1481810665425 2 -1
1481810666277 8 1
1481810667503 3 -3
1481810668149 9 -1
1481810668861 9 1
1481810673087 6 2
1481810676217 0 -1
1481810680696 1 1
1481810681523 7 2
1481810682403 4 3
1481810683639 5 -1
1481810685798 7 -1
1481810687555 3 1
1481810689486 6 -1
1481810692264 4 -2
1481810693581 1 -1
1481810694633 6 -1
1481810696997 3 2
1481810697782 8 -1
1481810698395 2 1
1481810699710 2 -1
1481810705295 R
1481810707432 0 1
1481810708354 5 3
1481810710071 5 -3
1481810711350 3 -1
1481810714968 1 1
1481810715753 4 2
1481810719762 3 1
1481810721395 3 -1
1481810722166 9 -1
1481810725525 4 -2
1481810726607 1 -1
1481810728055 9 1
1481810729226 3 3
1481810730568 8 -1
1481810732259 5 3
1481810733504 4 -1
1481810734294 7 -1
1481810736863 0 1
1481810737761 5 -2
1481810739408 2 1
1481810740209 2 -1
1481810742509 6 -1
1481810746065 0 -1
1481810747306 7 1
1481810747957 7 -1
1481810748538 7 1
1481810749100 4 1
1481810749961 5 -1
1481810751813 0 -1
1481810753583 8 -2
1481810754347 3 -3
1481810757465 9 -1
1481810758156 9 1
1481810758812 2 1
1481810759861 9 -1
1481810760662 9 1
1481810764147 6 2
1481810767042 2 -1
1481810769680 9 -1
1481810772366 1 1
1481810773610 4 2
1481810774597 8 -1
1481810776302 6 -1
1481810782422 0 1
1481810784906 9 1
1481810786413 2 1
1481810787122 2 -1
1481810787685 3 1
1481810792410 6 1
1481810794186 3 -1
1481810795207 7 1
1481810797187 6 -1
1481810799029 2 1
1481810800169 0 -1
1481810800970 8 1
1481810801575 4 -2
1481810802482 1 -1
1481810803037 6 -1
1481810804916 7 -1
1481810805915 3 3
1481810806829 8 2
1481810809014 0 1
1481810809512 5 4
1481810811472 4 -1
1481810812691 7 -1
1481810813636 0 1
1481810814813 5 -3
1481810815723 2 -1
1481810816453 8 1
1481810817069 3 -3
1481810818147 9 -1
1481810818899 9 1
1481810821215 6 2
1481810824559 0 -1
1481810825727 1 1
1481810826609 7 2
1481810830314 4 2
1481810831130 4 1
1481810832075 5 -1
1481810833021 0 -1
1481810834272 7 -1
1481810835367 0 1
1481810836677 9 -1
1481810840077 0 -1
1481810840814 4 -2
1481810841912 1 -1
1481810842890 6 -2
1481810844597 9 1
1481810845770 3 3
1481810847005 0 1
1481810848816 5 3
1481810849617 4 -1
1481810850736 7 -1
1481810852514 0 1
1481810853574 8 -1
1481810855014 8 1
1481810855423 3 -2
1481810858274 1 1
1481810859514 6 2
1481810861221 0 -2
1481810861833 7 1
1481810862470 4 3
1481810863580 0 1
1481810864526 4 -3
1481810868540 1 -1
1481810870840 6 -2
1481810877357 3 2
1481810878231 8 -1
1481810879145 2 1
1481810884211 7 -1
1481810887044 0 1
1481810888042 5 -2
1481810889212 2 -1
1481810889903 8 1
1481810890526 3 -3
1481810892886 3 3
1481810893467 8 -1
1481810894302 2 1
1481810896226 5 3
1481810898650 6 1
1481810901707 0 -2
1481810902568 8 -2
1481810903338 3 -3
1481810906049 9 -2
1481810906681 10 -3
1481810907510 9 2
1481810908440 3 3
1481810909504 8 1
1481810912835 8 -1
1481810913396 3 -3
1481810914288 1 3
1481810915035 6 3
1481810916037 7 2
1481810917076 4 3
1481810917732 8 -1
1481810919216 7 -1
1481810919901 7 1
1481810921156 8 1
1481810921711 4 -3
1481810924138 4 3
1481810928465 8 -1
1481810930153 0 1
1481810932352 7 -1
1481810934151 7 1
1481810934946 1 -2
1481810935597 1 2
1481810938056 0 -1
1481810938701 8 1
1481810939625 4 -3
1481810940810 7 -2
1481810941904 3 1
1481810943710 1 -3
1481810944291 1 3
1481810945476 7 1
1481810946046 7 -1
1481810947549 7 1
1481810948122 4 3
1481810948945 8 -1
1481810953761 6 -3
1481810955779 6 3
1481810957051 8 1
1481810957533 4 -3
1481810958229 7 -1
1481810961754 1 -3
1481810964039 3 2
1481810964623 8 1
1481810965332 8 -1
1481810966065 3 -3
1481810967440 1 3
1481810968345 7 2
1481810970935 7 -2
1481810975736 3 1
1481810976472 3 -1
1481810980018 9 -2
1481810980870 2 1
1481810982688 10 1
1481810986261 1 -3
1481810987388 2 1
1481810989042 10 1
1481810991407 10 -2
1481810991919 2 -2
1481810993129 9 2
1481810995246 7 2
1481810996434 4 1
1481810998256 1 3
1481810999008 4 2
1481810999962 8 -1
1481811001300 7 -1
1481811002207 7 1
1481811006352 0 1
1481811009897 7 -1
1481811010772 1 -2
1481811012103 6 -3
1481811014461 3 1
1481811015423 5 -4
1481811016707 0 -1
1481811018520 3 -1
1481811019104 10 -1
1481811020184 2 -1
1481811022116 1 2
1481811023264 7 1
1481811028646 6 3
1481811030799 8 1
1481811031379 8 -1
1481811031933 0 1
1481811033009 5 1
1481811035181 7 -1
1481811036991 2 1
1481811037498 10 1
1481811038209 3 1
1481811038796 5 3
1481811039543 3 -1
1481811040761 7 1
1481811042251 7 -1
1481811043815 7 1
1481811047254 0 -1
1481811047978 8 1
1481811048503 4 -3
1481811050069 7 -2
1481811051224 3 1
1481811052152 3 -1
1481811052874 1 -3
1481811053573 3 3
1481811054390 8 1
1481811056326 8 -1
1481811056844 3 -3
1481811057393 1 3
1481811058347 7 2
1481811059538 7 -2
1481811061208 7 2
1481811062014 4 3
1481811062847 8 -1
1481811064186 7 -1
1481811064900 7 1
1481811065434 6 -3
1481811066141 6 3
1481811078206 7 -1
1481811078805 9 -1
1481811079726 1 -2
1481811085559 0 1
1481811086938 6 -3
1481811089168 9 1
1481811090401 7 1
1481811091100 7 -1
1481811091666 1 2
1481811092538 6 3
1481811094640 7 1
1481811095985 7 -1
1481811096513 7 1
1481811097163 7 -1
1481811097681 3 1
1481811099263 0 -1
1481811099970 8 1
1481811100508 4 -3
1481811101883 7 -1
1481811103512 3 -1
1481811106059 6 -4
1481811109127 3 1
1481811109980 3 -1
1481811110514 7 2
1481811111416 7 -2
1481811112207 6 4
1481811113431 7 2
1481811114077 4 3
1481811115411 8 -1
1481811116708 7 -1
1481811117386 7 1
1481811119631 8 1
1481811120347 4 -3
1481811121741 7 -2
1481811122965 9 -2
1481811123651 2 1
1481811124371 10 1
1481811126019 1 -3
1481811126666 6 -4
1481811127927 10 2
1481811128851 2 2
1481811129468 9 2
1481811130516 3 3
1481811131155 8 3
1481811132828 3 -3
1481811135209 9 -2
1481811136139 2 -1
1481811140186 2 1
1481811140708 2 -1
1481811141320 10 -1
1481811142161 1 1
1481811143090 6 4
1481811144483 1 -1
1481811147899 1 1
1481811148373 6 -4
1481811149252 2 1
1481811149794 10 1
1481811153806 6 2
1481811154648 9 2
1481811155972 7 2
1481811156935 4 3
1481811158476 7 -1
1481811160313 9 -1
1481811160914 2 -1
1481811164068 4 -3
1481811165119 7 -1
1481811167885 9 -1
1481811170079 10 -1
1481811173510 1 -1
1481811174663 6 2
1481811176773 1 1
1481811178314 1 -1
1481811181521 1 1
1481811184425 1 -1
1481811185948 6 -4
1481811186852 10 1
1481811188124 2 1
1481811188746 9 2
1481811190423 3 3
1481811191714 7 1
1481811192701 4 1
1481811194165 8 -3
1481811196056 3 -3
1481811200463 9 -1
1481811201069 2 -3
1481811202101 9 1
1481811203514 3 3
1481811204391 8 2
1481811206192 4 -1
1481811206913 7 -1
1481811208812 8 -2
1481811209566 3 -3
1481811212662 9 -2
1481811213518 10 -3
1481811214418 9 2
1481811215492 1 3
1481811216907 3 1
1481811217606 3 -1
1481811218317 7 2
1481811219375 4 2
1481811220276 4 -2
1481811220810 6 4
1481811221661 4 3
1481811222285 8 -1
1481811223833 7 -1
1481811224902 8 1
1481811225421 4 -3
1481811226742 7 1
1481811231561 6 -4
1481811233177 7 -2
1481811236503 3 1
1481811237380 3 -1
1481811241617 9 -2
1481811242698 10 1
1481811243520 2 1
1481811244721 2 -1
1481811247640 10 -1
1481811248436 9 2
1481811249629 7 2
1481811250623 4 2
1481811251919 4 -2
1481811252423 6 4
1481811253371 4 3
1481811254134 8 -1
1481811255552 0 1
1481811256518 7 -1
1481811258049 1 -2
1481811259163 1 2
1481811261687 3 1
1481811262323 5 -4
1481811263333 0 -1
1481811264784 0 1
1481811265421 2 -1
1481811265918 10 -1
1481811267151 3 -1
1481811269916 7 1
1481811275703 7 -1
1481811277432 3 1
1481811278670 3 -1
1481811279373 1 -2
1481811280254 9 -1
1481811281629 2 1
1481811283878 10 1
1481811284881 2 -1
1481811285394 10 -1
1481811286162 9 1
1481811286927 7 1
1481811288721 1 2
1481811293489 0 -1
1481811294150 8 1
1481811294723 4 -2
1481811296073 7 -1
1481811296684 1 -3
1481811297436 6 -4
1481811299120 3 3
1481811299915 8 3
1481811301333 3 -3
1481811302658 1 3
1481811304105 7 1
1481811305040 4 1
1481811306200 6 4
1481811307051 4 1
1481811308118 0 1
1481811309606 5 1
1481811310217 4 -3
1481811311302 7 -2
1481811312470 0 3
1481811314127 0 2
