1481805187743 0 1
1481805187743 0 1
1481805189044 5 3
1481805189044 5 3
1481805193423 3 2
1481805193423 3 2
1481805201266 3 -2
1481805201266 3 -2
1481805202781 4 -1
1481805202781 4 -1
1481805204531 7 -1
1481805204531 7 -1
1481805205668 1 1
1481805205668 1 1
1481805207593 6 -1
1481805207593 6 -1
1481805211444 5 -2
1481805211444 5 -2
1481805215605 3 -1
1481805215605 3 -1
1481805220559 3 1
1481805220559 3 1
1481805223956 5 2
1481805223956 5 2
1481805224951 0 -1
1481805224951 0 -1
1481805227365 1 -1
1481805227365 1 -1
1481805232476 3 2
1481805232476 3 2
1481805235923 8 -3
1481805235923 8 -3
1481805243448 2 1
1481805243448 2 1
1481805244629 5 1
1481805244629 5 1
1481805250264 8 2
1481805250264 8 2
1481805256677 8 -2
1481805256677 8 -2
1481805258019 3 -3
1481805258019 3 -3
1481805262796 9 -2
1481805262796 9 -2
1481805264003 10 -3
1481805264003 10 -3
1481805265686 9 2
1481805265686 9 2
1481805268112 1 3
1481805268112 1 3
1481805272643 7 2
1481805272643 7 2
1481805274248 6 4
1481805274248 6 4
1481805276660 4 3
1481805276660 4 3
1481805278557 8 -1
1481805278557 8 -1
1481805281475 7 -1
1481805281475 7 -1
1481805285980 7 1
1481805285980 7 1
1481805286964 8 1
1481805286964 8 1
1481805288272 4 -3
1481805288272 4 -3
1481805289433 7 -2
1481805289433 7 -2
1481805292378 7 2
1481805292378 7 2
1481805294117 4 3
1481805294117 4 3
1481805295361 8 -1
1481805295361 8 -1
1481805296486 0 1
1481805296486 0 1
1481805297326 7 -1
1481805297326 7 -1
1481805298591 1 -2
1481805298591 1 -2
1481805303206 1 2
1481805303206 1 2
1481805307348 R
1481805307348 R
1481805331626 0 1
1481805331626 0 1
1481805332833 3 -1
1481805332833 3 -1
1481805336347 3 3
1481805336347 3 3
1481805337495 0 -1
1481805337495 0 -1
1481805381265 8 -1
1481805381265 8 -1
1481805382511 2 1
1481805382511 2 1
1481805385100 0 1
1481805385100 0 1
1481805386892 5 4
1481805386892 5 4
1481805388567 0 -1
1481805388567 0 -1
1481805393055 8 -2
1481805393055 8 -2
1481805394405 3 -3
1481805394405 3 -3
1481805398677 9 -1
1481805398677 9 -1
1481805399509 2 3
1481805399509 2 3
1481805401540 9 1
1481805401540 9 1
1481805405201 6 -1
1481805405201 6 -1
1481805406252 3 3
1481805406252 3 3
1481805407855 8 2
1481805407855 8 2
1481805409640 8 1
1481805409640 8 1
1481805412807 4 -1
1481805412807 4 -1
1481805414257 7 -1
1481805414257 7 -1
1481805415403 3 -3
1481805415403 3 -3
1481805423686 7 2
1481805423686 7 2
1481805425012 1 1
1481805425012 1 1
1481805426361 4 2
1481805426361 4 2
1481805427127 7 -1
1481805427127 7 -1
1481805428241 4 -2
1481805428241 4 -2
1481805429418 0 1
1481805429418 0 1
1481805431222 7 -1
1481805431222 7 -1
1481805436173 R
1481805436173 R
1481805497199 6 1
1481805497199 6 1
1481805498617 1 1
1481805498617 1 1
1481805502327 4 2
1481805502327 4 2
1481805504730 3 -1
1481805504730 3 -1
1481805505991 7 1
1481805505991 7 1
1481805507938 0 1
1481805507938 0 1
1481805509393 0 -1
1481805509393 0 -1
1481805510613 7 -1
1481805510613 7 -1
1481805512091 4 -2
1481805512091 4 -2
1481805513473 6 -2
1481805513473 6 -2
1481805514763 1 -1
1481805514763 1 -1
1481805519150 3 3
1481805519150 3 3
1481805523329 0 1
1481805523329 0 1
1481805524745 5 3
1481805524745 5 3
1481805527940 3 -2
1481805527940 3 -2
1481805530310 0 -1
1481805530310 0 -1
1481805531915 4 -1
1481805531915 4 -1
1481805532903 7 -1
1481805532903 7 -1
1481805535522 3 2
1481805535522 3 2
1481805537109 8 -3
1481805537109 8 -3
1481805538473 3 -2
1481805538473 3 -2
1481805541981 2 1
1481805541981 2 1
1481805543114 5 1
1481805543114 5 1
1481805544549 3 -1
1481805544549 3 -1
1481805548032 7 2
1481805548032 7 2
1481805551570 1 1
1481805551570 1 1
1481805552687 6 2
1481805552687 6 2
1481805556060 4 3
1481805556060 4 3
1481805557392 8 -1
1481805557392 8 -1
1481805558352 0 1
1481805558352 0 1
1481805559003 7 -1
1481805559003 7 -1
1481805560349 7 1
1481805560349 7 1
1481805577120 R
1481805577120 R
1481805591871 0 1
1481805591871 0 1
1481805593205 5 3
1481805593205 5 3
1481805594779 0 -1
1481805594779 0 -1
1481805597370 3 2
1481805597370 3 2
1481805599621 8 -3
1481805599621 8 -3
1481805604256 3 -2
1481805604256 3 -2
1481805606430 2 1
1481805606430 2 1
1481805607444 5 1
1481805607444 5 1
1481805610600 3 2
1481805610600 3 2
1481805611988 8 2
1481805611988 8 2
1481805618859 0 1
1481805618859 0 1
1481805620348 5 -4
1481805620348 5 -4
1481805621695 0 -1
1481805621695 0 -1
1481805623156 2 -1
1481805623156 2 -1
1481805624400 8 1
1481805624400 8 1
1481805626329 3 -3
1481805626329 3 -3
1481805627985 3 1
1481805627985 3 1
1481805629065 0 1
1481805629065 0 1
1481805630271 5 3
1481805630271 5 3
1481805631763 0 -1
1481805631763 0 -1
1481805632769 4 -1
1481805632769 4 -1
1481805637480 3 2
1481805637480 3 2
1481805639042 8 -3
1481805639042 8 -3
1481805640616 3 -2
1481805640616 3 -2
1481805644100 3 2
1481805644100 3 2
1481805646653 8 3
1481805646653 8 3
1481805647188 8 -2
1481805647188 8 -2
1481805648444 8 2
1481805648444 8 2
1481805651695 3 -2
1481805651695 3 -2
1481805652798 1 1
1481805652798 1 1
1481805653972 7 -1
1481805653972 7 -1
1481805654861 1 -1
1481805654861 1 -1
1481805655804 3 2
1481805655804 3 2
1481805657457 8 -3
1481805657457 8 -3
1481805658854 3 -2
1481805658854 3 -2
1481805659988 3 2
1481805659988 3 2
1481805663725 8 2
1481805663725 8 2
1481805664608 0 2
1481805664608 0 2
1481805665568 5 -2
1481805665568 5 -2
1481805666517 0 -1
1481805666517 0 -1
1481805667772 0 1
1481805667772 0 1
1481805671238 8 1
1481805671238 8 1
1481805672014 3 -3
1481805672014 3 -3
1481805673508 0 -1
1481805673508 0 -1
1481805675553 9 -2
1481805675553 9 -2
1481805677898 10 -1
1481805677898 10 -1
1481805679996 6 3
1481805679996 6 3
1481805681158 1 1
1481805681158 1 1
1481805687688 1 -1
1481805687688 1 -1
1481805691322 6 -2
1481805691322 6 -2
1481805692176 10 1
1481805692176 10 1
1481805693064 9 2
1481805693064 9 2
1481805695454 7 2
1481805695454 7 2
1481805696722 6 -2
1481805696722 6 -2
1481805698316 4 1
1481805698316 4 1
1481805699377 5 -1
1481805699377 5 -1
1481805700082 0 -1
1481805700082 0 -1
1481805701032 7 -1
1481805701032 7 -1
1481805701762 3 3
1481805701762 3 3
1481805703308 8 -3
1481805703308 8 -3
1481805705490 3 -3
1481805705490 3 -3
1481805709627 3 3
1481805709627 3 3
1481805711274 8 2
1481805711274 8 2
1481805712345 0 1
1481805712345 0 1
1481805713363 5 3
1481805713363 5 3
1481805714248 4 -1
1481805714248 4 -1
1481805715162 0 -1
1481805715162 0 -1
1481805716226 7 -1
1481805716226 7 -1
1481805718560 8 1
1481805718560 8 1
1481805719352 3 -2
1481805719352 3 -2
1481805723990 6 2
1481805723990 6 2
1481805725140 1 1
1481805725140 1 1
1481805729710 R
1481805729710 R
1481806418665 0 1
1481806418665 0 1
1481806430675 5 3
1481806430675 5 3
1481806431990 4 -1
1481806431990 4 -1
1481806433051 7 -1
1481806433051 7 -1
1481806434034 0 1
1481806434034 0 1
1481806435101 5 -2
1481806435101 5 -2
1481806438066 3 2
1481806438066 3 2
1481806439748 5 2
1481806439748 5 2
1481806440944 0 -2
1481806440944 0 -2
1481806442352 8 -3
1481806442352 8 -3
1481806444887 2 1
1481806444887 2 1
1481806445546 5 1
1481806445546 5 1
1481806446638 8 2
1481806446638 8 2
1481806447858 0 2
1481806447858 0 2
1481806448717 5 -3
1481806448717 5 -3
1481806453456 5 2
1481806453456 5 2
1481806454628 0 -2
1481806454628 0 -2
1481806455491 8 -2
1481806455491 8 -2
1481806459805 3 -1
1481806459805 3 -1
1481806460052 3 1
1481806460052 3 1
1481806461322 5 1
1481806461322 5 1
1481806463079 3 -3
1481806463079 3 -3
1481806464053 9 -2
1481806464053 9 -2
1481806465197 2 3
1481806465197 2 3
1481806467781 9 2
1481806467781 9 2
1481806470456 3 3
1481806470456 3 3
1481806472051 8 3
1481806472051 8 3
1481806476818 3 -3
1481806476818 3 -3
1481806478392 7 2
1481806478392 7 2
1481806479457 1 1
1481806479457 1 1
1481806480805 6 1
1481806480805 6 1
1481806482365 4 3
1481806482365 4 3
1481806485691 4 -3
1481806485691 4 -3
1481806486639 1 -1
1481806486639 1 -1
1481806488229 7 -2
1481806488229 7 -2
1481806491748 1 1
1481806491748 1 1
1481806493364 R
1481806493364 R
1481806495900 3 2
1481806495900 3 2
1481806503901 3 -3
1481806503901 3 -3
1481806505213 3 3
1481806505213 3 3
1481806507476 0 1
1481806507476 0 1
1481806509006 5 3
1481806509006 5 3
1481806510531 4 -1
1481806510531 4 -1
1481806511503 7 -1
1481806511503 7 -1
1481806512791 0 -1
1481806512791 0 -1
1481806514472 3 -2
1481806514472 3 -2
1481806517399 3 2
1481806517399 3 2
1481806519951 0 2
1481806519951 0 2
1481806521028 5 -2
1481806521028 5 -2
1481806521931 8 -1
1481806521931 8 -1
1481806523794 0 -1
1481806523794 0 -1
1481806525232 8 1
1481806525232 8 1
1481806526454 3 -3
1481806526454 3 -3
1481806527536 9 -2
1481806527536 9 -2
1481806533547 R
1481806533547 R
1481806546834 1 1
1481806546834 1 1
1481806547876 4 2
1481806547876 4 2
1481806551065 0 1
1481806551065 0 1
1481806554438 5 3
1481806554438 5 3
1481806555463 0 -1
1481806555463 0 -1
1481806558131 R
1481806558131 R
1481806565842 3 -1
1481806565842 3 -1
1481806567544 3 3
1481806567544 3 3
1481806570266 8 -3
1481806570266 8 -3
1481806573351 3 -3
1481806573351 3 -3
1481806574928 9 -1
1481806574928 9 -1
1481806576656 2 4
1481806576656 2 4
1481806579595 9 1
1481806579595 9 1
1481806581872 3 3
1481806581872 3 3
1481806584577 8 3
1481806584577 8 3
1481806588142 0 1
1481806588142 0 1
1481806589926 5 4
1481806589926 5 4
1481806591949 3 -3
1481806591949 3 -3
1481806598306 3 3
1481806598306 3 3
1481806600339 5 -4
1481806600339 5 -4
1481806601798 0 -1
1481806601798 0 -1
1481806603501 8 -3
1481806603501 8 -3
1481806605178 3 -3
1481806605178 3 -3
1481806606302 9 -1
1481806606302 9 -1
1481806607596 2 -4
1481806607596 2 -4
1481806609135 9 1
1481806609135 9 1
1481806613284 9 -1
1481806613284 9 -1
1481806614706 9 1
1481806614706 9 1
1481806615432 1 1
1481806615432 1 1
1481806616136 4 2
1481806616136 4 2
1481806617538 8 -1
1481806617538 8 -1
1481806618800 3 1
1481806618800 3 1
1481806620410 3 -1
1481806620410 3 -1
1481806621717 0 1
1481806621717 0 1
1481806622469 5 1
1481806622469 5 1
1481806625643 R
1481806625643 R
1481806672577 6 -1
1481806672577 6 -1
1481806677390 3 -1
1481806677390 3 -1
1481806679400 3 3
1481806679400 3 3
1481806682774 R
1481806682774 R
1481806689752 0 1
1481806689752 0 1
1481806690980 5 3
1481806690980 5 3
1481806692354 4 -1
1481806692354 4 -1
1481806697094 1 1
1481806697094 1 1
1481806698462 4 3
1481806698462 4 3
1481806702051 4 -3
1481806702051 4 -3
1481806703971 1 -1
1481806703971 1 -1
1481806706238 7 -1
1481806706238 7 -1
1481806708988 3 2
1481806708988 3 2
1481806710558 0 -1
1481806710558 0 -1
1481806711762 8 -3
1481806711762 8 -3
1481806713081 3 -2
1481806713081 3 -2
1481806714976 3 2
1481806714976 3 2
1481806718749 8 2
1481806718749 8 2
1481806719886 0 2
1481806719886 0 2
1481806721496 5 -2
1481806721496 5 -2
1481806722764 8 1
1481806722764 8 1
1481806724201 3 -3
1481806724201 3 -3
1481806727627 6 -1
1481806727627 6 -1
1481806728718 1 1
1481806728718 1 1
1481806730009 1 -1
1481806730009 1 -1
1481806730815 9 -1
1481806730815 9 -1
1481806733982 1 1
1481806733982 1 1
1481806734676 1 -1
1481806734676 1 -1
1481806735326 0 -1
1481806735326 0 -1
1481806737425 6 2
1481806737425 6 2
1481806740810 9 1
1481806740810 9 1
1481806742860 7 2
1481806742860 7 2
1481806744286 1 1
1481806744286 1 1
1481806745430 4 3
1481806745430 4 3
1481806746889 7 -1
1481806746889 7 -1
1481806747889 5 -1
1481806747889 5 -1
1481806750340 9 -1
1481806750340 9 -1
1481806751245 6 -1
1481806751245 6 -1
1481806752288 R
1481806752288 R
1481806758474 3 -1
1481806758474 3 -1
1481806762846 3 3
1481806762846 3 3
1481806765359 8 -3
1481806765359 8 -3
1481806770140 3 -3
1481806770140 3 -3
1481806773297 3 3
1481806773297 3 3
1481806774665 2 1
1481806774665 2 1
1481806778896 8 2
1481806778896 8 2
1481806780127 0 1
1481806780127 0 1
1481806782509 5 3
1481806782509 5 3
1481806783716 0 -1
1481806783716 0 -1
1481806785807 4 -1
1481806785807 4 -1
1481806786808 7 -1
1481806786808 7 -1
1481806788950 8 -2
1481806788950 8 -2
1481806790690 5 1
1481806790690 5 1
1481806792305 3 -3
1481806792305 3 -3
1481806795225 7 2
1481806795225 7 2
1481806798075 1 1
1481806798075 1 1
1481806799544 4 3
1481806799544 4 3
1481806800908 8 -1
1481806800908 8 -1
1481806802375 7 -1
1481806802375 7 -1
1481806803357 3 1
1481806803357 3 1
1481806804581 8 1
1481806804581 8 1
1481806805728 5 -1
1481806805728 5 -1
