1482159142631 3 2
1482159143942 7 2
1482159151765 1 1
1482159154485 12 1
1482159156421 2 1
1482159162310 8 -1
1482159165093 7 -2
1482159165885 3 -3
1482159173266 2 -1
1482159176221 12 -1
1482159177542 1 -1
1482159182906 7 2
1482159187862 3 3
1482159190325 8 1
1482159191734 6 -1
1482159194115 5 3
1482159199492 0 1
1482159210516 1 1
1482159214034 9 -1
1482159217669 1 -1
1482159227900 5 -1
1482159228883 3 -2
1482159234684 1 1
1482159239380 12 1
1482159241452 2 1
1482159243220 9 1
1482159245044 10 1
1482159246245 0 -1
1482159254623 3 2
1482159256571 5 1
1482159265055 10 -1
1482159266882 9 -1
1482159269151 2 -1
1482159271131 9 1
1482159272523 0 1
1482159284619 9 -1
1482159285819 12 -1
1482159287179 1 -1
1482159292419 5 -1
1482159298775 3 -2
1482159308339 1 1
1482159311208 12 1
1482159313110 2 1
1482159314921 9 1
1482159316659 10 1
1482159318004 0 -1
1482159324617 3 2
1482159326372 5 1
1482159331034 6 1
1482159333303 10 -1
1482159334915 9 -1
1482159337423 2 -1
1482159339794 9 1
1482159341530 0 1
1482159345119 6 -1
1482159351962 12 -1
1482159354266 1 -1
1482159360514 6 1
1482159361955 6 -1
1482159376714 1 1
1482159377937 12 1
1482159379431 2 1
1482159381945 10 1
1482159383463 0 -1
1482159387193 0 1
1482159388018 6 1
1482159389621 8 -4
1482159392134 6 -1
1482159399562 5 -1
1482159400791 3 -3
1482159407273 8 1
1482159408595 2 -1
1482159411481 12 -1
1482159413105 1 -1
1482159423964 3 3
1482159429081 5 1
1482159433361 6 1
1482159434552 8 3
1482159446887 R
1482159469044 7 2
1482159471769 7 -2
1482159477833 1 1
1482159479783 6 -1
1482159482636 12 1
1482159486569 2 1
1482159489200 5 1
1482159491392 10 1
1482159507652 3 2
1482159509593 7 2
1482159511260 5 2
1482159513416 0 1
1482159515184 6 1
1482159516130 8 -4
1482159520546 6 -1
1482159525328 5 -1
1482159526611 3 -3
1482159543376 8 1
1482159544761 2 -1
1482159547177 12 -1
1482159548533 1 -1
1482159588453 3 3
1482159591288 3 -3
1482159602431 3 3
1482159604376 5 1
1482159606454 6 1
1482159607685 8 3
1482159609641 10 -1
1482159610986 9 -1
1482159613268 6 -1
1482159617102 5 -1
1482159618294 3 -2
1482159624702 9 1
1482159630686 10 1
1482159635197 3 2
1482159637042 5 1
1482159640190 6 1
1482159641457 8 -3
1482159643081 6 -1
1482159650694 1 1
1482159652718 12 1
1482159653809 2 1
1482159655278 8 -1
1482159656253 0 -1
1482159681677 0 1
1482159683389 8 1
1482159684461 2 -1
1482159688117 6 1
1482159689137 8 3
1482159691697 10 -1
1482159694085 12 -1
1482159695361 1 -1
1482159698678 6 -1
1482159701561 9 -1
1482159704861 9 1
1482159707885 5 -1
1482159709164 3 -1
1482159710665 3 -1
1482159718206 0 -1
1482159719581 5 -2
1482159725557 7 -2
1482159735604 1 1
1482159738242 12 1
1482159745636 7 2
1482159747367 7 -2
1482159749541 7 2
1482159751213 6 1
1482159752948 8 -1
1482159753862 3 -1
1482159760548 12 -1
1482159762612 1 -1
1482159769848 3 1
1482159771865 3 2
1482159774451 8 1
1482159786348 6 -1
1482159787832 5 3
1482159790760 9 -1
1482159794380 9 1
1482159795868 1 1
1482159796790 12 1
1482159803628 5 -3
1482159808227 7 -2
1482159813691 12 -1
1482159814582 1 -1
1482159819427 5 1
1482159821459 9 -1
1482159828620 3 -2
1482159831421 3 2
1482159832676 7 2
1482159834379 5 2
1482159839107 6 1
1482159843619 9 1
1482159844691 0 1
1482159847059 8 -2
1482159850076 9 -1
1482159860907 1 1
1482159862167 12 1
1482159863973 9 1
1482159870067 10 1
1482159871659 8 -1
1482159872756 6 -1
1482159875434 5 -1
1482159876925 3 -3
1482159888100 12 -1
1482159889218 1 -1
1482159901108 3 3
1482159903638 5 1
1482159906474 6 1
1482159908834 8 3
1482159909823 10 -1
1482159911922 9 -1
1482159914748 6 -1
1482159917794 5 -1
1482159919658 3 -2
1482159926387 9 1
1482159929898 1 1
1482159931416 12 1
1482159934386 10 1
1482159936113 0 -1
1482159940506 10 -1
1482159942753 5 -2
1482159944962 6 1
1482159947434 8 -1
1482159948392 3 -1
1482159954481 12 -1
1482159956090 1 -1
1482159961402 3 3
1482159963362 8 1
1482159964368 6 -1
1482159970341 7 -2
1482159973038 5 1
1482159976985 10 1
1482159978393 1 1
1482159979504 12 1
1482159980749 2 1
1482159986041 3 -2
1482159992970 10 -1
1482159994284 9 -1
1482159998855 7 2
1482160000265 5 1
1482160002833 9 1
1482160004265 0 1
1482160008641 10 1
1482160012895 10 -1
1482160018673 3 2
1482160020274 5 1
1482160024761 6 1
1482160027136 2 -1
1482160028488 10 1
1482160032121 12 -1
1482160033935 1 -1
1482160039952 8 -3
1482160041107 6 -1
1482160071328 6 1
1482160074216 8 3
1482160076183 0 -1
1482160093983 1 1
1482160095899 12 1
1482160097775 2 1
1482160099640 10 -1
1482160101095 0 1
1482160104399 8 -2
1482160131776 R
1482160149935 7 2
1482160157618 6 -1
1482160161182 5 2
1482160165046 9 -1
1482160174518 5 -1
1482160177590 7 -2
1482160186886 9 1
1482160188734 5 -1
1482160190070 5 1
1482160192353 10 1
1482160198526 1 1
1482160200022 12 1
1482160206126 2 1
1482160207742 10 -1
1482160209622 5 -1
1482160214278 7 2
1482160216152 5 2
1482160221093 0 1
1482160228087 2 -1
1482160230429 9 -1
1482160235973 12 -1
1482160237432 1 -1
1482160256605 9 1
1482160259109 10 1
1482160260589 0 -1
1482160269189 5 -1
1482160272341 7 -2
1482160279241 3 2
1482160286084 1 1
1482160292932 10 -1
1482160295508 9 -1
1482160306444 1 -1
1482160309841 7 2
1482160311748 5 2
1482160321948 0 1
1482160332036 1 1
1482160334285 9 1
1482160344279 12 1
1482160345764 2 1
1482160358540 6 1
1482160360467 8 -2
1482160379731 2 -1
1482160381435 12 -1
1482160382891 1 -1
1482160396912 8 2
1482160398234 6 -1
1482160399955 5 -1
1482160401915 3 -2
1482160413939 10 1
1482160415498 0 -1
1482160417851 5 -1
1482160435249 10 -1
1482160439643 3 2
1482160441930 5 2
1482160444566 9 -1
1482160451498 1 1
1482160452476 12 1
1482160454202 2 1
1482160456322 0 1
1482160458194 6 1
1482160460106 8 -2
1482160463373 2 -1
1482160469874 8 2
1482160473882 0 -1
1482160476889 6 -1
1482160478522 5 -2
1482160480258 7 -2
1482160483987 3 -2
1482160488202 12 -1
1482160489746 1 -1
1482160492618 9 1
1482160493907 5 -1
1482160496884 6 1
1482160499113 8 -1
1482160500751 3 -1
1482160505985 1 1
1482160507202 12 1
1482160508442 2 1
1482160510310 2 -1
1482160512504 2 1
1482160522866 3 3
1482160525685 8 1
1482160526548 6 -1
1482160528426 5 1
1482160535377 10 1
1482160538272 7 2
1482160539712 5 2
1482160542241 6 1
1482160543889 8 -1
1482160545121 0 1
1482160546722 8 -3
1482160548609 6 -1
1482160565712 0 -1
1482160567170 5 -2
1482160568616 3 -3
1482160569907 7 -3
1482160571515 11 2
1482160583712 11 -2
1482160586259 11 2
1482160589896 4 -1
1482160590779 1 2
1482160595096 1 1
1482160597627 9 1
1482160599995 4 1
1482160604016 11 -3
1482160606272 7 2
1482160612848 3 2
1482160614449 11 1
1482160616912 10 1
1482160624134 7 -2
1482160625305 11 1
1482160630032 3 -2
1482160630953 11 1
1482160634943 4 -1
1482160637001 1 -2
1482160647345 1 2
1482160656797 4 1
1482160658711 11 -2
1482160660599 7 2
1482160662189 3 2
1482160667780 10 -1
1482160669309 9 -1
1482160674654 7 -2
1482160678383 3 -2
1482160679711 11 2
1482160681212 4 -1
1482160684055 1 -3
1482160687023 4 1
1482160691123 11 -2
1482160693426 7 3
1482160694719 3 3
1482160699164 5 2
1482160702550 6 1
1482160703702 0 1
1482160705126 8 4
1482160707817 6 -1
1482160709990 5 -1
1482160711139 10 -1
1482160713208 9 -1
1482160714685 2 -1
1482160721180 5 1
1482160723829 6 1
1482160726533 9 1
1482160730077 10 1
1482160733037 8 -3
1482160736589 6 -1
1482160737781 5 -1
1482160740013 3 -3
1482160746741 12 -1
1482160747925 1 -1
1482160764860 3 3
1482160766458 5 1
1482160768829 6 1
1482160770140 8 3
1482160772568 10 -1
1482160777549 1 1
1482160778371 12 1
1482160785942 9 -1
1482160796700 8 -2
1482160799294 2 1
1482160802199 9 1
1482160803133 10 1
1482160804452 8 -2
1482160805596 0 -1
1482160806654 6 -1
1482160814260 6 1
1482160819628 0 1
1482160821451 8 4
1482160823695 10 -1
1482160825976 2 -1
1482160828276 12 -1
1482160829405 1 -1
1482160831875 6 -1
1482160835796 10 1
1482160837884 6 1
1482160840516 8 -3
1482160842219 6 -1
1482160851515 1 1
1482160852292 12 1
1482160853339 2 1
1482160855581 8 -1
1482160861064 0 -1
1482160863307 5 -2
1482160867912 3 -3
1482160868933 7 -3
1482160871540 11 2
1482160874731 4 -1
1482160875531 1 3
1482160880084 9 1
1482160881635 10 1
1482160883558 4 1
1482160888067 11 -2
1482160889131 7 2
1482160895622 3 2
1482160897104 7 -2
1482160899179 11 1
1482160905103 10 -1
1482160910923 9 -1
1482160914520 11 -1
1482160916668 7 2
1482160924549 9 1
1482160926546 10 1
1482160931767 3 -2
1482160934174 7 -2
1482160936258 11 2
1482160943690 4 -1
1482160946154 1 -2
1482160963898 1 2
1482160969204 4 1
1482160971707 11 -2
1482160976251 7 2
1482160978246 3 2
1482160982967 3 -2
1482160983803 7 -2
1482160985161 11 2
1482160986860 4 -1
1482160988217 1 -2
1482160992487 10 -1
1482160993800 9 -1
1482160995154 1 -1
1482160996337 4 1
1482160997977 11 -2
1482161000372 3 3
1482161002975 11 1
1482161008529 11 -1
1482161009300 7 3
1482161010689 5 2
1482161013781 6 1
1482161016633 0 1
1482161017941 8 4
1482161020746 10 -1
1482161021756 2 -1
1482161024506 9 -1
1482161027137 12 -1
1482161028689 1 -1
1482161032194 6 -1
1482161039617 5 -1
1482161040905 3 -2
1482161047265 1 1
1482161048376 12 1
1482161049714 9 1
1482161055082 0 -1
1482161058041 10 1
1482161060101 2 1
1482161070802 3 2
1482161072637 5 1
1482161075106 10 -1
1482161076456 9 -1
1482161080626 2 -1
1482161081739 12 -1
1482161082864 1 -1
1482161083872 9 1
1482161085664 0 1
1482161088624 6 1
1482161091072 8 -2
1482161095360 1 1
1482161097713 12 1
1482161103463 8 2
1482161117656 2 1
1482161119792 10 1
1482161121833 8 -4
1482161126361 6 -1
1482161128975 5 -1
1482161130617 3 -3
1482161134176 0 -1
1482161139559 5 -1
1482161140499 7 -3
1482161142463 11 2
1482161145632 4 -1
1482161146586 1 3
1482161149456 4 1
1482161155217 9 1
1482161158143 10 1
1482161162815 11 -2
1482161163937 7 2
1482161166319 3 2
1482161175363 7 -2
1482161177066 3 -2
1482161180320 11 2
1482161181871 4 -1
1482161183633 10 -1
1482161186679 9 -1
1482161191455 1 -3
1482161192519 4 1
1482161194894 11 -2
1482161195646 7 3
1482161197268 5 1
1482161199222 0 1
1482161202798 8 1
1482161204382 2 -1
1482161206380 12 -1
1482161208150 1 -1
1482161211526 3 3
1482161213814 5 1
1482161215982 6 1
1482161217558 8 3
1482161220049 10 -1
1482161222469 6 -1
1482161224847 9 -1
1482161227972 1 1
1482161229502 12 1
1482161234494 5 -1
1482161235979 9 1
1482161243327 10 1
1482161245478 12 -1
1482161246307 1 -1
1482161251194 10 -1
1482161252670 9 -1
1482161261023 1 1
1482161261846 9 1
1482161264389 0 -1
1482161265536 5 -2
1482161267118 6 1
1482161270493 8 -1
1482161271469 3 -3
1482161272680 7 -2
1482161276173 7 2
1482161277666 1 -1
1482161284230 3 3
1482161288270 8 1
1482161292382 6 -1
1482161293708 5 2
1482161295064 5 1
1482161298565 0 1
1482161300594 6 1
1482161302213 8 -2
1482161306309 1 1
1482161307904 12 1
1482161311737 10 1
1482161313350 8 -1
1482161314384 6 -1
1482161318656 12 -1
1482161320054 1 -1
1482161326428 5 -1
1482161327237 3 -3
1482161346523 3 3
1482161348412 5 1
1482161350404 6 1
1482161352001 8 3
1482161354704 10 -1
1482161355918 6 -1
1482161361204 5 -1
1482161367389 9 -1
1482161373524 1 1
1482161381868 9 1
1482161383228 10 1
1482161386239 5 1
1482161387660 6 1
1482161388908 8 -3
1482161390737 6 -1
1482161397802 12 1
1482161399660 2 1
1482161401459 8 -1
1482161410187 5 -1
1482161411141 3 -3
1482161414195 8 1
1482161415234 2 -1
1482161430382 3 3
1482161431893 5 1
1482161434147 6 1
1482161435124 8 3
1482161436126 10 -1
1482161437928 9 -1
1482161441883 12 -1
1482161443370 1 -1
1482161446523 6 -1
1482161450131 9 1
1482161453339 10 1
1482161459827 5 -1
1482161462252 3 -2
1482161468401 0 -1
1482161471530 10 -1
1482161475002 5 -2
1482161478194 6 1
1482161479858 8 -1
1482161480754 3 -1
1482161485500 7 -2
1482161489162 1 1
1482161490420 12 1
1482161492249 2 1
1482161499691 7 2
1482161504868 2 -1
1482161507680 12 -1
1482161509235 1 -1
1482161511834 7 -2
1482161516121 7 2
1482161517381 3 2
1482161518868 8 1
1482161521010 6 -1
1482161522482 5 2
1482161525032 9 -1
1482161528163 1 1
1482161530791 12 1
1482161533802 2 1
1482161535050 5 -1
1482161537373 7 -2
1482161539814 3 -1
1482161543953 2 -1
1482161545454 9 1
1482161547393 5 -1
1482161549673 6 1
1482161552361 8 -1
1482161553584 3 -1
1482161557577 12 -1
1482161558796 1 -1
1482161561957 7 2
1482161566449 3 3
1482161569414 8 1
1482161572971 6 -1
1482161574659 5 3
1482161577313 0 1
1482161578786 9 -1
1482161589953 1 1
1482161590933 12 1
1482161595145 6 1
1482161596689 8 -2
1482161600609 2 1
1482161609367 9 1
1482161610962 10 1
1482161612601 8 -2
1482161613601 6 -1
1482161616113 5 -1
1482161620624 8 1
1482161621852 2 -1
1482161623817 12 -1
1482161625441 1 -1
1482161628909 5 1
1482161631104 6 1
1482161633176 8 3
1482161634338 10 -1
1482161636080 9 -1
1482161638472 1 1
1482161640872 12 1
1482161644696 2 1
1482161648272 8 -2
1482161650196 2 -1
1482161652744 9 1
1482161658337 8 2
1482161659754 0 -1
1482161660664 6 -1
1482161662256 5 -3
1482161664661 6 1
1482161666152 8 -1
1482161669221 7 -2
1482161670929 3 -3
1482161673905 2 1
1482161680319 3 3
1482161682656 8 1
1482161689863 3 -2
1482161694037 6 -1
1482161695436 5 1
1482161697183 10 1
1482161699664 10 -1
1482161700911 2 -1
1482161702615 5 -1
1482161703686 7 2
1482161706313 5 2
1482161708015 0 1
1482161719028 9 -1
1482161721415 12 -1
1482161722921 1 -1
1482161728394 3 2
1482161730414 5 1
1482161732895 6 1
1482161742865 6 -1
1482161749143 1 1
1482161750206 9 1
1482161753280 12 1
1482161757945 10 1
1482161760225 6 1
1482161761503 8 -3
1482161762990 6 -1
1482161769457 2 1
1482161771206 8 -1
1482161775814 6 1
1482161782113 0 -1
1482161784254 6 -1
1482161788494 5 -2
1482161831365 5 2
1482161833246 0 1
1482161834701 8 1
1482161835953 2 -1
1482161839557 6 1
1482161840671 8 3
1482161843534 6 -1
1482161845715 10 -1
1482161847677 12 -1
