1479350601900 3 2
1479350603004 3 -2
1479350608845 7 2
1479350611677 6 -1
1479350612647 5 2
1479350615382 3 2
1479350616910 5 1
1479350625223 6 1
1479350627007 0 1
1479350627768 10 1
1479350628904 8 -3
1479350630920 1 1
1479350632416 12 1
1479350633824 2 1
1479350634855 8 -1
1479350637513 0 -1
1479350638402 6 -1
1479350653826 U
1479350654747 U
1479350655124 R
1479350664909 6 -1
1479350665988 7 2
1479350667430 3 2
1479350668629 5 3
1479350675726 5 -3
1479350676590 7 -2
1479350677566 3 -2
1479350682215 5 1
1479350684175 9 -1
1479350686279 1 1
1479350693225 12 1
1479350694920 2 1
1479350696545 2 -1
1479350697265 12 -1
1479350701993 7 2
1479350702913 3 2
1479350704170 5 2
1479350710938 6 1
1479350713732 0 1
1479350718132 12 1
1479350718884 2 1
1479350722492 U
1479350723316 U
1479350723788 U
1479350724196 U
1479350724669 U
1479350725124 U
1479350725580 R
1479350737390 6 -1
1479350739519 5 1
1479350753856 1 1
1479350754769 12 1
1479350755720 2 1
1479350757560 5 -1
1479350758945 6 1
1479350761881 6 -1
1479350763306 7 2
1479350763809 3 2
1479350765563 6 1
1479350766544 6 -1
1479350767538 5 3
1479350770690 2 -1
1479350773292 9 -1
1479350774323 12 -1
1479350775164 1 -1
1479350778451 9 1
1479350779316 0 1
1479350785845 5 -1
1479350786797 3 -2
1479350790261 1 1
1479350791749 12 1
1479350792877 2 1
1479350804343 2 -1
1479350805040 12 -1
1479350806416 1 -1
1479350809288 0 -1
1479350811376 5 -2
1479350813183 7 -2
1479350817424 5 1
1479350818489 1 1
1479350820009 12 1
1479350821296 2 1
1479350825340 3 2
1479350830428 7 2
1479350832619 5 2
1479350838166 9 -1
1479350842548 6 1
1479350843812 8 -1
1479350847629 2 -1
1479350849685 9 1
1479350850805 0 1
1479350851861 8 -1
1479350853077 9 -1
1479350857606 12 -1
1479350858656 1 -1
1479350859958 9 1
1479350862248 9 -1
1479350866823 8 2
1479350868463 6 -1
1479350871824 6 1
1479350872608 8 -2
1479350877826 1 1
1479350879210 9 1
1479350884043 12 1
