1482954972419 6 -1
1482954980532 6 1
1482954982138 8 -1
1482954985300 3 -1
1482954987698 1 1
1482954988779 12 1
1482954990817 2 1
1482954993767 7 2
1482954995888 3 3
1482954997214 8 1
1482954998448 6 -1
1482954999617 5 3
1482955002602 2 -1
1482955005102 12 -1
1482955006533 1 -1
1482955010259 5 -2
1482955014840 5 -1
1482955015919 6 1
1482955018707 6 -1
1482955019964 5 3
1482955021265 6 1
1482955022629 0 1
1482955023695 10 1
1482955025062 8 -3
1482955026241 6 -1
1482955028280 5 -1
1482955030089 3 -3
1482955037197 1 1
1482955038192 12 1
1482955040051 2 1
1482955041304 8 -1
1482955045209 3 3
1482955046367 5 1
1482955047735 6 1
1482955054112 0 -1
1482955055316 6 -1
1482955057588 0 1
1482955058575 6 1
1482955059900 8 4
1482955062458 10 -1
1482955063517 2 -1
1482955064807 9 -1
1482955066199 12 -1
1482955068748 1 -1
1482955070622 9 1
1482955073520 1 1
1482955075401 12 1
1482955079228 9 -1
1482955085922 6 -1
1482955088395 0 -1
1482955089675 5 -2
1482955090849 7 -2
1482955092337 3 -2
1482955095523 9 1
1482955096880 5 -1
1482955099516 6 1
1482955100697 8 -1
1482955101920 3 -1
1482955104574 12 -1
1482955106153 1 -1
1482955111889 1 1
1482955113261 12 1
1482955115385 7 2
1482955117436 3 3
1482955118880 8 1
1482955120017 6 -1
1482955121794 5 3
1482955124814 12 -1
1482955126012 1 -1
1482955141955 0 1
1482955143065 6 1
1482955147288 1 1
1482955148600 12 1
1482955154440 10 1
1482955156087 8 -3
1482955157320 6 -1
1482955161309 2 1
1482955162956 8 -1
1482955164455 0 -1
1482955166246 5 -2
1482955167875 7 -3
1482955169204 3 -3
1482955171303 11 2
1482955173482 4 -1
1482955174675 1 3
1482955176809 9 1
1482955178282 10 1
1482955179412 4 1
1482955188002 11 -1
1482955191325 11 -1
1482955193186 11 1
1482955195485 11 1
1482955198040 11 -2
1482955199124 7 2
1482955200736 3 2
1482955207088 10 -1
1482955208340 11 -1
1482955209655 4 -1
1482955212434 1 -2
1482955214159 7 1
1482955215466 3 1
1482955216660 5 2
1482955217950 4 -1
1482955221072 4 1
1482955222522 5 -1
1482955223869 5 -1
1482955225175 7 -3
1482955226452 3 -2
1482955228255 1 2
1482955229420 4 1
1482955230589 11 2
1482955232816 9 -1
1482955236796 3 1
1482955238160 11 -1
1482955239431 7 2
1482955246185 7 -1
1482955247991 3 -2
1482955249604 7 -1
1482955252790 11 2
1482955253967 4 -1
1482955255471 1 -3
1482955257259 4 1
1482955260140 11 -2
1482955264091 11 2
1482955265459 4 -1
1482955266709 1 2
1482955268111 9 1
1482955269774 1 1
1482955270942 4 1
1482955273467 10 1
1482955277357 4 -1
1482955280111 1 -2
1482955282369 1 2
1482955283899 4 1
1482955285433 11 -2
1482955288077 10 -1
1482955289225 11 -1
1482955290669 4 -1
1482955291834 1 -2
1482955293323 7 3
1482955294517 3 3
1482955295692 5 2
1482955297400 6 1
1482955298543 0 1
1482955303169 8 2
1482955304340 10 -1
1482955305363 2 -1
1482955307165 11 -1
1482955311237 0 2
1482955313761 10 1
1482955315070 8 -1
1482955316136 6 -1
1482955318960 5 -2
1482955320110 7 -3
1482955321639 3 -3
1482955323355 1 2
1482955325050 0 1
1482955326223 0 1
