1482375844914 3 2
1482375845828 7 2
1482375848549 8 -1
1482375849776 7 -2
1482375850568 3 -3
1482375852750 7 2
1482375855016 3 3
1482375855900 8 1
1482375856852 6 -1
1482375858068 7 -2
1482375859620 3 -2
1482375861856 5 1
1482375862689 10 1
1482375864444 10 -1
1482375867272 1 1
1482375867868 12 1
1482375868852 2 1
1482375871145 5 -1
1482375873748 7 2
1482375875396 5 2
1482375876776 0 1
1482375878556 9 -1
1482375880956 3 2
1482375882051 5 1
1482375884872 6 1
1482375885976 8 -2
1482375890496 9 1
1482375893512 9 -1
1482375896227 8 2
1482375897172 6 -1
1482375897897 5 -1
1482375898775 3 -2
1482375905115 2 -1
1482375906211 12 -1
1482375907536 1 -1
1482375914467 3 2
1482375915828 5 1
1482375916868 6 1
1482375917857 8 -2
1482375921019 9 1
1482375923399 9 -1
1482375926515 8 2
1482375927395 6 -1
1482375929877 5 -1
1482375930515 3 -2
1482375934692 3 2
1482375935403 5 1
1482375936224 6 1
1482375937096 8 -2
1482375940851 9 1
1482375942108 10 1
1482375943036 8 -1
1482375943709 6 -1
1482375946636 5 -1
1482375947331 3 -3
1482375951176 1 1
1482375952411 12 1
1482375953068 2 1
1482375953763 8 -1
1482375954435 0 -1
1482375955980 5 -1
1482375956947 3 3
1482375958035 5 2
1482375960571 5 -2
1482375961235 7 -3
1482375962179 3 -3
1482375963251 11 2
1482375965300 4 -1
1482375966291 1 3
1482375967475 9 1
1482375968524 4 1
1482375970243 10 1
1482375974219 10 -1
1482375975979 11 -3
1482375977379 11 3
1482375978347 4 -1
1482375979795 4 1
1482375985915 11 -2
1482375986803 7 2
1482375990155 7 -2
1482375992267 11 2
1482375994603 11 -2
1482375997115 11 -1
1482375997759 4 -1
1482375998647 1 -2
1482375999571 7 3
1482376000818 3 3
1482376003946 5 2
1482376005611 6 1
1482376006883 6 -1
1482376008072 5 -2
1482376008586 7 -3
1482376009931 3 -3
1482376011891 1 2
1482376014578 4 1
1482376015746 11 3
1482376018283 10 1
1482376020043 10 -1
1482376020904 9 -1
1482376023795 11 -2
1482376025059 7 2
1482376026907 3 2
1482376028066 3 -2
1482376028900 7 -2
1482376030002 11 2
1482376031390 R
1482376039299 8 -1
1482376040170 3 -1
1482376041178 7 2
1482376043826 7 -2
1482376047276 3 3
1482376048202 7 2
1482376049418 8 1
1482376052507 7 -2
1482376056407 1 1
1482376057282 12 1
1482376058330 2 1
1482376059930 7 2
1482376060924 6 -1
1482376062362 5 3
1482376067587 9 -1
1482376071402 6 1
1482376072839 8 -1
1482376076358 9 1
1482376077995 10 1
1482376080802 0 1
1482376081826 8 -3
1482376082923 0 -1
1482376083946 6 -1
1482376085703 5 -2
1482376086274 7 -3
1482376087907 3 -3
1482376090707 7 3
1482376091723 3 3
1482376092794 5 2
1482376094694 0 1
1482376096507 0 -1
1482376101670 5 -2
1482376102714 7 -3
1482376103801 3 -3
1482376105156 11 2
1482376108974 4 -1
1482376109881 1 3
1482376114994 9 1
1482376116610 4 1
1482376118490 4 -1
1482376122002 10 1
1482376122530 4 1
1482376123474 10 -1
1482376127074 4 -1
1482376130258 4 1
1482376134330 11 -3
1482376135140 7 2
1482376136177 3 2
1482376139270 11 1
1482376140030 10 1
1482376143393 7 -2
1482376144090 3 -2
1482376147123 11 2
1482376149070 4 -1
1482376150598 1 -2
1482376156058 1 2
1482376157038 4 1
1482376161958 11 -2
1482376164145 11 2
1482376165278 4 -1
1482376166341 1 -2
1482376168633 1 2
1482376169766 4 1
1482376170778 11 -2
1482376171529 7 2
1482376172782 3 2
1482376175545 7 -2
1482376176433 3 -2
1482376177753 11 2
1482376181685 4 -1
1482376182613 1 -2
1482376184122 1 2
1482376186585 10 -1
1482376188506 4 1
1482376191538 11 -3
1482376193026 7 2
1482376193785 3 2
1482376194649 7 -2
1482376196194 R
1482376200050 8 -1
1482376200577 3 -1
1482376201713 7 2
1482376205381 7 -2
1482376206417 7 2
1482376207393 3 3
1482376208323 8 1
1482376208961 6 -1
1482376209961 5 3
1482376211989 0 1
1482376214049 6 1
1482376215545 8 -2
1482376222925 9 -1
1482376226832 8 2
1482376228041 6 -1
1482376230747 5 -1
1482376233177 5 1
1482376233859 6 1
1482376234625 8 -2
1482376240881 9 1
1482376242193 10 1
1482376244317 8 -1
1482376245722 6 -1
1482376249197 5 -1
1482376249896 3 -3
1482376256461 1 1
1482376257464 12 1
1482376258384 2 1
1482376259368 8 -1
1482376260306 0 -1
1482376261777 5 -1
1482376262408 7 -3
1482376264144 11 2
1482376267841 11 -2
1482376268456 7 3
1482376269352 3 3
1482376270338 5 2
1482376271397 0 1
1482376272800 6 1
1482376274600 6 -1
1482376277661 5 -1
1482376278272 3 -3
1482376282032 3 3
1482376284657 8 1
1482376285432 2 -1
1482376286573 12 -1
1482376287441 1 -1
1482376292096 3 -3
1482376293946 3 3
1482376294848 5 1
1482376303433 5 -1
1482376304112 3 -3
1482376312484 3 3
1482376313448 5 1
1482376314633 6 1
1482376316032 8 3
1482376317597 0 -1
1482376318296 6 -1
1482376320512 10 -1
1482376324360 5 -3
1482376326089 7 -2
1482376327688 3 -2
1482376332164 6 1
1482376333132 3 2
1482376334532 7 2
1482376336060 8 -1
1482376337848 7 -2
1482376338599 3 -3
1482376340767 7 2
1482376342784 7 -2
1482376345548 1 1
1482376346584 12 1
1482376347320 2 1
1482376348872 2 -1
1482376350799 12 -1
1482376351972 1 -1
1482376354808 7 2
1482376356431 3 3
1482376357231 8 1
1482376357921 6 -1
1482376365016 5 2
1482376367868 5 -2
1482376369436 7 -2
1482376370215 3 -2
1482376372063 3 2
1482376373056 7 2
1482376375551 5 3
1482376377272 6 1
1482376378665 8 -1
1482376380356 8 1
1482376381148 9 -1
1482376382448 9 1
1482376383215 10 1
1482376384844 10 -1
1482376386148 6 -1
1482376387464 5 -3
1482376392799 7 -2
1482376393704 3 -2
1482376395791 7 2
1482376396551 3 2
1482376397488 5 3
1482376404576 5 -3
1482376406304 6 1
1482376407193 8 -1
1482376408868 7 -2
1482376410991 3 -3
1482376412383 7 2
1482376415521 3 3
1482376416436 8 1
1482376417239 7 -2
1482376418239 3 -2
