1484245465658 8 -1
1484245467643 3 -1
1484245469925 7 2
1484245471591 3 3
1484245473807 8 1
1484245475447 6 -1
1484245476553 5 3
1484245477819 0 1
1484245478978 10 1
1484245480182 6 1
1484245481996 1 1
1484245483104 12 1
1484245484125 2 1
1484245485636 8 -4
1484245487635 0 -1
1484245488654 6 -1
1484245490013 5 -2
1484245491117 7 -3
1484245494174 7 3
1484245495159 5 2
1484245498337 5 -2
1484245499563 7 -3
1484245500980 3 -2
1484245502276 3 -1
1484245503559 11 2
1484245505231 4 -1
1484245506444 1 3
1484245508959 9 1
1484245510421 10 1
1484245512539 4 1
1484245513677 11 -2
1484245517242 7 2
1484245518402 3 2
1484245520156 7 -2
1484245521583 3 -2
1484245523808 11 2
1484245527074 10 -1
1484245529830 9 -1
1484245531057 4 -1
1484245533516 1 -3
1484245534848 4 1
1484245536278 11 -2
1484245537741 7 3
1484245538898 3 3
1484245540113 5 2
1484245541286 0 1
1484245543048 6 1
1484245546551 8 2
1484245548065 10 -1
1484245549003 2 -1
1484245550083 12 -1
1484245551431 1 -1
1484245554933 9 -1
1484245558403 8 2
1484245561593 6 -1
1484245562714 0 -1
1484245563952 5 -2
1484245565463 7 -2
1484245566825 3 -1
1484245570139 1 1
1484245571556 12 1
1484245572563 9 1
1484245574020 5 -1
1484245575608 6 1
1484245579144 8 -1
1484245580325 3 -2
1484245582244 7 2
1484245583727 3 1
1484245587784 8 1
1484245588961 7 -2
1484245591124 12 -1
1484245592201 1 -1
1484245596012 6 -1
1484245597104 5 1
1484245598263 10 1
1484245600189 10 -1
1484245601277 9 -1
1484245603438 1 1
1484245604847 12 1
1484245606368 9 1
1484245607932 5 -1
1484245611102 7 2
1484245612404 3 2
1484245615185 5 3
1484245618774 2 1
1484245619826 10 1
1484245621392 0 1
1484245622593 6 1
1484245624068 8 -3
1484245625261 8 -1
1484245627691 6 -1
1484245629122 5 -1
1484245632026 5 1
1484245633341 6 1
1484245635580 0 -1
1484245636766 6 -1
1484245641422 5 -2
1484245642772 7 -2
1484245643867 7 -1
1484245645250 3 -3
1484245646386 11 2
1484245649087 4 -1
1484245650606 1 3
1484245652264 4 1
1484245654167 9 1
1484245655357 10 1
1484245657756 10 -1
1484245660504 11 -3
1484245662472 4 -1
1484245664794 1 -2
1484245665940 7 3
1484245667231 3 3
1484245668503 5 2
1484245669655 0 1
1484245671308 8 1
1484245672410 2 -1
1484245673772 11 -1
1484245674859 0 2
1484245676372 5 -2
1484245677846 7 -3
1484245678948 3 -3
1484245679973 1 2
1484245683629 0 1
1484245694451 U
1484245699014 U
1484245700597 U
1484245702485 U
1484245704473 U
1484245705934 U
1484245708199 U
1484245710185 U
1484245715308 U
1484245717602 U
1484245719395 U
1484245722728 U
1484245724306 U
1484245728633 7 3
1484245733889 3 3
1484245735075 5 2
1484245736340 0 1
1484245737937 8 1
1484245739029 2 -1
1484245740244 11 -1
1484245741476 0 2
1484245743190 5 -2
1484245744305 7 -2
1484245745638 3 -2
1484245746858 1 2
1484245748160 0 2
