1482375774854 8 -1
1482375775707 3 -1
1482375779254 3 3
1482375780913 7 2
1482375782237 8 1
1482375783031 6 -1
1482375784364 5 3
1482375795633 9 -1
1482375797888 1 1
1482375798524 12 1
1482375799691 2 1
1482375802449 2 -1
1482375807203 12 -1
1482375808175 1 -1
1482375809615 5 -2
1482375810299 7 -2
1482375813056 7 2
1482375813990 5 2
1482375814992 0 1
1482375819230 R
1482375822494 6 -1
1482375823936 5 1
1482375829200 R
1482375842430 7 2
1482375844073 6 -1
1482375845524 5 2
1482375847047 0 1
1482375848111 3 2
1482375849197 5 1
1482375851655 6 1
1482375852761 8 -2
1482375853870 10 1
1482375854891 8 -1
1482375855932 6 -1
1482375857124 5 -1
1482375857749 3 -3
1482375860834 1 1
1482375861516 12 1
1482375862223 2 1
1482375863058 8 -1
1482375865380 3 3
1482375866413 5 1
1482375870020 6 1
1482375871407 8 4
1482375874189 10 -1
1482375877050 9 -1
1482375877983 2 -1
1482375878535 12 -1
1482375879295 1 -1
1482375880768 6 -1
1482375881724 5 -1
1482375882766 3 -2
1482375886425 R
1482375889836 8 -1
1482375893573 3 2
1482375894382 7 2
1482375897306 1 1
1482375897968 12 1
1482375898519 2 1
1482375903528 8 1
1482375904095 6 -1
1482375904845 5 3
1482375910198 0 1
1482375910875 6 1
1482375911620 10 1
1482375913178 8 -4
1482375913958 0 -1
1482375914664 6 -1
1482375915656 5 -2
1482375916486 7 -3
1482375917273 3 -3
1482375918843 11 2
1482375920052 4 -1
1482375920954 1 3
1482375921850 4 1
1482375925568 9 1
1482375931273 11 -3
1482375932135 11 3
1482375938858 4 -1
1482375941041 4 1
1482375941949 11 -3
1482375942693 7 2
1482375944023 3 2
1482375945356 R
1482375947545 7 2
1482375948466 3 2
1482375950558 8 -1
1482375951387 3 -3
1482375952286 7 -2
1482375954466 1 1
1482375956437 R
1482375959197 1 1
1482375959747 12 1
1482375960458 2 1
1482375965090 8 -1
1482375966601 3 -1
1482375967530 7 2
1482375968696 3 3
1482375969641 8 1
1482375970355 6 -1
1482375971549 5 3
1482375973009 0 1
1482375973577 10 1
1482375974090 6 1
1482375974771 8 -4
1482375978617 6 -1
1482375980889 5 -1
1482375983750 3 -3
1482375985410 8 1
1482375986535 2 -1
1482375987276 12 -1
1482375988484 1 -1
1482375990111 3 3
1482375992663 5 1
1482375994580 6 1
1482375995578 8 3
1482375996492 6 -1
1482375998006 5 -1
1482375998890 3 -2
1482376063018 10 -1
1482376064738 9 -1
1482376066824 9 1
1482376068527 10 1
1482376069424 0 -1
1482376070616 5 -1
1482376076791 1 1
1482376077369 12 1
1482376077930 2 1
1482376078773 5 1
1482376080548 0 1
1482376082282 3 2
1482376083167 5 1
1482376084407 6 1
1482376085321 8 -4
1482376087522 6 -1
1482376090917 0 -1
1482376092035 5 -2
1482376093370 7 -3
1482376094692 3 -3
1482376095479 11 2
1482376097167 4 -1
1482376098339 1 3
1482376100049 9 1
1482376102016 10 1
1482376104041 4 1
1482376113824 10 -1
1482376114839 9 -1
1482376115487 4 -1
1482376116431 1 -3
1482376117032 4 1
1482376118115 11 -2
1482376118858 7 3
1482376119554 3 3
1482376122666 5 2
1482376123471 0 1
1482376124066 6 1
1482376124823 8 4
1482376125487 10 -1
1482376126239 0 -1
1482376126819 6 -1
1482376131811 2 -1
1482376132884 5 -3
1482376134035 6 1
1482376134716 8 -1
1482376135504 7 -2
1482376136485 3 -3
