1482771692089 6 -1
1482771693672 5 1
1482771697148 7 2
1482771698713 5 1
1482771712640 1 1
1482771713992 12 1
1482771716456 12 -1
1482771717641 1 -1
1482771722848 9 -1
1482771728410 3 2
1482771729840 5 1
1482771751016 9 1
1482771754555 1 1
1482771756496 12 1
1482771770191 9 -1
1482771771559 12 -1
1482771775336 1 -1
1482771783576 6 1
1482771785569 8 -1
1482771789352 8 1
1482771790367 6 -1
1482771791609 5 -2
1482771792648 7 -2
1482771794008 3 -2
1482771804187 7 2
1482771805111 3 2
1482771807847 5 2
1482771819585 1 1
1482771820815 12 1
1482771822929 12 -1
1482771824575 1 -1
1482771830447 9 1
1482771835311 10 1
1482771836067 0 1
1482771836835 6 1
1482771838095 8 -3
1482771839983 6 -1
1482771841143 5 -1
1482771842551 3 -3
1482771851111 3 3
1482771856703 3 -3
1482771862695 1 1
1482771864671 12 1
1482771865774 2 1
1482771867551 8 -1
1482771881080 3 3
1482771883095 5 1
1482771884270 6 1
1482771885822 8 4
1482771888381 2 -1
1482771888999 10 -1
1482771891537 9 -1
1482771892520 12 -1
1482771893823 1 -1
1482771912063 9 1
1482771912991 0 -1
1482771914193 6 -1
1482771916318 5 -3
1482771923879 6 1
1482771925616 8 -1
1482771928671 3 -3
1482771930166 7 -2
1482771933382 1 1
1482771938086 12 1
1482771945129 3 3
1482771947721 3 -3
1482771948935 7 2
