1482771652750 8 -1
1482771654154 3 -1
1482771655102 7 2
1482771659362 7 -2
1482771662451 7 2
1482771663716 3 3
1482771665890 8 1
1482771667386 6 -1
1482771668570 5 3
1482771681202 1 1
1482771682283 12 1
1482771687930 9 -1
1482771690914 9 1
1482771692202 0 1
1482771693802 6 1
1482771694962 8 -2
1482771695698 10 1
1482771696746 2 1
1482771697778 8 -2
1482771701402 6 -1
1482771705810 5 -1
1482771706899 3 -3
1482771709344 3 3
1482771711197 0 -1
1482771712290 5 -1
1482771712898 7 -3
1482771714063 3 -3
1482771716458 11 2
1482771719226 4 -1
1482771720699 1 3
1482771723874 9 1
1482771725218 4 1
1482771729786 10 1
1482771733118 R
1482771739750 8 -1
1482771741330 3 -1
1482771743746 1 1
1482771744690 12 1
1482771746266 2 1
1482771748266 2 -1
1482771749274 12 -1
1482771750229 1 -1
1482771752994 7 2
1482771754026 3 3
1482771755210 8 1
1482771756194 6 -1
1482771757474 5 3
1482771762834 6 1
1482771764246 6 -1
1482771765443 1 1
1482771766330 12 1
1482771767178 2 1
1482771768061 10 1
1482771769082 0 1
1482771769890 6 1
1482771771354 8 -4
1482771776980 6 -1
1482771780930 6 1
1482771781481 6 -1
1482771783018 0 -1
1482771783994 5 -2
1482771784960 3 -3
1482771786530 7 -3
1482771789122 11 2
1482771796932 11 -2
1482771798018 3 3
1482771798914 7 3
1482771799867 5 2
1482771800986 6 1
1482771801842 0 1
1482771802818 8 4
1482771804234 2 -1
1482771805642 12 -1
1482771807082 1 -1
1482771807954 10 -1
1482771811210 10 1
1482771812043 1 1
1482771812922 12 1
1482771817786 12 -1
1482771818810 1 -1
1482771821682 6 -1
1482771824458 6 1
1482771825511 6 -1
1482771827050 0 -1
1482771827987 5 -2
1482771829028 3 -2
1482771830626 7 -2
