1479697547296 1 1
1479697547296 1 1
1479697548790 1 -1
1479697548790 1 -1
1479697552346 1 1
1479697552346 1 1
1479697553677 12 1
1479697553677 12 1
1479697554939 2 1
1479697554939 2 1
1479697557361 2 -1
1479697557361 2 -1
1479697559629 12 -1
1479697559629 12 -1
1479697560472 1 -1
1479697560472 1 -1
1479697567526 3 2
1479697567526 3 2
1479697568707 7 2
1479697568707 7 2
1479697579826 6 -1
1479697579826 6 -1
1479697584508 5 3
1479697584508 5 3
1479697588747 9 -1
1479697588747 9 -1
1479697590408 9 1
1479697590408 9 1
1479697595067 6 1
1479697595067 6 1
1479697599494 6 -1
1479697599494 6 -1
1479697601382 5 -3
1479697601382 5 -3
1479697605508 6 1
1479697605508 6 1
1479697607243 8 -1
1479697607243 8 -1
1479697609151 3 -3
1479697609151 3 -3
1479697613076 7 -2
1479697613076 7 -2
1479697616528 7 2
1479697616528 7 2
1479697618280 7 -2
1479697618280 7 -2
1479697624705 1 1
1479697624705 1 1
1479697626337 12 1
1479697626337 12 1
1479697630084 12 -1
1479697630084 12 -1
1479697631205 1 -1
1479697631205 1 -1
1479697634517 7 2
1479697634517 7 2
1479697639017 R
1479697639017 R
1479697641577 6 -1
1479697641577 6 -1
1479697646532 1 1
1479697646532 1 1
1479697651509 7 2
1479697651509 7 2
1479697653137 5 2
1479697653137 5 2
1479697654994 0 1
1479697654994 0 1
1479697655787 9 -1
1479697655787 9 -1
1479697658241 1 -1
1479697658241 1 -1
1479697671622 3 2
1479697671622 3 2
1479697673266 5 1
1479697673266 5 1
1479697675415 6 1
1479697675415 6 1
1479697677238 8 -2
1479697677238 8 -2
1479697682380 1 1
1479697682380 1 1
1479697684604 12 1
1479697684604 12 1
1479697688144 9 1
1479697688144 9 1
1479697689655 10 1
1479697689655 10 1
1479697690925 8 -1
1479697690925 8 -1
1479697692637 6 -1
1479697692637 6 -1
1479697701980 5 -1
1479697701980 5 -1
1479697703995 3 -3
1479697703995 3 -3
1479697710679 12 -1
1479697710679 12 -1
1479697712162 1 -1
1479697712162 1 -1
1479697723737 1 1
1479697723737 1 1
1479697725651 12 1
1479697725651 12 1
1479697726795 2 1
1479697726795 2 1
1479697728409 8 -1
1479697728409 8 -1
1479697736709 3 3
1479697736709 3 3
1479697738722 5 1
1479697738722 5 1
1479697740738 6 1
1479697740738 6 1
1479697742003 8 2
1479697742003 8 2
1479697744204 8 2
1479697744204 8 2
1479697747145 6 -1
1479697747145 6 -1
1479697750663 5 -1
1479697750663 5 -1
1479697752015 3 -2
1479697752015 3 -2
1479697757106 2 -1
1479697757106 2 -1
1479697759810 10 -1
1479697759810 10 -1
1479697761456 9 -1
1479697761456 9 -1
1479697762950 12 -1
1479697762950 12 -1
1479697764371 1 -1
1479697764371 1 -1
1479697767354 9 1
1479697767354 9 1
1479697771767 3 2
1479697771767 3 2
1479697773665 5 1
1479697773665 5 1
1479697775252 6 1
1479697775252 6 1
1479697778496 8 -2
1479697778496 8 -2
1479697783532 1 1
1479697783532 1 1
1479697784905 12 1
1479697784905 12 1
1479697791441 12 -1
1479697791441 12 -1
1479697793318 1 -1
1479697793318 1 -1
1479697797490 R
1479697797490 R
1479697802075 7 2
1479697802075 7 2
1479697804111 6 -1
1479697804111 6 -1
1479697805823 5 2
1479697805823 5 2
1479697811512 5 -1
1479697811512 5 -1
1479697814274 7 -2
1479697814274 7 -2
1479697816836 3 2
1479697816836 3 2
1479697818789 7 2
1479697818789 7 2
1479697821438 5 2
1479697821438 5 2
1479697826990 9 -1
1479697826990 9 -1
1479697833955 1 1
1479697833955 1 1
1479697834949 12 1
1479697834949 12 1
1479697846449 5 -2
1479697846449 5 -2
1479697848228 3 -2
1479697848228 3 -2
1479697852659 7 -2
1479697852659 7 -2
1479697855177 12 -1
1479697855177 12 -1
1479697856162 1 -1
1479697856162 1 -1
1479697857909 9 1
1479697857909 9 1
1479697859160 5 -1
1479697859160 5 -1
1479697863037 6 1
1479697863037 6 1
