1479885199685 7 2
1479885200153 3 2
1479885200636 6 -1
1479885201338 5 3
1479885206249 10 1
1479885206678 0 1
1479885207627 6 1
1479885208213 8 -3
1479885209016 6 -1
1479885209751 5 -1
1479885219916 R
1479885222722 1 1
1479885223462 12 1
1479885227844 R
1479885234977 6 -1
1479885235525 5 1
1479885258478 R
1479885264855 8 -1
1479885265453 3 -1
1479885271286 R
1479885286001 6 -1
1479885286397 5 1
1479885288089 5 -1
1479885288643 6 1
1479885290013 7 2
1479885293570 7 -2
1479885296590 1 1
1479885297522 12 1
1479885299003 2 1
1479885301256 2 -1
1479885302425 12 -1
1479885306326 8 -1
1479885307922 R
1479885318539 6 -1
1479885323155 7 2
1479885323632 3 2
1479885324207 5 3
1479885325440 10 1
1479885325854 0 1
1479885326377 6 1
1479885327350 8 -3
1479885328075 6 -1
1479885340568 1 1
1479885340986 12 1
1479885341400 2 1
1479885342070 8 -1
1479885342633 0 -1
1479885343319 5 -2
1479885343840 7 -3
1479885344720 3 -3
1479885345860 11 2
1479885347784 4 -1
1479885349921 1 3
1479885360672 9 1
1479885361639 10 1
1479885362668 10 -1
1479885363091 10 1
1479885363495 10 -1
1479885365365 4 1
1479885367899 11 -1
1479885369014 11 -2
1479885369544 4 -1
1479885370192 1 -2
1479885371071 7 3
1479885371626 5 1
1479885372780 0 1
1479885376460 8 1
1479885376950 2 -1
1479885377493 11 -1
1479885378939 0 2
1479885379696 5 -1
1479885380186 7 -1
1479885380708 1 2
1479885381472 0 2
