1480651975181 1 1
1480651978616 12 1
1480651983004 12 -1
1480651984152 1 -1
1480651989244 6 -1
1480651989927 5 1
1480651999706 9 -1
1480652002819 1 1
1480652004051 12 1
1480652006642 9 1
1480652010222 2 1
1480652012832 10 1
1480652015855 2 -1
1480652016732 10 -1
1480652018973 5 -1
1480652020129 6 1
1480652021007 8 -1
1480652023024 3 -1
1480652025919 7 2
1480652027817 3 3
1480652028619 8 1
1480652029503 6 -1
1480652030472 5 3
1480652034604 9 -1
1480652036397 12 -1
1480652038152 1 -1
1480652048074 0 1
1480652049012 6 1
1480652050084 8 -2
1480652054532 9 1
1480652056099 10 1
1480652057201 8 -1
1480652059316 6 -1
1480652060704 5 -1
1480652062895 3 -3
1480652066621 1 1
1480652067731 12 1
1480652068564 2 1
1480652069524 8 -1
1480652071796 0 -1
1480652072711 5 -1
1480652074294 7 -3
1480652075195 11 2
1480652077519 4 -1
1480652078291 1 3
1480652082364 9 1
1480652085409 4 1
1480652086549 10 1
1480652091266 10 -1
1480652094034 11 -3
1480652098196 7 2
1480652102156 3 2
1480652105635 7 -2
1480652109085 4 -1
1480652110211 1 -2
1480652111314 7 3
1480652112274 3 1
1480652113810 5 2
1480652120815 4 -1
1480652125818 4 1
1480652143405 0 1
1480652146180 8 1
1480652164122 8 -1
1480652197774 6 1
1480652200234 8 4
1480652202109 2 -1
1480652203211 11 -1
1480652204256 0 2
1480652206834 6 -1
1480652208851 10 -1
1480652211124 5 -3
1480652215580 7 -2
1480652218354 4 -1
1480652220417 3 -2
1480652221249 1 2
1480652221852 0 2
