1482771199714 7 2
1482771201487 7 -2
1482771203472 7 2
1482771204807 6 -1
1482771206095 5 2
1482771207015 0 1
1482771208455 0 -1
1482771211232 9 -1
1482771214264 1 1
1482771215029 12 1
1482771216656 2 1
1482771217805 2 -1
1482771218784 12 -1
1482771219750 1 -1
1482771221384 9 1
1482771223680 9 -1
1482771226747 0 1
1482771228266 3 2
1482771230872 5 1
1482771231872 6 1
1482771233696 8 -2
1482771238024 9 1
1482771239621 10 1
1482771240400 8 -1
1482771241288 6 -1
1482771242823 5 -1
1482771243813 3 -3
1482771248175 3 3
1482771249205 5 1
1482771251504 1 1
1482771252311 12 1
1482771253639 2 1
1482771254447 8 -1
1482771256711 0 -1
1482771257592 R
1482771283827 8 -1
1482771284794 8 1
1482771293552 8 -1
1482771294189 8 1
1482771295281 6 -1
1482771297208 5 1
1482771298155 9 -1
1482771306729 1 1
1482771307745 12 1
1482771309474 2 1
1482771310345 9 1
1482771311124 10 1
1482771317774 2 -1
1482771318497 10 -1
1482771319545 12 -1
1482771321527 1 -1
1482771324613 9 -1
1482771333793 9 1
1482771334858 R
1482771337721 8 -1
1482771338202 3 -1
1482771342744 3 3
1482771344003 3 -3
1482771345183 3 3
1482771347385 8 1
1482771348410 6 -1
1482771349481 5 1
1482771352395 3 -2
1482771354051 R
1482771361888 7 2
1482771363427 3 2
1482771369519 8 -1
1482771371025 8 1
1482771372737 6 -1
1482771374505 5 3
1482771375770 0 1
1482771376705 9 -1
1482771379481 5 -1
1482771380329 3 -2
1482771383616 9 1
1482771385857 1 1
1482771386784 12 1
1482771387747 2 1
1482771388680 10 1
1482771392793 3 2
1482771393840 5 1
1482771395824 0 -1
1482771402352 0 1
1482771403503 6 1
1482771404089 8 -4
1482771412385 6 -1
1482771414377 5 -1
1482771415574 3 -3
1482771422003 0 -1
1482771423762 R
1482771425825 1 1
1482771426424 12 1
1482771427661 2 1
1482771430602 7 2
1482771431408 3 2
1482771439666 8 -1
1482771443166 2 -1
1482771444041 12 -1
1482771445400 1 -1
1482771451768 3 -3
1482771452536 7 -2
1482771457275 7 2
1482771459009 7 -2
1482771460532 7 2
1482771463759 1 1
1482771464617 12 1
1482771465509 2 1
1482771467873 7 -2
1482771471643 R
1482771476073 6 -1
1482771478523 6 1
1482771479105 7 2
1482771479933 3 2
1482771482619 6 -1
1482771483665 5 3
1482771485451 1 1
1482771486458 12 1
1482771493956 9 -1
1482771497923 9 1
1482771500977 9 -1
1482771501687 12 -1
1482771502732 1 -1
1482771504816 1 1
1482771505438 12 1
1482771509320 9 1
1482771512903 5 -3
1482771514616 7 -2
1482771515583 3 -2
1482771518986 U
1482771519417 U
1482771521231 5 3
1482771525266 9 -1
1482771527320 6 1
1482771528519 8 -1
1482771532712 R
1482771534192 1 1
1482771535160 1 -1
1482771543464 7 2
1482771544760 7 -1
1482771546516 3 1
1482771549928 8 -1
1482771553930 R
1482771556335 1 1
1482771557792 7 2
1482771558640 3 2
1482771560106 8 -1
1482771566027 1 -1
1482771571290 1 1
1482771571812 12 1
1482771574928 8 1
1482771575551 6 -1
1482771576985 5 3
1482771580266 9 -1
1482771581211 12 -1
1482771581881 1 -1
1482771583314 9 1
1482771586991 5 -3
1482771587784 7 -2
1482771588537 3 -2
1482771594561 7 2
1482771595130 3 2
1482771596243 5 3
1482771601177 1 1
1482771601873 12 1
1482771602457 2 1
1482771604209 10 1
1482771605115 0 1
1482771605664 6 1
1482771606512 8 -4
1482771611807 6 -1
1482771612777 0 -1
1482771614035 5 -2
1482771616859 5 2
1482771624811 5 -2
1482771625477 7 -3
1482771626110 3 -3
1482771627311 11 2
1482771628838 4 -1
1482771629809 1 3
1482771631753 9 1
1482771633017 10 1
1482771634811 4 1
1482771637945 10 -1
1482771638905 10 1
1482771640177 10 -1
1482771641687 9 -1
1482771643473 4 -1
1482771648479 4 1
1482771650617 9 1
1482771658177 11 -3
1482771659195 4 -1
1482771667497 4 1
1482771668569 11 3
1482771670689 10 1
1482771685912 10 -1
1482771688844 11 -3
1482771695480 11 3
1482771696576 10 1
1482771698088 10 -1
1482771698776 9 -1
1482771700130 4 -1
1482771703008 R
1482771705720 1 1
1482771706464 12 1
1482771707689 2 1
1482771713088 R
1482771714824 7 2
1482771715691 3 2
1482771716872 8 -1
1482771719284 1 1
1482771719707 12 1
1482771720344 2 1
1482771726462 8 1
1482771727154 6 -1
1482771728274 5 3
1482771729208 10 1
1482771730450 0 1
1482771731194 6 1
1482771731751 8 -4
1482771738912 6 -1
1482771741832 6 1
1482771748432 6 -1
1482771755272 6 1
1482771757136 0 -1
1482771757776 6 -1
1482771758880 5 -2
1482771759406 7 -3
1482771760358 3 -3
1482771762896 11 2
1482771764482 4 -1
1482771765570 1 3
1482771767984 9 1
1482771773648 10 1
1482771774880 4 1
1482771778192 10 -1
