1482771535766 7 2
1482771537965 3 2
1482771540871 6 -1
1482771542438 5 3
1482771545922 9 -1
1482771553080 9 1
1482771555249 5 -3
1482771556826 6 1
1482771557663 8 -1
1482771575805 8 1
1482771577487 3 -2
1482771578621 7 -2
1482771584670 6 -1
1482771586787 5 1
1482771588565 9 -1
1482771589698 1 1
1482771593967 12 1
1482771595193 2 1
1482771601159 R
1482771606332 3 2
1482771607958 7 2
1482771612864 8 -1
1482771614194 7 -2
1482771615450 3 -3
1482771617763 7 2
1482771620676 7 -2
1482771624543 1 1
1482771625451 12 1
1482771626651 2 1
1482771631595 7 2
1482771632517 3 3
1482771634167 8 1
1482771636538 6 -1
1482771639693 5 3
1482771646088 9 -1
1482771646855 0 1
1482771648713 6 1
1482771650700 8 -2
1482771656491 9 1
1482771657476 10 1
1482771658379 8 -2
1482771659272 6 -1
1482771674155 8 1
1482771674877 6 1
1482771676037 8 3
1482771677168 6 -1
1482771678783 10 -1
1482771679585 2 -1
1482771683052 9 -1
1482771683779 12 -1
1482771684663 1 -1
1482771688777 9 1
1482771695906 5 -1
1482771697677 3 -2
1482771699007 0 -1
1482771699958 5 -2
1482771701267 7 -2
1482771705246 1 1
1482771707424 12 1
1482771709718 5 1
1482771711888 2 1
1482771712959 10 1
1482771795014 R
1482771805639 1 1
1482771808302 12 1
1482771813439 6 -1
1482771819543 7 2
1482771820354 3 2
1482771824943 5 3
1482771832604 5 -2
1482771833540 7 -2
1482771835638 3 -2
