1482027668569 7 -1
1482027672338 7 1
1482027673769 5 1
1482027674973 3 1
1482027676088 11 -1
1482027679255 5 -1
1482027680013 4 -1
1482027683745 7 -1
1482027684626 1 1
1482027687173 10 4
1482027693756 11 3
1482027694608 9 -1
1482027696742 3 -2
1482027698152 5 -1
1482027699242 0 1
1482027704064 10 -3
1482027705763 4 -1
1482027706594 0 1
1482027708291 11 -1
1482027709165 11 1
1482027713797 10 3
1482027714799 1 -3
1482027715606 10 -3
1482027717325 10 3
1482027718392 11 -1
1482027721904 10 -3
1482027725511 12 -1
1482027726249 8 -2
1482027731503 8 2
1482027732399 12 1
1482027733400 7 1
1482027734431 11 2
1482027735115 10 -1
1482027738856 1 2
1482027740617 9 1
1482027744701 1 -1
1482027747948 9 -1
1482027748867 1 1
1482027751604 9 1
1482027753959 12 -1
1482027754786 7 1
1482027762179 7 -1
1482027764093 1 -1
1482027765169 8 -1
1482027770015 1 1
1482027770777 0 -3
1482027771984 12 -1
1482027772831 1 -1
1482027773851 6 -3
1482027778168 12 1
1482027779400 2 3
1482027782062 4 3
1482027785634 9 -1
1482027786403 1 -1
1482027787130 10 1
1482027788211 11 -1
1482027788860 7 -1
1482027790185 8 -1
1482027791653 4 1
1482027795280 12 -1
1482027796093 6 1
1482027798632 6 -1
1482027799549 4 -4
1482027803015 6 2
1482027806403 6 -2
1482027807633 12 1
1482027809622 12 -1
1482027810978 8 1
1482027811885 2 -2
1482027812551 8 1
1482027813819 12 2
1482027815984 10 2
1482027824687 10 -2
1482027825608 12 -2
1482027826219 6 2
1482027829125 7 2
1482027830336 11 1
1482027830928 10 -1
1482027832278 1 2
1482027834724 7 -1
1482027836387 4 2
1482027838143 8 -1
1482027839176 2 2
1482027840615 4 -2
1482027842434 1 -2
1482027843522 6 -2
1482027844695 12 1
1482027848784 4 3
1482027851181 5 1
1482027852030 3 3
1482027852965 1 -1
1482027859798 1 2
1482027861313 3 -3
1482027862530 5 -1
1482027863801 1 -1
1482027865923 1 1
1482027866541 5 1
1482027867294 3 3
1482027868336 1 -2
1482027877531 1 2
1482027880781 3 -3
1482027881941 5 -1
1482027883074 5 1
1482027883914 3 3
1482027885063 1 -2
1482027896287 1 2
1482027899221 3 -3
1482027900458 5 -1
1482027903777 1 -1
1482027907922 2 -3
1482027910006 4 -3
1482027910962 8 1
1482027911972 12 1
1482027913957 12 -2
1482027914928 7 1
1482027916021 6 3
1482027921552 1 2
1482027925958 12 1
1482027927376 0 3
1482027930106 1 -2
1482027932548 10 1
1482027933634 11 -2
1482027935995 7 -2
1482027937346 8 -2
1482027942850 8 2
1482027943969 12 1
1482027946504 12 -1
1482027947196 8 -2
1482027948361 11 1
1482027956819 8 2
1482027957858 12 1
1482027958723 10 3
1482027961760 1 3
1482027966396 9 1
1482027967443 11 -2
1482027970471 1 -2
1482027971596 12 -1
1482027972902 8 -2
1482027974148 11 2
1482027974959 1 1
1482027983882 8 2
1482027984893 12 1
1482027985483 1 1
1482027990479 10 -3
1482027992737 0 -3
1482027998090 9 -1
1482027999890 10 3
1482028005275 1 -3
1482028006583 12 -2
1482028011584 8 -2
1482028019715 U
1482028019917 U
1482028020153 U
1482028020393 U
1482028020617 U
1482028020878 U
1482028021134 U
1482028021344 U
1482028021599 U
1482028021825 U
1482028022065 U
1482028022649 U
1482028023316 U
1482028023844 U
1482028024461 U
1482028025073 U
1482028025684 U
1482028026164 U
1482028026815 U
1482028027997 U
1482028028511 U
1482028028932 U
1482028029448 U
1482028029941 U
