1480462851934 3 -1
1480462852790 5 -1
1480462853669 4 -2
1480462854756 0 2
1480462857381 7 -1
1480462858164 1 1
1480462859204 10 4
1480462860412 1 -2
1480462861604 7 1
1480462862580 12 -1
1480462863340 7 -1
1480462864244 8 -2
1480462869363 1 1
1480462871459 11 2
1480462872499 0 -3
1480462873291 9 -1
1480462874419 1 -2
1480462878915 8 2
1480462879611 12 1
1480462881011 10 -1
1480462886514 10 -2
1480462888115 10 3
1480462888746 10 -3
1480462891226 12 -2
1480462892810 12 2
1480462896401 12 -2
1480462897346 6 -3
1480462898529 12 2
1480462899433 10 3
1480462900330 7 1
1480462901097 11 1
1480462902129 10 -4
1480462904033 12 -2
1480462909272 4 3
1480462910120 2 2
1480462911297 12 2
1480462911921 5 2
1480462912672 3 3
1480462913984 1 -1
1480462916464 1 2
1480462918744 3 -3
1480462921424 9 4
1480462922336 1 -1
1480462923527 5 -1
1480462925376 5 -1
1480462926648 1 1
1480462927191 5 2
1480462928007 9 -4
1480462929159 1 -1
1480462930128 5 -2
1480462931192 10 2
1480462934856 10 -2
1480462935761 1 1
1480462936465 5 2
1480462937369 3 3
1480462938490 1 -2
1480462939218 0 1
1480462940674 5 -1
1480462948053 R
1480463015728 4 -2
1480463016528 5 1
1480463017872 7 -1
1480463018592 1 1
1480463019912 11 -1
1480463020864 0 -1
1480463021888 9 1
1480463022576 4 2
1480463023120 2 1
1480463024152 3 2
1480463025153 9 1
1480463028673 1 -4
1480463029602 0 1
1480463030978 10 1
1480463031994 7 1
1480463032986 11 4
1480463034234 0 -1
1480463034794 10 -1
1480463035802 1 3
1480463036778 3 -3
1480463037706 9 -3
1480463038890 5 -2
1480463039658 4 -2
1480463041131 0 3
1480463043371 1 -2
1480463044404 12 -1
1480463045100 8 -1
1480463046652 10 1
1480463047364 11 -2
1480463047980 7 -1
1480463048700 8 -1
1480463050812 11 1
1480463053557 11 -1
1480463054245 8 2
1480463055245 12 1
1480463057109 10 2
1480463058237 1 3
1480463059829 0 -2
1480463061021 2 -1
1480463062037 10 -2
1480463065238 12 -2
1480463065878 6 -1
1480463066414 8 -1
1480463067575 2 3
1480463070863 4 2
1480463072263 4 -2
1480463075823 4 2
1480463076503 4 -2
1480463077335 2 -3
1480463079624 6 1
1480463080104 8 1
1480463081360 12 2
1480463082064 5 2
1480463083000 3 1
1480463084656 9 1
1480463085665 11 -2
1480463087337 10 -1
1480463088752 5 -1
1480463095858 10 4
1480463096538 12 -1
1480463097425 1 -1
1480463098961 7 2
1480463100170 0 -1
1480463101579 1 -1
1480463102290 7 -2
1480463102994 8 -2
1480463104210 1 1
1480463106066 0 1
1480463106723 11 3
1480463107387 9 -1
1480463107971 3 -1
1480463108699 5 -1
1480463111819 0 -1
1480463112531 1 -2
1480463113107 12 -1
1480463113939 6 -3
1480463114843 12 1
1480463115579 1 1
1480463116979 12 -1
1480463118011 12 1
1480463118923 8 2
1480463119812 12 1
1480463120484 10 -1
1480463121356 2 2
1480463124068 2 -2
1480463124748 10 1
1480463125612 12 -2
1480463126716 8 -2
1480463127644 12 1
1480463129236 1 -1
1480463130445 8 2
1480463131077 12 1
1480463131860 10 -3
1480463136405 10 3
1480463137781 1 1
1480463139429 12 -2
1480463140101 6 3
1480463141029 1 2
1480463141685 12 2
1480463142782 0 3
1480463143686 1 -3
1480463144574 12 -1
1480463145486 8 -2
1480463149606 8 2
1480463150502 12 1
1480463151254 10 -3
1480463155695 R
1480463157959 3 -1
1480463163095 7 -1
1480463164792 7 1
1480463167399 3 2
1480463173184 11 -1
1480463174368 3 -1
1480463178456 4 -2
1480463183104 11 1
1480463183936 3 -1
1480463184896 5 -1
1480463194321 7 -1
1480463198449 1 1
1480463199945 10 1
1480463201274 11 2
1480463202209 9 -1
1480463203586 0 2
1480463205354 10 2
1480463206410 1 -3
1480463207578 10 -2
1480463210786 12 -1
1480463211722 8 -2
