1482237042870 7 -1
1482237043758 1 1
1482237044892 4 -2
1482237046036 10 4
1482237046965 11 2
1482237047757 3 -1
1482237048676 5 -1
1482237049669 0 2
1482237050508 11 -2
1482237051524 1 -2
1482237052260 12 -1
1482237053180 8 -2
1482237058021 1 1
1482237059940 0 -2
1482237060884 12 -1
1482237061789 6 -1
1482237063477 8 2
1482237064173 7 2
1482237065532 6 1
1482237066364 12 1
1482237067157 0 2
1482237068443 1 -1
1482237070196 7 -2
1482237071317 12 1
1482237072196 10 -1
1482237073268 1 2
1482237074172 10 -3
1482237076988 12 -1
1482237077525 1 -1
1482237078380 8 -2
1482237080236 1 -1
1482237082876 1 1
1482237083613 0 -2
1482237084276 12 -1
1482237084908 6 -1
1482237085748 2 3
1482237090172 4 2
1482237091989 8 1
1482237092804 1 1
1482237093580 10 1
1482237094556 11 2
1482237095348 9 -1
1482237096980 4 -2
1482237099869 2 -3
1482237100636 6 1
1482237101164 8 1
1482237101844 12 2
1482237103339 0 2
1482237104748 10 3
1482237105675 11 -1
1482237106981 1 -3
1482237107772 12 -1
1482237108540 8 -2
1482237117253 R
1482237124876 11 -1
1482237125796 0 -1
1482237126620 5 1
1482237128244 7 -1
1482237129644 1 1
1482237131476 4 -2
1482237133308 5 -1
1482237134515 12 -1
1482237135268 8 -1
1482237136525 1 -2
1482237137333 8 -1
1482237141483 4 2
1482237142652 2 1
1482237143340 3 2
1482237146277 1 1
1482237147141 0 1
1482237149549 R
1482237160174 3 -1
1482237161036 5 -1
1482237164582 0 1
1482237165869 7 -1
1482237166580 1 1
1482237167350 10 2
1482237169556 4 -2
1482237170356 0 1
1482237171197 10 -2
1482237173164 1 -2
1482237175196 2 1
1482237176924 12 -1
1482237177844 8 -2
1482237180052 1 1
1482237181060 0 -2
1482237181813 12 -1
1482237182475 6 -1
1482237183165 2 2
1482237189389 4 2
1482237194605 R
1482237199861 3 -1
1482237202036 3 2
1482237203381 11 -1
1482237204469 0 -1
1482237206013 1 -1
1482237207052 7 -1
1482237207972 1 2
1482237209156 10 2
1482237212533 0 1
1482237213485 11 3
1482237214349 9 -1
1482237215253 3 -2
1482237216253 5 -1
1482237217126 0 1
1482237218741 4 -2
1482237221220 11 -1
1482237222821 0 1
1482237223892 10 -1
1482237226381 0 -2
1482237227293 12 -2
1482237228021 6 -1
1482237228589 8 -1
1482237229701 2 3
1482237230765 4 2
1482237236437 9 1
1482237237693 11 -1
1482237238789 11 2
1482237239765 9 -1
1482237240709 9 1
1482237241477 11 -2
1482237242381 10 -1
1482237245214 1 -1
1482237245893 8 -1
1482237249619 2 -1
1482237251893 2 -1
1482237252899 6 1
1482237253763 12 1
1482237254540 0 1
1482237256747 4 -2
1482237257580 0 1
1482237258868 1 -1
1482237259812 8 2
1482237260692 12 1
1482237263995 2 -1
1482237266468 1 2
1482237271149 10 1
1482237272813 11 2
1482237274211 9 -1
1482237276036 0 -3
1482237276932 5 2
1482237278356 4 2
1482237279180 2 1
1482237280163 0 1
1482237282763 11 -1
1482237284596 9 3
1482237285253 3 3
1482237286388 11 -2
1482237287181 10 -1
1482237290052 9 -2
1482237291236 3 -2
1482237292443 5 -1
1482237293132 4 -1
1482237295715 1 -1
1482237296387 12 -1
1482237297197 8 -2
1482237298451 2 -1
1482237301812 R
1482237317483 3 1
1482237318124 3 -2
1482237319140 4 -2
1482237319875 5 -1
1482237322341 0 2
1482237324731 7 -1
1482237326515 1 -1
1482237328444 12 -1
1482237329476 8 -2
1482237335964 8 2
1482237336755 12 1
1482237337772 1 2
1482237340075 10 4
1482237342739 11 2
1482237344684 9 -1
1482237347140 0 -1
1482237348980 4 1
1482237350604 0 -2
1482237351964 5 2
1482237353407 3 2
1482237354547 9 2
1482237355916 0 1
1482237357132 11 -3
1482237357853 3 -1
1482237358556 9 -1
1482237360180 4 -1
1482237361179 5 -1
1482237366619 10 -4
1482237367572 1 -1
1482237368243 12 -1
1482237369012 8 -2
1482237370076 2 1
1482237370853 4 2
1482237372021 3 2
1482237379597 R
1482237387836 7 -1
1482237388661 1 1
1482237389469 10 2
1482237390397 11 2
1482237391197 0 -1
1482237392893 9 -1
1482237393580 3 -1
1482237394356 5 -1
1482237395069 0 2
1482237395957 11 -1
1482237396581 10 -1
1482237397389 4 -2
1482237399636 12 -1
1482237400309 8 -1
1482237403052 0 1
1482237405884 8 1
1482237406444 12 1
1482237406974 10 1
1482237407668 10 2
1482237408389 1 -3
1482237409245 12 -1
1482237410908 12 1
1482237411612 10 -3
1482237412352 12 -1
1482237412980 8 -2
1482237415284 2 1
