1480143257662 7 -1
1480143258049 1 1
1480143258854 10 2
1480143260480 11 2
1480143260938 9 -1
1480143261309 3 -1
1480143262098 5 -1
1480143262840 4 -2
1480143263762 0 2
1480143264772 10 -1
1480143266744 10 3
1480143267487 1 -3
1480143268630 11 -1
1480143269844 12 -1
1480143270477 8 -2
1480143272280 1 2
1480143273131 0 -2
1480143273770 12 -1
1480143274409 6 -1
1480143275520 8 2
1480143276293 1 1
1480143277934 9 1
1480143278681 11 -1
1480143279448 1 -1
1480143280788 8 -2
1480143282767 6 1
1480143283091 12 1
1480143286214 8 2
1480143286751 7 2
1480143288020 11 3
1480143289045 9 -1
1480143291278 5 1
1480143291782 4 1
1480143292807 3 2
1480143293345 9 1
1480143294691 11 -4
1480143296017 7 -2
1480143296862 1 1
1480143297350 12 1
1480143298320 10 -4
1480143300790 1 -1
1480143301215 12 -1
1480143302154 8 -2
1480143304355 8 2
1480143305009 7 2
1480143306775 7 -2
1480143307225 12 1
1480143307565 1 1
1480143308708 5 1
1480143309015 4 1
1480143310064 2 1
1480143311422 3 -1
1480143312683 11 1
1480143313693 3 -1
1480143316310 5 -2
1480143316991 4 -2
1480143318245 2 -1
1480143320429 10 4
1480143321463 1 -1
1480143322145 12 -2
1480143323533 7 2
1480143324930 12 1
1480143325892 0 2
1480143326531 1 -1
1480143327824 7 -2
1480143328384 12 1
1480143329109 10 -1
1480143331246 1 2
1480143332037 10 -3
1480143333265 1 -2
1480143333667 12 -1
1480143334330 8 -2
1480143335891 8 2
1480143336389 12 1
1480143337635 1 2
1480143338952 0 -2
1480143339496 2 1
1480143340348 4 2
1480143340797 5 2
1480143341547 3 3
1480143342012 9 2
1480143342753 11 -1
1480143344275 10 1
1480143359160 10 -1
1480143359877 1 -1
1480143360462 7 1
1480143362165 11 1
1480143363813 9 -2
1480143364342 3 -3
1480143365454 5 -2
1480143366053 4 -2
1480143366865 2 -1
1480143367845 12 -2
1480143368554 6 -1
1480143369059 8 -1
1480143369864 2 3
1480143370574 4 2
1480143372088 7 -1
1480143372766 8 -1
1480143374266 8 1
1480143374771 1 1
1480143376065 4 -2
1480143378896 10 1
1480143428639 2 -3
1480143429805 6 1
1480143430784 8 1
1480143431637 12 2
1480143433742 10 -1
1480143434854 5 2
1480143435453 4 2
1480143436813 2 1
1480143437918 9 2
1480143438557 3 3
1480143439574 11 -1
1480143440552 10 1
1480143447579 10 -1
1480143453616 9 -2
1480143454122 3 -2
1480143454753 2 -1
1480143455289 4 -1
1480143455825 4 -1
1480143456348 5 -1
1480143458082 10 4
1480143458666 5 1
1480143459478 1 -1
1480143460598 7 1
1480143461893 7 -1
1480143462264 7 1
1480143463045 11 4
1480143463833 9 -1
1480143464251 3 -1
1480143465475 4 1
1480143468576 0 -1
1480143469385 1 -2
1480143470528 11 -1
1480143471199 7 -1
1480143472539 1 3
1480143473786 5 -2
1480143474741 4 -1
1480143476179 10 -3
1480143477236 12 -2
1480143477985 6 -1
1480143478636 8 -1
1480143479370 2 3
1480143480032 4 2
1480143487783 4 -2
1480143490638 4 2
1480143493077 2 -3
1480143495116 6 1
1480143495440 8 1
1480143496490 12 2
1480143497491 10 1
1480143499510 5 1
1480143500240 4 -2
1480143501249 5 -1
1480143502561 0 3
1480143504990 10 -1
1480143506023 11 -1
1480143507863 10 3
1480143508527 1 -3
1480143509623 12 -1
1480143511350 8 -2
1480143559116 8 2
1480143559684 12 1
1480143560646 10 -3
1480143561657 12 -1
1480143562949 8 -2
1480143564850 8 2
1480143565379 7 2
1480143566200 11 2
1480143566792 10 -1
1480143567474 1 2
1480143570318 0 -3
1480143572140 1 -2
1480143573181 12 -1
1480143574127 7 -1
1480143574824 6 -3
1480143576528 12 2
1480143577166 1 1
1480143578248 5 2
1480143579226 9 2
1480143580250 3 1
1480143581994 2 2
1480143583209 4 3
1480143587731 9 -2
1480143588165 3 -1
1480143588875 1 -1
1480143589418 5 -2
1480143590432 4 -3
1480143591323 2 -2
1480143592332 12 -2
1480143593143 6 3
1480143594761 10 1
1480143595415 11 -1
1480143596016 7 -1
1480143596725 6 -3
1480143597483 8 -2
1480143598098 12 1
1480143598871 2 3
1480143600487 4 4
1480143606811 5 1
1480143608405 3 3
1480143610068 1 -1
1480143611552 1 1
1480143613749 1 -1
1480143616018 4 -3
1480143617773 8 1
1480143619587 7 1
1480143620929 11 1
1480143622311 10 -1
1480143624235 1 2
1480143627273 3 -3
1480143627889 5 -1
1480143628323 4 -1
1480143628922 12 -1
1480143629789 2 -2
1480143630223 2 -1
1480143631019 8 1
1480143631548 12 2
1480143632905 2 2
1480143634177 5 2
1480143634697 4 3
1480143635651 1 -1
1480143636211 5 -2
1480143636795 5 2
1480143637567 3 3
1480143638001 1 -1
1480143638805 5 -1
1480143641054 1 2
1480143641425 5 1
1480143641992 3 -3
1480143642560 5 -2
1480143643099 1 -1
1480143644092 4 -3
1480143644690 2 -2
1480143645651 12 -2
1480143646503 6 3
1480143647504 7 1
1480143648973 1 2
1480143649854 0 1
1480143652145 0 -1
1480143653749 1 -2
1480143655333 12 1
1480143657248 7 -1
1480143658621 12 1
1480143662824 10 4
1480143668430 11 -1
1480143669852 7 -1
1480143671808 1 3
1480143673380 1 -3
1480143675447 10 -3
1480143677181 12 -2
1480143679526 6 -3
1480143680151 8 -2
1480143681034 12 1
1480143681924 2 3
1480143683352 5 1
1480143684584 5 -1
1480143685429 4 4
1480143688174 12 -1
1480143689178 6 1
1480143691212 4 -2
1480143691607 4 -1
1480143692301 4 -1
1480143693122 6 1
1480143695022 8 1
1480143696032 2 -3
1480143696694 6 1
1480143697034 8 1
1480143697499 12 2
1480143698431 10 3
1480143699015 1 3
1480143700680 0 3
1480143701318 1 -3
1480143702177 11 -1
1480143704543 7 1
1480143705434 10 -3
1480143707557 12 -1
1480143708535 7 -1
1480143709183 8 -2
1480143712631 8 2
1480143713136 12 1
1480143714563 10 3
1480143715581 1 3
1480143716244 0 -2
1480143718357 11 1
1480143719305 0 -1
1480143720804 5 2
1480143721308 4 1
1480143722333 3 2
1480143722815 9 2
1480143725536 1 -2
1480143728724 7 1
1480143729283 11 1
1480143730686 1 1
1480143731736 9 -2
1480143732429 1 -2
1480143733061 5 -1
1480143734748 10 -4
1480143737590 3 -2
1480143738507 5 -1
1480143738930 4 -1
1480143741122 1 2
1480143744707 1 -2
1480143746387 12 -2
1480143747350 6 -3
1480143748857 8 -1
1480143749559 2 3
1480143750120 12 1
1480143751476 4 3
1480143752621 1 1
1480143753685 5 1
1480143754457 3 3
1480143755138 1 -2
1480143759539 1 2
1480143760281 3 -3
1480143761282 5 -1
1480143761779 4 -3
1480143763561 1 -1
1480143764650 10 1
1480143765636 12 -1
1480143766330 6 2
1480143767254 11 -1
1480143767939 7 -1
1480143785809 2 -3
1480143786503 6 1
1480143786921 8 1
1480143787536 12 2
1480143789381 10 3
1480143790122 1 3
1480143792126 5 2
1480143795219 4 1
1480143796314 3 2
1480143796693 9 2
1480143798152 1 -2
1480143799910 7 1
1480143800644 11 1
1480143801496 1 1
1480143802207 0 1
1480143802948 11 -4
1480143803793 7 -1
1480143804305 1 1
1480143805638 9 -1
1480143806024 3 -1
1480143806537 4 -1
1480143807088 5 -1
1480143807980 10 -4
1480143810189 1 -1
1480143810442 12 -1
1480143811246 8 -1
1480143811711 8 -1
1480143812594 2 1
1480143812934 4 2
1480143815363 8 2
1480143815844 7 2
1480143816965 4 -2
1480143817312 2 -1
1480143819891 7 -2
1480143820277 12 1
1480143820531 1 1
1480143821499 5 1
1480143822060 4 2
1480143822573 2 1
1480143823282 3 2
1480143823739 9 2
1480143825072 10 1
1480143825625 11 3
1480143827107 0 -1
1480143829228 9 -3
1480143829750 3 -3
1480143830508 5 -2
1480143830983 4 -2
1480143831441 2 -1
1480143832671 10 3
1480143833373 1 -3
1480143834021 12 -2
1480143835962 6 -3
1480143836648 8 -2
1480143838966 12 1
1480143847313 1 1
1480143849686 8 2
1480143850120 7 2
1480143852463 12 -1
1480143853748 6 3
1480143854387 11 1
1480143855074 7 -1
1480143855619 12 2
1480143856076 1 1
1480143856702 5 2
1480143857719 3 1
1480143858208 9 2
1480143860684 0 1
1480143861246 11 -4
1480143862327 9 -1
1480143865805 7 -1
1480143866365 1 1
1480143869317 5 -1
1480143873532 10 -4
1480143875708 0 -1
1480143877452 1 -2
1480143878122 12 -1
1480143879345 8 -2
1480143880591 2 1
1480143881505 4 2
1480143882436 3 2
1480143884762 1 1
1480143889111 0 1
1480143890500 8 2
1480143891147 7 2
1480143892763 4 -1
1480143895027 0 -1
1480143896885 7 -2
1480143897464 8 -2
1480143899893 3 -2
1480143900430 2 -1
1480143901124 4 -1
1480143903625 8 2
1480143904129 1 1
1480143904453 12 1
1480143906952 10 4
1480143908112 1 -2
1480143908648 12 -1
1480143910495 12 1
1480143910843 1 2
1480143911979 10 -4
1480143913091 12 -1
1480143913589 1 -2
1480143915490 2 1
1480143916011 4 2
1480143917100 3 2
1480143919122 1 2
1480143919806 10 1
1480143982059 12 1
1480143983541 10 1
1480143984700 10 -2
1480143985119 5 1
1480143985805 3 -2
1480143986421 2 -1
1480143987075 4 -2
1480143987477 5 -1
1480143989292 1 -2
1480143989953 12 -1
1480143990922 8 -2
1480143993327 8 2
1480143993879 7 2
1480143995492 7 -2
1480143996018 8 -2
1480143998179 8 2
1480143998488 12 1
1480143999339 5 1
1480143999694 1 2
1480144001752 9 1
1480144003021 9 -1
1480144003487 4 2
1480144003961 2 1
1480144004845 3 2
1480144005176 9 2
1480144006914 1 -4
1480144008895 10 1
1480144009504 7 1
1480144010133 7 -1
1480144010520 10 -1
1480144013313 1 4
1480144014079 9 -2
1480144014702 3 -2
1480144017471 3 2
1480144017754 9 2
1480144018086 10 1
1480144018764 0 1
1480144019736 11 3
1480144020998 0 -1
1480144022378 9 -3
1480144022937 3 -3
1480144026317 2 -1
1480144026986 3 2
1480144027578 9 3
1480144030348 0 1
1480144030947 11 -3
1480144032107 3 -1
1480144032573 9 -2
1480144033826 9 2
1480144036320 11 1
1480144036998 9 -2
1480144038512 9 1
1480144039009 11 -1
1480144044060 4 -2
1480144046178 10 -1
1480144047680 1 -1
1480144050716 0 -1
1480144051656 1 1
1480144053020 10 1
1480144054007 10 -1
1480144055056 9 -1
1480144055988 5 -1
1480144057376 10 4
1480144059168 1 -2
1480144060351 12 -1
1480144061250 7 2
1480144061771 1 1
1480144064066 0 1
1480144064673 11 4
1480144065272 0 -1
1480144066157 0 1
1480144066534 9 -1
1480144067063 3 -1
1480144067821 5 -1
1480144069391 0 2
1480144070117 1 -2
1480144074576 11 -2
1480144075877 7 -2
1480144079790 8 -2
1480144081040 8 2
1480144083268 12 1
1480144087968 10 -3
1480144088520 12 -1
1480144089363 8 -2
1480144091303 2 1
1480144111093 2 -1
1480144114150 8 2
1480144114600 12 1
1480144115854 7 1
1480144116564 11 2
1480144117629 10 -1
1480144118294 1 2
1480144119406 0 -3
1480144120623 12 -2
1480144121396 6 -1
1480144121806 8 -1
1480144122540 2 3
1480144123400 4 2
1480144127328 4 -2
1480144128503 2 -3
1480144129492 6 1
1480144129981 8 1
1480144130643 12 2
1480144131755 1 -2
1480144134564 10 4
1480144136536 12 -2
1480144137310 7 1
1480144138090 11 -1
1480144138942 7 -2
1480144139849 12 2
1480144140716 10 -3
1480144141459 12 -2
1480144142239 6 -3
1480144142816 8 -2
1480144143912 12 1
1480144145182 2 3
1480144146348 4 4
1480144148906 5 1
1480144154152 3 3
1480144154705 1 -1
1480144156069 0 1
1480144157625 4 -3
1480144158175 8 1
1480144159519 2 -2
1480144159993 8 1
1480144160592 12 1
1480144162792 4 2
1480144169154 2 1
1480144177301 0 -1
1480144178467 1 1
1480144179745 3 -3
1480144180377 5 -1
1480144181387 4 -3
1480144182145 2 -2
1480144182752 12 -2
1480144183588 8 -2
1480144184274 2 3
1480144185773 4 4
1480144188313 4 -3
1480144188786 4 -1
1480144189700 8 1
1480144190434 7 1
1480144191113 11 1
1480144191664 10 -1
1480144192745 12 1
1480144194330 4 3
1480144195687 1 1
1480144196657 5 1
1480144197477 3 3
1480144198060 1 -2
1480144207561 4 -2
1480144210030 2 -2
1480144211139 8 1
1480144212529 12 1
1480144214585 10 3
1480144215997 0 1
1480144217307 11 -2
1480144219253 6 -1
1480144219984 7 -1
1480144221917 10 -2
1480144222382 12 -1
1480144223021 8 -2
1480144223533 2 2
1480144224354 4 3
