1480143627634 7 -1
1480143634873 7 1
1480143637201 12 -1
1480143638769 11 -1
1480143641496 0 -1
1480143643808 1 -1
1480143645352 4 -2
1480143649121 12 1
1480143650026 4 2
1480143653794 2 1
1480143654864 3 2
1480143656256 4 -1
1480143660049 1 1
1480143661360 0 1
1480143662496 7 -1
1480143669792 0 -1
1480143672248 3 -1
1480143673112 2 -1
1480143687753 5 1
1480143689417 3 -1
1480143690529 2 1
1480143693104 5 -1
1480143694240 2 -1
1480143695864 4 -1
1480143700096 5 1
1480143704425 1 -1
1480143705697 5 -1
1480143706480 12 -1
1480143708832 8 -2
1480143712669 R
1480143714671 3 -1
1480143716191 5 -1
1480143720392 4 -2
1480143727080 0 2
1480143728536 1 -1
1480143730888 7 -1
1480143739369 1 2
1480143742560 10 4
1480143745616 0 -2
1480143747760 12 -2
1480143761617 12 2
1480143764040 10 -4
1480143771002 0 2
1480143778097 12 -1
1480143781152 1 -2
1480143786056 12 1
1480143789401 1 1
1480143793736 7 1
1480143795472 1 -1
1480143797640 1 1
1480143798297 7 -1
1480143799680 1 1
1480143805160 10 4
1480143809864 0 -2
1480143811184 12 -2
1480143814661 8 -1
1480143816215 12 1
1480143817792 0 1
1480143819023 1 -1
1480143824136 8 -1
1480143826407 0 1
1480143827504 1 -1
1480143828992 8 2
1480143830032 12 1
1480143831711 10 -1
1480143832816 1 2
1480143835503 10 1
1480143836503 1 -2
1480143843361 1 2
1480143844743 0 -2
1480143845679 12 -2
1480143846927 6 -1
1480143849063 1 -1
1480143853847 1 1
1480143857582 1 -1
1480143859231 7 2
1480143861024 11 2
1480143862615 0 -1
1480143865232 7 -2
1480143870343 1 -1
1480143875343 6 -2
1480143886070 6 2
1480143888614 1 1
1480143889694 9 -1
1480143891606 1 -2
1480143897583 6 -2
1480143909638 12 2
1480143920487 10 -3
1480143921814 2 2
1480143922798 4 3
1480143923702 5 2
1480143925279 3 3
1480143928509 1 -1
1480143931775 0 1
1480143935598 5 -1
1480143937118 12 -1
1480143941262 8 -2
1480143948455 2 1
1480143949806 4 -2
1480143954942 0 -1
1480143956366 8 1
1480143957726 2 -2
1480143958919 8 1
1480143960598 12 1
1480143961943 1 1
1480143963240 3 -3
1480143964622 5 -1
1480143972735 10 2
1480143975190 10 -2
1480143976166 12 -2
1480143977981 6 3
1480143981070 6 -3
1480143986286 12 1
1480143987950 5 1
1480143988990 3 3
1480143989711 1 -1
1480143993326 0 1
1480143996830 12 1
1480143999839 12 -1
1480144000518 12 1
