1480144013230 4 -2
1480144015254 7 -1
1480144016862 1 1
1480144018839 1 -1
1480144020559 7 1
1480144022734 3 -1
1480144025070 5 -1
1480144028605 0 2
1480144030797 1 -1
1480144033431 7 -1
1480144037086 1 2
1480144041478 10 4
1480144045605 11 2
1480144052319 9 -1
1480144058358 1 -3
1480144060310 10 -3
1480144063421 10 3
1480144066550 1 2
1480144067989 0 -2
1480144071782 0 -1
1480144074014 5 1
1480144078309 3 1
1480144080133 4 1
1480144088870 12 -1
1480144093534 8 -2
1480144094942 3 -1
1480144095806 5 -1
1480144096725 12 -1
1480144098557 1 -2
1480144100254 6 -3
1480144101341 12 1
1480144107831 5 1
1480144108813 3 2
1480144110663 3 -2
1480144111277 5 -1
1480144113344 12 -1
1480144114661 8 2
1480144116645 12 2
1480144119868 10 -3
1480144123749 12 -1
1480144124598 8 -2
1480144126037 2 3
1480144130478 4 1
1480144131845 5 1
1480144133109 3 3
1480144133901 1 -1
1480144136494 0 1
1480144142149 4 -1
1480144147414 0 -1
1480144150749 0 1
1480144157336 R
1480144162021 5 1
1480144162901 3 -1
1480144163965 5 -2
1480144164821 0 1
1480144167509 4 -2
1480144169916 7 -1
1480144177029 12 -1
1480144179349 8 -2
1480144182269 2 1
1480144185005 0 1
1480144187654 0 -1
1480144189023 4 2
1480144192942 0 -1
1480144193830 5 1
1480144195350 3 1
1480144198206 4 -2
1480144201934 4 2
1480144203349 3 2
1480144205925 3 -3
1480144206631 R
1480144207957 5 1
1480144211381 9 2
1480144218174 3 -1
1480144219253 9 -2
1480144221093 4 -2
1480144226406 5 -2
1480144228701 0 2
1480144232932 0 -2
1480144237525 12 -2
1480144240220 6 -1
1480144241572 7 -1
1480144242860 1 1
1480144247277 6 1
1480144249020 4 2
1480144251820 12 2
1480144255452 5 1
1480144260444 4 -1
1480144265476 5 -1
1480144266796 0 1
1480144267524 4 -1
1480144268204 0 1
1480144271140 1 -2
1480144276211 12 -1
1480144279260 12 1
1480144279932 1 2
1480144280735 R
1480144297740 3 1
1480144299869 11 -1
1480144308507 0 -1
1480144312300 2 1
1480144313291 3 1
1480144316084 4 -1
1480144317804 7 -1
1480144320876 1 -1
1480144326948 12 -1
1480144329179 12 1
1480144330563 3 -2
1480144334420 1 2
1480144335997 10 2
1480144337132 0 1
1480144338740 11 3
1480144340955 3 -1
1480144342691 9 -1
1480144346043 0 -1
1480144347651 5 -1
1480144350036 4 -1
1480144355436 10 -1
1480144360251 12 -1
1480144361940 8 -1
1480144363979 2 -1
1480144368636 8 1
1480144371307 12 -1
1480144381850 12 2
1480144389931 10 2
1480144396954 10 -2
1480144401708 12 -2
1480144403916 8 -1
1480144406091 12 1
1480144412859 0 2
1480144414043 11 -1
1480144416646 11 1
1480144417356 9 1
1480144418218 11 -2
1480144419596 10 -1
1480144421163 1 -1
1480144425725 1 1
1480144432779 0 -1
1480144434891 12 -1
1480144443315 12 1
1480144449210 12 -1
1480144468803 1 -1
1480144479218 8 -1
1480144484699 12 1
1480144502463 R
1480144506451 3 -1
1480144510211 5 -1
1480144515738 12 -1
1480144517507 4 -2
1480144518826 0 2
1480144520121 1 -1
1480144528898 1 1
1480144532418 0 -2
1480144534619 7 -1
1480144535626 1 1
1480144537266 12 -1
1480144539562 12 1
1480144547890 0 2
1480144549058 1 -2
1480144552306 12 1
1480144555961 12 -1
1480144560379 12 1
1480144561567 R
1480144568762 2 1
1480144570874 3 -1
1480144571810 5 -1
1480144584850 4 -2
1480144591754 7 -1
1480144593082 1 1
1480144603290 0 2
1480144610748 0 -2
1480144618251 5 2
1480144620946 3 1
1480144622154 11 -1
1480144623506 5 -1
1480144626043 10 3
1480144634907 1 -1
1480144636666 0 -1
1480144641922 1 1
1480144644514 10 -3
1480144646676 1 -2
1480144650770 4 1
1480144656769 3 2
1480144672209 1 2
1480144673418 0 1
1480144675017 10 1
1480144681145 11 3
1480144684098 3 -3
1480144686313 5 -1
1480144688497 0 1
1480144692273 10 1
1480144693433 4 -1
1480144696809 11 -2
1480144700785 0 1
1480144707545 10 -2
1480144710081 1 -2
1480144716243 1 2
1480144717418 0 -2
1480144718706 12 -2
1480144723233 12 2
1480144724202 2 -1
1480144725618 0 2
1480144727753 1 -2
1480144734266 1 1
1480144737890 0 -1
1480144739514 0 -1
1480144741578 12 -2
1480144746329 6 -1
1480144749281 6 1
1480144754642 1 1
1480144758426 12 1
1480144762145 12 1
1480144763769 5 2
1480144765641 9 1
1480144770259 3 1
1480144771202 11 -1
1480144774441 9 -1
1480144775424 5 -1
1480144780689 5 1
1480144781904 11 1
1480144782480 3 -1
1480144783872 5 -2
1480144785738 12 -2
1480144791177 2 1
1480144792433 4 2
1480144793792 12 1
1480144795024 5 1
1480144795913 3 3
1480144797744 11 -1
1480144799239 0 -1
1480144800424 3 -2
1480144805896 1 -2
1480144808592 12 1
1480144810672 4 -2
1480144811656 2 -1
1480144813216 12 -1
1480144821554 7 2
1480144825112 7 -1
1480144826160 12 1
1480144827056 5 1
1480144828409 R
1480144831369 4 -2
1480144832720 7 -1
1480144833440 1 1
1480144834744 10 4
1480144839577 11 2
1480144844776 3 -1
1480144847705 9 -1
1480144849432 0 -1
1480144854775 1 -3
1480144858184 5 -1
1480144865528 12 -2
1480144867552 6 -3
1480144868759 12 2
1480144874616 12 -1
1480144877056 12 1
1480144878984 5 2
1480144879824 3 1
1480144881415 4 1
1480144883111 5 -1
1480144884708 10 -3
1480144886967 4 2
1480144887895 5 1
1480144889055 2 2
1480144890127 3 2
1480144891296 1 -1
1480144900231 1 1
1480144902407 1 -1
1480144904407 0 1
1480144908288 4 -2
1480144909408 5 -1
1480144918975 10 1
1480144921119 10 -1
1480144927136 12 -1
1480144930511 12 1
1480144932131 R
1480144942455 3 -1
1480144944624 3 2
1480144947184 3 -2
1480144949215 4 -1
1480144950271 5 -1
1480144954678 5 2
1480144958256 4 -1
1480144959919 5 -2
1480144963712 7 -1
1480144965656 1 1
1480144972151 10 4
1480144975815 0 2
1480144981856 1 -1
1480144983535 0 -2
1480144985199 12 -2
1480144988510 12 2
1480144990040 11 2
1480144991679 0 -1
1480144992854 9 -1
1480144994302 1 -2
1480144996728 12 -2
1480145004095 6 -1
1480145007406 1 1
1480145012326 9 1
1480145017487 1 1
1480145018439 0 1
1480145027678 8 -2
1480145031031 11 -2
1480145039454 6 1
1480145042191 6 -1
1480145043803 R
1480145051167 3 -1
1480145053207 3 2
1480145055679 7 -1
1480145059326 11 -1
1480145062222 0 -1
1480145064846 1 -1
1480145067007 2 1
1480145070176 3 1
