1479583636065 4 -2
1479583638040 4 1
1479583639538 3 1
1479583640888 11 -1
1479583642727 0 -1
1479583644689 1 -1
1479583649266 7 -1
1479583656335 1 2
1479583658642 10 4
1479583660377 0 1
1479583662991 11 3
1479583665964 3 -2
1479583667004 9 -1
1479583668051 0 -1
1479583669989 5 -1
1479583671040 4 -1
1479583680499 0 3
1479583686339 11 -1
1479583697779 11 1
1479583700918 0 -1
1479583703414 10 -3
1479583706385 0 1
1479583708962 9 1
1479583710094 11 -2
1479583715205 10 -1
1479583717050 1 -2
1479583721482 1 2
1479583731607 10 1
1479583733204 11 2
1479583734840 9 -1
1479583737571 0 -2
1479583740031 4 2
1479583741504 5 2
1479583743627 3 2
1479583745036 9 3
1479583746180 11 -3
1479583751658 3 -1
1479583752847 9 -2
1479583754313 5 -1
1479583756098 4 -2
1479583758163 10 -1
1479583764925 R
1479583775760 7 -1
1479583780303 1 1
1479583784505 10 1
1479583786113 11 2
1479583787733 5 1
1479583791510 3 -1
1479583792985 9 -1
1479583796213 5 -2
1479583798379 4 -2
1479583801340 0 2
1479583808817 2 1
1479583810575 0 -2
1479583811986 5 2
1479583813261 4 2
1479583815164 3 3
1479583817448 5 -1
1479583818952 4 -1
1479583820362 12 -1
1479583824158 8 -1
1479583828408 9 1
1479583831156 11 -3
1479583832926 10 -1
1479583834260 1 -1
1479583835636 8 -1
1479583839757 3 -2
1479583842412 3 2
1479583845211 0 -1
1479583846490 1 -1
1479583851532 3 -2
1479583854078 4 1
1479583855507 3 2
1479583859658 3 -2
1479583863620 U
1479583866351 U
1479583867901 U
1479583868849 U
1479583872408 U
1479583874530 0 1
1479583875767 11 1
1479583878778 11 -1
1479583883955 8 2
1479583886503 8 -2
1479583888040 8 2
1479583890064 0 -1
1479583891846 1 -1
1479583895891 8 -2
1479583898935 8 2
1479583900664 7 2
1479583901951 1 1
1479583903462 0 1
1479583905168 11 1
1479583908388 3 -3
1479583910002 5 -1
1479583911369 4 -1
1479583913817 0 2
1479583915310 1 -1
1479583919733 7 -2
1479583924556 12 1
1479583928010 12 -1
1479583929840 8 -2
1479583937876 1 1
1479583940411 0 -2
1479583941950 4 2
1479583946397 4 -2
1479583955543 R
1479583971849 2 1
1479583974709 3 2
1479583977893 4 -1
1479583980728 7 -1
1479583983186 1 1
1479583984795 10 3
1479583987995 11 2
1479583992003 9 -1
1479583994517 1 -1
1479583995905 7 1
1479583997236 11 1
1479583999391 0 -1
1479584001665 1 -3
1479584004279 10 -3
1479584006232 5 1
1479584008340 4 1
1479584012494 5 -1
1479584014282 4 -1
1479584016769 1 1
1479584018366 3 -3
1479584020123 5 -1
1479584021384 4 -1
1479584024363 12 -2
1479584026737 6 -3
1479584028302 8 -1
1479584029763 2 2
1479584033924 12 1
1479584035768 4 3
1479584037756 1 1
1479584043621 4 -3
1479584046000 12 -1
1479584049252 6 2
1479584050491 1 1
1479584054531 4 2
1479584056532 4 -2
1479584068162 1 -2
1479584069650 6 -2
1479584071517 12 1
1479584074460 4 3
1479584077039 5 1
1479584078978 3 3
1479584080638 1 -1
1479584081877 0 1
1479584083011 10 1
1479584084288 11 -2
1479584085330 6 -1
1479584086888 7 -1
1479584088993 8 -1
1479584092140 8 1
1479584094853 8 -1
1479584096283 4 1
1479584099380 6 1
1479584109303 11 1
1479584111248 0 -1
1479584112680 1 1
1479584117056 3 -3
1479584118615 3 3
1479584128421 1 -1
1479584129804 0 1
1479584131320 11 -1
1479584132729 6 -1
1479584135895 4 -3
1479584141959 2 -1
1479584144761 8 1
1479584147094 7 1
1479584148123 6 1
1479584149515 11 2
1479584152363 10 -1
1479584155114 4 2
1479584157307 0 -1
1479584158465 1 2
1479584160076 3 -3
1479584161437 5 -1
1479584163224 1 -1
1479584165766 10 1
1479584167263 11 -1
1479584168727 7 -1
1479584170452 8 -1
1479584171614 4 1
1479584174401 5 1
1479584176573 3 3
1479584178006 1 -1
1479584179520 0 1
1479584180862 11 -1
1479584183060 6 -1
1479584190093 4 -1
1479584210987 R
1479584225211 7 -1
1479584228062 7 1
1479584229558 7 -1
1479584230868 1 1
1479584237172 3 1
1479584239091 11 -1
1479584241064 5 1
1479584243195 9 2
1479584246407 10 1
1479584251132 9 -2
1479584252703 3 -1
1479584254254 5 -1
1479584255597 4 -2
1479584258107 10 -1
1479584259370 1 -1
1479584260632 12 -1
1479584262296 8 -2
1479584264731 4 2
1479584266736 3 1
1479584268371 2 1
1479584269456 3 1
1479584273229 4 -1
1479584275451 8 2
1479584276672 1 1
1479584277647 12 1
1479584279833 10 3
1479584282620 11 3
1479584284656 3 -3
1479584286077 5 -1
1479584287241 4 -1
1479584288723 0 2
1479584290960 11 -1
1479584292328 11 -1
1479584294955 1 -2
1479584296941 1 2
1479584298775 10 -3
1479584301007 1 -2
1479584303466 12 -1
1479584306933 8 -2
1479584310335 8 2
1479584311432 12 1
1479584313050 1 2
1479584315644 10 3
1479584319900 0 -2
1479584323023 5 1
1479584323961 4 1
1479584325666 3 3
1479584327974 11 -1
1479584334113 0 -1
1479584336150 1 -2
1479584340820 1 2
1479584342544 10 -3
1479584343923 1 -2
1479584352622 12 -1
1479584354051 8 -2
1479584356069 1 1
1479584357830 0 1
1479584359118 11 1
1479584360436 3 -3
1479584362058 5 -1
1479584363229 4 -1
1479584364428 12 -1
1479584365885 6 -1
1479584367732 2 2
1479584373519 4 2
1479584378053 8 1
1479584379453 1 1
1479584380823 10 1
1479584382878 11 2
1479584384022 9 -1
1479584387702 4 -2
1479584391191 9 1
1479584397977 11 -2
1479584399555 10 -1
1479584401411 1 -1
1479584403000 8 -1
1479584405290 4 2
1479584407559 2 -3
1479584410926 R
1479584419599 4 -2
1479584423081 4 1
1479584426294 11 -1
1479584429380 0 -1
1479584433454 12 -1
1479584437963 2 1
1479584440646 3 2
1479584445706 3 -2
1479584449738 8 -1
1479584453200 7 -1
1479584454779 8 1
1479584456274 1 1
1479584457557 12 1
1479584459528 10 3
1479584462964 1 -2
1479584465529 7 1
1479584468548 1 1
1479584469855 0 1
1479584472458 11 4
1479584474477 9 -1
1479584476536 0 -1
1479584479886 1 -2
1479584484421 3 2
1479584485754 1 -1
1479584494952 10 -2
1479584496611 0 1
1479584498522 11 -2
1479584502598 7 -1
1479584507044 12 -1
1479584509540 8 -2
1479584513388 11 1
1479584517745 4 1
1479584521148 0 -1
