1480460149433 3 -1
1480460150553 5 -1
1480460151488 4 -2
1480460152666 0 2
1480460157104 7 -1
1480460157928 1 1
1480460159385 10 1
1480460160569 11 2
1480460161753 9 -1
1480460168993 10 3
1480460169984 12 -1
1480460170554 1 -1
1480460171376 8 -2
1480460176457 0 -3
1480460177680 0 3
1480460178640 11 -1
1480460179720 1 -2
1480460181777 8 2
1480460185201 12 1
1480460186073 10 -3
1480460188120 12 -1
1480460189121 8 -2
1480460192280 2 1
1480460193520 2 -1
1480460194665 8 2
1480460195512 12 1
1480460196305 10 3
1480460197401 1 3
1480460199368 11 1
1480460200560 9 1
1480460201536 11 -2
1480460203977 10 -4
1480460205920 1 -2
1480460210009 12 -1
1480460212969 7 2
1480460214546 7 -2
1480460215185 12 1
1480460216073 1 2
1480460217768 0 -2
1480460218665 5 2
1480460219345 4 2
1480460220240 3 2
1480460221105 11 -1
1480460221848 10 1
1480460225528 9 2
1480460229568 2 1
1480460230257 3 1
1480460232465 11 3
1480460233322 0 -1
1480460235081 9 -3
1480460236977 3 -3
1480460237897 5 -2
1480460240009 4 -2
1480460242896 2 -1
1480460245233 10 3
1480460246393 1 -3
1480460247329 12 -2
1480460247929 6 -3
1480460251273 8 -2
1480460252921 12 1
1480460254320 12 -1
1480460255777 8 2
1480460256592 12 2
1480460257569 10 -3
1480460259016 2 2
1480460259865 4 3
1480460260745 5 2
1480460261648 3 3
1480460262864 1 -1
1480460263809 5 -1
1480460264945 0 1
1480460265937 11 -1
1480460266696 6 -1
1480460270632 4 -2
1480460271552 12 -1
1480460272664 8 -2
1480460273576 2 1
1480460274353 4 3
1480460277336 4 -3
1480460277945 R
1480460286041 12 -1
1480460286665 8 -1
1480460287249 7 -1
1480460287969 8 -1
1480460290793 3 -1
1480460291728 5 -1
1480460292584 12 -1
1480460294296 6 -1
1480460295368 2 3
1480460296681 4 -2
1480460300856 8 1
1480460301553 1 1
1480460303553 10 1
1480460304625 11 2
1480460305465 0 -1
1480460306681 9 -1
1480460308345 4 2
1480460310937 R
1480460313176 3 -1
1480460314033 5 -1
1480460314816 0 1
1480460316473 7 -1
1480460317377 1 1
1480460318473 10 2
1480460319665 11 2
1480460321393 9 -1
1480460323553 10 -1
1480460324689 12 -1
1480460326057 2 1
1480460326960 4 -2
1480460327857 0 1
1480460330353 12 1
1480460331809 10 2
1480460333128 1 -3
1480460333937 10 -2
1480460336393 7 1
1480460337320 11 1
1480460338168 10 -1
1480460339257 12 -1
1480460340043 8 -1
1480460345344 1 2
1480460346305 0 -3
1480460347505 12 -1
1480460348176 6 -1
1480460349497 2 2
1480460350689 1 -2
1480460351576 6 -2
1480460352593 12 1
1480460355881 4 3
1480460356873 5 1
1480460357737 3 3
1480460358625 1 -1
1480460360369 0 1
1480460363688 10 1
1480460365217 11 -2
1480460366369 6 -1
1480460366881 7 -1
1480460367737 8 -1
1480460369649 4 1
1480460377025 6 1
1480460377897 11 1
1480460379480 0 -1
1480460380977 1 1
1480460382729 3 -3
1480460388649 5 -1
1480460392488 4 -4
1480460393648 12 -1
1480460394601 6 2
1480460395800 8 1
1480460396649 7 1
1480460397552 11 1
1480460398585 10 -1
1480460399657 1 2
1480460400897 0 1
1480460401921 0 -1
1480460403041 1 -2
1480460403824 6 -2
1480460404777 12 1
1480460407712 1 1
1480460408337 5 1
1480460408833 4 1
1480460409753 3 3
1480460410864 1 -2
1480460411649 0 1
1480460413400 4 2
1480460422176 10 1
1480460423584 11 -2
1480460424298 7 -1
1480460429201 8 -1
1480460433801 U
1480460434065 U
1480460434377 U
1480460434705 U
1480460435121 U
1480460435641 U
1480460436345 R
1480460449233 4 -1
1480460453121 12 -1
1480460454138 8 -1
1480460460049 7 -1
1480460460737 8 -1
1480460465272 4 1
1480460465801 2 1
1480460466585 3 2
1480460467945 11 -1
1480460469432 0 -1
1480460470240 1 -1
