1481079183305 3 -1
1481079195769 5 -1
1481079197273 0 1
1481079199129 4 -2
1481079201528 0 1
1481079202345 1 -1
1481079203753 7 -1
1481079205169 12 -1
1481079205793 8 -2
1481079207321 2 1
1481079208161 2 -1
1481079210537 R
1481079213537 4 -2
1481079217473 12 -1
1481079218185 7 1
1481079220377 7 -2
1481079221065 12 1
1481079221705 1 1
1481079222920 10 4
1481079226041 10 -4
1481079227793 4 2
1481079228656 3 1
1481079229225 3 -2
1481079229657 R
1481079237761 4 -2
1481079241705 12 -1
1481079244297 7 -1
1481079245129 1 1
1481079245777 10 1
1481079246360 11 2
1481079247009 3 -1
1481079247993 9 -1
1481079248928 5 -1
1481079263209 12 -1
1481079263945 8 -1
1481079264609 6 -1
1481079265681 2 3
1481079266433 4 2
1481079268657 9 1
1481079278113 4 -2
1481079278952 R
1481079281745 7 -1
1481079283993 3 -1
1481079284697 5 -1
1481079285489 12 -2
1481079286209 8 -2
1481079286873 6 -1
1481079287824 2 3
1481079290409 4 -2
1481079293345 8 1
1481079294233 1 1
1481079294849 10 1
1481079295449 11 2
1481079296089 9 -1
1481079298177 4 2
1481079299753 4 -2
1481079302345 11 -1
1481079303313 11 1
1481079304169 9 1
1481079304976 11 -2
1481079305401 10 -1
1481079306225 1 -1
1481079306881 8 -1
1481079308409 2 -3
1481079309169 6 1
1481079309784 4 2
1481079310632 12 1
1481079311472 0 1
1481079314744 4 -2
1481079317928 8 2
1481079318488 1 1
1481079318879 12 1
1481079321328 0 1
1481079323480 1 -2
1481079324848 12 -1
1481079327832 12 1
1481079335215 1 2
1481079335760 12 -1
1481079336400 8 -1
1481079337831 8 1
1481079338496 1 -2
1481079339984 7 1
1481079340648 12 1
1481079343544 7 -1
1481079344240 1 2
1481079345376 0 -1
1481079347224 12 -1
1481079348376 1 -1
1481079349088 12 1
1481079349848 1 1
1481079354607 10 4
1481079355368 12 -1
1481079356384 1 -1
1481079357528 8 -2
1481079359160 11 2
1481079360000 9 -1
1481079363232 0 -2
1481079364079 1 -2
1481079364744 12 -1
1481079365648 6 -3
1481079367983 12 1
1481079368697 1 1
1481079369265 9 1
1481079369849 R
1481079371202 4 -2
1481079373249 4 2
1481079375593 4 -2
1481079389385 11 -1
1481079390209 0 -1
1481079392633 7 -1
1481079393393 1 1
1481079402897 0 1
1481079403529 4 2
1481079404648 3 1
1481079406577 3 -1
1481079407184 4 -2
1481079407809 0 -1
1481079408489 4 2
1481079409361 5 1
1481079410537 9 2
1481079411657 0 1
1481079412968 11 1
1481079413713 3 -1
1481079415473 1 -1
1481079419073 2 1
1481079420489 9 -2
1481079421177 5 -2
1481079423009 4 -2
1481079424274 0 2
1481079425225 1 -1
1481079426832 12 -1
1481079427625 8 -2
1481079429281 2 -1
1481079431450 8 2
1481079432521 1 2
1481079433201 10 1
1481079433856 11 2
1481079436441 11 -2
1481079440993 10 -1
1481079445681 0 -1
1481079446921 0 1
1481079448121 1 -2
1481079449593 8 -2
1481079451872 1 1
1481079452921 1 -1
1481079472049 R
1481079473281 4 -2
1481079477409 7 -1
1481079478297 1 1
1481079479289 10 4
1481079480241 5 1
1481079480817 9 1
1481079481497 11 -1
1481079482609 0 -1
1481079484088 9 -1
1481079484880 5 -1
1481079486913 0 1
1481079487433 R
1481079489497 3 -1
1481079490129 5 -1
1481079490585 4 -2
1481079491200 0 2
1481079492153 1 -1
1481079492729 7 -1
1481079493720 1 2
1481079494401 10 4
1481079495345 11 2
1481079496074 9 -1
1481079496889 1 -3
1481079497641 12 -1
1481079500608 12 1
1481079501609 10 -3
1481079502513 12 -1
1481079503313 8 -2
1481079504362 2 1
1481079506032 11 -1
1481079509690 2 -1
1481079511665 8 2
1481079512337 12 1
1481079513281 7 1
1481079514041 R
1481079516001 11 -1
1481079516937 3 1
1481079517817 3 -1
1481079518616 11 1
1481079519617 R
1481079521969 4 -2
1481079524209 4 2
1481079532097 3 -1
1481079533001 3 2
1481079534905 3 -2
1481079535929 5 -1
1481079537937 4 -2
1481079540193 0 1
1481079545218 7 -1
1481079546049 1 1
1481079547177 10 4
1481079565889 10 -4
1481079573177 0 1
1481079577201 1 -2
1481079586009 1 2
1481079586913 0 -2
1481079587705 5 2
1481079588889 5 -2
1481079597601 12 -2
1481079598234 6 -1
1481079598985 8 -1
1481079600745 2 3
1481079603673 4 2
1481079604545 1 -1
1481079606130 8 -1
1481079609785 8 1
1481079613073 8 -1
1481079614129 8 1
1481079614832 1 1
1481079615825 10 1
1481079617561 11 2
1481079618329 9 -1
1481079620289 0 -1
1481079621434 4 -2
1481079628009 4 2
1481079629266 0 1
1481079630113 11 -1
1481079632713 4 -2
1481079636193 11 1
1481079636809 0 -1
1481079639025 0 1
1481079639738 4 2
1481079640889 4 -2
