1480226702236 4 -2
1480226705901 7 -1
1480226707543 1 1
1480226714522 10 4
1480226720173 3 -1
1480226721594 5 -1
1480226723841 0 2
1480226726063 10 -4
1480226727988 1 -2
1480226736634 1 2
1480226738981 2 1
1480226744475 10 3
1480226746148 0 -2
1480226747618 2 -1
1480226750384 10 -3
1480226756189 0 2
1480226759323 10 1
1480226761215 11 2
1480226765481 10 2
1480226768981 9 -1
1480226772830 1 -3
1480226774375 10 -2
1480226776529 7 1
1480226777556 11 1
1480226779120 10 -1
1480226781487 1 2
1480226784550 0 -3
1480226786627 1 -2
1480226790552 12 -2
1480226793596 6 -3
1480226794869 8 -1
1480226796830 2 3
1480226798756 12 1
1480226802199 4 3
1480226803631 5 1
1480226805705 3 3
1480226807299 1 -1
1480226809228 10 1
1480226811748 10 -1
1480226813693 1 2
1480226816656 3 -3
1480226818340 5 -1
1480226820478 1 -1
1480226821798 5 1
1480226823325 3 3
1480226824940 1 -1
1480226827988 1 2
1480226829692 3 -3
1480226831614 5 -1
1480226835278 5 1
1480226837098 3 3
1480226839237 9 1
1480226841022 9 -1
1480226842803 1 -2
1480226848929 4 -2
1480226852289 1 2
1480226854036 3 -3
1480226855701 5 -1
1480226856881 4 -1
1480226858174 12 -1
1480226860320 6 2
1480226861425 1 1
1480226865050 1 -2
1480226866952 10 1
1480226869264 11 -1
1480226870635 7 -1
1480226871867 8 -1
1480226873283 6 -2
1480226874509 12 1
1480226876241 4 4
1480226880604 5 1
1480226882497 3 3
1480226884335 1 -1
1480226889554 4 -3
1480226891657 8 1
1480226894158 7 1
1480226895559 11 1
1480226897488 10 -1
1480226900035 1 2
1480226901530 3 -3
1480226903341 5 -1
1480226904918 4 2
1480226908993 5 1
1480226910582 3 3
1480226912496 1 -2
1480226916051 10 1
1480226918551 1 1
1480226920320 3 -3
1480226922369 5 -1
1480226925683 4 -3
