1482426942783 7 -1
1482426943625 1 1
1482426945409 10 2
1482426946666 11 2
1482426947665 9 -1
1482426948423 3 -1
1482426949603 5 -1
1482426950663 4 -2
1482426952035 10 -1
1482426953731 0 2
1482426954978 10 3
1482426957486 1 -1
1482426959561 7 1
1482426960401 11 1
1482426962395 0 -3
1482426964265 12 -1
1482426965303 8 -1
1482426973485 5 1
1482426974021 4 1
1482426975036 3 2
1482426977089 9 1
1482426977949 0 1
1482426978800 11 -4
1482426979750 7 -1
1482426980861 0 -1
1482426983743 1 1
1482426984558 8 1
1482426985275 12 1
1482426986801 5 1
1482426987651 9 1
1482426993723 3 -1
1482426994563 9 -1
1482426998107 9 1
1482426998648 0 1
1482426999627 11 3
1482427000371 9 -2
1482427000930 0 -1
1482427001989 1 -3
1482427003307 7 1
1482427004033 11 1
1482427005819 1 2
1482427006619 0 1
1482427007633 9 2
1482427008801 3 -1
1482427009675 9 -2
1482427010428 0 -1
1482427011783 1 -2
1482427012490 5 -2
1482427013330 4 -1
1482427016203 10 -4
1482427017385 12 -2
1482427018772 6 -3
1482427019627 12 2
1482427025361 2 2
1482427028752 4 2
1482427029612 5 2
1482427030876 1 1
1482427031888 3 3
1482427032864 9 4
1482427034117 1 -2
1482427035921 10 1
1482427036511 0 1
1482427037476 11 -4
1482427038607 0 -1
1482427039117 10 -1
1482427039675 6 -1
1482427040300 7 -1
1482427042182 1 4
1482427043532 3 -2
1482427045205 3 2
1482427048675 9 -3
1482427049541 0 1
1482427050345 11 1
1482427051086 3 -3
1482427052107 5 -2
1482427055313 10 1
1482427056279 11 1
1482427058154 0 1
1482427059457 0 -1
1482427062436 4 -2
1482427063109 2 -2
1482427064875 12 -2
1482427065690 8 -1
1482427067560 2 3
1482427068574 12 1
1482427069216 0 4
