1482436964000 7 -1
1482436965001 1 1
1482436966551 4 -2
1482436967830 10 4
1482436969191 11 2
1482436970049 9 -1
1482436970879 0 -1
1482436971714 3 -1
1482436972637 5 -1
1482436974286 0 3
1482436975448 10 -3
1482436976470 10 3
1482436977465 1 -3
1482436981584 10 -3
1482436984144 12 -1
1482436985675 8 -2
1482436986831 11 -1
1482436989442 8 2
1482436990119 12 1
1482436991680 10 3
1482436994000 1 3
1482437000170 10 -1
1482437001440 1 -3
1482437002535 10 -2
1482437003583 12 -1
1482437005300 12 1
1482437006435 10 3
1482437007530 1 3
1482437009551 0 -2
1482437010760 12 -2
1482437011713 6 -1
1482437012488 8 -1
1482437013219 1 -1
1482437014297 7 1
1482437015098 11 2
1482437015799 0 -1
1482437016579 1 -2
1482437017471 6 -2
1482437020263 8 1
1482437021259 12 2
1482437021903 10 -4
1482437023745 12 -2
1482437025438 8 -1
1482437028359 8 1
1482437029218 6 3
1482437030368 12 2
1482437031249 1 2
1482437032624 0 3
1482437035241 1 -2
1482437037455 10 4
1482437038305 11 -2
1482437040057 12 -1
1482437040823 7 -1
1482437041822 8 -2
1482437044150 1 2
1482437044886 0 -2
1482437046550 12 -1
1482437049591 11 1
1482437050161 0 -1
1482437050827 1 -2
1482437051928 6 -3
1482437053182 12 1
1482437054421 1 1
1482437057633 8 2
1482437058431 12 1
1482437059431 10 -1
1482437060590 2 2
1482437061842 1 -1
1482437063086 10 -2
1482437064062 12 -2
1482437064994 8 -2
1482437066646 2 1
1482437067725 12 1
1482437069522 4 4
1482437071118 5 1
1482437071870 3 2
1482437072670 3 1
1482437074080 1 -1
1482437076960 1 1
1482437077654 3 -3
1482437079433 5 -1
1482437081731 4 -4
1482437084343 12 -1
1482437088179 8 1
1482437088992 7 1
1482437089757 11 1
1482437090294 10 -1
1482437091888 1 1
1482437093048 12 1
1482437095634 5 1
1482437096586 4 3
1482437097374 3 3
1482437098176 1 -2
1482437109446 1 2
1482437114006 3 -3
1482437115761 5 -1
1482437122344 5 1
1482437123114 3 3
1482437124107 1 -2
1482437126049 1 2
1482437127440 3 -3
1482437128296 5 -1
1482437129090 12 -1
1482437129946 4 -3
1482437131087 2 -3
1482437132086 8 1
1482437133202 12 2
1482437134121 4 3
1482437135222 5 2
1482437136099 3 2
1482437137078 9 3
1482437138983 1 -1
1482437140189 10 1
1482437141174 11 -1
1482437141793 7 -1
1482437143191 7 1
1482437144486 11 1
1482437145104 10 -1
1482437146125 1 1
1482437148768 9 -3
1482437149561 5 -1
1482437150498 4 -2
1482437151136 12 -1
1482437151923 7 1
1482437154416 3 -2
1482437155210 5 -1
1482437155967 12 -1
1482437156807 6 3
1482437157654 1 1
1482437158397 12 1
1482437159629 0 2
1482437160355 4 -1
1482437161567 0 1
1482437163142 7 -1
1482437164149 12 1
1482437165829 12 -1
1482437167154 1 -2
1482437168645 10 1
1482437169442 11 -2
1482437170206 7 -1
1482437171398 8 -2
1482437172369 8 2
1482437173165 12 1
1482437173942 10 3
1482437177111 1 3
1482437178927 10 -3
1482437185791 0 -2
1482437186706 12 -2
1482437187606 6 -1
1482437188295 8 -1
1482437189223 2 3
1482437198473 11 1
1482437199242 0 -1
1482437201217 4 2
1482437204106 2 -3
1482437204912 6 1
1482437205648 8 1
1482437206389 12 2
1482437207520 0 2
1482437208439 4 -2
1482437209478 0 1
1482437213614 10 1
1482437214471 11 -1
1482437215285 11 1
1482437215953 9 1
1482437216740 11 -2
1482437217608 10 -2
1482437218833 1 -2
1482437221474 12 -1
1482437222181 8 -2
1482437224488 1 1
1482437225432 0 -2
1482437226575 12 -1
1482437227462 6 -1
1482437228381 2 3
1482437234560 8 1
1482437235276 1 1
1482437238070 10 1
1482437240127 10 -1
1482437241023 1 -1
1482437241726 8 -1
1482437246809 8 1
1482437249783 1 1
1482437252045 2 -3
1482437253253 6 1
1482437254039 8 1
1482437255286 12 2
1482437256075 0 2
1482437257596 1 -2
1482437260093 7 1
1482437261189 1 1
1482437261748 7 -1
1482437262407 1 1
1482437263045 10 4
1482437264094 11 2
1482437265061 9 -1
1482437266038 0 -3
1482437267941 1 -3
1482437269005 12 -2
1482437270294 6 -3
1482437271633 8 -2
1482437273341 12 1
1482437279365 1 1
1482437282485 5 1
1482437283729 4 1
1482437284602 3 2
1482437285517 1 -1
1482437287388 3 -2
1482437289634 8 2
1482437290635 12 1
1482437291147 10 -3
1482437294348 12 -1
1482437295078 8 -2
1482437296547 4 3
1482437297806 2 3
1482437301235 3 3
1482437302835 1 -1
1482437306406 1 1
1482437307027 3 -3
1482437307994 5 -1
1482437309633 4 -4
1482437313795 12 -1
1482437315027 12 1
1482437315637 12 -1
1482437316583 8 1
1482437317371 6 2
1482437318340 6 -2
1482437319468 12 1
1482437320858 12 -1
1482437321874 2 -2
1482437322644 8 1
1482437323491 12 2
1482437324276 10 2
1482437327051 7 1
1482437327912 11 1
1482437328893 10 -3
1482437335283 12 -1
1482437336323 8 -1
1482437337208 2 2
1482437339868 4 3
1482437340731 5 1
1482437341475 3 3
1482437342439 1 -1
1482437346485 1 1
1482437347410 3 -3
1482437349067 5 -1
1482437354371 12 -1
1482437357008 4 -1
1482437358052 2 -1
1482437359205 8 1
1482437359939 6 2
1482437362548 10 1
1482437363430 11 -1
1482437364090 7 -1
1482437364963 6 -2
1482437366422 12 2
1482437367252 10 1
1482437368546 4 1
1482437369706 5 1
1482437370373 3 2
