1482246104850 7 -1
1482246109625 3 -1
1482246111529 5 -1
1482246114179 4 -2
1482246119521 12 -1
1482246121584 8 -2
1482246128320 0 2
1482246135673 8 2
1482246137133 1 1
1482246138135 12 1
1482246140826 10 4
1482246142270 11 2
1482246144832 9 -1
1482246147761 1 -3
1482246150466 12 -1
1482246153312 8 -2
1482246160712 1 2
1482246164848 9 1
1482246168711 9 -1
1482246172536 11 -1
1482246177008 1 -2
1482246183551 11 1
1482246192185 R
1482246202407 3 -1
1482246203704 5 -1
1482246205624 12 -2
1482246207296 6 -1
1482246208856 8 -1
1482246210541 2 3
1482246212344 4 -2
1482246219264 7 -1
1482246220570 1 1
1482246224859 1 -1
1482246226809 8 -1
1482246236471 4 2
1482246240880 4 -2
1482246243370 R
1482246251601 3 -1
1482246253377 5 -1
1482246255288 4 -2
1482246264019 12 -2
1482246268193 7 -1
1482246271664 8 -2
1482246273376 6 -1
1482246275017 2 3
1482246281770 8 1
1482246283017 1 1
1482246285761 10 1
1482246286937 11 2
1482246292050 9 -1
1482246297969 11 -1
1482246303152 11 1
1482246304601 0 -1
1482246312723 2 -3
1482246313468 6 1
1482246314227 8 1
1482246315961 12 2
1482246318841 0 3
1482246323217 12 -1
1482246324833 8 -1
1482246328257 2 1
1482246353809 11 -1
1482246357953 8 1
1482246359094 12 1
1482246364913 10 2
1482246366178 1 -3
1482246371073 10 -2
1482246372601 12 -1
1482246380528 8 -2
1482246385776 11 1
1482246389559 2 -1
1482246395193 8 2
1482246396409 12 1
1482246397969 7 1
1482246399096 11 1
1482246400313 10 -1
1482246406106 12 -1
1482246415366 1 2
1482246417600 0 -3
1482246419012 12 -1
1482246419885 8 -1
1482246424745 6 -1
1482246425673 1 -2
1482246430305 6 -2
1482246431961 12 1
1482246434489 2 3
1482246438601 4 3
1482246443721 5 1
1482246445097 3 3
1482246446729 1 -1
1482246459121 1 2
1482246461034 9 1
1482246463809 3 -3
1482246464944 5 -1
1482246470384 4 -3
1482246482729 9 -1
1482246484150 1 -1
1482246492440 12 -1
1482246494033 6 2
1482246495881 1 2
1482246498361 0 1
1482246516482 4 2
1482246523003 9 1
1482246527033 U
1482246527604 U
1482246528154 U
1482246528689 U
1482246529286 U
1482246529852 U
1482246532951 U
1482246534608 U
1482246535204 U
1482246535955 U
1482246541292 3 3
1482246542713 9 -1
1482246544313 1 -2
1482246565012 2 -2
1482246565936 4 -2
1482246566985 8 1
1482246568282 12 1
1482246570304 5 1
1482246573420 5 -1
1482246574858 12 -1
1482246575906 7 1
1482246578129 10 1
1482246579385 0 1
1482246580641 11 -2
1482246582761 7 -2
1482246584100 8 -2
1482246585702 2 2
1482246587105 4 3
1482246589930 11 1
1482246592676 0 -1
1482246594256 1 1
1482246595609 3 -3
1482246597627 5 -1
1482246602422 4 -4
1482246605185 2 -3
1482246606064 8 2
1482246609945 12 -1
1482246611294 7 2
1482246612601 11 1
1482246613592 10 -1
1482246614994 1 1
1482246617473 7 -1
1482246619252 12 2
1482246625546 4 3
1482246627086 5 2
1482246628450 3 2
1482246630456 2 2
1482246631457 3 1
1482246633099 1 -2
1482246637945 0 1
1482246640377 0 -1
1482246642136 1 2
1482246642978 3 -3
1482246817274 3 3
1482246819633 9 4
1482246822169 1 -2
1482246825785 0 1
1482246832904 5 -1
1482246838600 12 -1
1482246839623 8 -1
1482246840664 2 1
1482246851232 0 -1
1482246852392 1 2
1482246854072 3 -3
1482246855871 5 -1
1482246866131 1 -1
1482246888344 10 1
1482246889985 11 -1
1482246890855 7 -1
1482246892176 8 -1
1482246893623 4 1
1482246897232 5 1
1482246898136 3 3
1482246899589 1 -1
1482246902859 0 1
1482246902907 11 -3
1482246905879 0 -1
1482246906990 10 -1
1482246908328 6 -1
1482246909711 1 3
1482246911537 3 -2
1482246912632 0 1
1482246913664 11 1
1482246914655 3 -1
1482246915635 5 -1
1482246916887 0 4
