1482887886954 3 -1
1482887900962 7 -1
1482887902658 12 -1
1482887905086 8 -2
1482887909034 8 2
1482887911150 1 1
1482887913252 R
1482887934682 3 -1
1482887939106 5 -1
1482887943938 4 -2
1482887954686 7 -1
1482887960006 12 -1
1482887961834 8 -2
1482887979894 2 1
1482887986238 0 2
1482887989830 1 -1
1482887993850 1 1
1482887995559 0 -2
1482887998954 12 -1
1482888004882 6 -1
1482888007750 2 2
1482888026370 8 1
1482888033250 2 -2
1482888034971 6 1
1482888036246 8 1
1482888041422 12 1
1482888053286 0 2
1482888056474 8 -2
1482888065450 2 -1
1482888071678 0 -2
1482888108659 R
1482888122306 3 -1
1482888124502 5 -1
1482888136414 12 -2
1482888138546 7 -1
1482888141654 8 -2
1482888143638 6 -1
1482888145691 2 3
1482888155969 4 -2
1482888164430 8 1
1482888168610 1 1
1482888186331 4 2
1482888193762 R
1482888208966 3 -1
1482888215862 5 -1
1482888217479 4 -2
1482888224474 7 -1
1482888228801 12 -1
1482888230962 8 -2
1482888243318 0 2
1482888252806 1 -1
1482888255095 8 2
1482888268359 1 2
1482888273529 12 1
1482888276050 0 -1
1482888306474 0 -1
1482888313150 0 2
1482888315166 1 -2
1482888317890 12 -1
1482888319542 8 -2
1482888325880 1 1
1482888327731 0 -2
1482888329144 12 -1
1482888330726 6 -1
1482888333152 2 3
1482888345767 8 1
1482888347963 1 1
1482888359694 10 1
1482888361636 11 2
1482888363238 0 -1
1482888374261 0 1
1482888378755 R
