1482241890996 R
1482241891942 R
1482241893546 4 -1
1482241896390 4 1
1482241899542 3 -1
1482241901351 5 -1
1482241902893 4 -2
1482241904447 0 2
1482241913753 1 -1
1482241915786 7 -1
1482241917906 12 -1
1482241926174 1 2
1482241927573 10 1
1482241929347 11 2
1482241930968 9 -1
1482241934727 0 -2
1482241936198 5 1
1482241937459 4 2
1482241939363 3 2
1482241942428 9 1
1482241944305 11 -3
1482241950213 0 -1
1482241953899 12 1
1482241958832 5 1
1482241961863 0 1
1482241963330 9 2
1482241976343 10 -1
1482241978872 0 -1
1482241980635 2 1
1482241982767 3 1
1482241985026 1 -4
1482241987205 0 1
1482241992832 10 1
1482241996949 11 3
1482241998597 0 -1
1482241999974 1 1
1482242001258 3 -3
1482242002440 2 -1
1482242007011 3 2
1482242008770 R
1482242031358 3 -1
1482242032875 5 -1
1482242034744 12 -2
1482242040703 6 -1
1482242042519 8 -1
1482242045164 2 3
1482242054897 7 -1
1482242058040 1 1
1482242063778 10 1
1482242065805 11 2
1482242077833 4 -2
1482242079981 9 -1
1482242081921 0 -1
1482242084693 0 1
1482242090655 U
1482242091169 U
1482242091642 U
1482242092144 U
1482242093435 U
1482242095000 U
1482242095777 U
1482242096326 U
1482242096816 U
1482242102171 U
1482242102679 U
1482242103158 U
1482242103666 U
1482242104174 U
1482242112710 7 -1
1482242114042 1 1
1482242120652 10 2
1482242122498 11 2
1482242126797 0 -1
1482242128407 9 -1
1482242130434 3 -1
1482242134282 5 -1
1482242136676 10 -1
1482242138679 12 -2
1482242141219 6 -1
1482242142861 8 -1
1482242145430 2 3
1482242151048 4 -2
1482242153469 0 1
1482242155262 11 -1
1482242160646 2 -3
1482242162737 6 1
1482242164748 8 1
1482242166742 12 2
1482242169246 10 3
1482242172353 0 2
1482242173989 1 -3
1482242177750 10 -3
1482242179474 12 -1
1482242181412 8 -2
1482242203330 R
