1482025184991 11 -1
1482025186655 5 1
1482025188990 9 2
1482025190038 0 -1
1482025195214 7 -1
1482025196015 1 1
1482025199783 0 1
1482025202582 9 -2
1482025211294 4 -2
1482025221614 5 -1
1482025222774 10 4
1482025230774 1 -1
1482025231709 12 -1
1482025233238 1 1
1482025234389 12 1
1482025238343 10 -3
1482025239391 10 -1
1482025241320 5 1
1482025242999 4 2
1482025248950 9 2
1482025252246 1 -1
1482025257190 1 1
1482025260047 9 -2
1482025261367 4 -2
1482025267943 R
1482025269798 11 -1
1482025280126 7 -1
1482025280910 1 1
1482025303926 0 -1
1482025306230 5 1
1482025307119 9 2
1482025308838 0 1
1482025309677 9 -2
1482025311262 10 1
1482025313030 9 2
1482025313718 9 -2
1482025314678 4 -2
1482025322350 10 -1
1482025323534 5 -1
1482025328438 11 1
1482025330726 10 4
1482025336446 10 -4
1482025337718 5 1
1482025339238 4 2
1482025340349 2 1
1482025341565 9 2
1482025346493 U
1482025361398 2 -1
1482025362285 2 1
1482025363774 4 -2
1482025369125 5 -1
1482025372029 1 -1
1482025372653 12 -1
1482025373469 8 -2
1482025377229 2 -1
1482025381093 11 -1
1482025383542 11 1
1482025384390 3 -1
1482025385197 5 -1
1482025386165 0 2
1482025393133 8 2
1482025394317 1 1
1482025395037 12 1
1482025399285 10 2
1482025400254 11 2
1482025402621 9 -1
1482025405373 9 1
1482025406484 9 -1
1482025409765 10 -1
1482025414949 2 1
1482025421340 2 -1
1482025424261 12 -1
1482025427916 8 -1
1482025432949 8 1
1482025435044 12 1
1482025436469 10 3
1482025437468 1 -2
1482025438620 7 1
1482025439636 11 1
1482025442476 1 1
1482025443453 1 -2
1482025444284 10 -4
1482025449757 12 -1
1482025450572 8 -1
1482025457725 1 2
1482025467461 1 -2
1482025472085 10 1
1482025472940 11 -2
1482025473677 7 -1
1482025474604 8 -1
1482025481029 8 2
1482025483683 8 -2
1482025485724 11 1
1482025491136 11 -1
