1480463909987 3 -1
1480463910933 5 -1
1480463913065 12 -2
1480463916195 7 -1
1480463918039 1 1
1480463919522 6 -1
1480463920382 8 -1
1480463922178 2 3
1480463923585 4 -2
1480463930567 10 1
1480463931840 10 -1
1480463932987 1 -1
1480463934020 8 -1
1480463938658 4 2
1480463939919 4 -2
1480463964729 R
1480463968805 3 1
1480463971272 11 -1
1480463972705 11 1
1480463975637 3 -2
1480463976459 5 -1
1480463983902 0 1
1480463986956 4 -2
1480463989201 0 1
1480463991955 1 -1
1480463993975 1 1
1480463998452 12 -1
1480463999835 7 -1
1480464001755 8 -2
1480464004363 2 1
1480464005272 2 -1
1480464008102 1 -1
1480464010707 1 1
1480464011904 8 2
1480464012714 1 1
1480464013823 10 1
1480464014846 11 2
1480464016416 9 -1
1480464017713 11 -1
1480464022949 12 1
1480464024457 10 3
1480464026826 11 1
1480464027712 11 -1
1480464029044 1 -3
1480464031463 12 -1
1480464032910 8 -2
1480464039366 8 2
1480464040327 12 1
1480464042745 10 -3
1480464049838 12 -1
1480464052455 8 -2
1480464053789 8 2
1480464054748 12 1
1480464057316 10 2
1480464059647 1 1
1480464066805 1 -1
1480464068064 10 -2
1480464069959 12 -1
1480464072676 8 -2
1480464075284 2 1
1480464076245 2 -1
1480464080245 8 1
1480464083214 8 1
1480464085768 8 -1
1480464086829 7 1
1480464087788 11 2
1480464088897 10 -1
1480464089996 1 2
1480464095705 1 -2
1480464102464 1 2
1480464104210 1 -2
1480464108648 10 1
1480464110155 11 -2
1480464115444 11 2
1480464116565 10 -1
1480464117700 1 2
1480464118685 0 -3
1480464121493 1 -2
1480464122327 12 -1
1480464123411 6 -3
1480464124496 12 1
1480464127390 2 3
1480464131715 4 3
1480464134545 2 -3
1480464136304 8 1
1480464138013 12 1
1480464139034 5 2
1480464140293 3 2
1480464142039 2 2
1480464142962 3 1
1480464143997 1 -1
1480464146653 5 -1
1480464148049 0 1
1480464152785 0 -1
1480464155841 5 1
1480464157076 5 -1
1480464160743 0 1
1480464173051 4 -2
1480464174011 2 -1
1480464176182 12 -1
1480464180993 10 1
1480464182053 11 -2
1480464182826 6 -1
1480464183600 7 -1
1480464184822 12 1
1480464188139 12 -1
1480464189160 8 -2
1480464190470 2 2
1480464191519 4 3
1480464198823 4 -3
1480464199883 8 1
1480464201493 8 -1
1480464202440 8 1
1480464209921 2 -2
1480464210769 8 1
1480464211779 12 1
1480464213788 10 2
1480464215072 10 -2
1480464227929 12 -1
1480464229314 8 -2
1480464230249 4 3
1480464230872 2 2
1480464239052 6 1
1480464239839 11 1
1480464243442 0 -1
1480464244716 0 1
1480464246411 11 -1
1480464248568 6 -1
1480464251013 4 -3
1480464253681 2 -2
1480464255851 8 2
1480464257322 12 1
1480464259492 10 2
1480464264368 10 -2
1480464266700 5 1
1480464267995 5 -1
1480464272486 6 1
1480464273420 7 1
1480464274580 11 2
1480464278833 10 -1
1480464282062 10 1
1480464287763 5 1
1480464288710 5 -1
1480464290106 2 1
1480464290953 4 2
1480464291539 5 1
1480464296889 0 -1
1480464297739 1 1
1480464298340 10 -1
1480464299820 1 1
1480464301992 5 -1
1480464303337 3 -3
1480464304312 5 -1
1480464305458 12 -2
1480464307254 4 -3
1480464308924 2 -2
1480464309973 6 3
1480464310957 7 1
1480464313151 1 1
1480464314385 12 1
1480464322766 1 -2
1480464323475 1 2
1480464327104 7 -1
1480464327865 12 1
1480464329288 5 2
1480464330546 5 -2
1480464331656 1 -2
1480464332990 10 4
1480464334237 1 2
1480464337416 0 1
1480464340408 11 -2
1480464341257 7 -1
1480464342178 1 1
1480464343264 10 -3
1480464348102 12 -1
1480464350522 12 -1
1480464351605 6 -1
1480464353190 2 2
1480464354186 2 -2
1480464355507 8 -1
1480464356456 2 3
1480464358899 2 -3
1480464359596 6 1
1480464360295 8 1
1480464361182 12 2
1480464363750 10 3
1480464369046 1 -1
1480464370406 12 -1
1480464372165 8 -2
1480464375507 0 2
1480464376466 1 -2
1480464380470 8 2
1480464381144 12 1
1480464382252 10 -3
1480464385694 12 -1
1480464386530 8 -2
1480464387440 2 1
1480464388598 2 -1
1480464394174 8 2
1480464394958 12 1
1480464398364 10 1
1480464400283 10 1
1480464403689 1 3
1480464405372 10 -2
1480464407005 11 1
1480464408101 9 1
1480464408827 11 -2
1480464409587 10 -1
1480464410648 1 -2
1480464414837 1 1
1480464416635 0 -2
1480464417843 12 -2
1480464418953 8 -2
1480464419789 6 -1
1480464420811 2 3
1480464423291 4 2
1480464425000 8 1
1480464425723 1 1
1480464428504 10 1
1480464432146 10 -1
1480464433194 1 -1
1480464434415 8 -1
1480464438842 2 -2
1480464439714 6 1
1480464440574 12 1
1480464442023 0 1
1480464445999 4 -2
1480464448155 0 1
1480464449004 1 -1
1480464452882 2 -1
1480464456498 8 2
1480464457220 12 1
1480464459927 12 -1
1480464461286 12 1
1480464468106 12 -1
1480464469615 8 -2
1480464475187 8 2
1480464476558 12 1
1480464484926 1 1
1480464485715 0 -2
1480464487930 12 -1
1480464489102 8 -2
1480464492978 12 -1
1480464493690 6 -1
1480464498863 2 3
1480464502853 4 2
1480464506570 8 1
1480464507341 1 1
1480464509674 10 1
1480464512280 11 2
1480464513480 9 -1
1480464516969 11 -1
1480464519174 9 1
1480464519822 11 -1
1480464520485 10 -1
1480464521507 1 -1
1480464522530 8 -1
1480464523888 8 1
1480464533288 1 1
1480464534125 10 1
1480464535208 11 2
1480464536154 0 -1
1480464541728 0 1
1480464543037 4 -2
1480464544522 2 -3
1480464545831 6 1
1480464546729 8 1
1480464547852 12 1
1480464549013 11 -2
1480464552165 11 2
1480464552877 0 -1
1480464553750 9 -1
1480464556146 12 1
1480464559610 0 1
1480464561381 9 1
1480464562501 11 -2
1480464563225 10 -1
1480464565133 1 -1
1480464567164 12 -1
1480464570980 0 2
1480464572001 1 -1
1480464576489 12 1
1480464580254 1 2
1480464581825 0 -2
1480464583072 1 -1
1480464584705 12 -1
1480464588519 8 -2
1480464590864 0 2
1480464601735 1 -1
1480464603170 1 1
1480464609067 1 -1
1480464610289 1 1
1480464611261 8 1
1480464612146 1 1
1480464612980 10 1
1480464614078 11 2
1480464614801 9 -1
1480464616222 11 -1
1480464624663 8 1
1480464625609 12 1
1480464627666 10 3
1480464628813 11 1
1480464629975 1 -2
1480464631108 12 -1
1480464631905 1 -1
1480464632866 8 -2
1480464633863 11 -1
1480464639112 8 2
1480464640047 12 1
1480464641170 10 -3
1480464643326 10 3
1480464644212 1 3
1480464645158 10 -3
1480464647216 10 3
1480464647902 1 -3
1480464649212 10 -3
1480464652267 12 -1
1480464653276 8 -2
1480464657117 11 1
1480464659060 11 -1
1480464701510 8 2
1480464702306 12 1
1480464727466 10 3
1480464732216 1 2
1480464733127 0 -2
1480464734185 11 1
1480464735021 0 -1
1480464736021 1 -2
1480464737727 12 -2
1480464738936 6 -3
1480464740009 8 -2
1480464741705 12 1
1480464745683 1 1
1480464747367 1 -1
1480464757889 12 -1
1480464759536 12 1
1480464762678 8 2
1480464763278 12 1
1480464764061 10 -3
1480464765337 12 -2
1480464766194 8 -2
1480464767080 2 3
1480464770059 12 1
1480464776754 5 1
1480464777553 4 2
1480464778924 4 2
1480464780084 3 3
1480464785932 1 -1
1480464795231 1 1
1480464796228 3 -3
1480464797190 5 -1
1480464802176 12 -1
1480464802963 6 1
1480464804446 6 -1
1480464805505 12 1
1480464812199 4 -1
1480464813134 8 1
1480464815926 7 1
1480464816624 11 1
1480464818008 10 -1
1480464820700 1 1
1480464825737 5 1
1480464835725 3 3
1480464837994 1 -2
1480464840475 0 1
1480464842149 10 1
1480464843158 11 -2
1480464844192 6 -1
1480464845002 7 -1
1480464846086 8 -1
1480464850712 4 1
1480464854741 6 1
1480464855401 11 1
1480464872037 4 -1
1480464873073 8 1
1480464877175 8 -1
1480464881740 8 1
1480464882924 7 1
1480464883771 11 1
1480464884669 10 -1
1480464888025 10 1
1480464891565 11 -1
1480464892251 7 -1
1480464893512 8 -1
1480464894982 8 1
1480464895916 8 -1
1480464896666 4 1
1480464899048 4 -1
1480464900244 8 1
1480464902763 2 -1
1480464903636 8 1
1480464904396 12 1
1480464905643 5 1
1480464915495 0 -1
1480464916280 1 1
1480464916941 3 -3
1480464923575 3 3
1480464924837 1 -1
1480464932893 0 1
1480464936485 0 -1
1480464939016 5 -1
1480464942595 10 1
1480464944964 10 -1
1480464948643 12 -1
1480464949467 8 -2
1480464951713 2 1
1480464952585 4 1
1480464957972 4 -1
1480464959582 8 1
1480464962101 1 1
1480464962863 3 -3
1480464966090 3 3
1480464974230 7 1
1480464975005 11 1
1480464977859 10 -1
1480464982187 1 1
1480464984107 3 -3
1480464985679 5 -1
1480464987226 1 -1
1480464990667 10 1
1480464991602 11 -1
1480464992837 7 -1
1480464994174 7 1
1480464994961 11 1
1480464995818 10 -1
1480464997090 1 1
1480464999808 12 -1
1480465000621 6 1
1480465001730 4 -1
1480465002765 6 1
1480465003502 1 1
1480465005146 2 -3
1480465005832 6 1
1480465007305 12 1
1480465009586 4 -2
1480465012754 1 -2
1480465014349 1 2
1480465016404 8 1
1480465017963 7 1
1480465022465 7 -1
1480465023787 1 -1
1480465025085 1 -1
1480465025895 10 1
1480465027243 11 -1
1480465027954 7 -1
1480465029139 12 -1
1480465029897 6 -3
1480465031670 8 -2
1480465032816 12 1
1480465036781 2 3
1480465052586 8 1
1480465057163 8 -1
1480465070468 2 -2
1480465071341 8 1
1480465074071 8 1
1480465074919 12 1
1480465078460 12 -2
1480465081055 8 -2
1480465082027 12 1
1480465085421 5 1
1480465086917 4 1
1480465087913 3 3
1480465089709 1 -1
1480465096879 8 2
1480465097776 12 1
1480465099186 5 1
1480465102666 0 1
1480465103713 11 -1
1480465104475 6 -1
1480465106508 5 -1
1480465107307 10 2
1480465119463 6 1
1480465130314 11 1
1480465131188 0 -1
1480465132720 1 2
1480465134143 3 -3
1480465135292 5 -1
1480465136699 4 -1
1480465138646 2 -1
1480465139617 2 2
1480465141589 2 -1
1480465145504 1 -1
1480465146351 10 -2
1480465147789 12 -2
1480465148735 8 -2
1480465149733 12 1
1480465151477 2 2
1480465152751 4 4
1480465155257 5 1
1480465158972 3 3
1480465160693 1 -1
1480465164072 0 1
1480465203574 11 -1
1480465204857 6 -1
1480465208948 4 -1
1480465210070 8 1
1480465213637 2 -1
1480465214698 8 1
1480465215657 12 1
1480465219985 5 1
1480465235648 5 -1
1480465236596 5 1
1480465240575 6 1
1480465241810 11 1
1480465244056 11 -1
1480465245540 6 -1
1480465249804 5 -1
1480465252137 4 -2
1480465257211 10 2
1480465331319 10 -2
1480465333052 5 1
1480465335733 4 2
1480465338914 5 -1
