1481069630404 7 -1
1481069632410 1 1
1481069634779 10 2
1481069636019 11 2
1481069637290 3 -1
1481069638180 9 -1
1481069639174 5 -1
1481069640026 0 1
1481069641293 11 -1
1481069642249 10 -1
1481069644997 4 -2
1481069648916 10 1
1481069653216 10 -1
1481069658064 12 -1
1481069659880 8 -1
1481069664322 4 2
1481069666076 9 1
1481069669156 0 -1
1481069671401 5 1
1481069676791 3 2
1481069677856 11 -2
1481069678508 10 -1
1481069681733 1 -1
1481069682687 8 -1
1481069686395 0 -1
1481069687447 1 -1
1481069690016 3 -1
1481069691418 3 1
1481069692462 4 -1
1481069695127 3 -1
1481069696139 4 1
1481069697748 4 -2
1481069699264 2 1
1481069699484 2 -1
1481069702580 8 1
1481069704397 1 2
1481069706753 0 1
1481069709023 1 -1
1481069710313 11 1
1481069711345 3 -1
1481069712487 5 -1
1481069713618 0 2
1481069716072 1 -1
1481069717196 8 -1
1481069721342 2 1
1481069723247 8 2
1481069724361 12 1
1481069727030 1 2
1481069730582 2 -1
1481069732313 12 -1
1481069733947 8 -1
1481069735809 8 1
1481069736819 12 1
1481069740794 10 1
1481069742163 11 2
1481069743064 9 -1
1481069745032 0 -1
1481069746161 0 1
1481069747432 11 -1
1481069752464 2 1
1481069754316 2 -1
1481069755382 2 1
1481069760050 2 -1
1481069761020 2 1
1481069764215 10 2
1481069765952 1 -2
1481069767599 1 2
1481069771003 0 -2
1481069771975 4 1
1481069773905 5 1
1481069775021 3 3
1481069775841 9 1
1481069778184 11 -2
1481069781480 10 -3
1481069783345 1 -1
1481069784371 12 -1
1481069784982 8 -1
1481069786585 8 -1
1481069789438 3 -2
1481069791688 4 -1
1481069794446 2 -1
1481069801261 0 -1
1481069802316 1 -1
1481069804451 1 1
1481069806517 4 1
1481069806848 4 1
1481069807995 2 1
1481069810431 3 2
1481069813397 3 -2
1481069818162 3 2
1481069820450 1 -1
1481069823017 4 -1
1481069828445 1 1
1481069829365 0 1
1481069831325 11 1
1481069832569 3 -3
1481069834749 5 -1
1481069835628 4 -1
1481069836700 0 2
1481069837816 1 -1
1481069839162 1 1
1481069855051 2 -1
1481069860376 1 -1
1481069867762 8 2
1481069871662 12 1
1481069876538 2 1
