1481077286621 12 -1
1481077291782 8 -1
1481077294191 3 -1
1481077295520 5 -1
1481077296994 12 -1
1481077298794 6 -1
1481077303760 2 3
1481077305311 7 -1
1481077306563 8 -1
1481077308640 4 -2
1481077311766 4 2
1481077313662 8 1
1481077316817 2 -2
1481077318053 6 1
1481077318864 8 1
1481077322688 12 1
1481077324397 0 1
1481077330652 8 -2
1481077335472 0 -1
1481077336415 12 -1
1481077337485 6 -1
1481077340288 2 2
1481077343115 8 1
1481077347324 1 1
1481077348306 10 1
1481077349565 11 2
1481077350832 9 -1
1481077353484 4 -2
1481077358592 2 -3
1481077360166 6 1
1481077360930 8 1
1481077362363 12 2
1481077364093 0 2
1481077366768 11 -1
1481077369460 9 1
1481077370689 11 -1
1481077371916 10 -1
1481077373719 1 -2
1481077374898 12 -1
1481077376433 8 -2
1481077382421 2 1
1481077385248 8 2
1481077389063 12 1
1481077390614 1 2
1481077391834 10 3
1481077393976 1 -2
1481077395550 7 1
1481077396965 11 3
1481077398154 9 -1
1481077399442 1 -1
1481077401883 10 -3
1481077405228 12 -1
1481077408763 1 2
1481077411170 8 -1
1481077413503 9 1
1481077415152 1 -1
1481077417821 9 -1
1481077418757 1 -1
1481077419726 10 1
1481077420765 11 -2
1481077421937 7 -1
1481077423132 8 -1
1481077425597 8 2
1481077429053 8 -2
1481077432917 11 1
1481077438807 8 2
1481077439664 12 1
1481077440718 10 2
1481077443693 1 3
1481077444708 10 -2
1481077446611 9 1
1481077447870 11 -2
1481077448973 10 -1
1481077450616 1 -1
1481077451884 1 -1
1481077453348 12 -1
1481077455513 8 -2
1481077459866 1 1
1481077480227 1 -1
1481077488136 2 -1
1481077490276 1 1
1481077492746 2 1
1481077494167 1 -1
1481077602526 R
1481077605391 3 -1
1481077606484 5 -1
1481077608459 12 -2
1481077610388 2 1
1481077614196 7 -1
1481077615157 1 1
1481077616187 10 1
1481077617448 11 2
1481077619540 9 -1
1481077620704 0 -1
1481077624781 4 -2
1481077625923 6 -1
1481077626944 8 -1
1481077628258 2 2
1481077636426 4 2
1481077638033 0 1
1481077639160 11 -1
1481077641457 9 1
1481077642300 11 -1
1481077643329 10 -1
1481077644367 1 -1
1481077645565 8 -1
1481077649482 4 -2
1481077657637 2 -3
1481077659777 6 1
1481077661145 12 1
1481077671857 5 1
1481077672984 3 1
1481077673849 11 -1
1481077675005 0 -1
1481077676852 4 2
1481077678584 3 1
1481077679485 2 1
1481077680482 3 1
1481077683094 1 -1
1481077685755 4 -1
1481077688420 8 2
1481077689522 12 1
1481077691199 1 2
1481077692883 5 1
1481077693977 4 1
1481077697787 9 2
1481077699943 1 -4
1481077704979 10 1
1481077705830 0 1
1481077707158 11 3
1481077710817 0 -1
1481077713307 7 1
1481077714226 11 1
1481077715319 10 -1
1481077716861 1 3
1481077718936 9 -3
1481077722691 3 -3
1481077725989 1 -2
1481077728120 5 -2
1481077747119 4 -2
1481077748677 12 -2
1481077750063 6 -3
1481077752746 8 -1
1481077754194 12 1
1481077755697 2 2
1481077759506 1 1
1481077760796 5 1
1481077762655 4 3
1481077763880 3 3
1481077765432 4 -2
1481077766770 1 -2
1481077768469 0 1
1481077770444 4 2
1481077772993 4 -2
1481077773947 0 -1
1481077774999 1 2
1481077777046 9 1
1481077778320 3 -3
1481077779705 5 -1
1481077781358 4 -1
1481077783673 9 -1
1481077784656 1 -1
1481077785701 12 -1
1481077786867 6 2
1481077789480 1 2
1481077792250 4 2
1481077793484 4 -2
1481077801015 2 -3
1481077805196 6 1
1481077806455 12 1
1481077810209 0 3
1481077813891 1 -2
1481077814831 10 1
1481077815917 11 -2
1481077816894 7 -1
1481077818991 8 -1
1481077821242 8 2
1481077822864 12 1
1481077824524 11 1
1481077826608 11 -1
1481077828490 12 -1
1481077829804 8 -2
1481077830935 2 1
1481077835336 11 1
1481077837234 11 -1
1481077840017 2 -1
1481077842174 2 1
1481077874817 2 -1
1481077876215 11 1
1481077879576 8 2
1481077882179 7 1
1481077883208 11 1
1481077884350 10 -1
1481077887480 12 1
1481077889544 12 -1
1481077890535 8 -1
1481077892180 8 1
1481077898252 1 2
1481077899306 0 -3
1481077900715 12 -1
1481077901431 6 -1
1481077902099 8 -1
1481077903423 2 3
1481077904837 4 2
1481077906727 1 -2
1481077907537 10 1
1481077908417 11 -1
1481077909779 7 -1
1481077910761 8 -1
1481077911956 6 -2
1481077913289 4 2
1481077914678 12 1
1481077915976 5 1
1481077917716 3 3
1481077919195 1 -1
1481077920218 0 1
1481077921201 11 -1
1481077922144 6 -1
1481077930138 4 -3
1481077935968 4 2
1481077937566 8 1
1481077938370 7 1
1481077939052 6 1
1481077940067 11 2
1481077941797 10 -1
1481077943663 0 -1
1481077945356 1 2
1481077946708 3 -3
1481077947903 5 -1
1481077958359 5 1
1481077962229 9 1
1481077965981 3 3
1481077967287 9 -1
1481077968231 1 -2
1481077969204 0 1
1481077972730 0 -1
1481077973838 1 2
1481077982667 1 -2
1481077983555 0 1
1481077990501 R
1481077998424 3 -1
1481077999873 5 -1
1481078001211 0 1
1481078002657 4 -2
1481078003665 0 1
1481078004703 1 -1
1481078006732 7 -1
1481078009825 12 -1
1481078011052 8 -2
1481078016661 2 1
1481078023280 1 1
1481078024143 0 -2
1481078025027 12 -1
1481078026628 6 -1
1481078027801 2 2
1481078029847 4 2
1481078055098 4 -2
1481078058589 R
1481078098653 4 -2
1481078100887 12 -1
1481078101855 3 -1
1481078103335 5 -1
1481078114915 12 -1
1481078116111 6 -1
1481078117667 2 2
1481078119005 8 -1
1481078120430 2 1
1481078121281 7 -1
1481078124929 8 -1
1481078127193 4 2
1481078128648 2 -3
1481078130688 6 1
1481078131551 12 1
1481078132362 0 1
1481078135185 8 2
1481078136161 1 1
1481078137395 12 1
1481078138518 10 2
1481078139841 11 2
1481078141407 9 -1
1481078143239 10 -1
1481078145741 12 -1
1481078146866 8 -1
1481078150169 0 -1
1481078152545 12 -1
1481078153347 6 -1
1481078155021 2 3
1481078158899 4 -2
1481078164335 11 -1
1481078165248 9 1
1481078166114 11 -1
1481078167041 10 -1
1481078167946 1 -1
1481078168889 8 -1
1481078170720 4 2
1481078175283 2 -3
1481078177155 6 1
1481078177942 12 1
1481078178949 0 1
1481078183591 8 1
1481078184439 1 1
1481078185140 10 1
1481078186059 11 2
1481078187019 9 -1
1481078188402 0 -2
1481078189465 12 -1
1481078190441 6 -1
1481078191573 2 3
1481078192879 0 1
1481078213609 4 -2
