1480143288646 4 -2
1480143293368 7 -1
1480143294416 1 1
1480143299063 10 2
1480143300371 11 2
1480143303052 9 -1
1480143304654 3 -1
1480143305881 5 -1
1480143308891 0 2
1480143326604 10 -1
1480143333197 10 3
1480143334459 1 -3
1480143351034 10 -3
1480143352777 11 -1
1480143357423 10 2
1480143359051 1 3
1480143361103 9 1
1480143362629 11 -1
1480143365002 10 -3
1480143367295 1 -2
1480143372939 1 2
1480143374574 0 -2
1480143375943 12 -2
1480143377480 6 -1
1480143379773 1 -1
1480143381391 8 -2
1480143382859 6 1
1480143384219 12 1
1480143385961 2 1
1480143387750 12 -1
1480143390147 12 1
1480143392125 0 2
1480143395234 1 -1
1480143398224 8 2
1480143399286 12 1
1480143411755 2 -1
1480143415097 12 -1
1480143423058 8 -2
1480143425360 1 1
1480143434540 1 -1
1480143438385 8 2
1480143439642 12 1
1480143442530 1 2
1480143444531 10 4
1480143453024 11 2
1480143456089 1 -2
1480143460316 10 -1
1480143465104 1 2
1480143519736 R
1480143526410 5 1
1480143528447 3 -1
1480143530164 5 -2
1480143532271 4 -2
1480143539268 12 -2
1480143541103 6 -1
1480143545104 8 -1
1480143547344 7 -1
1480143548821 8 -1
1480143550450 6 1
1480143551854 12 1
1480143562956 0 2
1480143586602 2 1
1480143588682 2 -1
