1481078222180 11 -1
1481078222180 11 -1
1481078223570 7 -1
1481078223570 7 -1
1481078224270 1 1
1481078224270 1 1
1481078225186 4 -2
1481078225186 4 -2
1481078229601 4 2
1481078229601 4 2
1481078230502 4 -1
1481078230502 4 -1
1481078232118 12 -1
1481078232118 12 -1
1481078233679 11 1
1481078233679 11 1
1481078234325 3 -1
1481078234325 3 -1
1481078235257 5 -1
1481078235257 5 -1
1481078236074 0 1
1481078236074 0 1
1481078237052 1 -1
1481078237052 1 -1
1481078238894 4 -1
1481078238894 4 -1
1481078239594 0 1
1481078239594 0 1
1481078240913 1 -1
1481078240913 1 -1
1481078244495 12 1
1481078244495 12 1
1481078245608 1 2
1481078245608 1 2
1481078247675 0 -1
1481078247675 0 -1
1481078248777 4 2
1481078248777 4 2
1481078249741 10 2
1481078249741 10 2
1481078250697 11 2
1481078250697 11 2
1481078251358 9 -1
1481078251358 9 -1
1481078252321 4 -2
1481078252321 4 -2
1481078252990 0 1
1481078252990 0 1
1481078253751 10 -1
1481078253751 10 -1
1481078256021 12 -1
1481078256021 12 -1
1481078256907 8 -1
1481078256907 8 -1
1481078259300 8 1
1481078259300 8 1
1481078259937 12 1
1481078259937 12 1
1481078262399 10 2
1481078262399 10 2
1481078265314 1 -1
1481078265314 1 -1
1481078267583 1 1
1481078267583 1 1
1481078269013 10 -2
1481078269013 10 -2
1481078270747 0 -1
1481078270747 0 -1
1481078274275 4 2
1481078274275 4 2
1481078276053 4 -2
1481078276053 4 -2
1481078276798 0 1
1481078276798 0 1
1481078278034 12 -1
1481078278034 12 -1
1481078278936 12 1
1481078278936 12 1
1481078279581 12 -1
1481078279581 12 -1
1481078280466 12 1
1481078280466 12 1
1481078281104 10 2
1481078281104 10 2
1481078283055 9 1
1481078283055 9 1
1481078283908 11 -2
1481078283908 11 -2
1481078284717 1 -2
1481078284717 1 -2
1481078288090 1 2
1481078288090 1 2
1481078288881 10 -3
1481078288881 10 -3
1481078289789 1 -2
1481078289789 1 -2
1481078291074 12 -1
1481078291074 12 -1
1481078292751 8 -2
1481078292751 8 -2
1481078295036 8 2
1481078295036 8 2
1481078295657 12 1
1481078295657 12 1
1481078296969 1 2
1481078296969 1 2
1481078298729 10 3
1481078298729 10 3
1481078300118 1 -2
1481078300118 1 -2
1481078302541 1 2
1481078302541 1 2
1481078303645 10 -3
1481078303645 10 -3
1481078304461 0 -2
1481078304461 0 -2
1481078306939 12 -2
1481078306939 12 -2
1481078308028 1 -1
1481078308028 1 -1
1481078308766 12 1
1481078308766 12 1
1481078309450 0 2
1481078309450 0 2
1481078310109 1 -1
1481078310109 1 -1
1481078311493 1 1
1481078311493 1 1
1481078312255 0 -2
1481078312255 0 -2
1481078312853 12 -1
1481078312853 12 -1
1481078313521 12 1
1481078313521 12 1
1481078314301 0 1
1481078314301 0 1
1481078315410 0 1
1481078315410 0 1
1481078317423 1 -1
1481078317423 1 -1
1481078318913 12 1
1481078318913 12 1
1481078321224 12 -1
1481078321224 12 -1
1481078321860 8 -2
1481078321860 8 -2
1481078324463 1 1
1481078324463 1 1
1481078325706 0 -2
1481078325706 0 -2
1481078326702 12 -1
1481078326702 12 -1
1481078327563 6 -1
1481078327563 6 -1
1481078328014 8 2
1481078328014 8 2
1481078329047 1 1
1481078329047 1 1
1481078331418 6 1
1481078331418 6 1
1481078332271 12 2
1481078332271 12 2
1481078333895 0 2
1481078333895 0 2
1481078335863 10 4
1481078335863 10 4
1481078338697 11 2
1481078338697 11 2
1481078339344 9 -1
1481078339344 9 -1
1481078341401 1 -3
1481078341401 1 -3
1481078343601 10 -3
1481078343601 10 -3
1481078344713 12 -1
1481078344713 12 -1
1481078345321 8 -2
1481078345321 8 -2
1481078347945 8 2
1481078347945 8 2
1481078348559 7 2
1481078348559 7 2
1481078349203 11 1
1481078349203 11 1
1481078349726 10 -1
1481078349726 10 -1
1481078350999 7 -1
1481078350999 7 -1
1481078352009 12 1
1481078352009 12 1
1481078353345 12 -1
1481078353345 12 -1
1481078354767 10 1
1481078354767 10 1
1481078355988 11 -2
1481078355988 11 -2
1481078358614 12 1
1481078358614 12 1
1481078359165 10 2
1481078359165 10 2
1481078360322 1 1
1481078360322 1 1
1481078364139 1 -1
1481078364139 1 -1
1481078365257 1 2
1481078365257 1 2
1481078366105 0 -2
1481078366105 0 -2
1481078367557 7 -1
1481078367557 7 -1
1481078368707 10 1
1481078368707 10 1
1481078370004 12 -1
1481078370004 12 -1
1481078370581 8 -2
1481078370581 8 -2
1481078373338 0 2
1481078373338 0 2
1481078374233 1 -2
1481078374233 1 -2
1481078376131 8 2
1481078376131 8 2
1481078376913 12 1
1481078376913 12 1
1481078377573 10 -3
1481078377573 10 -3
1481078379167 12 -1
1481078379167 12 -1
1481078379742 8 -2
1481078379742 8 -2
1481078380899 8 2
1481078380899 8 2
1481078382506 12 1
1481078382506 12 1
1481078383712 10 1
1481078383712 10 1
1481078385959 11 1
1481078385959 11 1
1481078386783 10 -1
1481078386783 10 -1
1481078389269 10 2
1481078389269 10 2
1481078390550 1 3
1481078390550 1 3
1481078392003 0 -3
1481078392003 0 -3
1481078393308 10 -2
1481078393308 10 -2
1481078395050 10 3
1481078395050 10 3
1481078396339 1 -2
1481078396339 1 -2
1481078397225 1 -1
1481078397225 1 -1
1481078397917 12 -2
1481078397917 12 -2
1481078398532 8 -2
1481078398532 8 -2
1481078399509 6 -3
1481078399509 6 -3
1481078402463 8 1
1481078402463 8 1
1481078403272 8 1
1481078403272 8 1
1481078404126 12 2
1481078404126 12 2
1481078405440 10 -3
1481078405440 10 -3
1481078406145 12 -2
1481078406145 12 -2
1481078407024 8 -2
1481078407024 8 -2
1481078408803 2 3
1481078408803 2 3
1481078409697 4 4
1481078409697 4 4
1481078410365 12 1
1481078410365 12 1
1481078412154 5 1
1481078412154 5 1
1481078412636 3 3
1481078412636 3 3
1481078414882 1 -1
1481078414882 1 -1
1481078420226 1 1
1481078420226 1 1
1481078422611 3 -3
1481078422611 3 -3
1481078426518 5 -1
1481078426518 5 -1
1481078428072 4 -4
1481078428072 4 -4
1481078430669 12 -1
1481078430669 12 -1
1481078432206 12 1
1481078432206 12 1
1481078433002 4 4
1481078433002 4 4
1481078436738 12 -1
1481078436738 12 -1
1481078437328 6 1
1481078437328 6 1
1481078438578 6 -1
1481078438578 6 -1
1481078439248 12 1
1481078439248 12 1
1481078440708 4 -1
1481078440708 4 -1
1481078441323 8 1
1481078441323 8 1
1481078441936 7 1
1481078441936 7 1
1481078442618 11 1
1481078442618 11 1
1481078443248 10 -1
1481078443248 10 -1
1481078444095 1 1
1481078444095 1 1
1481078445664 5 1
1481078445664 5 1
1481078446358 3 3
1481078446358 3 3
1481078447483 1 -2
1481078447483 1 -2
1481078457724 1 2
1481078457724 1 2
1481078464757 3 -3
1481078464757 3 -3
1481078465853 5 -1
1481078465853 5 -1
1481078467110 4 -3
1481078467110 4 -3
1481078468066 1 -1
1481078468066 1 -1
1481078472985 5 1
1481078472985 5 1
1481078474127 3 1
1481078474127 3 1
1481078474952 4 3
1481078474952 4 3
1481078475564 3 2
1481078475564 3 2
1481078476529 1 -1
1481078476529 1 -1
1481078477104 0 1
1481078477104 0 1
1481078478237 0 -1
1481078478237 0 -1
1481078478946 1 2
1481078478946 1 2
1481078479653 3 -3
1481078479653 3 -3
1481078480772 5 -1
1481078480772 5 -1
1481078481524 2 -3
1481078481524 2 -3
1481078482170 8 1
1481078482170 8 1
1481078483063 12 1
1481078483063 12 1
1481078483863 5 2
1481078483863 5 2
1481078485317 4 -3
1481078485317 4 -3
1481078489201 5 -2
1481078489201 5 -2
1481078489870 12 -2
1481078489870 12 -2
1481078490600 8 -1
1481078490600 8 -1
1481078491191 2 3
1481078491191 2 3
1481078492402 12 1
1481078492402 12 1
1481078493163 4 3
1481078493163 4 3
1481078495363 5 1
1481078495363 5 1
1481078496279 3 3
1481078496279 3 3
1481078497408 1 -2
1481078497408 1 -2
1481078498068 0 1
1481078498068 0 1
1481078499652 10 1
1481078499652 10 1
1481078500252 11 -2
1481078500252 11 -2
1481078500865 7 -1
1481078500865 7 -1
1481078501399 6 -1
1481078501399 6 -1
1481078502016 8 -1
1481078502016 8 -1
1481078503038 4 1
1481078503038 4 1
1481078503878 4 -2
1481078503878 4 -2
1481078506327 8 1
1481078506327 8 1
1481078509919 8 -1
1481078509919 8 -1
1481078510957 4 2
1481078510957 4 2
1481078512349 4 -1
1481078512349 4 -1
1481078513334 8 1
1481078513334 8 1
1481078513850 7 1
1481078513850 7 1
1481078514376 6 1
1481078514376 6 1
1481078515262 11 1
1481078515262 11 1
1481078518462 11 1
1481078518462 11 1
1481078518985 0 -1
1481078518985 0 -1
1481078520484 0 1
1481078520484 0 1
1481078521820 0 -1
1481078521820 0 -1
1481078523267 1 1
1481078523267 1 1
1481078523849 3 -3
1481078523849 3 -3
1481078524735 5 -1
1481078524735 5 -1
1481078526204 4 -3
1481078526204 4 -3
1481078527704 11 -1
1481078527704 11 -1
1481078528247 7 -1
1481078528247 7 -1
1481078529085 8 -1
1481078529085 8 -1
1481078530119 4 4
1481078530119 4 4
1481078533833 12 -1
1481078533833 12 -1
1481078534489 6 1
1481078534489 6 1
1481078535947 6 -1
1481078535947 6 -1
1481078536599 12 1
1481078536599 12 1
1481078537641 5 1
1481078537641 5 1
1481078538231 3 3
1481078538231 3 3
1481078538978 1 -1
1481078538978 1 -1
1481078539842 0 1
1481078539842 0 1
1481078540649 11 -1
1481078540649 11 -1
1481078541263 6 -1
1481078541263 6 -1
1481078542389 4 -2
1481078542389 4 -2
1481078543058 8 1
1481078543058 8 1
1481078543928 2 -1
1481078543928 2 -1
1481078544664 8 1
1481078544664 8 1
1481078545286 12 1
1481078545286 12 1
1481078548162 10 1
1481078548162 10 1
1481078550098 10 -1
1481078550098 10 -1
1481078552574 7 1
1481078552574 7 1
1481078553167 6 1
1481078553167 6 1
1481078554161 11 2
1481078554161 11 2
1481078554752 0 -1
1481078554752 0 -1
1481078555490 10 -1
1481078555490 10 -1
1481078556918 1 2
1481078556918 1 2
1481078557898 3 -3
1481078557898 3 -3
1481078558839 1 -1
1481078558839 1 -1
1481078560036 5 -1
1481078560036 5 -1
1481078560718 4 -2
1481078560718 4 -2
1481078561846 12 -2
1481078561846 12 -2
1481078562482 8 -1
1481078562482 8 -1
1481078563043 2 1
1481078563043 2 1
1481078563788 12 1
1481078563788 12 1
1481078564830 4 3
1481078564830 4 3
1481078565700 5 1
1481078565700 5 1
1481078566523 3 3
1481078566523 3 3
1481078568014 1 -1
1481078568014 1 -1
1481078568801 0 1
1481078568801 0 1
1481078571551 0 -1
1481078571551 0 -1
1481078572274 1 2
1481078572274 1 2
1481078573075 3 -3
1481078573075 3 -3
1481078573991 5 -1
1481078573991 5 -1
1481078574745 1 -1
1481078574745 1 -1
1481078575603 12 -1
1481078575603 12 -1
1481078576535 4 -2
1481078576535 4 -2
1481078577115 6 2
1481078577115 6 2
1481078578357 1 2
1481078578357 1 2
1481078580532 0 1
1481078580532 0 1
1481078583077 4 -1
1481078583077 4 -1
1481078583924 2 -3
1481078583924 2 -3
1481078584528 6 1
1481078584528 6 1
1481078585134 8 1
1481078585134 8 1
1481078586012 12 2
1481078586012 12 2
1481078586812 0 2
1481078586812 0 2
1481078588203 1 -2
1481078588203 1 -2
1481078590161 12 -1
1481078590161 12 -1
1481078591753 12 1
1481078591753 12 1
1481078593036 10 4
1481078593036 10 4
1481078594355 1 2
1481078594355 1 2
1481078595344 0 -3
1481078595344 0 -3
1481078598543 10 -1
1481078598543 10 -1
1481078599343 1 -2
1481078599343 1 -2
1481078600955 10 -3
1481078600955 10 -3
1481078602866 12 -2
1481078602866 12 -2
1481078603705 6 -3
1481078603705 6 -3
1481078604730 8 -1
1481078604730 8 -1
1481078606159 2 3
1481078606159 2 3
1481078607030 12 1
1481078607030 12 1
1481078609345 12 -1
1481078609345 12 -1
1481078609961 6 2
1481078609961 6 2
1481078611653 4 2
1481078611653 4 2
1481078613597 4 -2
1481078613597 4 -2
1481078614358 6 -2
1481078614358 6 -2
1481078615049 12 1
1481078615049 12 1
1481078616393 1 1
1481078616393 1 1
1481078617294 4 1
1481078617294 4 1
1481078617815 5 1
1481078617815 5 1
1481078618506 3 3
1481078618506 3 3
1481078619572 1 -2
1481078619572 1 -2
1481078620388 0 1
1481078620388 0 1
1481078622081 2 -1
1481078622081 2 -1
1481078622896 8 1
1481078622896 8 1
1481078623563 12 1
1481078623563 12 1
1481078626478 12 -1
1481078626478 12 -1
1481078626992 7 1
1481078626992 7 1
1481078628328 7 -1
1481078628328 7 -1
1481078629012 12 1
1481078629012 12 1
1481078629663 4 2
1481078629663 4 2
1481078630970 12 -1
1481078630970 12 -1
1481078631762 12 1
1481078631762 12 1
1481078632290 5 1
1481078632290 5 1
1481078633474 0 -1
1481078633474 0 -1
1481078634311 1 2
1481078634311 1 2
1481078635454 3 -3
1481078635454 3 -3
1481078636544 5 -2
1481078636544 5 -2
1481078637652 4 -3
1481078637652 4 -3
1481078638592 2 -2
1481078638592 2 -2
1481078640318 12 -1
1481078640318 12 -1
1481078641951 12 -1
1481078641951 12 -1
1481078642741 7 1
1481078642741 7 1
1481078643323 6 1
1481078643323 6 1
1481078644516 6 -1
1481078644516 6 -1
1481078645182 7 -1
1481078645182 7 -1
1481078645833 12 2
1481078645833 12 2
1481078648630 5 2
1481078648630 5 2
