1482605867557 3 1
1482605868373 11 -1
1482605869237 0 -1
1482605869913 1 -1
1482605870633 7 -1
1482605871481 12 -1
1482605872249 8 -1
1482605873213 8 -1
1482605875917 8 1
1482605876849 1 2
1482605878241 10 1
1482605880053 0 1
1482605880709 11 3
1482605881525 9 -1
1482605882409 3 -2
1482605883161 5 -1
1482605884169 0 1
1482605885229 4 -2
1482605886429 0 1
1482605887870 11 -1
1482605889649 9 1
1482605890433 11 -1
1482605891153 10 -1
1482605892069 1 -2
1482605893813 8 1
1482605894537 12 1
1482605900457 12 -1
1482605902025 8 -2
1482605903821 8 2
1482605904589 12 1
1482605905725 1 2
1482605907449 12 -1
1482605908121 0 -2
1482605909241 12 -1
1482605911197 6 -1
1482605912669 10 1
1482605915233 4 2
1482605917125 4 -2
1482605918501 6 1
1482605919465 12 2
1482605920665 10 2
1482605922349 0 2
1482605923421 1 -2
1482605925737 1 2
1482605926881 10 -3
1482605927537 1 -2
1482605929309 12 -1
1482605936617 8 -2
1482605937745 8 2
1482605940445 12 1
1482605941229 1 2
1482605941797 10 4
1482605943953 1 -2
1482605945493 12 -1
1482605946421 8 -2
1482605947333 1 1
1482605948021 0 -2
1482605949529 12 -1
1482605950169 6 -1
1482605951209 11 2
1482605951629 0 -1
1482605952557 1 -1
1482605953309 6 -2
1482605954365 12 1
1482605956385 9 -1
1482605958221 9 1
1482605959805 5 1
1482605960333 3 1
1482605962249 8 2
1482605965821 12 1
1482605969605 12 -1
1482605971045 12 1
1482605971941 3 -1
1482605972697 5 -1
1482605973353 12 -2
1482605974137 6 2
1482605974777 6 1
1482605975209 12 2
1482605975662 1 1
1482605976509 5 2
1482605977605 5 -2
1482605981409 0 1
1482605983573 11 -2
1482605984453 7 1
1482605985530 11 3
1482605987241 9 -1
1482605987845 0 -1
1482605989005 1 -2
1482605990793 12 -2
1482605992665 6 -3
1482605993373 12 2
1482605995405 12 -2
1482605996366 6 3
1482605997409 12 2
1482605998577 1 2
1482606000902 1 -2
1482606001525 12 -2
1482606003065 8 -1
1482606003769 6 -3
1482606004665 12 1
1482606005709 1 1
1482606007053 5 1
1482606007853 3 1
1482606008913 1 -1
1482606012645 8 1
1482606015289 3 -1
1482606016041 5 -1
1482606024965 12 1
1482606033337 1 1
1482606034921 12 -2
1482606036893 6 3
1482606037597 1 1
1482606038269 0 1
1482606039021 9 1
1482606039809 11 -3
1482606040769 7 -1
1482606041361 1 1
1482606043477 12 2
1482606044309 10 -4
1482606045753 0 2
1482606046682 1 -2
1482606047707 1 2
1482606048217 0 -2
1482606049023 12 -2
1482606049725 6 -1
1482606050221 8 -1
1482606051777 2 3
1482606052705 4 2
1482606053729 1 -1
1482606054529 8 -1
1482606057641 4 -2
1482606061165 2 -3
1482606063117 6 1
1482606070113 8 2
1482606070978 1 1
1482606071521 6 -1
1482606072114 8 -1
1482606073893 4 2
1482606074573 2 3
1482606080205 1 -1
1482606082081 7 1
1482606083409 7 -1
1482606084241 4 -2
1482606085029 2 -3
1482606085757 6 1
1482606086629 12 1
1482606087865 0 2
1482606089033 1 -1
1482606090186 8 -1
1482606093389 2 1
1482606097989 1 1
1482606105045 0 -2
1482606106457 0 2
1482606107193 R
1482606110061 11 -1
1482606112193 7 -1
1482606112929 12 -1
1482606113809 8 -2
1482606117381 4 -2
1482606121049 0 -1
1482606121837 1 -1
1482606124873 8 2
1482606125865 12 1
1482606128829 12 -1
1482606131185 12 1
1482606131745 5 1
1482606132625 5 -1
1482606133009 1 2
1482606134069 0 1
1482606135877 11 1
1482606136537 3 -1
1482606137689 1 -1
1482606138633 5 -1
1482606139321 12 -2
1482606140045 6 -1
1482606140877 8 -2
1482606144913 6 1
1482606148537 6 -1
1482606149153 2 3
1482606156049 U
