1482796996312 3 -1
1482796998344 5 -1
1482796999480 4 -2
1482797001192 12 -1
1482797002520 7 -1
1482797004200 8 -2
1482797005264 12 -1
1482797005928 6 -1
1482797007248 2 3
1482797010608 4 2
1482797011808 2 -3
1482797012552 6 1
1482797013312 12 1
1482797013968 5 1
1482797014936 3 2
1482797016064 11 -1
1482797017840 8 2
1482797018696 1 1
1482797019344 12 1
1482797020096 5 1
1482797021464 9 2
1482797023185 0 -1
1482797025008 1 -3
1482797026520 1 3
1482797027343 9 -2
1482797028216 3 -1
1482797029768 1 -2
1482797030968 4 -2
1482797031680 5 -1
1482797032400 12 -1
1482797033760 8 -2
1482797035272 4 2
1482797036063 3 1
1482797037608 1 1
1482797038695 0 1
1482797039535 11 1
1482797041552 11 -1
1482797042264 11 1
1482797043000 3 -2
1482797043831 5 -1
1482797044952 0 1
1482797047192 8 2
1482797048416 12 1
1482797049023 1 1
1482797050520 4 -2
1482797052136 10 4
1482797053519 1 -1
1482797054152 12 -1
1482797055080 8 -2
1482797056800 0 -1
1482797057471 0 2
1482797058192 1 -1
1482797059344 11 2
1482797060016 9 -1
1482797060704 1 -1
1482797062528 8 2
1482797063296 12 1
1482797064328 10 -3
1482797066288 12 -1
1482797067184 8 -2
1482797068560 11 -1
1482797070632 11 1
1482797072368 8 2
1482797073024 12 1
1482797075304 10 1
1482797076224 7 1
1482797077112 11 1
1482797077856 11 -2
1482797078824 10 -1
1482797080216 10 2
1482797080864 1 2
1482797081505 9 1
1482797082209 11 -1
1482797082848 1 -1
1482797083688 7 -1
1482797085448 10 1
1482797086144 12 -1
1482797087072 8 -2
1482797088552 1 1
1482797089608 0 -2
1482797090920 12 -1
1482797091616 6 -1
1482797092683 11 2
1482797093240 0 -1
1482797094104 1 -1
1482797094896 6 -2
1482797095771 12 1
1482797097536 8 2
1482797098184 12 1
1482797099336 10 -1
1482797101992 2 2
1482797103401 4 1
1482797103856 5 1
1482797104800 3 3
1482797105920 9 -1
1482797106752 1 -2
1482797107600 0 1
1482797108344 11 -1
1482797109808 6 -1
1482797113184 10 -2
1482797114296 12 -1
1482797115320 8 -2
1482797116432 2 1
1482797118840 4 3
1482797121608 6 1
1482797122424 11 1
1482797123168 0 -1
1482797123816 1 1
1482797124704 3 -3
1482797125616 5 -1
1482797127272 12 -1
1482797127904 12 1
1482797130376 4 -4
1482797131368 8 1
1482797132104 7 1
1482797132810 11 1
1482797133760 10 -1
1482797135936 12 -1
1482797136936 6 2
1482797137824 1 2
1482797138992 0 1
1482797141024 0 -1
1482797143104 4 2
1482797144464 2 -2
1482797146048 1 -1
1482797147128 6 -2
1482797148058 8 1
1482797149072 12 2
1482797149864 4 1
1482797150744 2 1
1482797151536 1 -1
1482797152456 10 2
1482797154512 5 1
1482797155232 3 3
1482797156280 1 -1
1482797157465 0 1
1482797158416 11 -2
1482797159312 6 -1
1482797159920 7 -1
1482797161976 10 -1
1482797163592 5 1
1482797165961 4 -2
1482797166976 5 -1
1482797167706 10 2
1482797168776 6 1
1482797169920 7 1
1482797170656 11 2
1482797172240 10 -3
1482797172960 5 1
1482797173968 4 2
1482797175576 0 -1
1482797176190 1 2
1482797177023 3 -3
1482797178000 9 4
1482797179248 3 3
1482797182752 1 -2
1482797183704 5 -1
1482797184479 10 2
1482797185256 0 1
1482797186655 11 -4
1482797188724 10 -2
1482797190098 6 -1
1482797190800 7 -1
1482797193160 12 -1
1482797195230 0 -1
1482797197528 1 4
1482797198800 12 1
1482797199760 12 -1
1482797200408 8 -1
1482797201303 2 1
1482797203095 3 -2
1482797205097 0 1
1482797205711 11 1
1482797206311 3 -1
1482797207473 5 -1
1482797209616 0 4
