1482040812485 2 1
1482040817298 3 -1
1482040819865 7 -1
1482040820472 1 1
1482040823970 10 2
1482040824882 11 2
1482040825503 9 -1
1482040826506 5 -1
1482040827155 0 1
1482040828978 10 -1
1482040829913 12 -1
1482040830707 4 -2
1482040831576 12 1
1482040832131 2 -1
1482040833076 0 1
1482040837259 11 -1
1482040839867 10 3
1482040840773 1 -3
1482040842332 12 -1
1482040842846 8 -2
1482040844733 1 2
1482040846724 0 -2
1482040847955 8 2
1482040848653 12 1
1482040849509 10 -1
1482040850206 2 1
1482040850747 0 2
1482040853189 2 -1
1482040854819 1 -2
1482040856022 10 -2
1482040856820 12 -1
1482040857373 8 -2
1482040860167 2 1
1482040862183 8 2
1482040863303 12 1
1482040864367 2 -1
1482040867191 11 1
1482040869734 10 2
1482040870432 1 3
1482040871150 10 -2
1482040875633 2 1
1482040877049 0 -2
1482040880090 12 -2
1482040881497 6 -1
1482040881921 8 -1
1482040882842 2 2
1482040886304 4 2
1482040886970 4 -2
1482040888426 0 -1
1482040891443 2 -1
1482040892139 8 1
1482040895283 2 -1
1482040895818 6 1
1482040896489 12 2
1482040900528 0 3
1482040901205 11 -1
1482040904643 11 1
1482040905643 9 1
1482040906605 9 -1
1482040907274 0 -3
1482040908053 5 2
1482040909357 5 -2
1482040910156 10 2
1482040914373 5 1
1482040914915 4 1
1482040915740 3 3
1482040917475 1 -4
1482040918499 10 -2
1482040928679 1 1
1482040930845 3 -2
1482040931591 2 -1
1482040932089 4 -1
1482040934735 12 -1
1482040935319 8 -2
1482040937200 8 2
1482040937823 12 1
1482040938576 10 1
1482040939110 10 1
1482040939825 1 3
1482040940728 10 -2
1482040943646 3 -1
1482040944529 5 -1
1482040951303 10 2
1482040952119 1 -3
1482040953642 10 1
1482040954153 12 -2
1482040955151 6 -3
1482040957826 12 2
1482040959001 10 -3
1482040962473 12 -1
1482040963442 8 -2
1482040968778 2 3
1482040969402 8 1
1482040970595 4 3
1482040972163 8 -1
1482040972802 4 1
1482040974309 5 1
1482040975740 3 3
1482040976590 1 -1
1482040977981 4 -3
1482040978613 8 1
1482040980804 8 -1
1482040983165 4 3
1482040984741 1 1
1482040986227 3 -3
1482040986797 5 -1
1482040988243 4 -3
1482040989733 8 1
1482040990469 12 -1
1482040991332 6 2
1482040992837 7 1
1482040993516 11 1
1482040994149 10 -1
1482040995484 1 2
1482040997907 4 -1
1482041000654 1 -2
1482041002487 6 -2
1482041003115 6 2
1482041004062 4 2
1482041045387 R
1482041047028 R
1482041051059 4 -2
1482041053538 3 -1
1482041055325 7 -1
1482041055941 12 -1
1482041056667 8 -2
1482041059860 5 -1
1482041060917 12 -1
1482041062229 12 1
1482041062846 0 2
1482041063755 1 -1
1482041066116 1 1
1482041067422 0 -1
1482041068574 0 1
1482041071453 0 -2
1482041072184 12 -1
1482041072703 6 -1
1482041073605 2 3
1482041076574 8 1
1482041077182 1 1
1482041078274 10 1
1482041079088 10 -1
1482041079549 10 1
1482041080047 11 2
1482041080718 0 -1
1482041082111 9 -1
1482041085567 2 -1
1482041086279 8 1
1482041087409 2 -2
1482041088069 6 1
1482041088736 2 1
1482041089453 12 2
1482041099185 10 2
1482041100011 1 -3
1482041101865 10 -2
1482041102635 12 -2
1482041103458 6 -3
1482041104460 8 -2
1482041105795 12 1
1482041111003 12 -1
1482041113803 8 1
1482041115321 6 2
1482041116753 6 1
1482041118810 8 1
1482041121379 12 2
1482041121852 2 -1
1482041122619 10 3
1482041123588 12 -2
1482041124394 6 -3
1482041125659 6 2
1482041132306 1 1
1482041136212 8 -1
1482041137150 1 2
1482041141966 6 1
1482041144877 12 1
1482041146260 0 3
1482041147087 1 -3
1482041148470 8 1
1482041149684 12 1
1482041150461 10 -3
1482041152912 12 -1
1482041153552 8 -2
1482041157623 8 2
1482041158391 12 1
1482041160054 10 2
1482041161143 1 3
1482041163696 1 -3
1482041165894 7 1
1482041166534 11 1
1482041169840 1 2
1482041171216 0 -2
1482041174563 0 2
1482041175025 1 -2
1482041175563 11 -2
1482041176175 7 -1
1482041177378 10 -2
1482041178051 12 -1
1482041178551 8 -2
1482041181705 8 1
1482041182121 7 1
1482041182699 11 2
1482041183266 10 -1
1482041184689 8 1
1482041186196 12 1
1482041188555 1 2
1482041189219 0 -1
1482041191116 0 1
1482041191620 1 -2
1482041192874 10 4
1482041193628 11 -2
1482041194413 7 -1
1482041197258 1 3
1482041198100 10 -3
1482041200118 10 2
1482041200643 9 1
1482041201211 11 -1
1482041202028 10 -3
1482041203676 1 -2
1482041204381 12 -1
1482041205077 8 -2
1482041206479 8 2
1482041208325 8 -2
1482041210303 8 2
1482041210718 12 1
1482041212263 12 -1
1482041212854 8 -2
1482041215758 1 1
1482041216712 0 -1
1482041221249 2 1
1482041222271 4 2
1482041223055 8 2
1482041223829 12 1
1482041224446 1 1
1482041227760 0 -1
1482041229095 5 2
1482041229633 5 -1
1482041230208 3 3
1482041231530 11 -1
1482041233889 0 -1
1482041236587 1 -2
1482041237516 12 -1
1482041238138 8 -2
1482041238914 4 -1
1482041240259 3 -2
1482041241740 4 -1
1482041243649 4 2
1482041244131 3 2
