1481076777902 3 1
1481076782177 5 1
1481076783994 3 -2
1481076785813 5 -2
1481076787722 0 1
1481076794807 7 -1
1481076796622 1 1
1481076798624 10 2
1481076800494 11 2
1481076802217 9 -1
1481076804704 4 -2
1481076806707 10 -1
1481076808318 12 -1
1481076815542 0 -2
1481076817095 2 1
1481076818586 4 2
1481076820102 5 1
1481076821783 3 3
1481076823241 9 1
1481076824599 0 1
1481076826386 11 -3
1481076827937 10 -1
1481076829532 1 -1
1481076830925 12 1
1481076837787 11 1
1481076839794 3 -3
1481076841349 5 -1
1481076842982 4 -2
1481076844912 0 2
1481076846701 1 -1
1481076848332 12 -1
1481076849911 8 -2
1481076852530 1 1
1481076854226 0 -2
1481076855575 12 -1
1481076857072 6 -1
1481076858508 2 2
1481076860795 4 2
1481076866970 4 -2
1481076871168 2 -2
1481076872803 6 1
1481076874215 12 1
1481076876118 0 2
1481076880622 2 -1
1481076882630 1 -1
1481076886703 1 1
1481076914086 2 1
1481076916940 0 -2
1481076918600 4 2
1481076920105 12 -1
1481076922060 6 -1
1481076923671 2 2
1481076932175 R
1481076945023 3 -1
1481076946415 5 -1
1481076947548 4 -2
1481077017104 0 1
1481077020451 7 -1
1481077022531 1 1
1481077024725 10 4
1481077026855 11 2
1481077028457 9 -1
1481077031668 0 1
1481077033533 1 -3
1481077037023 10 -3
1481077039441 12 -1
1481077056955 12 1
1481077058636 12 -1
1481077069543 2 1
1481077073217 8 -2
1481077080626 2 -1
1481077083529 U
1481077086650 U
1481077088133 U
1481077089421 U
1481077100409 10 3
1481077111296 12 -1
1481077114609 1 2
1481077120207 0 -2
1481077122206 12 -1
1481077123722 6 -1
1481077126686 8 -1
1481077129024 4 1
