1481504216883 7 -1
1481504218157 1 1
1481504219907 10 2
1481504220866 11 2
1481504223077 0 -1
1481504224397 3 1
1481504227134 10 -1
1481504228316 5 1
1481504229411 9 2
1481504230451 0 1
1481504231495 3 -2
1481504232605 9 -3
1481504233607 5 -2
1481504234643 4 -2
1481504235939 0 2
1481504238210 9 1
1481504239182 11 -2
1481504240188 10 -1
1481504241281 1 -2
1481504243180 12 -1
1481504244178 8 -2
1481504249316 2 1
1481504253439 8 2
1481504254770 1 2
1481504261656 1 -2
1481504263686 1 2
1481504264596 0 -2
1481504267450 12 -1
1481504269128 1 -1
1481504270099 8 -2
1481504272054 12 1
1481504272925 0 2
1481504273747 1 -1
1481504279793 2 -1
1481504281540 1 1
1481504282648 0 -2
1481504285487 12 -1
1481504286847 6 -1
1481504287782 2 3
1481504291151 4 2
1481504293510 4 -1
1481504294555 4 -1
1481504296586 8 1
1481504297512 1 1
1481504299687 10 1
1481504300629 11 2
1481504301807 0 -1
1481504303405 9 -1
1481504306545 4 2
1481504311298 4 -2
1481504312127 2 -2
1481504314247 6 1
1481504316582 4 2
1481504318259 12 1
1481504322961 9 1
1481504324226 0 2
1481504325254 11 -2
1481504326284 10 -1
1481504328034 1 -1
1481504329102 8 -1
1481504335378 4 -2
1481504336391 2 -1
1481504338192 0 1
1481504339120 1 -1
1481504340716 8 2
1481504343392 7 2
1481504345174 1 1
1481504352108 2 1
1481504354410 0 -2
1481504356048 12 -1
1481504357092 6 -1
1481504360177 7 -2
1481504362035 8 -2
1481504365439 6 1
1481504366482 12 1
1481504367824 0 2
1481504368880 1 -1
1481504370119 8 2
1481504372136 7 2
1481504374434 2 -1
1481504376125 1 1
1481504377943 0 -2
1481504379597 4 2
1481504380981 5 1
1481504382157 3 2
1481504383189 11 -1
1481504384265 0 -1
1481504385141 1 -1
1481504387303 7 -2
1481504389033 1 2
1481504390067 12 1
1481504392508 3 -1
1481504393512 4 -2
1481504394985 0 1
1481504396303 10 4
1481504398499 11 3
1481504401962 0 -1
1481504404720 10 -3
1481504407732 3 -1
1481504408822 5 -1
1481504411454 0 3
1481504413021 11 -2
1481504415253 10 -1
1481504416317 1 -1
1481504417432 1 -1
1481504425627 1 2
1481504426654 0 -2
1481504428906 12 -2
1481504432448 6 -1
1481504433095 8 -1
1481504438598 6 1
1481504439433 12 1
1481504440866 0 2
1481504441925 1 -1
1481504448640 8 -1
1481504449904 1 -1
1481504452834 8 1
1481504454555 1 1
1481504456020 1 1
1481504458437 0 -2
1481504460377 2 1
1481504461645 4 1
1481504463061 4 1
1481504470106 12 -1
1481504471194 4 -2
1481504472126 2 -1
1481504473834 6 -1
1481504474928 2 3
1481504476989 4 2
1481504478350 10 1
1481504479218 11 2
1481504480388 9 -1
1481504487044 9 1
1481504489014 4 -2
1481504494824 2 -3
1481504500882 6 1
1481504501885 8 1
1481504503222 12 2
1481504504774 0 2
1481504505904 11 -2
1481504507073 10 -1
1481504509935 1 -2
1481504517403 12 -1
1481504518456 8 -2
1481504520709 2 1
1481504522971 1 1
1481504529691 0 -2
1481504532590 12 -1
1481504535633 6 -1
1481504540904 2 2
1481504545479 8 1
1481504547798 1 1
1481504550391 10 1
1481504551333 11 2
1481504552652 9 -1
1481504554266 4 2
1481504555824 2 -1
1481504557058 2 -2
1481504558338 6 1
1481504559786 12 1
1481504560845 4 -2
1481504562681 0 2
1481504572582 9 1
1481504574291 11 -2
1481504575248 10 -1
1481504578719 1 -2
1481504581674 8 1
1481504583741 12 1
1481504586030 1 2
1481504588346 10 2
1481504601089 10 2
1481504603287 1 -2
1481504610699 11 2
1481504611970 1 2
1481504613176 0 -3
1481504614189 1 -2
1481504615143 12 -2
1481504616233 6 -3
1481504617207 8 -2
1481504620868 6 2
1481504622277 1 1
1481504626409 6 1
1481504627589 12 1
1481504630313 0 3
1481504631737 1 -1
1481504633206 8 2
1481504638881 1 1
1481504645709 11 -2
1481504647321 0 -2
1481504651981 12 1
1481504653171 1 1
1481504654173 10 -3
1481504655470 2 1
1481504658278 10 -1
1481504659760 0 2
1481504664260 1 -2
1481504665278 12 -1
1481504666204 8 -2
1481504669548 1 1
1481504671684 2 -1
1481504673758 0 -2
1481504674762 12 -1
1481504676260 6 -1
1481504677882 2 3
1481504685488 2 -3
1481504687094 6 1
1481504688679 8 2
1481504691042 12 1
1481504692054 0 2
1481504693398 1 -1
1481504700958 8 -2
1481504702084 8 2
1481504705718 1 2
1481504707076 12 1
1481504711684 10 3
1481504712622 1 -2
1481504714879 11 2
1481504715877 9 -1
1481504716880 1 -1
1481504717963 10 -2
1481504719463 12 -1
1481504723810 7 1
1481504724965 11 1
1481504726099 12 1
1481504727387 10 -1
1481504728384 1 2
1481504729521 0 -1
1481504730763 2 1
1481504731853 4 2
1481504734485 9 1
1481504737513 12 -1
1481504738357 7 1
1481504742163 4 -2
1481504745061 0 1
1481504748925 2 -1
1481504750287 1 -1
1481504751273 7 -1
1481504752563 1 1
1481504753592 12 1
1481504756150 9 -1
1481504756980 1 -2
1481504760262 10 2
1481504761264 11 -2
1481504762641 7 -1
1481504763676 10 -1
1481504764578 12 -1
1481504765551 8 -2
1481504767668 11 1
1481504771210 8 2
1481504772475 12 1
1481504774558 10 3
1481504776110 12 -1
1481504778624 1 2
1481504780142 9 1
1481504781212 11 -2
1481504782488 7 2
1481504784364 11 3
1481504785492 9 -1
1481504786939 1 -2
1481504795226 1 2
1481504796647 1 -2
1481504797825 7 -1
1481504798800 12 1
1481504801305 10 -4
1481504813500 12 -1
1481504815485 8 -1
1481504823225 8 1
1481504830019 1 2
1481504831087 0 -3
1481504832111 1 -2
1481504833713 12 -1
1481504835036 6 -3
1481504836506 12 2
1481504844475 1 1
1481504846565 1 -1
1481504860068 12 -1
1481504861240 8 -1
1481504867062 12 -1
1481504870922 6 3
1481504872404 1 2
1481504873796 0 1
1481504875016 12 1
1481504876724 0 2
1481504877762 1 -2
1481504887140 8 1
1481504891469 8 -1
1481504896471 10 1
1481504897421 11 -2
1481504898452 7 -1
1481504909021 7 1
1481504910111 11 1
1481504911329 11 1
1481504912248 10 -1
1481504918395 8 1
1481504920783 12 1
1481504926582 1 2
1481504931378 2 1
1481504934202 2 -1
1481504936607 1 -2
1481504939115 10 1
1481504940119 11 -2
1481504941242 7 -1
1481504944605 10 2
1481504950534 1 1
1481504951675 9 1
1481504952558 11 -1
1481504955492 10 1
1481504957245 12 -1
1481504958210 8 -2
1481504962468 11 2
1481504963330 9 -1
1481504964161 1 -1
1481504973849 1 1
1481504979317 8 2
1481504980323 12 1
1481504982086 1 -1
1481504983019 10 -3
1481504987977 7 1
1481504989260 11 1
1481504990732 10 -1
1481504992161 1 2
1481504994145 0 -1
1481504996927 4 2
1481505000798 12 -1
1481505002429 2 1
1481505004050 9 1
1481505007443 12 1
1481505008921 4 -2
1481505010454 0 1
1481505011292 1 -1
1481505013150 12 -1
1481505014462 8 -1
1481505016042 9 -1
1481505016840 1 -1
1481505017751 10 1
1481505018666 11 -2
1481505020704 7 -1
1481505022324 8 -1
1481505023768 8 2
1481505026862 12 1
1481505028078 10 2
1481505029138 1 2
1481505030937 1 1
1481505032378 11 1
1481505034244 9 1
1481505035136 11 -2
1481505037911 10 -3
1481505044625 1 -2
1481505053354 1 1
1481505054390 0 -2
1481505055764 12 -2
1481505057173 6 -1
1481505059936 8 -2
1481505061123 2 2
1481505076958 2 -1
1481505079447 8 1
1481505091897 2 -1
1481505092991 6 1
1481505095041 12 1
1481505097915 0 2
1481505101089 1 -1
1481505107472 8 1
1481505108980 12 1
1481505125249 1 1
1481505129999 0 -1
1481505131415 12 -1
1481505132575 8 -2
1481505134259 2 -1
1481505137915 8 2
1481505139277 12 1
1481505140059 1 1
1481505150267 10 2
1481505153176 0 1
1481505158086 10 2
1481505159486 12 -1
1481505160462 1 -2
1481505162776 8 -2
1481505164247 1 1
1481505167422 11 2
1481505170346 9 -1
1481505171388 1 -2
1481505174052 8 2
1481505174987 12 1
1481505176196 10 -3
1481505181218 10 2
1481505182326 1 3
1481505183340 0 -1
1481505184976 0 -1
1481505185917 10 1
1481505186874 12 -2
1481505189531 0 -1
1481505190854 1 -3
1481505191823 6 -3
1481505192757 8 -2
1481505195549 12 1
1481505200207 12 -1
1481505204390 8 2
1481505205421 12 2
1481505206601 10 -2
1481505208649 10 -1
1481505209495 12 -2
1481505210633 8 -1
1481505212466 8 1
1481505213934 8 -2
1481505215094 12 1
1481505216445 2 1
1481505217568 2 2
1481505219370 4 2
1481505220970 4 2
1481505226479 4 -1
1481505230646 5 1
1481505232663 3 3
1481505233835 1 -1
1481505237762 0 1
1481505245180 2 -2
1481505255686 11 -1
1481505256749 6 -1
1481505260598 4 1
1481505262480 4 -1
1481505263407 8 2
1481505264782 12 1
1481505272012 6 1
1481505273314 7 1
1481505274992 11 2
1481505276108 10 -1
1481505277869 12 -1
1481505278763 4 -2
1481505280624 12 1
1481505288541 12 -1
1481505290623 8 -1
1481505291541 2 2
1481505292855 4 2
1481505296477 0 -1
1481505301715 1 1
1481505302663 3 -3
1481505303961 5 -1
1481505307599 4 -3
1481505310543 12 -1
1481505312813 6 2
1481505314117 1 2
1481505315842 0 1
1481505317654 4 2
1481505321580 0 -1
1481505325623 2 -1
1481505327621 8 1
1481505329592 8 -1
1481505330558 2 1
1481505331668 4 -2
1481505336284 1 -2
1481505337242 6 -1
1481505338190 6 -1
1481505339750 10 1
1481505340722 11 -1
1481505341678 7 -1
1481505342730 8 -1
1481505344389 12 1
1481505345819 4 4
1481505346952 5 1
1481505348026 3 3
1481505348986 1 -1
1481505360393 4 -2
1481505365805 4 1
1481505366788 4 1
1481505371174 1 1
1481505372036 3 -2
1481505376399 4 -2
1481505378599 4 1
1481505380486 3 -1
1481505381303 5 -1
1481505393167 2 -3
1481505398241 4 -1
1481505400840 4 -1
1481505403654 5 1
1481505404688 3 2
1481505407190 8 2
1481505413416 12 1
1481505414472 10 2
1481505416200 1 1
1481505418022 9 1
1481505419330 3 -2
1481505420355 10 1
1481505422938 5 1
1481505424156 9 1
1481505424852 4 -1
1481505429371 9 -2
1481505430439 5 -2
1481505431382 10 -1
1481505432397 2 2
1481505433676 4 1
1481505434735 5 1
1481505436125 3 3
1481505437153 9 1
1481505440479 2 -1
1481505443375 7 1
1481505444523 11 1
1481505445843 9 -1
1481505448796 2 1
1481505451772 1 -2
1481505455798 10 -3
1481505458243 12 -1
1481505459454 8 -1
1481505460729 4 2
1481505462493 1 1
1481505463491 3 -2
1481505464353 3 -1
1481505465610 5 -1
1481505467565 4 -3
1481505469973 12 -1
1481505470902 6 2
1481505472052 1 2
1481505474995 8 1
1481505475902 2 -2
1481505476764 6 1
1481505477699 12 2
1481505479429 0 3
1481505481142 1 -2
1481505484340 10 2
1481505485456 11 -2
1481505486636 7 -1
1481505491106 10 -1
1481505493844 10 3
1481505506638 1 2
1481505507705 0 -2
1481505516071 1 1
1481505517099 10 -3
1481505518195 12 -2
1481505519356 6 -1
1481505520175 8 -1
1481505521141 2 3
1481505526443 2 -1
1481505527702 8 1
1481505531157 2 -1
1481505532399 6 1
1481505535806 12 2
1481505540497 2 -1
1481505542170 10 3
1481505550116 0 2
1481505554986 1 -2
1481505559420 12 -1
1481505567680 11 1
1481505569688 9 1
1481505570786 11 -2
1481505573342 11 2
1481505574889 9 -1
1481505576590 1 -1
1481505578031 12 1
1481505580014 10 -1
1481505581762 10 -2
1481505583709 12 -1
1481505584633 8 -1
1481505585734 8 -1
1481505588035 11 -1
1481505593363 8 2
1481505595311 2 1
1481505604731 2 -1
1481505605869 12 1
1481505608039 10 2
1481505610059 1 1
1481505612557 10 1
1481505614220 1 1
1481505616032 0 -1
1481505616897 0 -1
1481505617924 12 -2
1481505618786 8 -1
1481505619982 8 -1
1481505621425 12 1
1481505627061 8 2
1481505629582 12 -1
1481505634404 11 1
1481505636134 0 -1
1481505637107 1 -2
1481505638964 6 -3
1481505639919 8 -2
1481505643376 12 1
1481505646124 1 1
1481505647246 9 1
1481505648692 4 1
1481505649915 5 1
1481505650983 3 1
1481505653754 8 2
1481505658390 3 -1
1481505662585 9 -1
1481505663517 1 -1
1481505666207 12 1
1481505673193 12 -1
1481505674007 8 -1
1481505675017 8 -1
1481505683757 8 2
1481505684678 12 1
1481505685808 10 -3
1481505687244 12 -1
1481505688128 8 -2
1481505689013 4 2
1481505690945 2 2
1481505691995 2 1
1481505697752 3 3
1481505698706 1 -1
1481505699803 0 1
1481505705468 0 -1
1481505706639 1 1
1481505707892 3 -2
1481505709156 3 -1
1481505710278 5 -1
1481505715046 4 -2
1481505715946 4 -1
1481505718400 8 1
1481505722824 7 1
1481505723772 11 1
1481505724736 10 -1
1481505728916 5 1
1481505730288 3 1
1481505735616 4 1
1481505737296 3 1
1481505741697 3 1
1481505742557 1 -1
1481505745377 4 1
1481505746603 4 1
1481505748087 1 1
1481505757309 2 -2
1481505758668 8 1
1481505761299 12 1
1481505763585 3 -2
1481505763995 3 -1
1481505766192 5 -1
1481505775578 1 1
1481505777658 1 -1
1481505780056 4 -1
1481505781052 4 -2
1481505782412 2 -1
1481505784848 12 -2
1481505786342 8 -1
1481505787544 2 1
1481505788700 2 2
1481505790084 12 1
1481505795224 2 -1
1481505796845 8 1
1481505798000 12 1
1481505801828 4 3
1481505803251 5 1
1481505804849 3 3
1481505806021 1 -1
1481505806882 0 1
1481505811135 5 1
1481505812179 4 -2
1481505813350 2 -1
1481505815262 10 1
1481505816139 11 -2
1481505817135 6 -1
1481505818045 7 -1
1481505821003 4 1
1481505835717 2 1
1481505838333 5 -1
1481505844389 12 -1
1481505845133 8 -1
1481505847130 8 -1
1481505849345 4 2
1481505850516 2 1
1481505854862 4 -1
1481505855787 8 1
1481505857368 2 -2
1481505858812 8 1
1481505862094 7 1
1481505863114 6 1
1481505864386 8 -1
1481505865588 11 2
1481505866488 0 -1
1481505868462 1 1
1481505870342 3 -3
1481505871510 2 2
1481505874132 5 -1
1481505876175 10 -1
1481505878033 1 1
1481505883524 4 -3
1481505893370 12 -1
1481505895075 6 2
1481505896147 1 1
1481505897381 0 1
1481505903592 9 1
1481505906632 2 -1
1481505907868 8 1
1481505913642 2 -1
1481505915271 6 1
1481505919684 12 1
1481505922323 0 2
1481505923211 2 -1
1481505924657 1 -1
1481505932783 12 1
1481505936843 9 -1
1481505937625 1 -1
1481505938993 10 1
1481505940001 11 -2
1481505941233 7 -1
1481505942301 12 -1
1481505943313 8 -2
1481505949140 2 1
1481505952927 8 2
1481505958614 7 1
1481505959516 11 2
1481505960379 10 -1
1481505964744 1 2
1481505968856 2 -1
1481505971087 12 1
1481505972993 1 -2
1481505975140 10 4
1481505977040 11 -2
1481505978836 7 -1
1481505980046 12 -1
1481505981264 8 -2
1481505982661 1 2
1481505984147 11 1
1481505986342 1 -1
1481505987478 1 -1
1481505991796 11 -1
1481505993881 8 2
1481505995430 12 1
1481505996735 10 -3
1481506000417 11 1
1481506002527 7 1
1481506003453 11 1
1481506004316 10 -1
1481506006897 12 -1
1481506008201 8 -1
1481506009823 2 1
1481506013435 1 1
1481506018748 8 1
1481506020563 1 1
1481506021645 0 -1
1481506022640 4 2
1481506035601 4 -2
1481506036755 0 1
1481506037811 1 -2
1481506045760 10 1
1481506046765 11 -2
1481506048087 7 -1
1481506050714 12 1
1481506052205 10 2
1481506056127 2 -1
1481506057206 10 1
1481506058996 12 -1
1481506060103 8 -2
1481506064695 1 2
1481506069843 11 1
1481506079923 1 -2
1481506081948 11 -1
1481506083189 8 2
1481506084148 12 1
1481506085057 1 1
1481506086441 1 2
1481506087407 9 1
1481506088231 11 -1
1481506089796 10 -3
1481506090715 10 -1
1481506091687 1 -2
1481506094170 7 1
1481506095103 12 -1
1481506096205 7 1
1481506106366 1 1
1481506109714 0 -2
1481506111990 5 1
1481506113157 7 -2
1481506114274 1 1
1481506116556 8 -1
1481506120440 3 1
1481506121280 11 -1
1481506123292 1 -1
1481506125819 8 -1
1481506128914 2 1
1481506129883 4 2
1481506130815 3 2
1481506135736 8 2
1481506136809 12 1
1481506138885 1 1
1481506140945 4 -1
1481506146895 3 -2
1481506149333 3 2
1481506152811 10 1
1481506154175 11 1
1481506156113 3 -3
1481506157505 5 -1
1481506159865 4 -1
1481506162288 0 1
1481506163853 10 1
1481506165253 11 2
1481506170013 2 -1
1481506171721 10 2
1481506184376 11 -2
1481506188628 0 1
1481506192222 10 -2
1481506199703 10 1
1481506200664 1 -2
1481506206418 1 2
1481506207659 10 -1
1481506210113 10 -1
1481506212869 12 -1
1481506214857 8 -1
1481506217083 10 -1
1481506218405 1 -1
1481506219331 8 -1
1481506223223 2 1
1481506229928 2 -1
1481506234461 8 2
1481506235708 12 1
1481506236761 1 1
1481506239050 10 4
1481506241618 1 -2
1481506244273 12 -1
1481506245332 8 -2
1481506247078 1 1
1481506248585 11 2
1481506249516 9 -1
1481506250894 1 -2
1481506259343 1 2
1481506260172 0 -3
1481506261374 12 -1
1481506262276 1 -2
1481506263947 6 -3
1481506268522 8 2
1481506269339 12 2
1481506270335 10 -3
1481506271799 12 -2
1481506272875 8 -2
1481506274030 12 1
1481506275041 2 3
1481506279133 4 4
1481506281672 5 1
1481506282548 3 3
1481506283357 1 -1
1481506284742 0 1
1481506285731 11 -1
1481506286959 6 -1
1481506293865 4 -1
1481506323510 4 1
1481506327529 6 1
1481506328696 11 1
1481506331306 0 -1
1481506333008 1 1
1481506334780 3 -3
1481506336158 5 -1
1481506342111 4 -1
1481506344162 2 -1
1481506345189 8 1
1481506346390 8 1
1481506348434 12 1
1481506349849 4 -2
1481506354018 10 2
1481506356499 2 -1
1481506358489 2 -1
1481506360699 10 1
1481506371930 5 1
1481506377054 3 2
1481506381664 10 -1
1481506383752 3 -2
1481506385108 3 2
1481506388217 2 1
1481506389306 3 1
1481506390174 1 -1
1481506392022 0 1
1481506393073 10 -2
1481506395703 12 -1
1481506396676 8 -2
1481506398044 2 2
1481506399739 4 2
1481506406651 0 -1
1481506413199 4 -1
1481506414289 2 -1
1481506415565 8 2
1481506419217 4 -1
1481506420008 12 1
1481506421685 10 2
1481506422731 1 2
1481506423655 3 -3
1481506425485 1 -1
1481506430218 10 -2
1481506433264 5 -1
1481506435825 12 -1
1481506436678 8 -2
1481506441858 8 2
1481506445680 12 1
1481506450511 2 -1
1481506452296 12 -1
1481506453464 12 -1
1481506454448 6 3
1481506456167 12 2
1481506458906 10 2
1481506460572 1 3
1481506461560 10 -2
1481506462736 4 -1
1481506464538 2 -1
1481506466062 0 3
1481506468337 11 -1
1481506478838 10 3
1481506482043 9 1
1481506483347 11 -1
1481506484554 10 -4
1481506486167 1 -2
1481506489817 12 -1
1481506491305 8 -2
1481506500328 1 1
1481506517104 1 -1
1481506518463 8 2
1481506521808 2 1
1481506525406 1 1
1481506529147 8 -2
1481506531725 2 -1
1481506534128 1 -1
1481506582442 8 2
1481506590699 1 1
1481506592159 0 -2
1481506593597 12 -1
1481506594783 6 -1
1481506596381 8 -1
1481506597906 1 1
1481506599289 2 3
1481506605255 4 2
1481506617438 2 -2
1481506618781 6 1
1481506619929 12 1
1481506621603 0 1
1481506622666 1 -1
1481506629062 8 1
1481506632502 4 -2
1481506635566 0 1
1481506637110 1 -1
1481506641904 1 2
1481506643080 10 1
1481506644299 11 2
1481506647758 9 -1
1481506650630 12 1
1481506652011 10 2
1481506653094 1 -3
1481506654235 10 -2
1481506655681 12 -1
1481506656913 8 -2
1481506658524 2 -1
1481506662413 11 -1
1481506667247 8 2
1481506672672 7 1
1481506673731 11 2
1481506674737 10 -1
1481506681873 10 1
1481506682919 11 -2
1481506686491 12 1
1481506688858 10 2
1481506694528 1 1
1481506695438 9 1
1481506697082 11 -1
1481506698520 7 -1
1481506699393 1 2
1481506700524 10 -3
1481506701588 1 -2
1481506709088 1 1
1481506710484 0 -2
1481506711214 12 -2
1481506712718 6 -1
1481506719351 1 1
1481506733734 6 1
1481506739390 12 2
1481506741199 0 2
1481506745580 1 -2
1481506752088 1 2
1481506753145 10 4
1481506756635 0 -2
1481506758285 12 -2
1481506762717 8 -1
1481506764150 12 1
1481506765270 0 2
1481506766451 1 -2
1481506768149 8 1
1481506771844 11 2
1481506773071 1 2
1481506774514 9 -1
1481506775430 1 -3
1481506776963 7 2
1481506778336 11 1
1481506779536 1 2
1481506780570 9 1
1481506782346 7 -1
1481506783249 12 1
1481506784982 9 -1
1481506785876 1 -2
1481506786856 10 -4
1481506790166 1 1
1481506791957 1 1
1481506792830 0 -3
1481506793706 1 -2
1481506794823 12 -2
1481506796320 6 -3
1481506797397 12 2
1481506800435 12 -2
1481506801466 8 -1
1481506802331 2 3
1481506803375 12 1
1481506805779 4 3
1481506807077 5 1
1481506808076 3 3
1481506809281 1 -1
1481506810340 0 1
1481506818343 10 1
1481506819191 11 -2
1481506820036 6 -1
1481506820829 7 -1
1481506821719 8 -1
1481506822755 4 1
1481506829049 4 -1
1481506831963 2 -2
1481506862072 8 2
1481506863253 12 1
1481506865006 5 1
1481506867436 6 1
1481506868528 11 1
1481506869476 0 -1
1481506871620 1 1
1481506873035 3 -2
1481506875118 3 -1
1481506876970 5 -2
1481506879787 5 2
1481506883063 5 -1
1481506884375 4 -2
1481506885512 10 2
1481506886733 1 1
1481506887777 3 3
1481506888843 9 1
1481506895835 2 1
1481506897748 7 1
1481506899046 11 1
1481506900453 9 -1
1481506901189 1 -2
1481506902549 10 -3
1481506903625 5 1
1481506905223 4 2
1481506906109 1 2
1481506906985 9 4
1481506908594 1 -2
1481506910951 0 1
1481506911720 10 1
1481506912748 11 -4
1481506914147 10 -1
1481506915926 6 -1
1481506917535 7 -1
1481506918672 5 -1
1481506920566 12 -1
1481506921459 8 -2
1481506922462 4 1
1481506923332 2 1
1481506928880 0 -1
1481506930818 1 3
1481506931849 0 1
1481506932830 3 -2
1481506934174 11 1
1481506935148 3 -1
1481506947468 5 -1
1481506949785 4 -1
1481506953150 2 -1
1481506955879 8 2
1481506957006 12 1
1481506959787 5 2
1481506961116 5 -2
1481506962665 0 2
1481506965121 12 -1
1481506966199 8 -2
1481506967062 2 1
1481506971201 0 2
