1482016299715 4 -2
1482016301350 7 -1
1482016302001 1 1
1482016307235 1 -1
1482016307768 12 -1
1482016308387 8 -2
1482016312398 4 2
1482016313065 3 1
1482016314721 11 -1
1482016316131 0 -1
1482016317001 1 -1
1482016320570 4 -1
1482016324582 8 2
1482016325188 7 2
1482016325836 1 1
1482016326415 7 -2
1482016327094 1 1
1482016328086 12 1
1482016330374 3 -1
1482016331254 3 1
1482016331830 2 1
1482016332514 3 1
1482016334248 0 1
1482016335265 10 3
1482016335984 11 3
1482016336518 9 -1
1482016337031 3 -3
1482016337915 5 -1
1482016338269 4 -1
1482016338665 2 -1
1482016339731 10 -2
1482016341806 10 3
1482016342830 12 -2
1482016343765 6 -1
1482016345272 6 1
1482016346115 0 -1
1482016346624 1 -3
1482016347631 6 -3
1482016350383 8 -2
1482016351258 12 1
1482016353714 12 -1
1482016355067 8 2
1482016355556 12 2
1482016356064 10 -3
1482016357231 12 -2
1482016357844 2 2
1482016359115 8 -2
1482016359666 2 1
1482016361331 12 1
1482016362609 4 4
1482016365764 5 1
1482016366965 5 -1
1482016368032 4 -4
1482016369306 12 -1
1482016370164 8 1
1482016371815 2 -3
1482016372494 2 3
1482016374111 8 -1
1482016374505 6 2
1482016376406 6 -2
1482016377098 12 1
1482016378646 4 4
1482016379844 12 -1
1482016380648 6 1
1482016382051 4 -4
1482016385179 6 -1
1482016386519 12 1
1482016387742 4 3
1482016388378 5 1
1482016388781 3 3
1482016389743 1 -1
1482016390765 0 1
1482016394869 4 -2
1482016398876 8 1
1482016399558 7 1
1482016400430 4 2
1482016402855 11 1
1482016404001 11 -2
1482016405153 7 -1
1482016405493 6 -1
1482016406079 8 -1
1482016406875 4 1
1482016416241 4 -3
1482016417077 2 -2
1482016418265 8 2
1482016419327 12 1
1482016420495 10 2
1482016422829 6 1
1482016423236 6 -1
1482016423677 10 -2
1482016428572 6 1
1482016428912 7 1
1482016429414 11 2
1482016430333 0 -1
1482016430633 10 -1
1482016432953 1 2
1482016433655 3 -3
1482016434601 5 -1
1482016434950 4 -1
1482016435316 2 -1
1482016437639 12 -2
1482016438463 8 -1
1482016439283 2 3
1482016440067 12 1
1482016443225 1 -1
1482016443671 12 -1
1482016444121 6 2
1482016444936 1 2
1482016451991 0 1
1482016454136 9 1
1482016455555 9 -1
1482016459006 0 -1
1482016461858 1 -2
1482016463253 6 -2
1482016463740 12 1
1482016466356 12 -1
1482016468861 2 -3
1482016469686 6 3
1482016470166 12 1
1482016470598 1 2
1482016471107 0 3
1482016472655 1 -2
1482016476947 1 2
1482016482991 0 -2
1482016483622 12 -1
1482016484993 0 -1
1482016485640 1 -2
1482016487034 6 -3
1482016488632 6 3
1482016491369 1 2
1482016491913 12 1
1482016494509 0 3
1482016495610 1 -2
1482016496577 1 2
1482016497222 9 1
1482016498393 9 -1
1482016499491 0 -1
1482016501243 4 2
1482016505098 4 -2
1482016506825 0 -2
1482016507420 1 -2
1482016508761 12 -1
1482016509776 8 1
1482016510179 7 1
1482016513408 10 1
1482016514336 10 -1
1482016514808 1 2
1482016516060 9 1
1482016516434 0 1
1482016517607 0 -1
1482016517899 9 -1
1482016518542 12 1
1482016519282 1 -2
1482016521253 5 1
1482016521534 4 2
1482016521954 3 2
1482016523136 1 2
1482016523869 9 1
1482016524223 0 1
1482016524883 0 -1
1482016525227 9 -1
1482016526132 3 -2
1482016526810 5 -1
1482016527299 4 -2
1482016528898 0 3
1482016530390 R
1482016535339 7 -1
1482016536446 1 1
1482016538607 3 -1
1482016542017 5 -1
1482016542589 4 -2
1482016544700 0 2
1482016546566 1 -2
1482016547333 1 2
1482016547970 10 4
1482016549988 11 2
1482016550955 9 -1
1482016551499 1 -3
1482016553216 12 -1
1482016553750 8 -2
1482016555433 8 2
1482016555953 12 1
1482016557389 7 1
1482016558590 11 -1
1482016559194 7 -1
1482016561486 1 3
1482016563822 1 -3
1482016564997 12 -1
1482016565771 12 1
1482016566673 1 3
1482016567178 0 -2
1482016568120 12 -2
1482016569784 12 2
1482016570600 1 -1
1482016571049 0 2
1482016571756 1 -2
1482016572533 12 -1
1482016573214 8 -2
1482016577882 8 2
1482016578574 1 3
1482016579126 0 -2
1482016579888 12 -1
1482016581305 11 1
1482016581696 0 -1
1482016582249 1 -3
1482016582933 6 -3
1482016583900 8 -2
1482016585292 12 1
1482016586053 1 1
1482016586573 1 -1
1482016588295 8 2
1482016588757 12 1
1482016589474 12 -2
1482016590169 8 -2
1482016592786 8 2
1482016593380 12 2
1482016594192 1 1
1482016594826 5 2
1482016599190 4 1
1482016599556 4 -1
1482016599899 5 -2
1482016600217 1 -1
1482016601383 10 -3
1482016602590 R
1482016604439 3 -1
1482016605541 4 -2
1482016605900 5 -1
1482016608219 R
1482016612449 3 1
1482016613255 11 -1
1482016614699 0 -1
1482016616851 7 -1
1482016619056 1 -1
1482016621891 3 -1
1482016624230 3 1
1482016627704 1 2
1482016636994 4 -1
1482016639170 10 4
1482016640481 1 -2
1482016643846 3 -1
1482016644517 4 -1
1482016647188 5 1
1482016650283 1 2
1482016651283 5 -1
1482016651741 10 -4
1482016652852 1 -2
1482016654388 12 -1
1482016654834 8 -2
1482016656619 4 2
1482016657467 3 1
1482016660231 3 -1
1482016667453 1 1
1482016667793 0 1
1482016668229 11 1
1482016668685 3 -1
1482016669501 5 -1
1482016669869 4 -2
1482016670822 0 2
1482016672318 1 -1
1482016674543 1 1
1482016675448 1 -1
1482016678051 1 1
1482016680371 2 1
1482016682134 0 -2
1482016682815 4 1
1482016683137 5 1
1482016683632 3 3
1482016685050 11 -1
1482016687599 4 1
1482016688720 4 -1
1482016689433 0 -1
1482016692849 R
1482016705684 3 -1
1482016706316 5 -1
1482016706907 12 -2
1482016712847 R
1482016714666 3 -1
1482016715068 5 -1
1482016715550 12 -2
1482016716872 6 -1
1482016717287 8 -1
1482016717970 2 3
1482016720373 2 -3
1482016722904 4 -2
1482016726223 2 3
1482016728350 7 -1
1482016728909 1 1
1482016730931 1 -1
1482016731555 8 -1
1482016735034 8 1
1482016742344 4 2
1482016743862 1 1
1482016744984 10 1
1482016746262 11 2
1482016747027 9 -1
1482016749087 0 -1
1482016752718 4 -2
1482016755031 0 1
1482016755589 11 -1
1482016758315 9 1
1482016758890 11 -1
1482016759712 10 -1
1482016760325 1 -1
1482016761385 8 -1
1482016769564 2 -3
1482016774794 6 1
1482016775172 8 2
1482016775981 1 1
1482016776286 12 2
1482016776634 0 2
1482016777819 1 -2
1482016779206 12 -1
1482016780628 12 1
1482016781568 1 2
1482016782228 0 -1
1482016783528 0 -1
1482016784074 12 -2
1482016784706 6 -1
1482016785055 8 -1
1482016786003 8 1
1482016786366 6 1
1482016787434 12 2
1482016796651 0 2
1482016800472 10 4
1482016802271 12 -1
1482016802677 1 -1
1482016803594 1 1
1482016804430 1 -1
1482016805298 11 2
1482016807068 11 -1
1482016807784 11 -1
1482016808418 7 2
1482016810016 11 3
1482016811820 9 -1
1482016818229 7 -1
1482016818567 8 -1
1482016819980 8 1
1482016820301 7 1
1482016820717 9 1
1482016821150 11 -3
1482016824064 0 -2
1482016824910 7 -2
1482016826241 8 -2
1482016828792 11 2
1482016829736 0 -1
1482016830318 1 -1
1482016830649 12 -1
1482016832046 6 -3
1482016833262 12 1
1482016835002 9 -1
1482016835556 1 -1
1482016837469 1 1
1482016837863 5 1
1482016838117 4 1
1482016838417 3 2
1482016842118 8 2
1482016842692 7 2
