1482600702088 4 -2
1482600710471 12 -1
1482600715782 4 2
1482600718486 4 -1
1482600720774 2 1
1482600723884 3 2
1482600728282 11 -1
1482600741470 0 -1
1482600744719 1 -1
1482600749758 3 -2
1482600752171 2 -1
1482600761882 4 1
1482600763774 3 1
1482600764891 2 1
1482600768845 3 1
1482600774103 3 -2
1482600779367 4 -2
1482600780743 2 -1
1482600789931 1 1
1482600792931 12 1
1482600796773 7 -1
1482600798414 1 1
1482600807750 5 1
1482600809211 2 1
1482600811531 0 1
1482600820343 10 1
1482600825557 R
1482600836781 7 -1
1482600838101 1 1
1482600855429 10 2
1482600860445 10 -2
1482600868031 4 -2
1482600897068 10 4
1482600907462 R
1482600917669 7 -1
1482600925294 1 1
1482600928270 4 -1
1482600952169 10 4
1482600954615 11 2
1482600956763 0 -1
1482600962786 5 1
1482600964473 9 1
1482600969849 0 1
1482600978426 0 -1
1482600982129 1 -2
1482600985739 7 1
1482600987059 11 1
1482600989769 1 1
1482600992777 0 1
1482600994362 9 -2
1482600998349 5 -1
1482601003801 4 -1
1482601005652 10 -1
1482601013527 2 1
1482601017730 0 -1
1482601022434 3 -1
1482601028276 1 -2
1482601030322 5 -1
1482601035079 10 -3
1482601040064 1 2
1482601049142 2 -1
1482601051080 4 2
1482601052626 5 2
1482601054039 2 1
1482601059009 5 -2
1482601062150 0 2
