1481505737668 2 1
1481505741937 7 -1
1481505744356 1 1
1481505747473 1 -1
1481505748750 12 -1
1481505750345 8 -2
1481505763618 11 -1
1481505765738 3 2
1481505769091 0 -1
1481505772340 1 -1
1481505774986 1 1
1481505778230 3 -2
1481505779858 4 -2
1481505781492 2 -1
1481505786188 R
1481505794781 7 -1
1481505799041 1 1
1481505802119 10 2
1481505803825 11 2
1481505805455 0 -1
1481505810713 10 -1
1481505812025 5 1
1481505813731 9 2
1481505816120 0 1
1481505819796 9 -3
1481505822522 3 -1
1481505823948 5 -2
1481505825200 4 -2
1481505827420 0 2
1481505830682 9 1
1481505835256 12 -1
1481505836534 8 -1
1481505840138 8 1
1481505842544 12 1
1481505845309 10 2
1481505847074 1 -2
1481505849851 11 -2
1481505856498 1 2
1481505859845 1 -2
1481505863165 1 2
1481505864654 10 -3
1481505869199 12 -1
1481505870605 8 -1
1481505873174 1 -2
1481505874501 8 -1
1481505877158 2 1
1481505885952 R
1481505891146 7 -1
1481505897770 12 -1
1481505899370 8 -2
1481505902500 8 2
1481505904275 12 1
1481505905645 1 1
1481505912087 5 1
1481505913341 4 -2
1481505915439 3 -1
1481505916785 5 -2
1481505918151 0 2
1481505920545 1 -2
1481505926243 12 -1
1481505928385 8 -2
1481505932735 U
1481505933351 U
1481505933730 U
1481505933888 U
1481505934896 U
1481505935055 U
1481505935355 U
1481505935502 U
1481505936470 R
1481505940290 4 -2
1481505947880 3 -1
1481505949890 5 -1
1481505951512 0 2
1481505955304 1 -1
1481505958193 12 -1
1481505961015 7 -1
1481505963674 8 -2
1481505975125 8 2
1481505979031 1 2
1481505980812 0 -2
1481505983523 5 1
1481505984875 4 2
1481505986139 3 2
1481505988729 2 1
1481505989939 3 1
1481505992590 11 -1
1481505994008 0 -1
1481505996375 1 -2
1481505998858 1 2
1481506000836 10 1
1481506006881 R
1481506012268 3 1
1481506015538 2 1
1481506017296 3 1
1481506020082 11 -1
1481506021990 5 1
1481506023767 9 2
1481506028687 0 -1
1481506030245 1 -3
1481506033041 0 1
1481506035429 7 -1
1481506041967 10 1
1481506043570 11 3
1481506055788 11 -3
1481506058352 7 1
1481506059884 10 -1
1481506061206 7 -1
